

TREE # 1

  0  0.0000   2093.658285  x:  0.07054   0.00000   0.10280   0.01855   0.05706   0.05103   0.06162   0.05917   0.07827   0.04384   0.06477   0.16458   0.00423   0.05477   0.01699   0.04296   0.02436   0.07095   0.08044   0.06930   0.11219   0.07895   0.13116   0.08916   2.00000   1.61220   1.01097   1.14473   0.40000  
  1 99.0000   2074.410696  x:  0.07874   0.07655   0.12650   0.04236   0.03827   0.03044   0.07471   0.05202   0.06955   0.05389   0.05399   0.17605   0.02020   0.09652   0.09013   0.03396   0.02874   0.08957   0.07835   0.05240   0.10647   0.06191   0.14061   0.09736   2.00700   1.61319   1.00713   1.14708   0.43074  
  2 602.4222   2063.299903  x:  0.08280   0.06505   0.14268   0.04052   0.02009   0.01345   0.08342   0.04545   0.06222   0.05957   0.04029   0.18482   0.00000   0.11464   0.09326   0.02661   0.02371   0.10089   0.07680   0.03884   0.09806   0.04258   0.14815   0.10142   2.01601   1.61405   1.00342   1.14950   0.46438  
  3 276.1024   2057.705877  x:  0.08765   0.04320   0.16138   0.03731   0.00933   0.01593   0.09196   0.04030   0.05554   0.06516   0.02642   0.19551   0.02081   0.13410   0.09162   0.02480   0.02153   0.11220   0.07535   0.02822   0.08763   0.02126   0.15757   0.10627   2.02948   1.61533   0.99792   1.15306   0.50998  
  4 408.4127   2052.565955  x:  0.09307   0.01996   0.18641   0.03900   0.03974   0.02564   0.10089   0.03847   0.05044   0.07179   0.02239   0.21013   0.02155   0.16062   0.09748   0.03284   0.02625   0.12528   0.07410   0.02863   0.07471   0.01228   0.16925   0.11169   2.05153   1.61747   0.98915   1.15873   0.57770  
  5 370.7558   2048.801841  x:  0.09550   0.00399   0.20349   0.03951   0.03513   0.02909   0.10426   0.03961   0.05025   0.07313   0.03547   0.22096   0.02322   0.17831   0.10182   0.03992   0.02791   0.13072   0.07399   0.03857   0.06797   0.03780   0.17666   0.11412   2.07500   1.61944   0.98087   1.16441   0.63940  
  6 310.7840   2043.457746  x:  0.08896   0.02574   0.20907   0.03195   0.02750   0.03751   0.08617   0.05542   0.07036   0.05611   0.04990   0.23046   0.01823   0.16978   0.08558   0.04104   0.02123   0.11082   0.07766   0.06126   0.08465   0.02625   0.17528   0.10758   2.13779   1.62343   0.96415   1.17736   0.75854  
  7 149.4639   2039.075123  x:  0.07965   0.03166   0.18508   0.04866   0.03288   0.02372   0.06868   0.04670   0.06874   0.05635   0.03726   0.22212   0.02284   0.13575   0.08357   0.03403   0.03933   0.08636   0.07802   0.04493   0.09239   0.03815   0.16046   0.09827   2.21339   1.62713   0.94959   1.19039   0.85747  
  8 157.8868   2036.740230  x:  0.08060   0.03606   0.15671   0.04370   0.03440   0.03186   0.08346   0.04539   0.06046   0.06186   0.04063   0.20667   0.02102   0.11021   0.09231   0.03512   0.02552   0.09304   0.07569   0.03318   0.09419   0.04161   0.14870   0.09922   2.27410   1.62993   0.94181   1.19866   0.90361  
  9 127.3850   2035.644958  x:  0.08410   0.03507   0.13933   0.03742   0.03312   0.02743   0.08849   0.04402   0.05695   0.06286   0.03871   0.19382   0.02180   0.10467   0.09765   0.03287   0.03335   0.10191   0.07536   0.04859   0.09130   0.03770   0.14525   0.10272   2.32297   1.63211   0.93861   1.20349   0.91785  
 10 98.5087   2032.075986  x:  0.09083   0.02737   0.11740   0.04711   0.03444   0.02202   0.07078   0.04722   0.07250   0.05281   0.03985   0.15747   0.02293   0.13000   0.10109   0.03569   0.01966   0.10684   0.07780   0.04667   0.07956   0.03410   0.15201   0.10945   2.53876   1.64144   0.93359   1.21935   0.91873  
 11 91.6928   2024.603066  x:  0.08744   0.03113   0.13788   0.03726   0.02063   0.05179   0.07882   0.05316   0.07246   0.05975   0.04923   0.13473   0.00921   0.15116   0.09427   0.04106   0.05778   0.09541   0.07807   0.02556   0.07630   0.02894   0.16232   0.10606   3.09565   1.66472   0.92651   1.25708   0.89077  
 12 311.3942   2011.941088  x:  0.07722   0.03893   0.19036   0.03329   0.03459   0.03355   0.09995   0.03685   0.04462   0.07723   0.02945   0.18117   0.01889   0.15185   0.07586   0.03290   0.02682   0.08596   0.07164   0.04976   0.09814   0.04255   0.16724   0.09584   3.99552   1.70158   0.92082   1.31418   0.83353  
 13 752.2110   2009.097640  x:  0.08208   0.02873   0.19910   0.04192   0.03559   0.01957   0.09775   0.04557   0.05881   0.06875   0.04489   0.21925   0.02329   0.13058   0.08481   0.03421   0.03099   0.10537   0.07475   0.04393   0.09556   0.03489   0.15995   0.10070   4.19910   1.70902   0.92585   1.32215   0.81917  
 14 306.8372   2008.434246  x:  0.08532   0.02576   0.19702   0.04026   0.03259   0.02898   0.08901   0.04360   0.06059   0.06057   0.03687   0.23535   0.01948   0.12545   0.09392   0.03389   0.03067   0.10854   0.07591   0.04474   0.09070   0.03635   0.15726   0.10394   4.24688   1.70990   0.93192   1.32022   0.81633  
 15 112.0492   2008.228525  x:  0.08609   0.02467   0.19109   0.03538   0.03227   0.02806   0.08446   0.04569   0.05675   0.06403   0.03949   0.24327   0.01945   0.12722   0.09754   0.03676   0.03016   0.10267   0.07559   0.04415   0.08693   0.03448   0.15776   0.10471   4.26201   1.70890   0.94113   1.31339   0.81692  
 16 29.1469   2008.058391  x:  0.08535   0.02423   0.18382   0.03937   0.03161   0.03012   0.08930   0.04445   0.05894   0.06563   0.04108   0.24946   0.01880   0.13062   0.09657   0.03418   0.03062   0.09880   0.07543   0.04531   0.08589   0.03339   0.15963   0.10397   4.27557   1.70664   0.95679   1.30019   0.81938  
 17 24.7052   2007.909320  x:  0.08470   0.02621   0.18111   0.03726   0.03247   0.02822   0.09241   0.04532   0.06043   0.06282   0.03826   0.25097   0.01940   0.13270   0.09360   0.03740   0.03217   0.10120   0.07604   0.04324   0.08851   0.03566   0.16155   0.10332   4.28794   1.70381   0.97433   1.28399   0.82290  
 18 31.7046   2007.785116  x:  0.08535   0.02719   0.18493   0.03792   0.03311   0.02890   0.08849   0.04427   0.05690   0.06311   0.04042   0.24724   0.01962   0.13096   0.09182   0.03444   0.03200   0.10574   0.07625   0.04309   0.09049   0.03603   0.16166   0.10397   4.29864   1.70084   0.99032   1.26704   0.82650  
 19 26.8877   2007.730081  x:  0.08589   0.02607   0.18950   0.03864   0.03251   0.02872   0.08843   0.04484   0.05916   0.06553   0.03905   0.24350   0.01951   0.12792   0.09405   0.03607   0.03083   0.10442   0.07580   0.04474   0.08980   0.03559   0.16018   0.10451   4.30368   1.69923   0.99623   1.25803   0.82808  
 20 16.1738   2007.708602  x:  0.08570   0.02532   0.19114   0.03756   0.03305   0.02802   0.08964   0.04493   0.05919   0.06330   0.03944   0.24220   0.01987   0.12733   0.09554   0.03468   0.03041   0.10263   0.07612   0.04475   0.08865   0.03551   0.15930   0.10432   4.30581   1.69838   0.99633   1.25400   0.82857  
 21  7.4808   2007.636189  x:  0.08454   0.02439   0.19118   0.03977   0.03203   0.02802   0.09030   0.04341   0.05636   0.06053   0.04034   0.24205   0.01948   0.12775   0.09602   0.03814   0.03024   0.10197   0.07718   0.04555   0.08886   0.03386   0.15743   0.10316   4.31385   1.69431   0.98694   1.23918   0.82974  
 22  5.5843   2007.257863  x:  0.08255   0.02392   0.18800   0.03820   0.03176   0.02864   0.08899   0.04653   0.05793   0.06449   0.03842   0.24529   0.01879   0.13129   0.09426   0.03502   0.03028   0.10461   0.07775   0.04465   0.08900   0.03482   0.15257   0.10117   4.35524   1.67143   0.93450   1.16537   0.83586  
 23 43.1028   2007.154661  x:  0.08607   0.02505   0.18754   0.03696   0.03203   0.02808   0.08900   0.04207   0.05949   0.06411   0.03958   0.24592   0.01867   0.12922   0.09287   0.03564   0.03055   0.10341   0.07457   0.04397   0.08865   0.03495   0.15762   0.10469   4.36665   1.66166   0.92257   1.15013   0.83774  
 24 27.9889   2007.030642  x:  0.08869   0.02497   0.18702   0.03965   0.03156   0.02801   0.08994   0.04704   0.05665   0.06278   0.03799   0.24598   0.01816   0.12569   0.09236   0.03519   0.03044   0.10206   0.07420   0.04426   0.08807   0.03538   0.16619   0.10731   4.38078   1.64438   0.91254   1.13924   0.84032  
 25 22.9010   2006.540463  x:  0.08188   0.02134   0.18596   0.03707   0.03094   0.02773   0.08874   0.04350   0.05884   0.06511   0.03832   0.24568   0.01730   0.12145   0.09703   0.03475   0.02872   0.10431   0.08500   0.04468   0.08899   0.03391   0.18010   0.10050   4.43570   1.56539   0.88698   1.11739   0.85122  
 26 32.4207   2005.726514  x:  0.08198   0.01897   0.18591   0.03763   0.02981   0.02716   0.08875   0.04493   0.05845   0.06283   0.03797   0.24666   0.01594   0.12737   0.09350   0.03513   0.02859   0.10574   0.07118   0.04455   0.08863   0.03273   0.16650   0.10059   4.52307   1.43966   0.85422   1.09292   0.86939  
 27 80.3022   2005.579254  x:  0.08718   0.02052   0.18635   0.03798   0.02989   0.02686   0.09000   0.04427   0.05803   0.06386   0.03756   0.24714   0.01568   0.12884   0.08957   0.03540   0.02854   0.10427   0.07886   0.04415   0.08715   0.03337   0.16086   0.10580   4.53959   1.42203   0.84986   1.09038   0.87312  
 28 33.6892   1996.603293  x:  0.09175   0.00000   0.17695   0.03522   0.01907   0.01933   0.08960   0.04131   0.05637   0.06422   0.02899   0.24406   0.00103   0.12599   0.06731   0.03170   0.02096   0.11016   0.07620   0.04014   0.08372   0.02745   0.15987   0.11037   5.31677   1.60378   0.90323   1.21894   1.07203  
 29  6.9902   1996.547668  x:  0.09039   0.00198   0.17722   0.03548   0.01897   0.01915   0.08959   0.04110   0.05628   0.06423   0.02883   0.24411   0.00097   0.12500   0.06495   0.03232   0.02060   0.11124   0.07590   0.04041   0.07811   0.02768   0.16004   0.10900   5.32276   1.60516   0.90368   1.21991   1.07361  
 30 21.6789   1994.803499  x:  0.09077   0.00512   0.18180   0.02862   0.02160   0.01701   0.09215   0.04293   0.05711   0.06405   0.03721   0.22377   0.00157   0.12853   0.04735   0.03017   0.02930   0.11023   0.07549   0.03321   0.09041   0.02932   0.16860   0.10938   5.83114   1.68921   0.94415   1.26410   1.16543  
 31  0.5439   1993.942073  x:  0.08888   0.00271   0.18362   0.02921   0.02130   0.01940   0.09132   0.04320   0.05730   0.06419   0.03732   0.21776   0.00000   0.12845   0.05479   0.03164   0.02844   0.10851   0.07540   0.03427   0.08535   0.02976   0.17208   0.10748   6.15074   1.71161   0.95362   1.27446   1.20089  
 32  0.5180   1993.053882  x:  0.08881   0.00489   0.17795   0.03477   0.02296   0.01956   0.08839   0.04281   0.05756   0.06403   0.03319   0.21771   0.00102   0.13540   0.06296   0.03358   0.02323   0.10471   0.07510   0.03664   0.08353   0.03263   0.17276   0.10742   7.04793   1.72721   0.94786   1.28466   1.27559  
 33  0.6915   1992.934394  x:  0.08930   0.00554   0.17803   0.03380   0.02195   0.02055   0.08881   0.04290   0.05765   0.06413   0.03384   0.21835   0.00000   0.13554   0.06317   0.03350   0.02531   0.10602   0.07526   0.03700   0.08282   0.03126   0.17138   0.10790   7.16846   1.71375   0.94200   1.27870   1.28018  
 34  0.2398   1992.842044  x:  0.08995   0.00579   0.17985   0.03164   0.02153   0.01977   0.09005   0.04292   0.05774   0.06406   0.03506   0.21884   0.00067   0.13518   0.06388   0.03280   0.02643   0.10895   0.07572   0.03668   0.08136   0.02880   0.16975   0.10855   7.39698   1.68146   0.93247   1.26390   1.27764  
 35  0.2282   1992.821701  x:  0.09048   0.00680   0.17975   0.03251   0.02122   0.02068   0.09024   0.04298   0.05764   0.06425   0.03443   0.21917   0.00014   0.13492   0.06259   0.03267   0.02626   0.10908   0.07572   0.03609   0.08358   0.02886   0.16953   0.10908   7.46861   1.67719   0.93147   1.26138   1.27004  
 36  0.0658   1992.802764  x:  0.09019   0.00653   0.17926   0.03317   0.02137   0.02008   0.09007   0.04291   0.05764   0.06421   0.03370   0.21904   0.00100   0.13478   0.06163   0.03281   0.02655   0.10856   0.07564   0.03580   0.08330   0.02916   0.16976   0.10879   7.52675   1.68114   0.93227   1.26326   1.25125  
 37  0.0366   1992.793192  x:  0.08998   0.00635   0.17883   0.03228   0.02152   0.01997   0.08993   0.04287   0.05760   0.06420   0.03427   0.21830   0.00058   0.13457   0.06168   0.03279   0.02584   0.10798   0.07560   0.03608   0.08292   0.02927   0.16997   0.10859   7.54182   1.68604   0.93268   1.26622   1.23893  
 38  0.0162   1992.792120  x:  0.08998   0.00630   0.17864   0.03241   0.02146   0.02013   0.08984   0.04295   0.05770   0.06411   0.03445   0.21801   0.00056   0.13422   0.06204   0.03274   0.02618   0.10813   0.07564   0.03622   0.08303   0.02939   0.16980   0.10858   7.53804   1.68591   0.93305   1.26650   1.23664  
 39  0.0037   1992.792088  x:  0.08999   0.00627   0.17854   0.03240   0.02145   0.02013   0.08985   0.04295   0.05772   0.06412   0.03443   0.21798   0.00056   0.13420   0.06202   0.03279   0.02616   0.10820   0.07564   0.03621   0.08302   0.02943   0.16971   0.10859   7.53845   1.68543   0.93285   1.26624   1.23672  
 40  0.0006   1992.792087  x:  0.08999   0.00627   0.17852   0.03240   0.02146   0.02013   0.08985   0.04295   0.05772   0.06412   0.03444   0.21796   0.00057   0.13418   0.06201   0.03277   0.02615   0.10819   0.07565   0.03622   0.08303   0.02943   0.16971   0.10860   7.53836   1.68537   0.93283   1.26620   1.23675  
 41  0.0001   1992.792087  x:  0.08999   0.00627   0.17852   0.03240   0.02146   0.02013   0.08984   0.04295   0.05772   0.06412   0.03444   0.21796   0.00057   0.13418   0.06201   0.03277   0.02615   0.10819   0.07565   0.03622   0.08303   0.02943   0.16972   0.10860   7.53836   1.68537   0.93283   1.26619   1.23677  
 42  0.0000   1992.792087  x:  0.08999   0.00627   0.17852   0.03240   0.02146   0.02013   0.08984   0.04295   0.05772   0.06412   0.03444   0.21796   0.00057   0.13418   0.06201   0.03278   0.02615   0.10819   0.07565   0.03622   0.08303   0.02943   0.16972   0.10860   7.53836   1.68537   0.93283   1.26619   1.23677  
 43  0.0000   1992.792087  x:  0.08999   0.00627   0.17852   0.03240   0.02146   0.02013   0.08984   0.04295   0.05772   0.06412   0.03444   0.21796   0.00057   0.13418   0.06201   0.03278   0.02615   0.10819   0.07565   0.03622   0.08303   0.02943   0.16972   0.10860   7.53836   1.68537   0.93283   1.26619   1.23677  
 44  0.0000   1992.792087  x:  0.08999   0.00627   0.17852   0.03240   0.02146   0.02013   0.08984   0.04295   0.05772   0.06412   0.03444   0.21796   0.00057   0.13418   0.06201   0.03278   0.02615   0.10819   0.07565   0.03622   0.08303   0.02943   0.16972   0.10860   7.53836   1.68537   0.93283   1.26619   1.23677  