

TREE # 1

  0  0.0000   1921.278747  x:  0.20925   0.02571   0.03211   0.02495   0.05815   0.02188   0.05666   0.08536   0.02661   0.17168   0.20925   0.02571   0.03211   0.02495   0.05815   0.02188   0.05666   0.08536   0.02661   0.17168   0.21568   8.40433   1.71491   1.20480   1.54388   1.00000  
  1 99.0000   1912.116527  x:  0.21564   0.02596   0.05300   0.02562   0.06431   0.00203   0.05421   0.09456   0.02693   0.17199   0.21154   0.03429   0.01264   0.01822   0.07025   0.01050   0.03829   0.10132   0.02588   0.16311   0.21667   8.40434   1.71308   1.20233   1.54712   0.99994  
  2 274.3162   1910.060385  x:  0.21924   0.02580   0.06034   0.02607   0.06718   0.00863   0.05303   0.09906   0.02690   0.17218   0.21290   0.03734   0.00300   0.01650   0.07561   0.00854   0.02852   0.10907   0.02476   0.15820   0.21721   8.40435   1.71198   1.20087   1.54905   0.99990  
  3 423.4874   1908.641344  x:  0.22503   0.02505   0.06422   0.02599   0.07013   0.00996   0.05172   0.10472   0.02653   0.17250   0.21526   0.03936   0.00760   0.01878   0.08109   0.01642   0.01604   0.11898   0.02172   0.15010   0.21802   8.40436   1.71002   1.19839   1.55240   0.99985  
  4 204.3549   1907.197511  x:  0.24149   0.02270   0.05280   0.02426   0.07241   0.00828   0.05060   0.11464   0.02543   0.17351   0.22238   0.03465   0.00406   0.02641   0.08542   0.01676   0.02067   0.13619   0.01533   0.12644   0.22008   8.40440   1.70345   1.19043   1.56333   0.99966  
  5 92.5759   1906.670765  x:  0.25002   0.02364   0.04854   0.02490   0.07245   0.00949   0.05071   0.11798   0.02613   0.17401   0.22617   0.03529   0.00825   0.02346   0.08574   0.01198   0.02196   0.14238   0.01930   0.11474   0.22105   8.40443   1.69933   1.18558   1.57004   0.99952  
  6 132.8330   1906.361341  x:  0.25656   0.02539   0.04625   0.02585   0.07066   0.00868   0.05164   0.11761   0.02704   0.17426   0.22918   0.03574   0.00610   0.01856   0.08276   0.01586   0.02166   0.14254   0.02243   0.10752   0.22168   8.40447   1.69489   1.18056   1.57706   0.99934  
  7 75.8920   1905.825453  x:  0.27099   0.02624   0.05043   0.02598   0.06555   0.00854   0.05359   0.11182   0.02655   0.17427   0.23585   0.03632   0.00604   0.02033   0.07341   0.01339   0.01740   0.13507   0.01821   0.09836   0.22291   8.40461   1.68121   1.16552   1.59818   0.99869  
  8 59.0541   1905.404946  x:  0.28282   0.02282   0.05735   0.02446   0.06739   0.00944   0.05180   0.10826   0.02492   0.17389   0.24105   0.03997   0.00686   0.02120   0.07536   0.01569   0.02320   0.12979   0.01912   0.09887   0.22365   8.40479   1.66494   1.14815   1.62266   0.99781  
  9 70.7682   1904.731127  x:  0.29573   0.02402   0.05125   0.02555   0.07308   0.00869   0.04868   0.10538   0.02795   0.17271   0.24607   0.03631   0.00647   0.01993   0.08434   0.01413   0.01945   0.12286   0.01898   0.11097   0.22371   8.40516   1.63398   1.11642   1.66770   0.99588  
 10 92.9083   1904.339861  x:  0.28951   0.02585   0.04985   0.02509   0.06865   0.00856   0.05488   0.11076   0.02179   0.17145   0.24156   0.03731   0.00602   0.02116   0.08150   0.01408   0.01899   0.12882   0.02108   0.11767   0.22200   8.40554   1.61064   1.09532   1.69852   0.99371  
 11 49.6343   1904.110026  x:  0.28124   0.02606   0.05161   0.02520   0.06634   0.00899   0.05499   0.11380   0.02705   0.17074   0.23668   0.03683   0.00682   0.01939   0.07843   0.01439   0.02097   0.13344   0.01831   0.11864   0.22062   8.40584   1.59482   1.08218   1.71817   0.99191  
 12 85.2714   1903.961240  x:  0.27206   0.02256   0.05101   0.02534   0.06726   0.00870   0.05054   0.11297   0.02786   0.17072   0.23227   0.03647   0.00623   0.02078   0.07653   0.01425   0.01968   0.13396   0.02071   0.11480   0.21960   8.40610   1.58340   1.07427   1.73076   0.99020  
 13 50.1909   1903.893976  x:  0.26631   0.02448   0.05107   0.02518   0.06921   0.00877   0.04939   0.11130   0.02551   0.17101   0.23007   0.03616   0.00653   0.01958   0.07803   0.01422   0.01995   0.13288   0.01925   0.11090   0.21931   8.40629   1.57720   1.07116   1.73642   0.98894  
 14 32.4245   1903.878682  x:  0.26467   0.02513   0.05106   0.02530   0.06952   0.00875   0.05085   0.11066   0.02629   0.17129   0.22987   0.03666   0.00639   0.02052   0.07935   0.01429   0.02001   0.13218   0.01962   0.10956   0.21943   8.40639   1.57508   1.07089   1.73757   0.98826  
 15 13.4971   1903.872848  x:  0.26405   0.02415   0.05090   0.02519   0.06924   0.00875   0.05175   0.11054   0.02633   0.17155   0.23019   0.03664   0.00644   0.02008   0.08005   0.01423   0.01987   0.13184   0.01935   0.10916   0.21967   8.40648   1.57354   1.07131   1.73776   0.98758  
 16  7.1231   1903.851517  x:  0.26268   0.02453   0.05130   0.02537   0.06735   0.00876   0.05076   0.11157   0.02621   0.17308   0.23370   0.03612   0.00644   0.02023   0.08088   0.01427   0.01994   0.13144   0.01959   0.10928   0.22145   8.40723   1.56321   1.07607   1.73688   0.98228  
 17  5.6486   1903.835739  x:  0.26256   0.02458   0.05085   0.02487   0.06929   0.00873   0.05108   0.11170   0.02636   0.17335   0.23534   0.03724   0.00637   0.02015   0.07945   0.01422   0.01987   0.13182   0.01925   0.10980   0.22219   8.40791   1.55453   1.08001   1.73559   0.97760  
 18 13.4039   1903.830077  x:  0.26316   0.02443   0.05116   0.02592   0.06979   0.00872   0.05141   0.11129   0.02623   0.17284   0.23489   0.03670   0.00642   0.02018   0.07924   0.01425   0.01999   0.13221   0.01933   0.10988   0.22186   8.40824   1.55107   1.08131   1.73471   0.97559  
 19  8.9744   1903.822067  x:  0.26455   0.02455   0.05143   0.02505   0.06953   0.00874   0.05152   0.11047   0.02629   0.17167   0.23319   0.03597   0.00643   0.02015   0.07952   0.01426   0.01993   0.13265   0.01968   0.10986   0.22082   8.40879   1.54603   1.08282   1.73301   0.97247  
 20 11.5126   1903.818144  x:  0.26537   0.02455   0.05105   0.02532   0.06892   0.00872   0.05118   0.11041   0.02627   0.17121   0.23198   0.03689   0.00639   0.02017   0.07988   0.01423   0.01993   0.13252   0.01935   0.10983   0.22019   8.40913   1.54351   1.08312   1.73180   0.97076  
 21  7.8394   1903.813330  x:  0.26617   0.02452   0.05124   0.02529   0.06926   0.00871   0.05128   0.11215   0.02629   0.17226   0.23063   0.03672   0.00641   0.02016   0.07981   0.01424   0.01991   0.13125   0.01941   0.10960   0.21976   8.40987   1.54058   1.08112   1.72873   0.96811  
 22  2.6994   1903.793586  x:  0.26686   0.02459   0.05135   0.02531   0.06913   0.00867   0.05129   0.11031   0.02626   0.17582   0.23052   0.03684   0.00637   0.02012   0.07987   0.01419   0.01989   0.13276   0.01943   0.11011   0.22060   8.41375   1.52925   1.06689   1.71233   0.95672  
 23  4.5113   1903.781070  x:  0.26616   0.02459   0.05152   0.02532   0.06923   0.00863   0.05129   0.11118   0.02626   0.17209   0.23266   0.03683   0.00635   0.02010   0.08001   0.01416   0.01985   0.13230   0.01949   0.10984   0.22102   8.41646   1.52196   1.05736   1.70143   0.95059  
 24  8.6824   1903.764155  x:  0.26636   0.02458   0.05188   0.02535   0.06934   0.00854   0.05129   0.11132   0.02628   0.17293   0.23439   0.03707   0.00626   0.02002   0.08023   0.01407   0.01977   0.13267   0.01942   0.10979   0.21734   8.42331   1.50724   1.05029   1.68735   0.96499  
 25  1.0259   1903.755723  x:  0.26703   0.02458   0.05208   0.02536   0.06938   0.00850   0.05130   0.11140   0.02629   0.17245   0.23279   0.03709   0.00622   0.01998   0.08033   0.01402   0.01972   0.13276   0.01949   0.10983   0.22129   8.42707   1.50047   1.04734   1.68107   0.97223  
 26  5.1025   1903.593255  x:  0.26747   0.02456   0.05757   0.02558   0.07102   0.00698   0.05075   0.11399   0.02638   0.17243   0.23267   0.03927   0.00500   0.01858   0.08393   0.01260   0.01827   0.13835   0.01977   0.10933   0.22109   8.54156   1.52257   1.06102   1.69553   0.96792  
 27  0.3487   1903.571518  x:  0.26669   0.02454   0.05803   0.02546   0.07075   0.00602   0.05101   0.11373   0.02615   0.17241   0.23232   0.03909   0.00528   0.01923   0.08353   0.01240   0.01924   0.13797   0.01927   0.10967   0.22097   8.63726   1.52281   1.06111   1.69511   0.96891  
 28  0.0757   1903.570325  x:  0.26683   0.02454   0.05781   0.02548   0.07070   0.00594   0.05098   0.11358   0.02623   0.17243   0.23246   0.03898   0.00544   0.01906   0.08339   0.01261   0.01908   0.13760   0.01942   0.10969   0.22101   8.65275   1.52280   1.06099   1.69603   0.96906  
 29  0.0134   1903.570308  x:  0.26687   0.02454   0.05778   0.02548   0.07071   0.00595   0.05096   0.11360   0.02624   0.17243   0.23247   0.03899   0.00546   0.01908   0.08341   0.01259   0.01905   0.13763   0.01943   0.10965   0.22102   8.65403   1.52281   1.06098   1.69601   0.96908  
 30  0.0014   1903.570307  x:  0.26687   0.02455   0.05777   0.02549   0.07071   0.00595   0.05097   0.11361   0.02624   0.17243   0.23247   0.03900   0.00545   0.01908   0.08341   0.01260   0.01905   0.13765   0.01943   0.10965   0.22102   8.65497   1.52281   1.06098   1.69600   0.96909  
 31  0.0008   1903.570307  x:  0.26687   0.02455   0.05777   0.02548   0.07071   0.00595   0.05097   0.11361   0.02624   0.17243   0.23247   0.03900   0.00545   0.01908   0.08341   0.01260   0.01905   0.13765   0.01943   0.10965   0.22102   8.65526   1.52282   1.06098   1.69601   0.96909  
 32  0.0003   1903.570307  x:  0.26687   0.02454   0.05777   0.02548   0.07071   0.00595   0.05097   0.11361   0.02624   0.17243   0.23247   0.03900   0.00545   0.01908   0.08341   0.01260   0.01905   0.13765   0.01943   0.10965   0.22102   8.65534   1.52282   1.06098   1.69601   0.96909  
 33  0.0001   1903.570307  x:  0.26687   0.02454   0.05777   0.02548   0.07071   0.00595   0.05097   0.11361   0.02624   0.17243   0.23247   0.03900   0.00545   0.01908   0.08341   0.01260   0.01905   0.13765   0.01943   0.10965   0.22102   8.65534   1.52282   1.06098   1.69601   0.96909  