

TREE # 1

  0  0.0000   2266.350358  x:  0.08899   0.00000   0.09230   0.02245   0.07438   0.04514   0.07253   0.05439   0.10669   0.09613   0.06786   0.17855   0.02261   0.11939   0.00000   0.06728   0.04400   0.04608   0.07007   0.06129   0.10444   0.05604   0.14633   0.10761   2.00000   1.64612   1.11573   1.37893   0.40000  
  1 99.0000   2254.578942  x:  0.09011   0.01911   0.09448   0.02543   0.07435   0.04256   0.07345   0.05388   0.10682   0.09738   0.06636   0.17949   0.02347   0.12260   0.04168   0.06674   0.04154   0.04750   0.06936   0.06241   0.10532   0.05510   0.14727   0.10873   2.00104   1.64602   1.11557   1.37932   0.40277  
  2 2026.0157   2233.643247  x:  0.10514   0.02639   0.11844   0.06077   0.07506   0.00484   0.08642   0.04658   0.10872   0.11414   0.04258   0.18935   0.02803   0.16279   0.03715   0.05051   0.00552   0.06862   0.05767   0.07632   0.11153   0.02989   0.16080   0.12376   2.01629   1.64453   1.11375   1.38495   0.44139  
  3 321.1578   2228.163323  x:  0.11549   0.02698   0.13481   0.06698   0.07665   0.01657   0.09442   0.04421   0.11064   0.12474   0.02173   0.19738   0.02593   0.19203   0.03636   0.03920   0.02710   0.07629   0.05107   0.08346   0.11692   0.01346   0.17146   0.13411   2.03302   1.64283   1.11231   1.39082   0.47721  
  4 294.4639   2223.789178  x:  0.12346   0.02041   0.14891   0.04813   0.07915   0.01872   0.09707   0.04658   0.11161   0.13013   0.00946   0.20630   0.01695   0.22036   0.03826   0.03652   0.02580   0.06949   0.05115   0.08309   0.12282   0.04086   0.18241   0.14208   2.06327   1.63958   1.11106   1.40067   0.52828  
  5 199.3274   2220.190100  x:  0.12918   0.01963   0.16080   0.02924   0.08224   0.02019   0.09648   0.04887   0.11188   0.13177   0.03901   0.21545   0.01208   0.24615   0.03788   0.04064   0.02369   0.05853   0.05426   0.07952   0.12737   0.04320   0.19298   0.14780   2.10483   1.63519   1.11006   1.41361   0.58899  
  6 287.5193   2216.319587  x:  0.11966   0.00849   0.15003   0.02638   0.07994   0.01981   0.08273   0.05074   0.10919   0.11942   0.03372   0.21967   0.03766   0.24761   0.04246   0.05503   0.01944   0.04280   0.06449   0.06536   0.12417   0.03190   0.19588   0.13828   2.17761   1.62830   1.11038   1.43365   0.66194  
  7 152.3012   2210.123947  x:  0.09510   0.02919   0.12006   0.04142   0.07511   0.01997   0.06500   0.05157   0.10471   0.09455   0.02892   0.21890   0.02235   0.21934   0.03373   0.05951   0.02059   0.05899   0.07075   0.05627   0.11375   0.03249   0.18656   0.11372   2.32630   1.61566   1.11243   1.47199   0.78062  
  8 248.6545   2205.770904  x:  0.08915   0.01457   0.10185   0.03426   0.07395   0.01473   0.08295   0.04745   0.10507   0.09618   0.02864   0.20865   0.01320   0.17830   0.04120   0.04895   0.01795   0.05916   0.05971   0.07639   0.10789   0.02398   0.17261   0.10777   2.44878   1.60790   1.11505   1.50040   0.84470  
  9 233.8781   2203.278560  x:  0.09544   0.02256   0.10312   0.03741   0.07539   0.01834   0.09256   0.04634   0.10675   0.10665   0.03341   0.19903   0.03286   0.14899   0.03744   0.03968   0.01899   0.05943   0.05168   0.08248   0.10771   0.03377   0.16254   0.11406   2.54420   1.60407   1.11748   1.52023   0.87319  
 10 251.3890   2198.669930  x:  0.11606   0.02064   0.12989   0.04357   0.07697   0.01437   0.08516   0.04995   0.10970   0.12771   0.02765   0.17729   0.02023   0.12068   0.03811   0.05557   0.02081   0.05638   0.06136   0.06380   0.11546   0.02824   0.14799   0.13468   2.74841   1.60209   1.12451   1.55548   0.87532  
 11 174.8069   2184.413201  x:  0.11988   0.01832   0.14357   0.02037   0.07294   0.03155   0.06290   0.04264   0.10957   0.12217   0.02521   0.14540   0.02463   0.17439   0.03903   0.04687   0.00417   0.07667   0.05789   0.07105   0.11856   0.02093   0.14148   0.13850   3.40950   1.60659   1.15167   1.65618   0.78980  
 12 286.9655   2175.979937  x:  0.11758   0.00641   0.14830   0.03171   0.07215   0.00850   0.06148   0.04132   0.10817   0.11387   0.03414   0.13563   0.02827   0.22081   0.04335   0.04427   0.02895   0.07596   0.05643   0.07838   0.11964   0.03381   0.14554   0.13620   3.91871   1.61201   1.17264   1.73183   0.72012  
 13 2073.9664   2169.497421  x:  0.11184   0.02245   0.14516   0.04339   0.07735   0.01292   0.09601   0.05337   0.10786   0.11093   0.02811   0.16566   0.01916   0.24241   0.03579   0.05099   0.02589   0.04297   0.05783   0.07649   0.11920   0.03250   0.16310   0.13046   4.26150   1.62080   1.18653   1.77754   0.66829  
 14 767.5685   2167.284609  x:  0.11249   0.01420   0.14165   0.03891   0.08393   0.01265   0.10143   0.05035   0.10837   0.11797   0.03043   0.21048   0.02099   0.23365   0.03940   0.04802   0.02557   0.06111   0.06083   0.06191   0.12008   0.03282   0.18621   0.13111   4.38281   1.63381   1.19071   1.78350   0.64982  
 15 176.9798   2166.569131  x:  0.11527   0.01572   0.14220   0.03802   0.08117   0.01064   0.08499   0.04517   0.10828   0.12008   0.02957   0.22929   0.01903   0.22651   0.03871   0.04562   0.02632   0.05466   0.05622   0.07095   0.12080   0.03201   0.19572   0.13389   4.42143   1.64695   1.19139   1.77565   0.64581  
 16 72.2387   2166.371584  x:  0.11633   0.01223   0.14260   0.04265   0.07916   0.01450   0.08247   0.04883   0.10839   0.11919   0.03119   0.23188   0.01832   0.22571   0.04014   0.04535   0.02448   0.05467   0.05594   0.07384   0.12084   0.03336   0.19703   0.13495   4.43380   1.65710   1.19113   1.76655   0.64653  
 17 38.9153   2165.421515  x:  0.11962   0.01434   0.14372   0.03755   0.06831   0.01043   0.08546   0.06177   0.10885   0.11151   0.03037   0.23315   0.02060   0.22442   0.03918   0.04579   0.02634   0.05853   0.05946   0.07740   0.11991   0.03169   0.19621   0.13825   4.49560   1.72396   1.18875   1.70234   0.65412  
 18 64.5219   2164.332527  x:  0.11805   0.01370   0.14186   0.04041   0.07613   0.01246   0.08977   0.04604   0.10952   0.11049   0.03124   0.22796   0.01918   0.22723   0.03944   0.04520   0.02557   0.05523   0.05798   0.07043   0.11922   0.03304   0.19246   0.13668   4.56568   1.80308   1.18603   1.62402   0.66447  
 19 145.5103   2164.244138  x:  0.11546   0.01418   0.14037   0.03986   0.08127   0.01185   0.08813   0.04936   0.10872   0.11631   0.03103   0.22666   0.01942   0.22809   0.03923   0.04643   0.02580   0.05560   0.05708   0.07144   0.12000   0.03276   0.19261   0.13408   4.57190   1.80907   1.18597   1.61684   0.66549  
 20 24.3540   2164.220480  x:  0.11400   0.01430   0.13992   0.04008   0.07850   0.01206   0.08826   0.04871   0.10848   0.11971   0.03130   0.22579   0.01935   0.22828   0.03917   0.04567   0.02574   0.05533   0.05907   0.07148   0.12097   0.03294   0.19387   0.13262   4.57416   1.80829   1.18647   1.61444   0.66596  
 21  4.5101   2164.099586  x:  0.11327   0.01434   0.13941   0.04022   0.07447   0.01214   0.08895   0.04893   0.10913   0.12094   0.03146   0.22275   0.01909   0.22771   0.03911   0.04841   0.02567   0.05586   0.05231   0.06915   0.12244   0.03302   0.20017   0.13189   4.58757   1.79565   1.19016   1.60122   0.66883  
 22  4.7321   2163.448959  x:  0.11689   0.01541   0.13904   0.04148   0.08189   0.01168   0.09023   0.04975   0.11186   0.11492   0.03055   0.21370   0.01911   0.22369   0.03861   0.04536   0.02491   0.05647   0.05915   0.07376   0.12251   0.03164   0.22146   0.13551   4.66261   1.72265   1.20747   1.52973   0.68465  
 23 40.6195   2162.596556  x:  0.11681   0.01376   0.14448   0.04267   0.07820   0.01122   0.09035   0.05072   0.10498   0.11963   0.03088   0.23220   0.01982   0.22972   0.03896   0.04337   0.02468   0.05668   0.05688   0.07330   0.11525   0.03061   0.19306   0.13543   4.75883   1.63676   1.20723   1.45013   0.70413  
 24 45.9404   2162.276473  x:  0.11658   0.01407   0.14270   0.04334   0.07776   0.01167   0.09195   0.04789   0.11494   0.11933   0.03076   0.23716   0.02121   0.23115   0.03843   0.05105   0.02458   0.05964   0.05833   0.07890   0.12499   0.03097   0.18634   0.13520   4.79619   1.61229   1.18929   1.42980   0.71118  
 25 35.0484   2161.442517  x:  0.11663   0.01358   0.13778   0.04489   0.07812   0.00918   0.08991   0.05309   0.12676   0.11713   0.03090   0.23878   0.02007   0.23159   0.03853   0.03759   0.02357   0.05608   0.05552   0.07223   0.13924   0.02781   0.18368   0.13525   4.88692   1.56493   1.12442   1.39411   0.72711  
 26 64.2857   2159.528574  x:  0.11969   0.01451   0.13721   0.04777   0.07666   0.00930   0.09445   0.04965   0.10894   0.11899   0.03052   0.23460   0.02025   0.23028   0.03751   0.04265   0.02195   0.05958   0.05540   0.07764   0.12639   0.02615   0.19841   0.13831   5.09114   1.47090   0.96500   1.32745   0.76309  
 27 139.5473   2159.241429  x:  0.11431   0.01403   0.14728   0.04778   0.07663   0.00899   0.09452   0.04990   0.12156   0.12004   0.03044   0.23454   0.02061   0.22915   0.03767   0.04204   0.02171   0.05971   0.05491   0.07836   0.11404   0.02583   0.20037   0.13293   5.12101   1.47379   0.96217   1.33380   0.76961  
 28 13.0638   2154.437420  x:  0.09721   0.01259   0.18193   0.05563   0.08319   0.00685   0.10643   0.04411   0.09569   0.10984   0.02790   0.23895   0.02382   0.22152   0.03615   0.03607   0.01644   0.06545   0.04877   0.08851   0.13747   0.01676   0.19981   0.11583   5.61421   1.64413   1.08713   1.55801   0.88732  
 29 28.2979   2151.404921  x:  0.12069   0.01653   0.13829   0.06286   0.07900   0.00478   0.10743   0.04252   0.10762   0.12890   0.02726   0.23919   0.02096   0.23433   0.03385   0.03800   0.01417   0.06704   0.04856   0.08614   0.11490   0.01278   0.19582   0.13930   5.91932   1.75244   1.16995   1.70008   0.96086  
 30 227.7678   2147.410307  x:  0.12293   0.02355   0.13694   0.06237   0.07680   0.01972   0.09980   0.04581   0.11033   0.12951   0.02627   0.22669   0.01390   0.23803   0.02726   0.03817   0.01040   0.07294   0.05056   0.08357   0.11536   0.03917   0.19210   0.14153   7.07623   1.81533   1.22334   1.77241   1.05075  
 31  0.9045   2143.757097  x:  0.11397   0.01653   0.16943   0.04888   0.08084   0.01327   0.09054   0.04827   0.11114   0.11767   0.01451   0.21688   0.01984   0.23643   0.02674   0.04753   0.01262   0.06398   0.05745   0.07434   0.13100   0.02927   0.19617   0.13257   8.48053   1.73425   1.17658   1.64977   1.06136  
 32  0.7632   2142.120152  x:  0.12076   0.00923   0.15410   0.04543   0.07798   0.00621   0.09103   0.04495   0.10666   0.12517   0.02860   0.21667   0.02148   0.24081   0.02770   0.04076   0.01201   0.06295   0.05302   0.07508   0.12102   0.02415   0.19041   0.13936   9.46254   1.72199   1.15317   1.65926   1.07012  
 33  0.5937   2141.743891  x:  0.12337   0.01038   0.14737   0.04458   0.07762   0.01191   0.09015   0.04572   0.11007   0.12627   0.02854   0.21800   0.02001   0.23807   0.02587   0.04061   0.01111   0.06547   0.05245   0.07824   0.11867   0.02205   0.18941   0.14196   9.96915   1.74672   1.16687   1.69945   1.06266  
 34  0.3869   2141.509775  x:  0.12191   0.01062   0.14882   0.04416   0.07818   0.00943   0.09187   0.04585   0.11122   0.12477   0.02660   0.21961   0.01800   0.23372   0.02419   0.04389   0.01215   0.06616   0.05401   0.07962   0.12059   0.02503   0.19148   0.14050  10.54919   1.76853   1.18221   1.72136   1.03614  
 35  0.3300   2141.463205  x:  0.12113   0.01008   0.15078   0.04630   0.07842   0.00907   0.09228   0.04568   0.10922   0.12470   0.02587   0.21914   0.01930   0.23249   0.02425   0.04172   0.01146   0.06539   0.05316   0.07819   0.12075   0.02422   0.19063   0.13972  10.68306   1.75761   1.17582   1.71178   1.02322  
 36  0.1044   2141.458392  x:  0.12129   0.01077   0.14998   0.04698   0.07829   0.00932   0.09192   0.04568   0.10938   0.12510   0.02588   0.21899   0.01945   0.23219   0.02419   0.04176   0.01188   0.06559   0.05305   0.07782   0.12025   0.02447   0.18996   0.13988  10.66822   1.75578   1.17431   1.70982   1.01898  
 37  0.0121   2141.457225  x:  0.12141   0.01068   0.14983   0.04740   0.07829   0.00933   0.09215   0.04582   0.10973   0.12510   0.02588   0.21903   0.01936   0.23160   0.02449   0.04202   0.01180   0.06559   0.05323   0.07792   0.12038   0.02435   0.19030   0.14000  10.65961   1.75494   1.17380   1.70897   1.01771  
 38  0.0057   2141.456273  x:  0.12148   0.01092   0.15006   0.04725   0.07840   0.00925   0.09219   0.04563   0.10948   0.12506   0.02585   0.21886   0.01929   0.23101   0.02483   0.04184   0.01187   0.06563   0.05316   0.07804   0.12043   0.02422   0.19005   0.14007  10.66106   1.75476   1.17360   1.70854   1.01806  
 39  0.0006   2141.455812  x:  0.12138   0.01103   0.14979   0.04719   0.07829   0.00927   0.09216   0.04580   0.10958   0.12515   0.02584   0.21875   0.01938   0.23125   0.02503   0.04188   0.01180   0.06558   0.05312   0.07797   0.12035   0.02430   0.19000   0.13997  10.67584   1.75567   1.17442   1.70998   1.01897  
 40  0.0073   2141.455728  x:  0.12137   0.01105   0.14988   0.04721   0.07833   0.00929   0.09211   0.04572   0.10957   0.12509   0.02584   0.21881   0.01936   0.23151   0.02506   0.04190   0.01180   0.06557   0.05318   0.07794   0.12040   0.02427   0.19014   0.13997  10.68523   1.75548   1.17423   1.70961   1.01877  
 41  0.0058   2141.455720  x:  0.12139   0.01104   0.14989   0.04722   0.07833   0.00929   0.09212   0.04574   0.10956   0.12508   0.02584   0.21884   0.01935   0.23160   0.02507   0.04189   0.01181   0.06559   0.05316   0.07795   0.12039   0.02427   0.19012   0.13998  10.68536   1.75534   1.17412   1.70944   1.01878  
 42  0.0002   2141.455720  x:  0.12139   0.01104   0.14988   0.04722   0.07833   0.00929   0.09213   0.04574   0.10956   0.12508   0.02584   0.21884   0.01935   0.23160   0.02507   0.04188   0.01181   0.06559   0.05316   0.07796   0.12039   0.02427   0.19014   0.13998  10.68515   1.75533   1.17412   1.70942   1.01882  
 43  0.0002   2141.455720  x:  0.12139   0.01104   0.14988   0.04722   0.07833   0.00929   0.09213   0.04574   0.10956   0.12508   0.02583   0.21884   0.01935   0.23160   0.02507   0.04188   0.01181   0.06559   0.05316   0.07796   0.12039   0.02427   0.19013   0.13998  10.68523   1.75532   1.17412   1.70941   1.01883  
 44  0.0001   2141.455720  x:  0.12139   0.01104   0.14988   0.04722   0.07833   0.00929   0.09213   0.04574   0.10956   0.12508   0.02584   0.21884   0.01935   0.23160   0.02507   0.04188   0.01181   0.06559   0.05316   0.07796   0.12039   0.02427   0.19013   0.13998  10.68528   1.75532   1.17412   1.70941   1.01883  
 45  0.0000   2141.455720  x:  0.12139   0.01104   0.14988   0.04722   0.07833   0.00929   0.09213   0.04574   0.10956   0.12508   0.02584   0.21884   0.01935   0.23160   0.02507   0.04188   0.01181   0.06559   0.05316   0.07796   0.12039   0.02427   0.19013   0.13998  10.68529   1.75532   1.17412   1.70941   1.01883  
 46  0.0000   2141.455720  x:  0.12139   0.01104   0.14988   0.04722   0.07833   0.00929   0.09213   0.04574   0.10956   0.12508   0.02584   0.21884   0.01935   0.23160   0.02507   0.04188   0.01181   0.06559   0.05316   0.07796   0.12039   0.02427   0.19013   0.13998  10.68529   1.75532   1.17412   1.70941   1.01883  
 47  0.0000   2141.455720  x:  0.12139   0.01104   0.14988   0.04722   0.07833   0.00929   0.09213   0.04574   0.10956   0.12508   0.02584   0.21884   0.01935   0.23160   0.02507   0.04188   0.01181   0.06559   0.05316   0.07796   0.12039   0.02427   0.19013   0.13998  10.68529   1.75532   1.17412   1.70941   1.01883  