

TREE # 1

  0  0.0000   2148.512813  x:  0.20925   0.02571   0.03211   0.02495   0.05815   0.02188   0.05666   0.08536   0.02661   0.17168   0.20925   0.02571   0.03211   0.02495   0.05815   0.02188   0.05666   0.08536   0.02661   0.17168   0.21568   8.40433   1.67064   1.41538   1.20753   1.00000  
  1 99.0000   2130.149421  x:  0.20269   0.05257   0.04043   0.04535   0.08528   0.04401   0.09118   0.09450   0.02427   0.16508   0.20808   0.08093   0.07056   0.06591   0.09848   0.01833   0.08344   0.08979   0.03135   0.16817   0.22505   8.40426   1.67011   1.41029   1.21347   0.99800  
  2 436.7500   2127.859148  x:  0.19288   0.04601   0.03714   0.03670   0.09727   0.03060   0.10515   0.10258   0.02072   0.15575   0.20615   0.07873   0.06749   0.06258   0.11642   0.00737   0.08930   0.08908   0.01959   0.16259   0.23828   8.40414   1.66963   1.40220   1.22289   0.99408  
  3 100.0777   2127.113197  x:  0.18589   0.04278   0.03504   0.03322   0.10297   0.02682   0.11201   0.10693   0.02118   0.14932   0.20486   0.07536   0.06419   0.05995   0.12575   0.01793   0.09191   0.08906   0.02112   0.15873   0.24769   8.40405   1.66926   1.39533   1.23075   0.99077  
  4 127.4985   2126.380583  x:  0.17567   0.04266   0.03437   0.03575   0.10599   0.03509   0.11633   0.11027   0.02390   0.14075   0.20288   0.06850   0.05918   0.05412   0.13089   0.01450   0.09246   0.08952   0.03137   0.15366   0.26155   8.40387   1.66859   1.38239   1.24534   0.98439  
  5 81.6969   2125.518234  x:  0.16140   0.05085   0.04005   0.04275   0.10019   0.03517   0.11175   0.10781   0.02060   0.13221   0.19920   0.06208   0.06278   0.05669   0.12591   0.01604   0.09133   0.09271   0.02469   0.14947   0.28198   8.40345   1.66698   1.35356   1.27729   0.96959  
  6 58.3508   2124.782160  x:  0.15479   0.04836   0.03582   0.03705   0.09460   0.02991   0.10546   0.10333   0.02773   0.13160   0.19641   0.06976   0.06789   0.06070   0.11909   0.01426   0.09145   0.09403   0.02804   0.14965   0.29621   8.40295   1.66496   1.32059   1.31325   0.95195  
  7 85.6710   2124.230399  x:  0.15780   0.04079   0.03419   0.03485   0.09528   0.03552   0.10372   0.10126   0.01994   0.13728   0.19543   0.07609   0.06605   0.06020   0.11671   0.01527   0.09098   0.09127   0.02615   0.15298   0.29962   8.40246   1.66291   1.29178   1.34418   0.93541  
  8 81.5377   2123.691385  x:  0.16844   0.04394   0.03848   0.03788   0.09967   0.03484   0.10650   0.10291   0.02538   0.14593   0.19579   0.07723   0.05990   0.05709   0.11808   0.01592   0.08936   0.08618   0.02309   0.15766   0.29402   8.40184   1.66021   1.25852   1.37937   0.91472  
  9 86.1450   2123.488344  x:  0.17275   0.04741   0.03690   0.03796   0.09997   0.03105   0.10806   0.10437   0.02122   0.14666   0.19666   0.07334   0.06119   0.05809   0.11985   0.01504   0.08891   0.08668   0.02770   0.15775   0.28598   8.40153   1.65875   1.24546   1.39308   0.90483  
 10 51.4911   2123.363587  x:  0.17418   0.04694   0.03399   0.03650   0.09896   0.03366   0.10913   0.10542   0.02273   0.14384   0.19741   0.06914   0.06417   0.05960   0.12147   0.01511   0.08932   0.08904   0.02596   0.15589   0.27653   8.40124   1.65733   1.23741   1.40154   0.89671  
 11 36.5464   2123.307740  x:  0.17265   0.04452   0.03713   0.03702   0.09802   0.03314   0.10904   0.10528   0.02298   0.14028   0.19774   0.07029   0.06422   0.05868   0.12182   0.01506   0.09020   0.09031   0.02630   0.15369   0.26973   8.40101   1.65613   1.23420   1.40494   0.89102  
 12 19.5788   2123.287756  x:  0.17063   0.04587   0.03577   0.03721   0.09820   0.03309   0.10850   0.10473   0.02272   0.13887   0.19777   0.07200   0.06259   0.05777   0.12158   0.01519   0.09047   0.08966   0.02581   0.15275   0.26687   8.40081   1.65517   1.23364   1.40558   0.88718  
 13 10.3954   2123.270752  x:  0.16783   0.04566   0.03627   0.03672   0.09974   0.03319   0.10838   0.10450   0.02289   0.13994   0.19768   0.07127   0.06250   0.05943   0.12104   0.01511   0.08974   0.08769   0.02607   0.15306   0.26587   8.40028   1.65286   1.23470   1.40449   0.87903  
 14  5.1595   2123.248781  x:  0.16708   0.04505   0.03547   0.03832   0.09934   0.03278   0.10886   0.10498   0.02306   0.14147   0.19758   0.07132   0.06371   0.05801   0.12136   0.01522   0.08931   0.08876   0.02599   0.15415   0.26690   8.39928   1.64879   1.23695   1.40191   0.86535  
 15  9.2849   2123.236288  x:  0.16814   0.04592   0.03624   0.03680   0.09856   0.03325   0.10892   0.10506   0.02287   0.14143   0.19759   0.07146   0.06332   0.05770   0.12161   0.01522   0.08986   0.08978   0.02601   0.15445   0.26816   8.39859   1.64616   1.23827   1.40012   0.85706  
 16 14.5857   2123.232038  x:  0.16951   0.04561   0.03600   0.03728   0.09850   0.03311   0.10861   0.10486   0.02291   0.14053   0.19769   0.07136   0.06264   0.05856   0.12151   0.01516   0.09043   0.08953   0.02602   0.15407   0.26892   8.39819   1.64500   1.23857   1.39926   0.85412  
 17  5.7061   2123.231207  x:  0.16998   0.04565   0.03602   0.03721   0.09880   0.03312   0.10849   0.10477   0.02289   0.14012   0.19780   0.07143   0.06307   0.05830   0.12137   0.01519   0.09017   0.08910   0.02601   0.15371   0.26913   8.39793   1.64449   1.23835   1.39885   0.85364  
 18  1.6576   2123.229640  x:  0.17006   0.04562   0.03599   0.03719   0.09890   0.03310   0.10879   0.10498   0.02287   0.14021   0.19822   0.07168   0.06283   0.05857   0.12112   0.01518   0.08927   0.08951   0.02597   0.15301   0.26932   8.39626   1.64183   1.23609   1.39665   0.85350  
 19  0.8602   2123.222450  x:  0.16957   0.04561   0.03600   0.03719   0.09832   0.03309   0.10880   0.10499   0.02285   0.14090   0.19906   0.07137   0.06300   0.05825   0.12109   0.01511   0.09052   0.08902   0.02593   0.15244   0.26976   8.38771   1.62848   1.22461   1.38568   0.85346  
 20  5.3646   2123.219948  x:  0.16951   0.04560   0.03601   0.03719   0.09886   0.03307   0.10831   0.10466   0.02286   0.14023   0.19821   0.07130   0.06295   0.05827   0.12142   0.01507   0.09021   0.08944   0.02596   0.15367   0.26977   8.38446   1.62373   1.22064   1.38189   0.85353  
 21  6.4779   2123.219667  x:  0.16954   0.04559   0.03600   0.03717   0.09862   0.03307   0.10858   0.10485   0.02285   0.14010   0.19771   0.07134   0.06295   0.05830   0.12129   0.01507   0.09011   0.08923   0.02596   0.15378   0.26974   8.38384   1.62321   1.22038   1.38162   0.85356  
 22  0.9091   2123.219114  x:  0.16964   0.04560   0.03600   0.03717   0.09888   0.03306   0.10851   0.10477   0.02284   0.14040   0.19694   0.07128   0.06296   0.05825   0.12115   0.01506   0.09030   0.08944   0.02596   0.15329   0.26967   8.38144   1.62238   1.22064   1.38182   0.85374  
 23  0.4852   2123.214910  x:  0.16973   0.04550   0.03602   0.03715   0.09824   0.03303   0.10800   0.10449   0.02284   0.14057   0.19727   0.07123   0.06288   0.05829   0.12224   0.01489   0.08973   0.08904   0.02588   0.15316   0.26956   8.36100   1.61722   1.22351   1.38423   0.85510  
 24  2.0329   2123.211704  x:  0.16971   0.04547   0.03596   0.03709   0.09881   0.03295   0.10849   0.10493   0.02278   0.14014   0.19820   0.07115   0.06287   0.05815   0.12103   0.01483   0.09019   0.08935   0.02582   0.15388   0.26948   8.34512   1.61434   1.22531   1.38567   0.85591  
 25  9.8195   2123.180855  x:  0.17008   0.04489   0.03580   0.03666   0.09849   0.03247   0.11057   0.10157   0.02249   0.14028   0.19811   0.07019   0.06244   0.05750   0.12071   0.01385   0.08992   0.08941   0.02519   0.15398   0.26905   8.18716   1.62219   1.22720   1.38200   0.85475  
 26  4.1281   2123.161525  x:  0.17023   0.04457   0.03578   0.03638   0.09858   0.03234   0.10814   0.10481   0.02222   0.14050   0.19783   0.07017   0.06225   0.05736   0.12091   0.01321   0.08992   0.08927   0.02471   0.15382   0.26876   8.08694   1.62761   1.22819   1.37946   0.85390  
 27 87.9951   2123.160050  x:  0.17017   0.04474   0.03590   0.03657   0.09821   0.03245   0.10761   0.10466   0.02240   0.14064   0.19777   0.06998   0.06221   0.05728   0.12023   0.01349   0.08967   0.08924   0.02489   0.15389   0.26856   8.06677   1.62867   1.22773   1.38053   0.85285  
 28  0.0162   2123.159954  x:  0.17015   0.04464   0.03586   0.03650   0.09820   0.03243   0.10761   0.10466   0.02240   0.14058   0.19778   0.06981   0.06209   0.05716   0.12022   0.01352   0.08966   0.08925   0.02494   0.15386   0.26864   8.06797   1.62855   1.22775   1.38056   0.85301  
 29  0.0009   2123.159950  x:  0.17016   0.04465   0.03586   0.03651   0.09819   0.03242   0.10759   0.10465   0.02239   0.14059   0.19778   0.06980   0.06210   0.05716   0.12019   0.01352   0.08964   0.08925   0.02492   0.15387   0.26862   8.06983   1.62854   1.22776   1.38051   0.85304  
 30  0.0015   2123.159949  x:  0.17016   0.04465   0.03586   0.03651   0.09818   0.03242   0.10759   0.10465   0.02239   0.14059   0.19778   0.06980   0.06210   0.05716   0.12019   0.01351   0.08964   0.08925   0.02492   0.15387   0.26862   8.06999   1.62855   1.22776   1.38051   0.85303  
 31  0.0002   2123.159949  x:  0.17016   0.04465   0.03586   0.03651   0.09818   0.03242   0.10759   0.10465   0.02239   0.14059   0.19778   0.06980   0.06209   0.05716   0.12019   0.01351   0.08964   0.08925   0.02492   0.15387   0.26862   8.06999   1.62855   1.22776   1.38052   0.85303  
 32  0.0000   2123.159949  x:  0.17016   0.04465   0.03586   0.03651   0.09818   0.03242   0.10759   0.10465   0.02239   0.14059   0.19778   0.06980   0.06209   0.05716   0.12019   0.01351   0.08964   0.08925   0.02492   0.15387   0.26862   8.06999   1.62855   1.22776   1.38052   0.85303  