

TREE # 1

  0  0.0000   2240.951479  x:  0.20925   0.02571   0.03211   0.02495   0.05815   0.02188   0.05666   0.08536   0.02661   0.17168   0.20925   0.02571   0.03211   0.02495   0.05815   0.02188   0.05666   0.08536   0.02661   0.17168   0.21568   8.40433   1.57987   1.08998   1.29502   1.00000  
  1 99.0000   2220.985327  x:  0.21445   0.04731   0.04423   0.01395   0.08139   0.00587   0.08234   0.12265   0.09173   0.16682   0.21787   0.02817   0.03496   0.03200   0.09236   0.06956   0.06351   0.09553   0.04836   0.18221   0.22226   8.40422   1.57907   1.08873   1.29728   1.00202  
  2 472.2774   2219.434185  x:  0.21667   0.04568   0.04411   0.01433   0.08701   0.02449   0.08873   0.13417   0.09686   0.16382   0.22228   0.02730   0.03419   0.03062   0.09989   0.06951   0.06532   0.09934   0.04961   0.18770   0.22565   8.40417   1.57856   1.08828   1.29840   1.00320  
  3 221.5055   2215.723256  x:  0.22563   0.02686   0.03695   0.01535   0.10132   0.01752   0.10546   0.17190   0.09234   0.15025   0.24111   0.02247   0.02968   0.02122   0.11901   0.04737   0.07014   0.11276   0.04505   0.21070   0.24000   8.40390   1.57613   1.08667   1.30329   1.00867  
  4 146.0862   2215.175197  x:  0.22993   0.02933   0.03785   0.01659   0.09973   0.01686   0.10364   0.18061   0.08656   0.14314   0.25029   0.02739   0.03428   0.03246   0.11904   0.04615   0.06921   0.11494   0.04467   0.22042   0.24644   8.40372   1.57439   1.08594   1.30632   1.01253  
  5 61.1337   2214.819025  x:  0.23471   0.03386   0.03936   0.01344   0.09509   0.01706   0.09802   0.18532   0.08273   0.13585   0.26089   0.02579   0.03319   0.02798   0.11484   0.05117   0.06637   0.11363   0.04455   0.22995   0.25348   8.40344   1.57175   1.08513   1.31073   1.01841  
  6 46.3935   2214.757801  x:  0.23592   0.03354   0.03920   0.01704   0.09422   0.01693   0.09704   0.18497   0.08368   0.13476   0.26379   0.02543   0.03295   0.02705   0.11357   0.05210   0.06645   0.11262   0.04514   0.23177   0.25525   8.40332   1.57064   1.08485   1.31257   1.02097  
  7 30.5375   2214.651209  x:  0.23835   0.02896   0.03745   0.01592   0.09341   0.01726   0.09570   0.18105   0.08832   0.13417   0.27026   0.02552   0.03323   0.02799   0.11089   0.05164   0.06821   0.10965   0.04653   0.23423   0.25883   8.40293   1.56714   1.08409   1.31832   1.02915  
  8 25.0773   2214.575532  x:  0.23964   0.03129   0.04003   0.01566   0.09498   0.01728   0.09717   0.17663   0.09048   0.13488   0.27466   0.02533   0.03327   0.02790   0.11123   0.04866   0.06802   0.10911   0.04386   0.23433   0.26053   8.40241   1.56269   1.08331   1.32554   1.04007  
  9 18.3682   2214.471977  x:  0.23985   0.03136   0.03842   0.01562   0.09715   0.01716   0.10026   0.17240   0.08646   0.13650   0.27786   0.02659   0.03384   0.02712   0.11447   0.05177   0.06624   0.11130   0.04444   0.23185   0.26052   8.40136   1.55463   1.08223   1.33860   1.06091  
 10 22.8825   2214.413523  x:  0.23896   0.03163   0.03891   0.01567   0.09599   0.01709   0.09935   0.17417   0.08536   0.13670   0.27650   0.02338   0.03243   0.02871   0.11516   0.05172   0.06750   0.11201   0.04605   0.22963   0.25891   8.40060   1.54978   1.08186   1.34668   1.07499  
 11 23.5297   2214.356861  x:  0.23764   0.03192   0.03946   0.01567   0.09418   0.01708   0.09733   0.17806   0.08591   0.13640   0.27324   0.02572   0.03265   0.02741   0.11451   0.05041   0.06889   0.11215   0.04707   0.22750   0.25660   8.39974   1.54510   1.08170   1.35483   1.09021  
 12 36.6721   2214.336907  x:  0.23712   0.03144   0.03844   0.01580   0.09433   0.01710   0.09699   0.17985   0.08682   0.13598   0.27090   0.02541   0.03355   0.02758   0.11329   0.05092   0.06770   0.11152   0.04472   0.22758   0.25573   8.39933   1.54399   1.08192   1.35733   1.09625  
 13 14.9871   2214.329906  x:  0.23701   0.03129   0.03875   0.01578   0.09525   0.01708   0.09763   0.17992   0.08674   0.13568   0.26916   0.02571   0.03264   0.02788   0.11240   0.05085   0.06680   0.11063   0.04524   0.22895   0.25566   8.39900   1.54463   1.08245   1.35745   1.09934  
 14  5.0670   2214.324502  x:  0.23703   0.03151   0.03880   0.01573   0.09554   0.01707   0.09803   0.17940   0.08653   0.13561   0.26758   0.02529   0.03365   0.02759   0.11227   0.05075   0.06732   0.11038   0.04578   0.23066   0.25587   8.39858   1.54611   1.08322   1.35682   1.10253  
 15  5.4660   2214.318483  x:  0.23710   0.03158   0.03856   0.01575   0.09499   0.01707   0.09784   0.17868   0.08658   0.13585   0.26633   0.02558   0.03298   0.02766   0.11298   0.05108   0.06827   0.11087   0.04512   0.23230   0.25628   8.39794   1.54873   1.08444   1.35544   1.10670  
 16  6.5411   2214.312172  x:  0.23711   0.03107   0.03896   0.01579   0.09434   0.01707   0.09714   0.17852   0.08705   0.13637   0.26642   0.02547   0.03315   0.02765   0.11369   0.05078   0.06696   0.11175   0.04540   0.23243   0.25665   8.39702   1.55272   1.08611   1.35324   1.11173  
 17  5.5233   2214.303728  x:  0.23703   0.03173   0.03816   0.01577   0.09509   0.01703   0.09725   0.17925   0.08690   0.13637   0.26820   0.02546   0.03307   0.02768   0.11291   0.05064   0.06729   0.11139   0.04552   0.23054   0.25671   8.39546   1.55924   1.08863   1.34987   1.11890  
 18  6.5270   2214.302405  x:  0.23703   0.03135   0.03875   0.01577   0.09510   0.01702   0.09749   0.17938   0.08670   0.13620   0.26852   0.02549   0.03317   0.02766   0.11280   0.05092   0.06755   0.11115   0.04531   0.23016   0.25659   8.39514   1.56038   1.08902   1.34947   1.11997  
 19  4.4565   2214.301738  x:  0.23717   0.03138   0.03865   0.01575   0.09467   0.01701   0.09785   0.17927   0.08675   0.13564   0.26863   0.02549   0.03317   0.02767   0.11311   0.05084   0.06744   0.11080   0.04531   0.23007   0.25614   8.39466   1.56130   1.08916   1.34987   1.12021  
 20  0.8644   2214.299260  x:  0.23779   0.03126   0.03869   0.01578   0.09537   0.01696   0.09715   0.17894   0.08682   0.13490   0.26882   0.02548   0.03314   0.02764   0.11324   0.05084   0.06751   0.11117   0.04533   0.23032   0.25463   8.39203   1.56542   1.08959   1.35308   1.12020  
 21  1.2588   2214.294198  x:  0.23813   0.03139   0.03865   0.01574   0.09471   0.01684   0.09793   0.17943   0.08677   0.13646   0.26895   0.02545   0.03308   0.02763   0.11243   0.05087   0.06748   0.11152   0.04538   0.23077   0.25423   8.38610   1.57374   1.09103   1.36034   1.11968  
 22  3.9873   2214.289915  x:  0.23715   0.03146   0.03862   0.01577   0.09504   0.01672   0.09733   0.17964   0.08653   0.13662   0.26842   0.02548   0.03312   0.02761   0.11335   0.05086   0.06743   0.11039   0.04533   0.23027   0.25614   8.38071   1.57988   1.09344   1.36629   1.11902  
 23  4.7470   2214.287383  x:  0.23653   0.03142   0.03863   0.01575   0.09497   0.01667   0.09768   0.17932   0.08674   0.13550   0.26801   0.02545   0.03305   0.02759   0.11284   0.05084   0.06748   0.11137   0.04540   0.22972   0.25729   8.37721   1.58238   1.09611   1.36923   1.11855  
 24  3.1437   2214.279870  x:  0.23778   0.03142   0.03864   0.01577   0.09505   0.01644   0.09764   0.17956   0.08669   0.13610   0.26850   0.02543   0.03307   0.02753   0.11306   0.05083   0.06753   0.11110   0.04536   0.23007   0.25630   8.36548   1.58513   1.10780   1.37495   1.11708  
 25  2.1716   2214.265669  x:  0.23205   0.03129   0.03856   0.01576   0.09509   0.01591   0.09768   0.17951   0.08702   0.13622   0.27087   0.02536   0.03306   0.02742   0.11314   0.05077   0.06756   0.11110   0.04530   0.23244   0.25437   8.33879   1.58342   1.10787   1.37408   1.11700  
 26  0.8847   2214.164760  x:  0.23670   0.03049   0.03835   0.01553   0.09558   0.01229   0.09825   0.18033   0.08780   0.13566   0.27033   0.02494   0.03268   0.02658   0.11383   0.05034   0.06771   0.11147   0.04514   0.23156   0.25665   8.15612   1.56950   1.09619   1.36313   1.11776  
 27 12.0890   2214.155983  x:  0.23735   0.03107   0.03861   0.01547   0.09530   0.01232   0.09793   0.17926   0.08935   0.13592   0.26879   0.02514   0.03287   0.02708   0.11364   0.05148   0.06759   0.11104   0.04554   0.23005   0.25637   8.14469   1.56523   1.09253   1.35802   1.11612  
 28  0.0115   2214.155349  x:  0.23715   0.03106   0.03861   0.01546   0.09544   0.01223   0.09810   0.17978   0.08975   0.13585   0.26908   0.02517   0.03289   0.02704   0.11391   0.05168   0.06760   0.11116   0.04560   0.23040   0.25636   8.15943   1.56660   1.09363   1.35905   1.11602  
 29  0.0091   2214.155308  x:  0.23723   0.03104   0.03861   0.01545   0.09548   0.01228   0.09814   0.17987   0.08981   0.13583   0.26910   0.02515   0.03288   0.02703   0.11396   0.05167   0.06762   0.11117   0.04561   0.23040   0.25642   8.15993   1.56623   1.09333   1.35882   1.11626  
 30  0.0007   2214.155307  x:  0.23724   0.03104   0.03861   0.01546   0.09549   0.01228   0.09815   0.17988   0.08982   0.13583   0.26909   0.02515   0.03287   0.02703   0.11396   0.05167   0.06762   0.11117   0.04561   0.23040   0.25642   8.15854   1.56619   1.09330   1.35880   1.11627  
 31  0.0014   2214.155307  x:  0.23724   0.03104   0.03861   0.01546   0.09549   0.01228   0.09815   0.17988   0.08982   0.13583   0.26909   0.02515   0.03287   0.02703   0.11396   0.05167   0.06762   0.11117   0.04561   0.23040   0.25642   8.15837   1.56620   1.09331   1.35881   1.11626  
 32  0.0002   2214.155307  x:  0.23724   0.03104   0.03861   0.01546   0.09549   0.01228   0.09815   0.17988   0.08982   0.13583   0.26909   0.02515   0.03287   0.02703   0.11396   0.05167   0.06762   0.11117   0.04561   0.23040   0.25642   8.15835   1.56620   1.09331   1.35881   1.11626  
 33  0.0000   2214.155307  x:  0.23724   0.03104   0.03861   0.01546   0.09549   0.01228   0.09815   0.17988   0.08982   0.13583   0.26909   0.02515   0.03287   0.02703   0.11396   0.05167   0.06762   0.11117   0.04561   0.23040   0.25642   8.15836   1.56620   1.09331   1.35881   1.11626  