

TREE # 1

  0  0.0000   2155.229618  x:  0.01972   0.20925   0.02571   0.03211   0.02495   0.05815   0.02188   0.05666   0.08536   0.02661   0.17168   0.01972   0.20925   0.02571   0.03211   0.02495   0.05815   0.02188   0.05666   0.08536   0.02661   0.17168   0.21568   8.40433   1.47040   1.12551   1.24835   1.00000  
  1 99.0000   2133.330433  x:  0.01197   0.21952   0.01043   0.03295   0.05133   0.04882   0.07288   0.06463   0.13024   0.02254   0.16513   0.02597   0.21283   0.00803   0.11911   0.02029   0.07504   0.01603   0.07991   0.10114   0.06564   0.16979   0.21519   8.40441   1.46951   1.12094   1.25354   0.99865  
  2 497.6721   2130.320168  x:  0.00990   0.23592   0.01678   0.03038   0.04361   0.03917   0.05641   0.06594   0.16517   0.02570   0.15557   0.02777   0.21926   0.00000   0.12364   0.01282   0.08383   0.02715   0.09119   0.11418   0.05564   0.16608   0.21434   8.40459   1.46760   1.11374   1.26250   0.99616  
  3 120.4114   2129.367452  x:  0.00966   0.24461   0.01553   0.02934   0.04080   0.03686   0.04894   0.06638   0.18132   0.02538   0.15061   0.02835   0.22290   0.01008   0.12569   0.01335   0.08724   0.02681   0.09587   0.12036   0.05178   0.16408   0.21386   8.40469   1.46645   1.10954   1.26777   0.99464  
  4 253.2834   2128.608386  x:  0.01095   0.25354   0.00953   0.02944   0.04069   0.04074   0.04462   0.06601   0.19290   0.02264   0.14591   0.02802   0.22658   0.00737   0.12351   0.01865   0.08778   0.01817   0.09736   0.12322   0.04789   0.16196   0.21329   8.40484   1.46495   1.10436   1.27443   0.99265  
  5 110.9994   2128.189590  x:  0.01143   0.26385   0.01470   0.03220   0.04466   0.04649   0.04868   0.06456   0.20035   0.02273   0.14116   0.02693   0.23103   0.00800   0.11858   0.01753   0.08488   0.01520   0.09460   0.12261   0.04838   0.15965   0.21246   8.40509   1.46253   1.09652   1.28467   0.98944  
  6 59.5597   2127.841938  x:  0.01118   0.27385   0.01079   0.03217   0.04696   0.04888   0.05298   0.06343   0.20460   0.02162   0.13723   0.02633   0.23535   0.00837   0.11348   0.01741   0.08137   0.02067   0.09073   0.12041   0.05063   0.15764   0.21156   8.40539   1.45962   1.08735   1.29674   0.98553  
  7 90.6695   2127.478554  x:  0.00936   0.28408   0.00983   0.02905   0.04440   0.04087   0.05452   0.06366   0.20316   0.02444   0.13568   0.02798   0.23941   0.00783   0.11112   0.01698   0.07912   0.01744   0.08668   0.11601   0.05580   0.15650   0.21046   8.40592   1.45479   1.07290   1.31597   0.97885  
  8 53.4430   2127.164196  x:  0.01089   0.29090   0.01338   0.03097   0.04278   0.03949   0.05189   0.06523   0.19675   0.02112   0.13802   0.02917   0.24117   0.00721   0.11486   0.02205   0.08109   0.01927   0.08729   0.11356   0.05721   0.15657   0.20956   8.40666   1.44860   1.05517   1.33981   0.96999  
  9 56.2656   2126.796168  x:  0.00939   0.29513   0.01167   0.03202   0.04265   0.04333   0.04830   0.06636   0.18781   0.02065   0.14178   0.02834   0.24117   0.00719   0.11995   0.01577   0.08442   0.01873   0.09000   0.11337   0.05417   0.15725   0.20876   8.40766   1.44075   1.03372   1.36909   0.95845  
 10 97.0374   2126.688047  x:  0.00826   0.29315   0.01162   0.03035   0.04387   0.04374   0.04982   0.06511   0.18633   0.02443   0.14268   0.02729   0.23966   0.00726   0.12068   0.01777   0.08429   0.01924   0.09153   0.11546   0.05064   0.15766   0.20883   8.40811   1.43770   1.02669   1.37946   0.95355  
 11 42.8241   2126.593362  x:  0.01029   0.28686   0.01179   0.02936   0.04430   0.04151   0.05232   0.06323   0.18770   0.02194   0.14294   0.02751   0.23664   0.00734   0.11941   0.01706   0.08242   0.01876   0.09207   0.11866   0.04837   0.15819   0.20939   8.40874   1.43429   1.02075   1.38967   0.94749  
 12 29.8849   2126.499858  x:  0.00869   0.27654   0.01143   0.03186   0.04334   0.04203   0.05135   0.06339   0.19163   0.02215   0.14158   0.02798   0.23242   0.00713   0.11730   0.01753   0.08074   0.01867   0.09121   0.12091   0.05192   0.15851   0.21019   8.40965   1.43016   1.01551   1.40081   0.93931  
 13 29.0470   2126.478813  x:  0.01052   0.27399   0.01149   0.03058   0.04365   0.04287   0.05074   0.06415   0.19281   0.02294   0.14114   0.02815   0.23146   0.00712   0.11684   0.01744   0.08137   0.01876   0.09071   0.12060   0.05324   0.15830   0.21034   8.40998   1.42905   1.01485   1.40345   0.93664  
 14 18.5540   2126.470177  x:  0.00990   0.27299   0.01176   0.02971   0.04412   0.04287   0.05077   0.06464   0.19324   0.02233   0.14052   0.02767   0.23119   0.00718   0.11660   0.01754   0.08255   0.01872   0.09041   0.11953   0.05307   0.15784   0.21026   8.41031   1.42840   1.01550   1.40455   0.93433  
 15  7.5293   2126.458680  x:  0.01039   0.27219   0.01141   0.03085   0.04414   0.04235   0.05128   0.06469   0.19363   0.02274   0.13974   0.02786   0.23127   0.00731   0.11668   0.01748   0.08386   0.01872   0.09029   0.11760   0.05197   0.15703   0.21003   8.41106   1.42730   1.01772   1.40602   0.92944  
 16  8.3825   2126.439852  x:  0.01022   0.27210   0.01169   0.03017   0.04308   0.04315   0.05104   0.06353   0.19357   0.02262   0.13919   0.02879   0.23228   0.00733   0.11798   0.01739   0.08233   0.01880   0.09087   0.11617   0.05138   0.15629   0.20960   8.41278   1.42538   1.02321   1.40831   0.91895  
 17  9.7427   2126.426982  x:  0.01042   0.27278   0.01163   0.03041   0.04429   0.04250   0.05026   0.06414   0.19308   0.02265   0.13962   0.02769   0.23317   0.00723   0.11808   0.01735   0.08133   0.01880   0.09098   0.11720   0.05169   0.15646   0.20951   8.41424   1.42425   1.02751   1.40982   0.91088  
 18 12.8935   2126.420650  x:  0.01028   0.27355   0.01163   0.03037   0.04373   0.04274   0.05097   0.06467   0.19274   0.02261   0.14026   0.02799   0.23350   0.00717   0.11735   0.01741   0.08230   0.01876   0.09072   0.11881   0.05209   0.15727   0.20973   8.41522   1.42406   1.02970   1.41052   0.90650  
 19  7.9388   2126.419813  x:  0.01026   0.27381   0.01161   0.03038   0.04395   0.04270   0.05084   0.06406   0.19274   0.02260   0.14035   0.02807   0.23314   0.00717   0.11723   0.01741   0.08261   0.01876   0.09071   0.11884   0.05232   0.15756   0.20993   8.41562   1.42451   1.02985   1.41057   0.90579  
 20  1.7240   2126.418491  x:  0.01031   0.27439   0.01161   0.03038   0.04371   0.04273   0.05093   0.06421   0.19291   0.02260   0.14038   0.02775   0.23187   0.00719   0.11723   0.01741   0.08244   0.01875   0.09080   0.11855   0.05232   0.15795   0.21043   8.41695   1.42628   1.02974   1.41057   0.90443  
 21  1.5879   2126.417832  x:  0.01023   0.27451   0.01161   0.03037   0.04395   0.04272   0.05087   0.06445   0.19290   0.02260   0.14034   0.02820   0.23152   0.00720   0.11721   0.01741   0.08232   0.01876   0.09075   0.11854   0.05220   0.15791   0.21049   8.41787   1.42748   1.02961   1.41059   0.90374  
 22  2.4029   2126.415983  x:  0.01030   0.27418   0.01163   0.03037   0.04382   0.04271   0.05085   0.06427   0.19266   0.02260   0.14017   0.02807   0.23179   0.00716   0.11729   0.01741   0.08243   0.01876   0.09050   0.11895   0.05228   0.15686   0.20995   8.42129   1.43152   1.02910   1.41080   0.90198  
 23  2.4049   2126.415036  x:  0.01031   0.27377   0.01161   0.03037   0.04386   0.04270   0.05093   0.06432   0.19277   0.02260   0.14026   0.02799   0.23262   0.00717   0.11705   0.01740   0.08242   0.01875   0.09109   0.11862   0.05234   0.15744   0.20977   8.42374   1.43346   1.02915   1.41130   0.90151  
 24  1.7079   2126.414045  x:  0.01032   0.27347   0.01162   0.03037   0.04382   0.04272   0.05083   0.06428   0.19298   0.02261   0.14034   0.02787   0.23322   0.00716   0.11740   0.01740   0.08237   0.01876   0.09038   0.11847   0.05204   0.15818   0.20993   8.42702   1.43502   1.02972   1.41227   0.90160  
 25  1.8881   2126.403453  x:  0.01029   0.27315   0.01159   0.03036   0.04380   0.04272   0.05078   0.06429   0.19235   0.02263   0.13985   0.02788   0.23336   0.00705   0.11717   0.01737   0.08241   0.01874   0.09080   0.11874   0.05212   0.15721   0.21262   8.46787   1.44719   1.04037   1.42567   0.90694  
 26  2.8776   2126.398685  x:  0.01024   0.27341   0.01156   0.03035   0.04381   0.04275   0.05078   0.06427   0.19265   0.02263   0.14065   0.02790   0.23206   0.00703   0.11696   0.01738   0.08238   0.01872   0.09068   0.11870   0.05217   0.15749   0.20976   8.48684   1.45164   1.04475   1.43098   0.90925  
 27  8.8136   2126.394628  x:  0.01049   0.27352   0.01158   0.03035   0.04375   0.04271   0.05070   0.06429   0.19171   0.02263   0.13828   0.02789   0.23177   0.00694   0.11705   0.01735   0.08244   0.01873   0.09080   0.11918   0.05222   0.15849   0.20898   8.50603   1.45142   1.04466   1.43091   0.90961  
 28  1.9404   2126.299998  x:  0.01001   0.27477   0.01124   0.03037   0.04350   0.04299   0.05011   0.06433   0.19043   0.02257   0.14096   0.02781   0.23282   0.00569   0.11475   0.01742   0.08216   0.01848   0.09011   0.11806   0.05211   0.15780   0.21034   8.97247   1.43474   1.03043   1.41600   0.91286  
 29 15.3747   2126.298245  x:  0.01008   0.27412   0.01160   0.03037   0.04347   0.04290   0.05013   0.06424   0.19035   0.02266   0.14083   0.02779   0.23250   0.00589   0.11403   0.01730   0.08208   0.01872   0.09006   0.11815   0.05195   0.15787   0.21026   8.98710   1.43602   1.03183   1.41693   0.91256  
 30  0.0124   2126.297842  x:  0.01012   0.27420   0.01149   0.03037   0.04341   0.04295   0.04996   0.06422   0.19005   0.02261   0.14079   0.02778   0.23251   0.00596   0.11353   0.01743   0.08202   0.01871   0.08995   0.11806   0.05186   0.15786   0.21025   8.98292   1.43616   1.03181   1.41709   0.91252  
 31  0.0024   2126.297819  x:  0.01010   0.27421   0.01151   0.03036   0.04339   0.04294   0.04994   0.06423   0.18999   0.02263   0.14083   0.02778   0.23251   0.00597   0.11349   0.01739   0.08202   0.01868   0.08994   0.11805   0.05186   0.15786   0.21027   8.97908   1.43596   1.03162   1.41689   0.91255  
 32  0.0037   2126.297818  x:  0.01010   0.27420   0.01151   0.03037   0.04339   0.04295   0.04994   0.06423   0.18998   0.02263   0.14084   0.02778   0.23251   0.00596   0.11349   0.01740   0.08202   0.01868   0.08994   0.11805   0.05186   0.15786   0.21027   8.97824   1.43597   1.03164   1.41688   0.91254  
 33  0.0007   2126.297818  x:  0.01010   0.27420   0.01151   0.03037   0.04339   0.04295   0.04994   0.06423   0.18998   0.02263   0.14083   0.02778   0.23251   0.00596   0.11349   0.01740   0.08202   0.01868   0.08994   0.11805   0.05186   0.15786   0.21027   8.97824   1.43597   1.03164   1.41689   0.91254  
 34  0.0000   2126.297818  x:  0.01010   0.27420   0.01151   0.03037   0.04339   0.04295   0.04994   0.06423   0.18998   0.02263   0.14083   0.02778   0.23251   0.00596   0.11349   0.01740   0.08202   0.01868   0.08994   0.11805   0.05186   0.15786   0.21027   8.97824   1.43597   1.03164   1.41688   0.91254  
 35  0.0000   2126.297818  x:  0.01010   0.27420   0.01151   0.03037   0.04339   0.04295   0.04994   0.06423   0.18998   0.02263   0.14083   0.02778   0.23251   0.00596   0.11349   0.01740   0.08202   0.01868   0.08994   0.11805   0.05186   0.15786   0.21027   8.97824   1.43597   1.03164   1.41688   0.91254  
 36  0.0000   2126.297818  x:  0.01010   0.27420   0.01151   0.03037   0.04339   0.04295   0.04994   0.06423   0.18998   0.02263   0.14083   0.02778   0.23251   0.00596   0.11349   0.01740   0.08202   0.01868   0.08994   0.11805   0.05186   0.15786   0.21027   8.97824   1.43597   1.03164   1.41688   0.91254  

TREE # 2

  0  0.0000   2403.967413  x:  0.01010   0.27420   0.01151   0.03037   0.04339   0.04295   0.04994   0.06423   0.18998   0.02263   0.14083   0.02778   0.23251   0.00596   0.11349   0.01740   0.08202   0.01868   0.08994   0.11805   0.05186   0.15786   0.21027   8.97824   1.41116   0.94802   1.30357   0.91254  
  1 99.0000   2219.392822  x:  0.18999   0.26540   0.26032   0.15419   0.05778   0.02924   0.08542   0.07333   0.17876   0.01840   0.13179   0.02062   0.22788   0.20854   0.14997   0.05349   0.06911   0.15829   0.08441   0.11025   0.04453   0.14194   0.19422   8.97827   1.41083   0.94818   1.30446   0.91221  
  2 2964.1280   2188.063646  x:  0.19463   0.23026   0.25338   0.16766   0.05581   0.00000   0.10643   0.09420   0.15426   0.01583   0.11281   0.01592   0.19258   0.20137   0.17734   0.03376   0.03179   0.16747   0.05666   0.09187   0.03470   0.10682   0.15797   8.97834   1.40820   0.95246   1.30538   0.91175  
  3 338.4884   2169.275303  x:  0.19938   0.19527   0.24687   0.18063   0.05657   0.01854   0.12119   0.10925   0.13191   0.01562   0.09660   0.01842   0.15722   0.19439   0.20066   0.01843   0.00000   0.17662   0.03244   0.07618   0.03259   0.07438   0.12313   8.97841   1.40575   0.95624   1.30653   0.91129  
  4 1359.0518   2154.420182  x:  0.20533   0.14737   0.23728   0.19702   0.05675   0.03271   0.13727   0.12565   0.10311   0.01580   0.07671   0.02141   0.10871   0.18432   0.23023   0.00837   0.01738   0.18902   0.00838   0.05680   0.03447   0.03294   0.07674   8.97849   1.40253   0.96120   1.30818   0.91075  
  5 1092.8993   2146.260863  x:  0.20909   0.11168   0.22926   0.20753   0.05611   0.03702   0.14452   0.13307   0.08535   0.01644   0.06654   0.02188   0.07244   0.17627   0.24872   0.02155   0.01815   0.19673   0.02326   0.04806   0.03927   0.01402   0.04608   8.97853   1.40032   0.96457   1.30957   0.91035  
  6 823.7665   2139.035734  x:  0.21488   0.06877   0.22126   0.21973   0.05499   0.03919   0.14862   0.13711   0.06983   0.01763   0.06084   0.02138   0.02888   0.16839   0.26726   0.02512   0.01904   0.20559   0.02574   0.04548   0.04569   0.03389   0.02058   8.97858   1.39787   0.96826   1.31144   0.90993  
  7 582.4815   2134.822804  x:  0.21952   0.03909   0.21592   0.22794   0.05404   0.03941   0.14831   0.13672   0.06536   0.01837   0.06213   0.02086   0.00000   0.16391   0.27796   0.02481   0.01910   0.21114   0.02647   0.04880   0.04872   0.03446   0.03080   8.97861   1.39623   0.97073   1.31295   0.90970  
  8 385.1987   2133.502345  x:  0.22441   0.01618   0.20845   0.23623   0.05296   0.03868   0.14325   0.13193   0.07109   0.01833   0.06860   0.02105   0.00583   0.16217   0.28766   0.02273   0.01876   0.21477   0.02644   0.05455   0.04906   0.03249   0.02818   8.97865   1.39448   0.97327   1.31510   0.90976  
  9 103.3043   2132.657902  x:  0.23501   0.02171   0.18947   0.26162   0.05096   0.03848   0.12891   0.12065   0.07605   0.01625   0.06915   0.02125   0.00591   0.15553   0.31210   0.02532   0.01827   0.22164   0.02520   0.04819   0.04653   0.03367   0.03005   8.97878   1.38943   0.98150   1.32183   0.91002  
 10 43.3123   2132.555413  x:  0.23642   0.02402   0.18685   0.26556   0.05068   0.03827   0.12677   0.12013   0.07533   0.01954   0.06884   0.02101   0.00541   0.15530   0.31549   0.02291   0.01836   0.22216   0.02652   0.05188   0.04722   0.03321   0.02947   8.97882   1.38820   0.98364   1.32374   0.91010  
 11 36.2831   2132.524474  x:  0.23649   0.02459   0.18594   0.26688   0.05052   0.03839   0.12616   0.12119   0.07388   0.01742   0.06861   0.02095   0.00573   0.15605   0.31639   0.02253   0.01845   0.22149   0.02682   0.05391   0.04798   0.03322   0.02964   8.97886   1.38713   0.98563   1.32564   0.91021  
 12 15.0093   2132.467228  x:  0.23562   0.02429   0.18447   0.26913   0.04983   0.03851   0.12495   0.12562   0.07266   0.01866   0.06914   0.02163   0.00665   0.15938   0.31695   0.02458   0.01849   0.21800   0.02586   0.05402   0.04856   0.03376   0.03064   8.97904   1.38331   0.99302   1.33301   0.91060  
 13 13.8093   2132.400515  x:  0.23458   0.02428   0.18416   0.27110   0.04889   0.03892   0.12297   0.12876   0.07524   0.01806   0.07056   0.02025   0.00515   0.16311   0.31576   0.02303   0.01878   0.21385   0.02703   0.05270   0.04787   0.03369   0.02998   8.97929   1.37846   1.00299   1.34334   0.91115  
 14 29.4646   2132.369438  x:  0.23424   0.02410   0.18508   0.27123   0.04876   0.03839   0.12270   0.12740   0.07613   0.01776   0.06939   0.02279   0.00463   0.16307   0.31436   0.02282   0.01868   0.21311   0.02703   0.05301   0.04743   0.03353   0.02962   8.97946   1.37633   1.00857   1.34970   0.91147  
 15 16.2004   2132.302647  x:  0.23371   0.02334   0.18754   0.27062   0.04933   0.03814   0.12357   0.12256   0.07547   0.01816   0.06650   0.02074   0.00530   0.16067   0.31132   0.02368   0.01841   0.21343   0.02606   0.05351   0.04746   0.03330   0.02970   8.97989   1.37258   1.02060   1.36421   0.91215  
 16 29.6163   2132.263925  x:  0.23392   0.02360   0.18879   0.26972   0.05031   0.03795   0.12564   0.12106   0.07341   0.01834   0.06927   0.02121   0.00617   0.15808   0.31028   0.02262   0.01842   0.21549   0.02682   0.05222   0.04802   0.03343   0.03008   8.98020   1.37192   1.02723   1.37339   0.91249  
 17 19.6967   2132.237142  x:  0.23453   0.02460   0.18880   0.26826   0.05062   0.03799   0.12713   0.12205   0.07490   0.01808   0.07116   0.02108   0.00564   0.15626   0.31009   0.02391   0.01837   0.21801   0.02594   0.05364   0.04774   0.03328   0.02963   8.98048   1.37399   1.03063   1.38003   0.91257  
 18 11.4227   2132.189694  x:  0.23596   0.02472   0.18774   0.26513   0.05025   0.03848   0.12858   0.12527   0.07715   0.01800   0.06902   0.02112   0.00672   0.15483   0.31057   0.02328   0.01868   0.22258   0.02715   0.05361   0.04739   0.03412   0.03073   8.98109   1.38096   1.03502   1.39174   0.91251  
 19 16.0976   2132.039246  x:  0.23936   0.02490   0.18429   0.25596   0.04834   0.03680   0.12001   0.12469   0.07534   0.01806   0.06930   0.02109   0.00585   0.15892   0.30820   0.02313   0.01777   0.22830   0.02591   0.05247   0.04985   0.03320   0.03017   8.98322   1.41207   1.04401   1.42639   0.91168  
 20 17.6234   2131.920903  x:  0.23932   0.02440   0.18329   0.25576   0.05196   0.03697   0.12029   0.12233   0.07347   0.01815   0.06979   0.02097   0.00562   0.16153   0.30791   0.02336   0.01818   0.22534   0.02651   0.05354   0.04331   0.03363   0.03045   8.98498   1.43881   1.05022   1.45018   0.91090  
 21 28.3770   2131.723948  x:  0.23714   0.02438   0.18477   0.26165   0.05316   0.03592   0.12784   0.11713   0.07662   0.01811   0.07016   0.02103   0.00559   0.16347   0.30858   0.02326   0.01805   0.21505   0.02647   0.05366   0.04823   0.03379   0.03110   8.98814   1.48593   1.06117   1.48716   0.90959  
 22 49.9858   2131.658938  x:  0.23549   0.02403   0.18894   0.26509   0.04701   0.03617   0.12620   0.11812   0.07595   0.01813   0.07087   0.02094   0.00631   0.15962   0.30711   0.02333   0.01816   0.21327   0.02662   0.05412   0.04660   0.03393   0.03136   8.98928   1.49890   1.06705   1.49242   0.90964  
 23 12.1197   2131.565673  x:  0.23277   0.02319   0.19480   0.27035   0.05012   0.03511   0.11964   0.12218   0.07673   0.01799   0.07065   0.02096   0.00727   0.15311   0.30313   0.02325   0.01793   0.21267   0.02647   0.05405   0.04757   0.03389   0.03161   8.99108   1.51527   1.07786   1.49437   0.91024  
 24 17.6279   2131.248763  x:  0.22967   0.02334   0.18605   0.27302   0.04976   0.03341   0.12202   0.11821   0.07824   0.01795   0.07185   0.02094   0.00779   0.16016   0.28689   0.02347   0.01754   0.22171   0.02646   0.05485   0.04746   0.03432   0.03263   8.99787   1.55029   1.12249   1.47410   0.91554  
 25  8.6831   2130.954659  x:  0.24348   0.02476   0.19123   0.25347   0.05121   0.03251   0.11992   0.11376   0.08041   0.01791   0.07347   0.02094   0.00805   0.15952   0.29778   0.02348   0.01755   0.20932   0.02703   0.05609   0.04742   0.03512   0.03410   9.00446   1.55878   1.14339   1.45673   0.92300  
 26  7.6882   2129.277891  x:  0.21150   0.02714   0.20350   0.24279   0.05234   0.02247   0.10538   0.09751   0.09071   0.01779   0.08099   0.02072   0.01041   0.17253   0.28677   0.02369   0.01580   0.21544   0.02805   0.06187   0.04661   0.03815   0.04120   9.04300   1.48003   1.06464   1.42879   0.96814  
 27  4.7285   2128.696322  x:  0.23640   0.02682   0.19544   0.24830   0.05185   0.01836   0.10429   0.09802   0.09170   0.01774   0.08207   0.02060   0.01186   0.16613   0.25521   0.02377   0.01525   0.20596   0.02793   0.06290   0.04631   0.03854   0.04282   9.05654   1.44985   1.03069   1.42101   0.97579  
 28 27.1307   2128.530220  x:  0.23567   0.02719   0.19616   0.24655   0.05203   0.01721   0.10336   0.09684   0.09266   0.01767   0.08279   0.02057   0.01252   0.16650   0.25362   0.02375   0.01514   0.20596   0.02802   0.06349   0.04624   0.03886   0.04355   9.06071   1.43734   1.02522   1.41696   0.91044  
 29  4.0340   2127.239614  x:  0.23507   0.02272   0.18601   0.24916   0.05147   0.00375   0.11214   0.10915   0.09350   0.01781   0.08538   0.01941   0.00811   0.16197   0.27200   0.02281   0.01196   0.20516   0.02913   0.06661   0.04601   0.04183   0.04964   9.05331   1.43340   1.02813   1.41170   0.91441  
 30  0.0388   2126.995420  x:  0.23261   0.02386   0.18139   0.25070   0.05142   0.00730   0.12089   0.11701   0.09158   0.01735   0.08377   0.01802   0.00763   0.15872   0.28109   0.02284   0.01240   0.20347   0.03020   0.06582   0.04317   0.04284   0.05041   9.05151   1.42685   1.02892   1.40716   0.91248  
 31  0.0242   2126.730091  x:  0.22415   0.02829   0.17444   0.24604   0.05223   0.00331   0.12583   0.11923   0.08827   0.01690   0.08032   0.01832   0.00965   0.15169   0.28229   0.02288   0.01062   0.19881   0.03063   0.06339   0.04065   0.04396   0.05177   9.03768   1.43799   1.03992   1.41187   0.91653  
 32  0.0160   2126.376047  x:  0.21399   0.02712   0.15900   0.23737   0.05176   0.00608   0.11775   0.11379   0.08614   0.01728   0.07856   0.01911   0.00967   0.14180   0.27802   0.02347   0.01026   0.19345   0.03125   0.06119   0.04510   0.04457   0.05154   9.01505   1.43364   1.03189   1.41756   0.91483  
 33  0.0139   2126.309958  x:  0.21004   0.02796   0.15972   0.23118   0.05190   0.00632   0.11718   0.11294   0.08960   0.01749   0.08157   0.01854   0.01032   0.14224   0.27236   0.02296   0.01081   0.18955   0.03113   0.06341   0.04348   0.04374   0.05076   8.99385   1.43492   1.02988   1.41649   0.91172  
 34  0.0201   2126.300357  x:  0.21069   0.02770   0.15757   0.23298   0.05181   0.00608   0.11790   0.11310   0.09024   0.01742   0.08235   0.01869   0.01005   0.14076   0.27391   0.02273   0.01103   0.19017   0.03082   0.06437   0.04316   0.04326   0.05037   8.98117   1.43666   1.03198   1.41668   0.91258  
 35  0.0122   2126.298296  x:  0.21016   0.02784   0.15807   0.23247   0.05189   0.00599   0.11815   0.11370   0.09008   0.01738   0.08216   0.01873   0.01010   0.14082   0.27441   0.02267   0.01127   0.19002   0.03046   0.06440   0.04352   0.04288   0.04995   8.97544   1.43596   1.03175   1.41697   0.91289  
 36  0.0039   2126.297879  x:  0.21030   0.02776   0.15781   0.23251   0.05186   0.00597   0.11803   0.11347   0.08991   0.01740   0.08199   0.01864   0.01010   0.14088   0.27419   0.02266   0.01144   0.18993   0.03040   0.06425   0.04340   0.04286   0.04986   8.97652   1.43594   1.03167   1.41697   0.91243  
 37  0.0009   2126.297831  x:  0.21026   0.02777   0.15788   0.23252   0.05186   0.00596   0.11805   0.11349   0.08993   0.01740   0.08200   0.01869   0.01010   0.14081   0.27418   0.02264   0.01150   0.19001   0.03041   0.06422   0.04338   0.04291   0.04990   8.97807   1.43592   1.03158   1.41682   0.91252  
 38  0.0011   2126.297821  x:  0.21027   0.02778   0.15785   0.23251   0.05186   0.00596   0.11805   0.11350   0.08995   0.01740   0.08202   0.01867   0.01010   0.14084   0.27422   0.02263   0.01151   0.18998   0.03039   0.06422   0.04340   0.04294   0.04994   8.97856   1.43598   1.03164   1.41687   0.91257  
 39  0.0003   2126.297818  x:  0.21027   0.02778   0.15786   0.23251   0.05186   0.00596   0.11804   0.11349   0.08994   0.01740   0.08202   0.01868   0.01010   0.14083   0.27420   0.02263   0.01151   0.18998   0.03037   0.06423   0.04339   0.04294   0.04994   8.97839   1.43598   1.03165   1.41691   0.91254  
 40  0.0001   2126.297818  x:  0.21027   0.02778   0.15786   0.23251   0.05186   0.00596   0.11805   0.11349   0.08994   0.01740   0.08202   0.01868   0.01010   0.14083   0.27420   0.02263   0.01151   0.18998   0.03037   0.06423   0.04339   0.04294   0.04994   8.97829   1.43596   1.03163   1.41688   0.91255  
 41  0.0001   2126.297818  x:  0.21027   0.02778   0.15786   0.23251   0.05186   0.00596   0.11805   0.11349   0.08994   0.01740   0.08202   0.01868   0.01010   0.14083   0.27420   0.02263   0.01151   0.18998   0.03037   0.06423   0.04339   0.04294   0.04994   8.97822   1.43597   1.03164   1.41688   0.91254  
 42  0.0000   2126.297818  x:  0.21027   0.02778   0.15786   0.23251   0.05186   0.00596   0.11805   0.11349   0.08994   0.01740   0.08202   0.01868   0.01010   0.14083   0.27420   0.02263   0.01151   0.18998   0.03037   0.06423   0.04339   0.04295   0.04994   8.97821   1.43597   1.03164   1.41688   0.91254  
 43  0.0000   2126.297818  x:  0.21027   0.02778   0.15786   0.23251   0.05186   0.00596   0.11805   0.11349   0.08994   0.01740   0.08202   0.01868   0.01010   0.14083   0.27420   0.02263   0.01151   0.18998   0.03037   0.06423   0.04339   0.04295   0.04994   8.97823   1.43597   1.03164   1.41688   0.91254  