

TREE # 1

  0  0.0000   2097.474955  x:  0.06972   0.00516   0.08817   0.03340   0.05366   0.06834   0.04919   0.04583   0.08604   0.06766   0.10172   0.11187   0.00000   0.06504   0.01869   0.06886   0.05496   0.04722   0.05257   0.06603   0.09405   0.04729   0.11670   0.08834   2.00000   1.38812   1.07072   1.50951   0.40000  
  1 99.0000   2097.469948  x:  0.06972   0.00517   0.08818   0.03340   0.05366   0.06834   0.04919   0.04582   0.08604   0.06766   0.10172   0.11187   0.00000   0.06505   0.01869   0.06886   0.05496   0.04723   0.05257   0.06603   0.09405   0.04729   0.11671   0.08834   2.00000   1.38812   1.07072   1.50951   0.40000  
  2 435.5974   2092.167207  x:  0.07282   0.00000   0.09171   0.02905   0.04704   0.06014   0.04931   0.04351   0.08591   0.06994   0.10209   0.11463   0.00000   0.06569   0.01540   0.06522   0.04466   0.04816   0.04848   0.06868   0.09400   0.04378   0.12015   0.09144   2.00297   1.38835   1.07070   1.50935   0.40914  
  3 457.5375   2081.907796  x:  0.08139   0.01043   0.10251   0.01310   0.02510   0.03188   0.04972   0.03678   0.08569   0.07458   0.10325   0.12422   0.00000   0.05986   0.00678   0.05313   0.00861   0.05004   0.03561   0.07466   0.09413   0.03262   0.13059   0.10002   2.01361   1.38921   1.07064   1.50875   0.44005  
  4 1584.9251   2080.205990  x:  0.08214   0.01020   0.10365   0.01405   0.02156   0.02611   0.04979   0.03609   0.08579   0.07406   0.10368   0.12573   0.00000   0.05542   0.01099   0.05097   0.00200   0.04980   0.03378   0.07443   0.09434   0.03101   0.13214   0.10076   2.01621   1.38944   1.07061   1.50859   0.44671  
  5 570.9615   2078.117215  x:  0.08357   0.01046   0.10600   0.01917   0.01465   0.01271   0.04994   0.03487   0.08616   0.07248   0.10478   0.12931   0.00000   0.04690   0.01195   0.04622   0.00640   0.04919   0.03023   0.07365   0.09482   0.02784   0.13574   0.10220   2.02310   1.39007   1.07052   1.50818   0.46363  
  6 338.7796   2074.417558  x:  0.08051   0.01090   0.10406   0.02275   0.03226   0.00534   0.05028   0.03863   0.09009   0.05861   0.10838   0.13831   0.00000   0.04947   0.00912   0.03776   0.00480   0.04424   0.03259   0.06219   0.09712   0.03104   0.14331   0.09916   2.05405   1.39321   1.06994   1.50624   0.52815  
  7 158.7855   2071.593261  x:  0.07888   0.01185   0.10325   0.01839   0.03596   0.01807   0.05058   0.04033   0.09367   0.05123   0.11140   0.14725   0.00000   0.04956   0.01542   0.03185   0.00914   0.04181   0.03285   0.05611   0.09917   0.03113   0.15097   0.09755   2.08761   1.39661   1.06938   1.50409   0.59555  
  8 628.9414   2069.197986  x:  0.07244   0.01246   0.09497   0.02537   0.03311   0.02487   0.04990   0.04299   0.09487   0.05973   0.11207   0.14669   0.00000   0.04423   0.00914   0.04622   0.00559   0.04383   0.04027   0.05907   0.10026   0.03462   0.14825   0.09113   2.12096   1.40014   1.06917   1.50170   0.64516  
  9 240.7988   2067.615810  x:  0.06704   0.01312   0.08644   0.01872   0.03150   0.01911   0.04912   0.04478   0.09437   0.06611   0.11098   0.14205   0.00000   0.04732   0.01421   0.05896   0.00812   0.04592   0.04624   0.06289   0.10034   0.03855   0.14170   0.08574   2.14878   1.40310   1.06924   1.49957   0.67702  
 10 318.8039   2065.591226  x:  0.06868   0.01372   0.08055   0.02020   0.02240   0.01974   0.04893   0.04147   0.08783   0.05376   0.10342   0.11695   0.00000   0.05298   0.01236   0.05993   0.00692   0.04480   0.04201   0.06308   0.09557   0.03955   0.11520   0.08743   2.21088   1.40975   1.07067   1.49430   0.70223  
 11 97.9135   2063.832630  x:  0.07298   0.01442   0.08943   0.01969   0.03409   0.02043   0.04943   0.03943   0.08336   0.06628   0.09730   0.09729   0.00000   0.04779   0.01355   0.05349   0.00787   0.04619   0.03708   0.06337   0.09167   0.03744   0.09976   0.09178   2.28789   1.41799   1.07247   1.48808   0.71465  
 12 151.9387   2047.438918  x:  0.04973   0.01220   0.13594   0.01925   0.01581   0.01853   0.04920   0.06522   0.08257   0.06498   0.09148   0.08087   0.00000   0.05676   0.01231   0.04251   0.00661   0.04348   0.06693   0.05325   0.08719   0.02759   0.14591   0.06923   3.23313   1.51706   1.09522   1.41631   0.68918  
 13 174.8551   2033.824583  x:  0.08505   0.01183   0.11549   0.02002   0.03325   0.01844   0.04903   0.05445   0.08942   0.04619   0.10433   0.13021   0.00000   0.04503   0.01468   0.05903   0.00784   0.04869   0.06201   0.08989   0.09616   0.04315   0.16031   0.10517   4.06766   1.59940   1.11371   1.35975   0.65922  
 14 1156.9280   2028.903733  x:  0.08636   0.01128   0.08210   0.02132   0.03089   0.01900   0.05018   0.03785   0.09511   0.06521   0.11466   0.15704   0.00000   0.05011   0.01363   0.05309   0.00762   0.04092   0.04085   0.06513   0.10194   0.04223   0.15342   0.10668   4.32618   1.61879   1.11821   1.35028   0.64672  
 15 601.6245   2028.303365  x:  0.08029   0.01099   0.08157   0.02182   0.03310   0.01924   0.04999   0.03763   0.09598   0.06345   0.11629   0.16493   0.00000   0.05066   0.01345   0.05194   0.00753   0.05366   0.03324   0.06556   0.10321   0.03620   0.14692   0.10065   4.36090   1.61371   1.11684   1.35938   0.64503  
 16 84.6487   2027.306796  x:  0.07412   0.01012   0.09155   0.02189   0.03340   0.01933   0.04979   0.03925   0.09608   0.06333   0.11744   0.18130   0.00000   0.05193   0.01341   0.05192   0.00747   0.04274   0.03242   0.07169   0.10543   0.03084   0.12987   0.09457   4.41762   1.58700   1.10983   1.39868   0.64315  
 17 64.0005   2025.861258  x:  0.07879   0.00956   0.09759   0.02155   0.02786   0.01887   0.04999   0.03887   0.09384   0.06554   0.11505   0.19131   0.00000   0.05219   0.01330   0.04707   0.00725   0.05068   0.04519   0.06362   0.10535   0.04282   0.12137   0.09941   4.50595   1.53222   1.09591   1.47654   0.64109  
 18 123.8060   2023.770698  x:  0.08265   0.01054   0.08363   0.02204   0.03237   0.01926   0.04945   0.03846   0.09077   0.06430   0.10920   0.17676   0.00000   0.05127   0.01356   0.05287   0.00737   0.04740   0.03602   0.06635   0.09911   0.03607   0.14470   0.10352   4.62986   1.44617   1.07615   1.59572   0.63882  
 19 168.1542   2023.671933  x:  0.08133   0.01069   0.08400   0.02197   0.03205   0.01928   0.04980   0.03589   0.09499   0.06425   0.11466   0.17298   0.00000   0.05122   0.01345   0.05099   0.00731   0.04717   0.03486   0.06898   0.10228   0.03948   0.14562   0.10223   4.63478   1.44246   1.07766   1.60031   0.63886  
 20 16.8872   2023.568437  x:  0.08348   0.01082   0.08445   0.02173   0.03175   0.01910   0.04946   0.03863   0.09883   0.06420   0.12197   0.16992   0.00000   0.05177   0.01349   0.05236   0.00732   0.04764   0.03606   0.06764   0.10593   0.03600   0.14465   0.10444   4.63834   1.43969   1.08294   1.60304   0.63935  
 21 11.2956   2022.297923  x:  0.08345   0.01092   0.09183   0.02210   0.03351   0.01977   0.04939   0.02751   0.08016   0.06373   0.13322   0.17027   0.00000   0.05367   0.01398   0.05933   0.00755   0.04854   0.03709   0.06536   0.10413   0.03491   0.14818   0.10536   4.66581   1.42181   1.17367   1.61489   0.64968  
 22  9.2286   2021.009397  x:  0.08404   0.01099   0.08961   0.02323   0.03132   0.02054   0.05078   0.04419   0.07481   0.06826   0.13141   0.17272   0.00000   0.05589   0.01376   0.05240   0.00734   0.04863   0.03095   0.07163   0.09931   0.04295   0.14944   0.10704   4.69570   1.40535   1.27096   1.62793   0.66088  
 23 150.7599   2019.806998  x:  0.08486   0.01103   0.08637   0.02475   0.03135   0.02046   0.04960   0.03905   0.09753   0.07004   0.11064   0.17471   0.00000   0.05780   0.01395   0.04622   0.00726   0.04983   0.03960   0.07709   0.09490   0.03606   0.14939   0.10885   4.72117   1.39838   1.34487   1.64067   0.67066  
 24 98.4941   2019.062286  x:  0.08667   0.01075   0.09553   0.02504   0.03050   0.02015   0.05074   0.03901   0.10688   0.06954   0.09782   0.17455   0.00000   0.05964   0.01416   0.05721   0.00742   0.04995   0.02973   0.07127   0.10378   0.04106   0.15114   0.11127   4.73467   1.40983   1.36141   1.65191   0.67660  
 25 28.1528   2007.725031  x:  0.09495   0.01294   0.09828   0.03377   0.02574   0.02282   0.04798   0.03472   0.07151   0.08600   0.07280   0.16148   0.00000   0.08299   0.01429   0.03378   0.00655   0.05641   0.03998   0.10072   0.16949   0.02205   0.16907   0.12940   4.93216   1.71630   1.38619   1.85565   0.76634  
 26 39.6014   1998.620809  x:  0.10226   0.01413   0.12244   0.03775   0.02044   0.02304   0.04955   0.03125   0.09087   0.09473   0.10614   0.15863   0.00000   0.09917   0.01598   0.04462   0.00634   0.06077   0.02892   0.10769   0.08182   0.02633   0.17609   0.14391   5.07596   1.93992   1.38567   1.99884   0.83205  
 27 213.9205   1997.777310  x:  0.10248   0.01413   0.12524   0.03838   0.01988   0.02326   0.03283   0.03108   0.08980   0.09600   0.10641   0.15927   0.00000   0.10099   0.01605   0.04403   0.00630   0.06114   0.02779   0.10835   0.08259   0.02708   0.17599   0.14483   5.09622   1.87699   1.33592   1.93465   0.83817  
 28  9.4931   1992.414732  x:  0.10397   0.01429   0.13973   0.04223   0.01672   0.02377   0.04339   0.02884   0.08244   0.10290   0.10751   0.16331   0.00000   0.11308   0.01676   0.04286   0.00606   0.06509   0.02884   0.11456   0.08894   0.02237   0.17432   0.15075   5.22655   1.46531   1.01222   1.51578   0.87729  
 29 461.8897   1983.813384  x:  0.10633   0.00945   0.14687   0.05716   0.01441   0.01770   0.05670   0.02913   0.09171   0.12059   0.10703   0.16294   0.00000   0.15017   0.02381   0.04713   0.00513   0.06301   0.02646   0.12605   0.11678   0.03833   0.17252   0.16616   6.57429   1.47877   1.27465   1.56974   1.08647  
 30  0.7162   1980.298002  x:  0.10040   0.00468   0.14684   0.06636   0.02768   0.01383   0.05492   0.03134   0.09020   0.12460   0.10305   0.16066   0.00000   0.17091   0.02756   0.04422   0.00453   0.05977   0.02773   0.12522   0.08345   0.02437   0.17045   0.16607   7.36795   1.59218   1.22107   1.61020   1.18339  
 31  0.5910   1978.772165  x:  0.09346   0.00092   0.14079   0.07118   0.01800   0.01176   0.05017   0.03238   0.08606   0.12071   0.10372   0.15433   0.00000   0.18114   0.02817   0.04141   0.00319   0.05719   0.03061   0.11781   0.10150   0.02462   0.16682   0.16074   7.96124   1.54334   1.12522   1.54280   1.24056  
 32  0.4518   1978.172232  x:  0.08721   0.00177   0.13694   0.07265   0.01542   0.01442   0.04792   0.02971   0.08641   0.11356   0.09774   0.15216   0.00000   0.18151   0.02740   0.04293   0.00394   0.05819   0.02822   0.10817   0.09348   0.02550   0.16855   0.15384   8.35415   1.48086   1.14265   1.52659   1.26158  
 33  0.2353   1977.906252  x:  0.08417   0.00310   0.13741   0.07284   0.01960   0.01546   0.04862   0.03113   0.08583   0.10916   0.10153   0.14778   0.00000   0.18093   0.02688   0.04376   0.00480   0.05931   0.02916   0.10384   0.09796   0.02609   0.17100   0.15020   8.64144   1.53144   1.17206   1.57586   1.26811  
 34  0.2474   1977.720538  x:  0.08475   0.00413   0.14017   0.07232   0.01641   0.01448   0.05024   0.03228   0.08694   0.10613   0.10257   0.15032   0.00000   0.18079   0.02608   0.04114   0.00467   0.05949   0.02946   0.10265   0.09384   0.02542   0.17038   0.15076   9.00950   1.56153   1.16481   1.57453   1.27584  
 35  0.2125   1977.579001  x:  0.08717   0.00446   0.14389   0.07106   0.01925   0.01359   0.05093   0.03138   0.08730   0.10518   0.10122   0.15199   0.00000   0.17878   0.02529   0.04225   0.00464   0.05932   0.02959   0.10528   0.09519   0.02504   0.16981   0.15285   9.33740   1.52209   1.14124   1.52876   1.27052  
 36  0.2032   1977.483711  x:  0.08995   0.00416   0.14354   0.06907   0.01794   0.01366   0.05057   0.03068   0.08647   0.10511   0.10110   0.15151   0.00000   0.17438   0.02424   0.04330   0.00432   0.05856   0.02885   0.10823   0.09793   0.02643   0.16978   0.15461   9.58414   1.53656   1.16040   1.56672   1.25666  
 37  0.1511   1977.445937  x:  0.08993   0.00314   0.14233   0.06836   0.01803   0.01433   0.04938   0.03188   0.08629   0.10670   0.10193   0.15045   0.00000   0.17208   0.02404   0.04234   0.00429   0.05872   0.02957   0.10896   0.09535   0.02551   0.16978   0.15395   9.69867   1.53346   1.15932   1.56206   1.24819  
 38  0.0667   1977.436477  x:  0.08936   0.00288   0.14183   0.06807   0.01800   0.01435   0.04958   0.03122   0.08675   0.10808   0.10153   0.15046   0.00000   0.17125   0.02426   0.04284   0.00446   0.05911   0.02917   0.10870   0.09552   0.02610   0.16987   0.15317   9.71632   1.53689   1.15513   1.55706   1.24453  
 39  0.0134   1977.433619  x:  0.08911   0.00304   0.14185   0.06788   0.01790   0.01428   0.04991   0.03120   0.08677   0.10890   0.10186   0.15072   0.00000   0.17087   0.02447   0.04289   0.00449   0.05923   0.02923   0.10831   0.09619   0.02553   0.16997   0.15285   9.71944   1.53635   1.15665   1.55774   1.24281  
 40  0.0030   1977.432614  x:  0.08901   0.00314   0.14201   0.06787   0.01793   0.01428   0.05001   0.03138   0.08659   0.10932   0.10179   0.15073   0.00000   0.17077   0.02462   0.04277   0.00446   0.05919   0.02936   0.10810   0.09592   0.02586   0.17006   0.15275   9.72587   1.53516   1.15654   1.55825   1.24220  
 41  0.0061   1977.432259  x:  0.08902   0.00317   0.14203   0.06793   0.01794   0.01429   0.04990   0.03133   0.08663   0.10943   0.10168   0.15046   0.00000   0.17085   0.02474   0.04277   0.00440   0.05906   0.02921   0.10800   0.09576   0.02575   0.16997   0.15280   9.73673   1.53558   1.15640   1.55902   1.24227  
 42  0.0070   1977.432127  x:  0.08907   0.00318   0.14207   0.06798   0.01791   0.01431   0.04983   0.03131   0.08662   0.10936   0.10167   0.15041   0.00000   0.17091   0.02483   0.04286   0.00439   0.05904   0.02934   0.10804   0.09585   0.02576   0.16983   0.15286   9.73991   1.53577   1.15646   1.55862   1.24200  
 43  0.0020   1977.432056  x:  0.08909   0.00318   0.14207   0.06801   0.01793   0.01433   0.04985   0.03134   0.08662   0.10928   0.10171   0.15046   0.00000   0.17094   0.02490   0.04278   0.00440   0.05909   0.02927   0.10810   0.09591   0.02577   0.16975   0.15289   9.73925   1.53568   1.15654   1.55839   1.24138  
 44  0.0006   1977.432034  x:  0.08907   0.00317   0.14204   0.06801   0.01793   0.01432   0.04987   0.03133   0.08662   0.10923   0.10169   0.15049   0.00000   0.17094   0.02493   0.04279   0.00441   0.05911   0.02928   0.10811   0.09583   0.02576   0.16980   0.15287   9.73883   1.53567   1.15654   1.55871   1.24097  
 45  0.0005   1977.432030  x:  0.08907   0.00317   0.14204   0.06801   0.01792   0.01432   0.04988   0.03133   0.08662   0.10922   0.10170   0.15048   0.00000   0.17095   0.02493   0.04279   0.00440   0.05910   0.02928   0.10811   0.09586   0.02576   0.16986   0.15286   9.73884   1.53557   1.15643   1.55859   1.24079  
 46  0.0001   1977.432029  x:  0.08907   0.00317   0.14204   0.06801   0.01793   0.01432   0.04988   0.03133   0.08663   0.10922   0.10169   0.15050   0.00000   0.17097   0.02493   0.04279   0.00440   0.05909   0.02928   0.10811   0.09585   0.02576   0.16986   0.15286   9.73869   1.53565   1.15652   1.55860   1.24070  
 47  0.0001   1977.432028  x:  0.08906   0.00317   0.14204   0.06801   0.01792   0.01432   0.04987   0.03133   0.08662   0.10923   0.10170   0.15050   0.00000   0.17100   0.02492   0.04280   0.00441   0.05909   0.02928   0.10810   0.09585   0.02576   0.16985   0.15287   9.73896   1.53562   1.15649   1.55862   1.24061  
 48  0.0001   1977.432028  x:  0.08906   0.00317   0.14204   0.06801   0.01792   0.01432   0.04987   0.03133   0.08663   0.10923   0.10170   0.15049   0.00000   0.17100   0.02492   0.04279   0.00441   0.05910   0.02928   0.10811   0.09585   0.02576   0.16985   0.15287   9.73897   1.53562   1.15649   1.55861   1.24061  
 49  0.0000   1977.432028  x:  0.08906   0.00317   0.14204   0.06801   0.01792   0.01432   0.04987   0.03133   0.08662   0.10923   0.10169   0.15049   0.00000   0.17100   0.02492   0.04280   0.00441   0.05909   0.02928   0.10811   0.09585   0.02576   0.16985   0.15287   9.73894   1.53562   1.15649   1.55861   1.24060  
 50  0.0000   1977.432028  x:  0.08906   0.00317   0.14204   0.06801   0.01792   0.01432   0.04987   0.03133   0.08662   0.10923   0.10170   0.15049   0.00000   0.17101   0.02492   0.04279   0.00440   0.05909   0.02928   0.10811   0.09585   0.02576   0.16985   0.15287   9.73889   1.53562   1.15649   1.55862   1.24060  
 51  0.0000   1977.432028  x:  0.08906   0.00317   0.14204   0.06801   0.01792   0.01432   0.04987   0.03133   0.08663   0.10923   0.10170   0.15049   0.00000   0.17101   0.02492   0.04279   0.00441   0.05909   0.02928   0.10811   0.09585   0.02576   0.16985   0.15287   9.73890   1.53562   1.15649   1.55861   1.24061  
 52  0.0000   1977.432028  x:  0.08906   0.00317   0.14204   0.06801   0.01792   0.01432   0.04987   0.03133   0.08662   0.10923   0.10170   0.15049   0.00000   0.17101   0.02492   0.04279   0.00441   0.05909   0.02928   0.10811   0.09585   0.02576   0.16985   0.15287   9.73893   1.53562   1.15649   1.55861   1.24061  
 53  0.0000   1977.432028  x:  0.08906   0.00317   0.14204   0.06801   0.01792   0.01432   0.04987   0.03133   0.08662   0.10923   0.10170   0.15049   0.00000   0.17101   0.02492   0.04279   0.00441   0.05909   0.02928   0.10811   0.09585   0.02576   0.16985   0.15287   9.73893   1.53562   1.15649   1.55861   1.24061  