

TREE # 1

  0  0.0000   2346.213116  x:  0.06610   0.00000   0.11581   0.00790   0.07219   0.03957   0.08271   0.09074   0.10343   0.06867   0.05691   0.13333   0.00468   0.05673   0.02285   0.05642   0.06395   0.04441   0.07252   0.06767   0.10661   0.11619   0.13202   0.08472   2.00000   1.19282   0.91285   1.31502   0.40000  
  1 99.0000   2299.432180  x:  0.09735   0.02908   0.16722   0.03639   0.03283   0.00000   0.18343   0.06299   0.08188   0.11787   0.00830   0.16765   0.02679   0.14978   0.13461   0.02851   0.03585   0.10260   0.04499   0.09634   0.10623   0.13344   0.17940   0.11597   2.01550   1.19339   0.90822   1.31795   0.45673  
  2 545.9872   2296.232026  x:  0.10051   0.02837   0.17342   0.03603   0.02879   0.01537   0.19409   0.05986   0.07894   0.12298   0.00233   0.17161   0.02556   0.15835   0.14328   0.02523   0.03281   0.10721   0.04220   0.09926   0.10608   0.13522   0.18489   0.11913   2.01807   1.19343   0.90765   1.31835   0.46479  
  3 788.2637   2288.952323  x:  0.10688   0.00287   0.19334   0.01537   0.01794   0.02141   0.21823   0.04585   0.06675   0.13437   0.02846   0.18316   0.00000   0.17138   0.14548   0.01758   0.02743   0.10843   0.03816   0.10518   0.10522   0.13900   0.20112   0.12550   2.03077   1.19333   0.90590   1.31985   0.49795  
  4 309.6271   2288.952323  x:  0.10688   0.00287   0.19334   0.01537   0.01794   0.02141   0.21823   0.04585   0.06675   0.13437   0.02846   0.18316   0.00000   0.17138   0.14548   0.01758   0.02743   0.10843   0.03816   0.10518   0.10522   0.13900   0.20112   0.12550   2.03077   1.19333   0.90590   1.31985   0.49795  
  5 262.6660   2287.041893  x:  0.10659   0.00000   0.19423   0.01384   0.02154   0.01984   0.21812   0.04586   0.06642   0.13399   0.02255   0.18363   0.00162   0.17020   0.14204   0.01956   0.02894   0.10657   0.03931   0.10483   0.10525   0.13885   0.20198   0.12521   2.03253   1.19329   0.90576   1.32001   0.50110  
  6 205.7341   2286.263978  x:  0.10642   0.00000   0.19486   0.01382   0.02170   0.01926   0.21810   0.04566   0.06606   0.13376   0.01925   0.18400   0.00000   0.16935   0.13977   0.01975   0.02922   0.10546   0.03965   0.10462   0.10520   0.13877   0.20245   0.12504   2.03374   1.19326   0.90567   1.32012   0.50314  
  7 409.4152   2283.758509  x:  0.10554   0.00000   0.19890   0.01766   0.01447   0.01890   0.21819   0.04396   0.06352   0.13255   0.00396   0.18657   0.00371   0.16454   0.12530   0.01664   0.02758   0.09920   0.03956   0.10340   0.10463   0.13849   0.20572   0.12416   2.04193   1.19304   0.90494   1.32094   0.51616  
  8 407.4053   2278.660638  x:  0.10199   0.00000   0.21576   0.02629   0.01410   0.02154   0.21811   0.04143   0.05674   0.12807   0.01420   0.19721   0.00586   0.14385   0.06372   0.01592   0.02478   0.07465   0.03886   0.09874   0.10276   0.13769   0.21897   0.12061   2.07932   1.19226   0.90154   1.32470   0.57299  
  9 219.3340   2277.152653  x:  0.10221   0.00000   0.22013   0.01980   0.00809   0.03164   0.21876   0.04433   0.06314   0.12899   0.01399   0.20159   0.00526   0.13911   0.06089   0.02541   0.02719   0.08596   0.03093   0.09958   0.10156   0.14081   0.22319   0.12083   2.11145   1.19204   0.89871   1.32800   0.60664  
 10 88.6714   2275.211409  x:  0.10311   0.00000   0.22489   0.01923   0.01550   0.04321   0.21942   0.04825   0.07260   0.13112   0.01192   0.20740   0.00425   0.13472   0.06517   0.01616   0.02298   0.10418   0.02640   0.10132   0.09933   0.14591   0.22807   0.12173   2.16361   1.19184   0.89437   1.33314   0.65632  
 11 297.7594   2273.083294  x:  0.10440   0.00000   0.22724   0.02113   0.01143   0.04008   0.21961   0.04701   0.07648   0.13357   0.01515   0.21195   0.00450   0.13432   0.07980   0.01140   0.02679   0.11941   0.04847   0.10337   0.09814   0.15089   0.23162   0.12302   2.23692   1.19180   0.88916   1.33985   0.71717  
 12 275.9487   2271.331252  x:  0.10553   0.00000   0.22444   0.03182   0.01228   0.02668   0.21886   0.04313   0.07112   0.13500   0.01675   0.21177   0.00465   0.14008   0.09530   0.01956   0.01643   0.12150   0.04683   0.10440   0.09945   0.15204   0.23032   0.12415   2.30136   1.19211   0.88590   1.34493   0.75800  
 13 226.6577   2269.781329  x:  0.10636   0.00000   0.21901   0.03677   0.01193   0.01464   0.21789   0.04086   0.06278   0.13571   0.01891   0.20886   0.00489   0.14797   0.10795   0.01635   0.02595   0.11757   0.03538   0.10489   0.10101   0.15097   0.22649   0.12498   2.36418   1.19269   0.88368   1.34929   0.78933  
 14 318.4289   2267.206480  x:  0.10682   0.00000   0.20095   0.02831   0.01223   0.03172   0.21582   0.04364   0.04453   0.13478   0.01862   0.19497   0.00365   0.16822   0.12520   0.01355   0.02533   0.09107   0.03280   0.10360   0.10619   0.14216   0.21168   0.12544   2.49406   1.19490   0.88243   1.35634   0.82580  
 15 196.2235   2265.050995  x:  0.10623   0.00000   0.18704   0.01978   0.00900   0.02914   0.21580   0.03851   0.07063   0.13258   0.01907   0.18131   0.00332   0.18095   0.12360   0.00984   0.02129   0.07468   0.03117   0.10219   0.10761   0.13277   0.19754   0.12485   2.62224   1.19829   0.88436   1.36151   0.83354  
 16 181.8936   2261.776231  x:  0.10541   0.00000   0.17536   0.04654   0.01174   0.03698   0.21663   0.05178   0.08844   0.12964   0.01569   0.16575   0.00267   0.19219   0.10595   0.01863   0.03247   0.08031   0.03673   0.10162   0.10553   0.12283   0.18004   0.12403   2.85430   1.20620   0.89092   1.36891   0.81521  
 17 264.1756   2253.243846  x:  0.10409   0.00000   0.18109   0.02258   0.00898   0.01739   0.21513   0.06517   0.06526   0.12785   0.01553   0.15845   0.00262   0.19312   0.06138   0.01284   0.01959   0.12329   0.04173   0.10219   0.09851   0.12523   0.17303   0.12271   3.38654   1.22701   0.90994   1.38302   0.74030  
 18 417.5263   2247.065591  x:  0.10436   0.00000   0.20867   0.02160   0.01494   0.03002   0.21485   0.02581   0.06078   0.13032   0.01395   0.18403   0.00235   0.17059   0.06386   0.01619   0.02550   0.11899   0.04077   0.10183   0.09823   0.14477   0.20055   0.12298   3.76650   1.24326   0.92484   1.39192   0.67345  
 19 452.8606   2244.804271  x:  0.10468   0.00000   0.22629   0.02037   0.01229   0.02646   0.21846   0.04883   0.06704   0.13211   0.01394   0.20426   0.00254   0.14876   0.07786   0.01612   0.02510   0.09870   0.03957   0.10131   0.10151   0.15458   0.22381   0.12329   3.93385   1.25060   0.93191   1.39560   0.64239  
 20 325.7465   2244.715536  x:  0.10558   0.00000   0.22208   0.02022   0.01238   0.02633   0.22060   0.04803   0.06621   0.13233   0.01404   0.20463   0.00270   0.14160   0.07923   0.01598   0.02499   0.09973   0.03949   0.10352   0.10311   0.14477   0.22773   0.12420   3.93970   1.25138   0.93319   1.39464   0.64197  
 21 11.2585   2244.628956  x:  0.10481   0.00000   0.21534   0.01999   0.01251   0.02614   0.22418   0.04793   0.06587   0.13225   0.01406   0.20546   0.00249   0.14212   0.07916   0.01622   0.02497   0.09994   0.03954   0.09717   0.09783   0.14495   0.23362   0.12343   3.94473   1.25440   0.93681   1.39044   0.64402  
 22  2.7743   2244.222743  x:  0.10410   0.00000   0.20107   0.01889   0.01298   0.02550   0.23209   0.04816   0.06608   0.13193   0.01362   0.20737   0.00163   0.14925   0.07458   0.01650   0.02516   0.09921   0.04035   0.10648   0.10646   0.15448   0.24687   0.12272   3.96825   1.26941   0.95300   1.37074   0.65555  
 23  9.8815   2242.301965  x:  0.10926   0.00000   0.22826   0.01064   0.01466   0.02281   0.22105   0.04846   0.06455   0.13064   0.01231   0.20056   0.00140   0.14630   0.07934   0.01891   0.02586   0.09177   0.04208   0.10461   0.10106   0.14606   0.23315   0.12788   4.07572   1.32574   1.00926   1.30214   0.70881  
 24 22.5416   2241.439919  x:  0.09362   0.00000   0.22265   0.00736   0.01546   0.02124   0.21183   0.04779   0.06343   0.13441   0.01160   0.20420   0.00127   0.13679   0.07955   0.01943   0.02621   0.09147   0.04298   0.09337   0.11524   0.14802   0.22764   0.11224   4.12356   1.32775   0.99866   1.31806   0.72559  
 25 18.8497   2240.506084  x:  0.10041   0.00000   0.21605   0.00342   0.01660   0.01964   0.20775   0.04774   0.06225   0.13306   0.01054   0.20641   0.00051   0.13515   0.07652   0.02093   0.02646   0.08642   0.04415   0.09931   0.10715   0.15071   0.23136   0.11902   4.17122   1.32047   0.97660   1.35017   0.73966  
 26 43.2611   2240.329135  x:  0.10094   0.00000   0.22133   0.00332   0.01673   0.01961   0.20803   0.04772   0.06243   0.13146   0.01042   0.19597   0.00000   0.13850   0.07661   0.02090   0.02658   0.08668   0.04423   0.09683   0.11036   0.14908   0.24100   0.11955   4.17973   1.31632   0.97490   1.35667   0.74222  
 27 13.3987   2240.105663  x:  0.09435   0.00000   0.22311   0.00360   0.01706   0.01935   0.20930   0.04748   0.06183   0.13584   0.01017   0.18846   0.00000   0.13644   0.07746   0.02137   0.02664   0.08443   0.04418   0.10477   0.10241   0.15030   0.24400   0.11296   4.19584   1.30381   0.98212   1.36454   0.74767  
 28  5.7092   2238.613447  x:  0.10527   0.00000   0.22008   0.00527   0.01944   0.01701   0.21830   0.04611   0.06045   0.13965   0.00805   0.19590   0.00000   0.13067   0.07345   0.02298   0.02793   0.07914   0.04546   0.09705   0.10948   0.15628   0.23697   0.12387   4.30730   1.22130   1.03195   1.41165   0.78444  
 29 23.0246   2237.981674  x:  0.09971   0.00000   0.22421   0.00575   0.02028   0.01630   0.21609   0.04656   0.06091   0.11913   0.00732   0.21277   0.00000   0.14413   0.07309   0.02348   0.02830   0.07838   0.04592   0.10022   0.10715   0.14449   0.24130   0.11831   4.35466   1.21086   1.02846   1.42507   0.79850  
 30 27.4441   2236.179111  x:  0.10477   0.00000   0.22448   0.00884   0.02230   0.01348   0.20590   0.04729   0.06154   0.14193   0.00412   0.21998   0.00000   0.15235   0.06534   0.02569   0.02984   0.06961   0.04743   0.09952   0.10489   0.13480   0.25168   0.12337   4.49414   1.25392   0.94925   1.44201   0.83702  
 31 27.7903   2235.606558  x:  0.10646   0.00000   0.22111   0.00998   0.02312   0.01250   0.21370   0.04602   0.05986   0.12385   0.00349   0.20970   0.00000   0.13714   0.06665   0.02621   0.03010   0.06686   0.04732   0.09960   0.10380   0.14503   0.24665   0.12506   4.53750   1.27152   0.92040   1.44511   0.84932  
 32 46.2016   2235.590120  x:  0.10602   0.00000   0.22298   0.00984   0.02329   0.01246   0.22001   0.04573   0.05958   0.12478   0.00348   0.21029   0.00000   0.13797   0.06666   0.02623   0.03013   0.06679   0.04732   0.09947   0.10410   0.14429   0.24510   0.12462   4.53960   1.27178   0.91892   1.44530   0.84967  
 33  3.3789   2233.233580  x:  0.10429   0.00000   0.22024   0.01128   0.02757   0.01830   0.21911   0.04253   0.05802   0.12796   0.00831   0.20194   0.00000   0.13693   0.06852   0.02717   0.03526   0.08863   0.04483   0.09916   0.10445   0.14371   0.23666   0.12288   5.12325   1.18494   0.84358   1.33009   0.92933  
 34  0.8721   2232.508894  x:  0.10494   0.00000   0.22034   0.01211   0.02879   0.01998   0.21983   0.04130   0.05728   0.12661   0.00962   0.19904   0.00000   0.13637   0.06994   0.02717   0.03677   0.09465   0.04378   0.09835   0.10453   0.14295   0.23071   0.12353   5.29768   1.30037   0.92684   1.44636   0.96026  
 35  6.8655   2231.518050  x:  0.10126   0.00000   0.22114   0.01202   0.03187   0.01756   0.21712   0.04164   0.05900   0.13015   0.00474   0.19894   0.00000   0.14193   0.06751   0.02791   0.03784   0.08817   0.04244   0.09832   0.10601   0.14483   0.22893   0.11984   5.81507   1.26828   0.96281   1.39617   0.98942  
 36  0.4957   2231.206958  x:  0.10350   0.00000   0.21902   0.01284   0.03252   0.01481   0.21887   0.04270   0.05972   0.12900   0.00697   0.19979   0.00000   0.14471   0.06949   0.02775   0.03652   0.07923   0.04302   0.09945   0.10493   0.14440   0.23227   0.12208   6.10248   1.28918   0.95581   1.42591   0.99003  
 37  0.2506   2231.074506  x:  0.10463   0.00000   0.21743   0.01317   0.03234   0.01753   0.21985   0.04358   0.06002   0.12752   0.00515   0.19888   0.00000   0.14393   0.06803   0.02703   0.03535   0.08074   0.04392   0.09982   0.10446   0.14321   0.23149   0.12321   6.28248   1.29446   0.94722   1.43962   0.97706  
 38  0.1696   2231.034694  x:  0.10409   0.00000   0.21835   0.01301   0.03156   0.01604   0.21978   0.04361   0.05950   0.12813   0.00534   0.19848   0.00000   0.14273   0.06864   0.02623   0.03418   0.08350   0.04395   0.09928   0.10521   0.14319   0.22983   0.12267   6.35788   1.29030   0.94698   1.43198   0.96384  
 39  0.0618   2231.027686  x:  0.10387   0.00000   0.21870   0.01288   0.03088   0.01678   0.21939   0.04349   0.05999   0.12848   0.00564   0.19883   0.00000   0.14295   0.06907   0.02607   0.03414   0.08262   0.04398   0.09923   0.10512   0.14359   0.23014   0.12244   6.37310   1.28833   0.94833   1.42885   0.95976  
 40  0.0147   2231.024508  x:  0.10392   0.00000   0.21823   0.01274   0.03001   0.01667   0.21929   0.04334   0.06004   0.12833   0.00551   0.19882   0.00000   0.14357   0.06852   0.02616   0.03443   0.08273   0.04395   0.09949   0.10473   0.14341   0.23049   0.12250   6.38145   1.28834   0.94895   1.43080   0.96018  
 41  0.0035   2231.023846  x:  0.10394   0.00000   0.21839   0.01271   0.02976   0.01666   0.21932   0.04339   0.06001   0.12828   0.00554   0.19869   0.00000   0.14326   0.06880   0.02619   0.03452   0.08266   0.04390   0.09931   0.10506   0.14338   0.23012   0.12252   6.38091   1.28946   0.94847   1.43084   0.96200  
 42  0.0018   2231.023798  x:  0.10396   0.00000   0.21843   0.01271   0.02974   0.01665   0.21933   0.04348   0.06001   0.12833   0.00555   0.19873   0.00000   0.14318   0.06874   0.02619   0.03446   0.08267   0.04391   0.09932   0.10500   0.14347   0.23020   0.12254   6.38218   1.28932   0.94834   1.43050   0.96248  
 43  0.0009   2231.023792  x:  0.10396   0.00000   0.21841   0.01271   0.02974   0.01666   0.21933   0.04347   0.06001   0.12832   0.00554   0.19874   0.00000   0.14321   0.06877   0.02618   0.03443   0.08267   0.04391   0.09932   0.10501   0.14343   0.23021   0.12254   6.38259   1.28924   0.94836   1.43053   0.96263  
 44  0.0003   2231.023791  x:  0.10395   0.00000   0.21841   0.01270   0.02974   0.01666   0.21933   0.04347   0.06001   0.12831   0.00555   0.19873   0.00000   0.14321   0.06875   0.02618   0.03442   0.08267   0.04391   0.09932   0.10501   0.14343   0.23020   0.12253   6.38240   1.28928   0.94838   1.43056   0.96264  
 45  0.0002   2231.023791  x:  0.10396   0.00000   0.21841   0.01270   0.02974   0.01666   0.21932   0.04346   0.06001   0.12832   0.00555   0.19873   0.00000   0.14321   0.06875   0.02618   0.03442   0.08267   0.04391   0.09932   0.10501   0.14344   0.23020   0.12254   6.38231   1.28929   0.94837   1.43055   0.96264  
 46  0.0001   2231.023791  x:  0.10396   0.00000   0.21841   0.01270   0.02974   0.01666   0.21932   0.04346   0.06001   0.12831   0.00555   0.19873   0.00000   0.14321   0.06875   0.02618   0.03442   0.08267   0.04391   0.09932   0.10501   0.14343   0.23020   0.12254   6.38231   1.28929   0.94837   1.43056   0.96263  
 47  0.0000   2231.023791  x:  0.10396   0.00000   0.21841   0.01270   0.02974   0.01666   0.21932   0.04347   0.06001   0.12831   0.00555   0.19873   0.00000   0.14321   0.06875   0.02618   0.03442   0.08267   0.04391   0.09932   0.10501   0.14343   0.23020   0.12254   6.38235   1.28929   0.94837   1.43056   0.96264  
 48  0.0000   2231.023791  x:  0.10396   0.00000   0.21841   0.01270   0.02974   0.01666   0.21932   0.04346   0.06001   0.12831   0.00555   0.19873   0.00000   0.14321   0.06875   0.02618   0.03442   0.08267   0.04391   0.09932   0.10501   0.14343   0.23020   0.12254   6.38236   1.28929   0.94837   1.43056   0.96264  
 49  0.0000   2231.023791  x:  0.10396   0.00000   0.21841   0.01270   0.02974   0.01666   0.21932   0.04346   0.06001   0.12831   0.00555   0.19873   0.00000   0.14321   0.06875   0.02618   0.03442   0.08267   0.04391   0.09932   0.10501   0.14343   0.23020   0.12254   6.38236   1.28929   0.94837   1.43056   0.96264  