

TREE # 1

  0  0.0000   2038.890338  x:  0.01972   0.20925   0.02571   0.03211   0.02495   0.05815   0.02188   0.05666   0.08536   0.02661   0.17168   0.01972   0.20925   0.02571   0.03211   0.02495   0.05815   0.02188   0.05666   0.08536   0.02661   0.17168   0.21568   8.40433   1.59606   0.99215   1.30649   1.00000  
  1 99.0000   2022.581462  x:  0.02582   0.20047   0.00961   0.02614   0.00000   0.06964   0.03747   0.06084   0.11432   0.03246   0.16607   0.00385   0.19736   0.09550   0.04101   0.04642   0.06565   0.02732   0.08123   0.08032   0.06779   0.17722   0.22212   8.40426   1.59530   0.98848   1.31182   0.99756  
  2 443.9330   2021.557773  x:  0.02655   0.19910   0.00826   0.02576   0.00565   0.07113   0.03903   0.06149   0.11812   0.03313   0.16520   0.00203   0.19554   0.10282   0.04189   0.04836   0.06659   0.02773   0.08428   0.07949   0.07186   0.17808   0.22309   8.40425   1.59517   0.98792   1.31266   0.99716  
  3 741.4921   2018.321851  x:  0.03037   0.18006   0.03039   0.02831   0.00581   0.07961   0.03051   0.06680   0.15021   0.03448   0.15313   0.00075   0.17116   0.10866   0.03952   0.03624   0.07272   0.02105   0.10425   0.06671   0.06481   0.19069   0.23562   8.40410   1.59302   0.98010   1.32504   0.99124  
  4 133.8019   2015.850774  x:  0.03127   0.16023   0.01255   0.02536   0.00524   0.08283   0.02891   0.06798   0.17233   0.03057   0.14135   0.00763   0.14595   0.10433   0.03867   0.02798   0.07474   0.02719   0.11522   0.05778   0.05311   0.20276   0.24802   8.40393   1.59039   0.97084   1.33990   0.98395  
  5 155.1858   2015.154316  x:  0.02983   0.15132   0.00951   0.02705   0.00487   0.08078   0.03333   0.06652   0.17662   0.03246   0.13718   0.00090   0.13394   0.09843   0.04020   0.03415   0.07306   0.02404   0.11469   0.05944   0.05095   0.20680   0.25350   8.40379   1.58867   0.96479   1.34973   0.97896  
  6 86.4437   2014.694547  x:  0.03058   0.14340   0.01219   0.02733   0.00502   0.07755   0.03672   0.06470   0.17747   0.03411   0.13457   0.00742   0.12435   0.09515   0.04195   0.03995   0.07070   0.02452   0.11133   0.06357   0.05516   0.21055   0.25887   8.40361   1.58647   0.95703   1.36239   0.97239  
  7 87.4609   2014.152936  x:  0.03147   0.13631   0.01272   0.02523   0.00524   0.07451   0.02993   0.06412   0.17343   0.03235   0.13490   0.00403   0.11603   0.09396   0.04075   0.03537   0.06910   0.02654   0.10376   0.06777   0.06568   0.21327   0.26544   8.40326   1.58242   0.94308   1.38587   0.95973  
  8 62.7693   2013.589902  x:  0.03111   0.13518   0.01054   0.02969   0.00505   0.07714   0.03346   0.06626   0.16695   0.03267   0.13897   0.00539   0.11700   0.09610   0.03964   0.03036   0.07149   0.01961   0.09976   0.06360   0.06780   0.21439   0.27137   8.40267   1.57639   0.92317   1.42083   0.94000  
  9 61.6091   2012.940471  x:  0.02933   0.13706   0.01335   0.03012   0.00496   0.08105   0.03601   0.06852   0.15975   0.03390   0.14402   0.00286   0.12186   0.09814   0.04022   0.03251   0.07450   0.02718   0.09941   0.05683   0.06280   0.21446   0.27705   8.40183   1.56822   0.89714   1.46826   0.91241  
 10 154.4798   2012.585019  x:  0.03031   0.14077   0.01248   0.02488   0.00516   0.08091   0.03070   0.06739   0.15926   0.03367   0.14478   0.00345   0.12669   0.09956   0.04179   0.03708   0.07352   0.02370   0.10411   0.05902   0.05807   0.21323   0.27712   8.40128   1.56364   0.88431   1.49505   0.89551  
 11 91.5574   2012.375692  x:  0.03089   0.14525   0.01236   0.02803   0.00511   0.07751   0.03224   0.06428   0.16321   0.03176   0.14188   0.00282   0.13029   0.10000   0.04057   0.03473   0.07024   0.02499   0.10924   0.06542   0.05652   0.21069   0.27263   8.40079   1.56071   0.87899   1.51303   0.88209  
 12 47.5020   2012.282574  x:  0.02955   0.14721   0.01228   0.02528   0.00512   0.07587   0.03387   0.06482   0.16662   0.03455   0.13835   0.00285   0.13105   0.09842   0.03887   0.03359   0.06989   0.02488   0.10860   0.06436   0.05817   0.20829   0.26637   8.40038   1.55962   0.88047   1.52185   0.87301  
 13 24.0726   2012.193271  x:  0.02973   0.14825   0.01180   0.02741   0.00507   0.07588   0.03220   0.06619   0.16985   0.03300   0.13504   0.00330   0.13077   0.09689   0.04004   0.03553   0.07081   0.02487   0.10620   0.06175   0.05995   0.20572   0.25841   8.39983   1.55897   0.88505   1.53080   0.86194  
 14 32.7302   2012.140952  x:  0.03127   0.14703   0.01244   0.02593   0.00507   0.07803   0.03361   0.06571   0.16970   0.03152   0.13585   0.00300   0.12920   0.09751   0.04201   0.03462   0.07151   0.02469   0.10482   0.06271   0.05875   0.20504   0.25420   8.39925   1.55955   0.89168   1.53632   0.85284  
 15 17.8497   2012.081425  x:  0.03067   0.14492   0.01207   0.02721   0.00506   0.07955   0.03229   0.06484   0.16822   0.03423   0.13847   0.00344   0.12741   0.09920   0.04073   0.03459   0.07148   0.02502   0.10496   0.06409   0.05711   0.20542   0.25141   8.39836   1.56135   0.90218   1.54281   0.84057  
 16 25.7855   2012.035898  x:  0.02933   0.14397   0.01245   0.02674   0.00509   0.07772   0.03277   0.06551   0.16669   0.03213   0.14022   0.00347   0.12745   0.09942   0.03870   0.03533   0.07071   0.02464   0.10686   0.06312   0.05742   0.20682   0.25265   8.39743   1.56420   0.91198   1.54789   0.83016  
 17 21.4744   2011.999266  x:  0.03070   0.14472   0.01216   0.02698   0.00505   0.07593   0.03286   0.06627   0.16607   0.03320   0.14045   0.00307   0.12889   0.09811   0.04096   0.03471   0.07061   0.02484   0.10840   0.06235   0.05859   0.20842   0.25634   8.39643   1.56810   0.92078   1.55229   0.82122  
 18 21.3407   2011.978996  x:  0.02969   0.14638   0.01213   0.02686   0.00504   0.07801   0.03283   0.06539   0.16696   0.03295   0.13872   0.00306   0.13028   0.09747   0.04074   0.03496   0.07149   0.02488   0.10722   0.06336   0.05916   0.20894   0.26017   8.39552   1.57251   0.92574   1.55517   0.81645  
 19 10.4834   2011.971602  x:  0.03092   0.14697   0.01213   0.02685   0.00504   0.07786   0.03287   0.06561   0.16743   0.03299   0.13824   0.00297   0.13031   0.09809   0.03983   0.03522   0.07087   0.02490   0.10594   0.06325   0.05841   0.20833   0.26131   8.39485   1.57623   0.92719   1.55673   0.81526  
 20  5.4654   2011.959117  x:  0.02972   0.14716   0.01230   0.02687   0.00506   0.07676   0.03269   0.06604   0.16787   0.03294   0.13797   0.00317   0.12993   0.09939   0.04077   0.03484   0.07023   0.02479   0.10473   0.06320   0.05730   0.20669   0.26205   8.39328   1.58499   0.92909   1.56005   0.81411  
 21  8.3019   2011.920811  x:  0.03017   0.14632   0.01214   0.02683   0.00505   0.07667   0.03279   0.06505   0.16744   0.03289   0.13895   0.00341   0.12888   0.09809   0.04030   0.03504   0.07222   0.02482   0.10664   0.06306   0.05810   0.20268   0.26094   8.38752   1.61615   0.93409   1.57198   0.81253  
 22 14.1084   2011.908554  x:  0.03005   0.14610   0.01208   0.02684   0.00502   0.07813   0.03283   0.06599   0.16702   0.03291   0.13868   0.00332   0.12933   0.09761   0.04044   0.03502   0.07008   0.02485   0.10710   0.06308   0.05854   0.20437   0.25951   8.38534   1.62610   0.93604   1.57664   0.81309  
 23 11.6321   2011.898912  x:  0.03011   0.14624   0.01214   0.02682   0.00504   0.07726   0.03278   0.06530   0.16671   0.03289   0.13802   0.00308   0.13013   0.09816   0.04034   0.03503   0.07089   0.02480   0.10640   0.06305   0.05809   0.20816   0.25779   8.38312   1.63340   0.93842   1.58149   0.81498  
 24  7.4949   2011.889541  x:  0.03001   0.14711   0.01202   0.02679   0.00502   0.07710   0.03287   0.06689   0.16724   0.03286   0.13894   0.00316   0.12972   0.09782   0.04018   0.03519   0.07160   0.02490   0.10631   0.06406   0.05801   0.20812   0.25785   8.37928   1.63734   0.94404   1.58985   0.82121  
 25  2.6979   2011.879177  x:  0.02995   0.14740   0.01206   0.02675   0.00505   0.07724   0.03280   0.06527   0.16735   0.03283   0.13938   0.00319   0.12960   0.09768   0.04041   0.03514   0.07071   0.02484   0.10632   0.06306   0.05821   0.20720   0.25818   8.37470   1.64118   0.95063   1.59934   0.82851  
 26 14.0463   2011.877134  x:  0.03007   0.14641   0.01209   0.02678   0.00505   0.07725   0.03278   0.06545   0.16656   0.03286   0.13817   0.00316   0.13018   0.09788   0.04035   0.03510   0.07082   0.02484   0.10656   0.06317   0.05803   0.20662   0.25828   8.37337   1.64173   0.95183   1.60099   0.82980  
 27  2.6177   2011.596652  x:  0.02923   0.14515   0.00996   0.02666   0.00497   0.07500   0.03317   0.06449   0.15637   0.03237   0.14048   0.00357   0.13121   0.08748   0.04021   0.03548   0.06942   0.02501   0.09914   0.06495   0.05653   0.20474   0.25717   7.89407   1.63955   0.94853   1.60279   0.81968  
 28  0.5155   2011.594245  x:  0.02922   0.14631   0.01000   0.02668   0.00498   0.07507   0.03315   0.06451   0.15526   0.03237   0.13972   0.00365   0.13001   0.08760   0.04022   0.03541   0.06946   0.02497   0.09952   0.06483   0.05646   0.20479   0.25712   7.88981   1.63951   0.94852   1.60279   0.81958  
 29  4.7688   2011.577290  x:  0.02920   0.14676   0.01130   0.02701   0.00502   0.07518   0.03278   0.06462   0.15579   0.03260   0.13993   0.00320   0.13070   0.08593   0.04006   0.03532   0.06953   0.02437   0.09966   0.06495   0.05575   0.20455   0.25672   7.84085   1.63811   0.94798   1.60025   0.81925  
 30  0.0729   2011.574413  x:  0.02922   0.14681   0.01118   0.02701   0.00514   0.07528   0.03256   0.06465   0.15659   0.03249   0.13960   0.00352   0.13054   0.08562   0.03997   0.03489   0.06958   0.02455   0.10014   0.06471   0.05494   0.20475   0.25673   7.84195   1.63704   0.94763   1.59808   0.81956  
 31  0.0026   2011.572805  x:  0.02923   0.14664   0.01120   0.02699   0.00545   0.07527   0.03246   0.06464   0.15618   0.03247   0.13966   0.00355   0.13056   0.08556   0.03992   0.03478   0.06958   0.02451   0.09982   0.06468   0.05533   0.20482   0.25680   7.86029   1.63732   0.94790   1.59812   0.81994  
 32  0.0059   2011.572449  x:  0.02922   0.14674   0.01117   0.02699   0.00553   0.07526   0.03259   0.06463   0.15634   0.03250   0.13968   0.00347   0.13055   0.08551   0.03997   0.03495   0.06957   0.02450   0.09997   0.06475   0.05513   0.20475   0.25678   7.85326   1.63745   0.94778   1.59876   0.81965  
 33  0.0053   2011.572437  x:  0.02922   0.14677   0.01117   0.02699   0.00554   0.07527   0.03257   0.06463   0.15637   0.03249   0.13967   0.00346   0.13057   0.08558   0.03997   0.03493   0.06957   0.02451   0.09998   0.06475   0.05515   0.20474   0.25676   7.85045   1.63736   0.94774   1.59858   0.81963  
 34  0.0023   2011.572436  x:  0.02922   0.14676   0.01117   0.02699   0.00554   0.07527   0.03257   0.06463   0.15637   0.03249   0.13967   0.00346   0.13056   0.08558   0.03997   0.03494   0.06957   0.02451   0.09998   0.06475   0.05516   0.20474   0.25676   7.84994   1.63735   0.94775   1.59856   0.81963  
 35  0.0005   2011.572436  x:  0.02922   0.14676   0.01117   0.02699   0.00554   0.07527   0.03257   0.06463   0.15637   0.03249   0.13967   0.00346   0.13056   0.08558   0.03997   0.03494   0.06957   0.02451   0.09998   0.06475   0.05516   0.20474   0.25676   7.84993   1.63735   0.94775   1.59856   0.81963  
 36  0.0000   2011.572436  x:  0.02922   0.14676   0.01117   0.02699   0.00554   0.07527   0.03257   0.06463   0.15637   0.03249   0.13967   0.00346   0.13056   0.08558   0.03997   0.03494   0.06957   0.02451   0.09998   0.06475   0.05516   0.20474   0.25676   7.84992   1.63735   0.94775   1.59856   0.81963  

TREE # 2

  0  0.0000   2242.171396  x:  0.02922   0.14676   0.01117   0.02699   0.00554   0.07527   0.03257   0.06463   0.15637   0.03249   0.13967   0.00346   0.13056   0.08558   0.03997   0.03494   0.06957   0.02451   0.09998   0.06475   0.05516   0.20474   0.25676   7.84992   1.60736   0.86663   1.46355   0.81963  
  1 99.0000   2102.092330  x:  0.13802   0.13651   0.27930   0.10139   0.15857   0.07950   0.04868   0.05863   0.15022   0.03546   0.13123   0.08496   0.12266   0.09725   0.07145   0.04805   0.05688   0.09444   0.09293   0.06419   0.03912   0.19344   0.24114   7.84993   1.60669   0.86765   1.46427   0.81960  
  2 2989.4359   2062.970331  x:  0.17481   0.10175   0.27966   0.10633   0.13888   0.08026   0.05902   0.04768   0.13548   0.03090   0.10965   0.05606   0.09396   0.11803   0.10546   0.04539   0.02222   0.11891   0.06712   0.06306   0.00000   0.16587   0.20195   7.84999   1.60367   0.87297   1.46510   0.81934  
  3 392.5814   2036.891739  x:  0.19047   0.01871   0.29997   0.12089   0.11305   0.08141   0.03947   0.05573   0.11701   0.06187   0.08251   0.03013   0.03391   0.10145   0.07080   0.01433   0.00586   0.12618   0.01771   0.07445   0.00000   0.11966   0.11470   7.85001   1.59966   0.88053   1.46823   0.81832  
  4 398.9936   2032.750397  x:  0.19235   0.00000   0.30323   0.12371   0.10669   0.08133   0.03921   0.05711   0.11355   0.06493   0.07803   0.02725   0.02365   0.09879   0.06819   0.02254   0.01585   0.12705   0.01688   0.07604   0.00000   0.10963   0.09336   7.85001   1.59889   0.88199   1.46922   0.81810  
  5 481.0963   2032.750397  x:  0.19235   0.00000   0.30323   0.12371   0.10669   0.08133   0.03921   0.05711   0.11355   0.06493   0.07803   0.02725   0.02365   0.09879   0.06819   0.02254   0.01585   0.12705   0.01688   0.07604   0.00000   0.10963   0.09336   7.85001   1.59889   0.88199   1.46922   0.81810  
  6 356.0536   2025.035976  x:  0.20418   0.00239   0.29336   0.12477   0.09271   0.08035   0.05858   0.04906   0.10913   0.04843   0.07407   0.02278   0.03226   0.11502   0.10609   0.03980   0.00682   0.13535   0.03981   0.07092   0.04429   0.09946   0.07073   7.85002   1.59782   0.88365   1.47060   0.81801  
  7 335.2500   2017.497006  x:  0.21828   0.00000   0.27924   0.12607   0.07390   0.08016   0.06938   0.04023   0.10392   0.03157   0.07019   0.02343   0.03353   0.13028   0.13391   0.04154   0.01868   0.14438   0.03855   0.06522   0.02979   0.08530   0.04002   7.85003   1.59629   0.88593   1.47256   0.81793  
  8 245.0852   2015.440794  x:  0.22485   0.00233   0.27142   0.12734   0.06562   0.08100   0.07167   0.03888   0.10213   0.03124   0.06921   0.02366   0.03327   0.13557   0.14372   0.04016   0.00535   0.14786   0.03665   0.06346   0.02108   0.08044   0.03012   7.85004   1.59546   0.88712   1.47376   0.81792  
  9 231.5773   2014.335045  x:  0.23756   0.00771   0.25204   0.13045   0.05357   0.08482   0.07166   0.04328   0.10051   0.04751   0.06962   0.02223   0.03206   0.14150   0.15831   0.03879   0.00684   0.15342   0.03876   0.06397   0.01578   0.07687   0.03761   7.85005   1.59352   0.88983   1.47709   0.81789  
 10 83.6235   2013.958534  x:  0.24414   0.00081   0.23751   0.13100   0.05457   0.08648   0.06992   0.04300   0.10025   0.04673   0.07068   0.02380   0.03044   0.14162   0.16219   0.03806   0.00544   0.15524   0.03766   0.06568   0.01569   0.07841   0.04203   7.85005   1.59200   0.89210   1.47988   0.81785  
 11 52.9392   2013.589474  x:  0.25263   0.00659   0.21553   0.13308   0.06024   0.08804   0.06642   0.04203   0.10069   0.04164   0.07209   0.02334   0.03070   0.13911   0.16349   0.03706   0.00563   0.15649   0.03499   0.06806   0.01660   0.08215   0.04367   7.85007   1.58935   0.89596   1.48503   0.81770  
 12 65.7225   2013.478631  x:  0.25417   0.00570   0.20635   0.13247   0.06040   0.08699   0.06631   0.04420   0.10200   0.04366   0.07126   0.02186   0.03122   0.13591   0.15950   0.03801   0.00622   0.15535   0.03689   0.06662   0.01729   0.08236   0.03918   7.85008   1.58754   0.89874   1.48906   0.81757  
 13 24.0937   2013.452549  x:  0.25410   0.00617   0.20416   0.13194   0.05936   0.08629   0.06722   0.04377   0.10218   0.04364   0.07089   0.02413   0.03162   0.13517   0.15788   0.03840   0.00625   0.15469   0.03747   0.06587   0.01742   0.08167   0.03933   7.85008   1.58662   0.90022   1.49146   0.81751  
 14 15.9056   2013.423143  x:  0.25348   0.00638   0.20232   0.13098   0.05757   0.08545   0.06887   0.04230   0.10198   0.04272   0.07052   0.02281   0.03189   0.13489   0.15596   0.03858   0.00601   0.15377   0.03760   0.06526   0.01723   0.08031   0.04098   7.85007   1.58499   0.90293   1.49612   0.81741  
 15 15.6101   2013.333098  x:  0.25012   0.00643   0.20254   0.12933   0.05804   0.08716   0.07028   0.04295   0.09978   0.04357   0.07205   0.02303   0.03093   0.13839   0.15505   0.03732   0.00626   0.15259   0.03585   0.06897   0.01841   0.07877   0.03983   7.85004   1.57763   0.91615   1.52119   0.81699  
 16 11.0818   2013.255362  x:  0.24858   0.00612   0.20489   0.12985   0.05965   0.08704   0.06768   0.04320   0.10035   0.04316   0.07118   0.02302   0.03229   0.13988   0.15702   0.03940   0.00605   0.15358   0.03783   0.06635   0.01623   0.08087   0.04049   7.85000   1.57204   0.92785   1.54518   0.81664  
 17 29.0275   2013.229217  x:  0.24977   0.00606   0.20655   0.13118   0.05873   0.08578   0.06725   0.04306   0.10216   0.04292   0.07059   0.02307   0.03050   0.13776   0.15802   0.03759   0.00618   0.15458   0.03718   0.06535   0.01708   0.08156   0.04035   7.84998   1.57199   0.93102   1.55384   0.81653  
 18 13.2102   2013.208641  x:  0.25209   0.00555   0.20806   0.13252   0.05855   0.08535   0.06826   0.04311   0.10305   0.04311   0.07104   0.02303   0.03229   0.13495   0.15842   0.03834   0.00618   0.15536   0.03599   0.06656   0.01695   0.08092   0.04032   7.84995   1.57477   0.93227   1.56107   0.81643  
 19  8.9475   2013.175293  x:  0.25564   0.00558   0.20936   0.13325   0.05928   0.08676   0.06890   0.04246   0.10125   0.04266   0.07152   0.02302   0.03085   0.13307   0.15749   0.03846   0.00613   0.15525   0.03868   0.06727   0.01593   0.07954   0.04020   7.84989   1.58394   0.93252   1.57268   0.81625  
 20  9.3188   2013.088407  x:  0.26060   0.00522   0.20968   0.13186   0.05798   0.08765   0.06713   0.04309   0.09779   0.04212   0.06997   0.02300   0.03188   0.13606   0.15491   0.03798   0.00639   0.15329   0.03625   0.06430   0.01724   0.07990   0.03986   7.84975   1.61267   0.93223   1.60146   0.81571  
 21 20.2244   2013.004965  x:  0.25818   0.00555   0.20726   0.12944   0.05788   0.08431   0.06810   0.04209   0.10258   0.04220   0.07064   0.02297   0.03085   0.13994   0.15573   0.03846   0.00643   0.15294   0.03691   0.06670   0.01566   0.08156   0.03945   7.84962   1.64253   0.93387   1.62671   0.81526  
 22 26.8347   2012.943845  x:  0.25064   0.00550   0.20418   0.12993   0.05902   0.08547   0.06840   0.04358   0.10269   0.04143   0.07058   0.02298   0.03146   0.13759   0.15912   0.03673   0.00644   0.15501   0.03643   0.06496   0.01506   0.07814   0.03993   7.84957   1.66452   0.93986   1.64082   0.81512  
 23 17.0599   2012.911650  x:  0.24721   0.00549   0.20304   0.13088   0.05742   0.08632   0.06707   0.04170   0.10095   0.04192   0.07026   0.02300   0.03051   0.13555   0.16024   0.03849   0.00658   0.15590   0.03546   0.06552   0.01503   0.07882   0.03931   7.84956   1.67565   0.94552   1.64614   0.81518  
 24 18.2776   2012.873033  x:  0.24675   0.00519   0.20304   0.13221   0.05543   0.08633   0.06764   0.04206   0.09926   0.04102   0.07018   0.02304   0.03213   0.13510   0.16035   0.03659   0.00670   0.15562   0.03675   0.06673   0.01433   0.08170   0.03902   7.84957   1.68790   0.95606   1.64919   0.81553  
 25 12.5617   2012.779726  x:  0.25134   0.00526   0.20469   0.13382   0.05731   0.08564   0.07047   0.04322   0.10006   0.04078   0.07048   0.02307   0.03011   0.13759   0.15946   0.03837   0.00689   0.15409   0.03519   0.06490   0.01328   0.08141   0.03914   7.84962   1.71558   0.98496   1.65291   0.81680  
 26 22.3006   2012.750618  x:  0.25324   0.00511   0.20539   0.13270   0.05800   0.08528   0.06821   0.04123   0.10120   0.04143   0.07035   0.02308   0.03115   0.13840   0.15901   0.03728   0.00703   0.15425   0.03559   0.06522   0.01354   0.07918   0.03877   7.84965   1.72291   0.99319   1.65355   0.81736  
 27 19.9689   2012.736112  x:  0.25407   0.00544   0.20579   0.13034   0.05703   0.08538   0.06673   0.04270   0.10167   0.04020   0.07016   0.02312   0.03087   0.13809   0.15878   0.03784   0.00698   0.15541   0.03574   0.06610   0.01346   0.07835   0.03896   7.84968   1.72439   0.99526   1.65337   0.81795  
 28  4.5605   2012.685363  x:  0.25550   0.00595   0.20623   0.12370   0.05770   0.08705   0.06876   0.04160   0.10132   0.04080   0.07020   0.02310   0.03108   0.13675   0.15926   0.03717   0.00719   0.15937   0.03500   0.06490   0.01273   0.08032   0.03845   7.84981   1.72295   0.99562   1.65170   0.82086  
 29  3.0561   2012.045473  x:  0.25854   0.00442   0.20372   0.12788   0.05765   0.07766   0.06846   0.04046   0.09466   0.03731   0.07101   0.02345   0.03029   0.14172   0.16071   0.03626   0.00896   0.16483   0.03227   0.06457   0.00573   0.07626   0.03562   7.85148   1.68392   0.97400   1.62920   0.85482  
 30  5.5901   2011.928450  x:  0.25883   0.00384   0.20333   0.13047   0.05496   0.08582   0.06869   0.03943   0.10016   0.03532   0.06980   0.02356   0.03070   0.14324   0.16015   0.03627   0.00939   0.16281   0.03183   0.06431   0.00450   0.07610   0.03484   7.85185   1.67565   0.96925   1.62454   0.85949  
 31 21.1512   2011.915680  x:  0.25894   0.00379   0.20337   0.13037   0.05428   0.08591   0.06824   0.03935   0.10031   0.03506   0.07279   0.02353   0.03076   0.14319   0.16018   0.03627   0.00947   0.16264   0.03181   0.06337   0.00446   0.07616   0.03462   7.85199   1.67438   0.96858   1.62371   0.85348  
 32  3.1352   2011.865345  x:  0.25953   0.00370   0.20344   0.12997   0.05481   0.08515   0.06850   0.03930   0.09964   0.03495   0.07081   0.02360   0.03057   0.14317   0.16076   0.03608   0.00958   0.16287   0.03142   0.06400   0.00377   0.07592   0.03451   7.85262   1.66913   0.96586   1.62020   0.82410  
 33 11.3830   2011.862183  x:  0.25947   0.00361   0.20338   0.13074   0.05472   0.08530   0.06867   0.03923   0.09973   0.03488   0.07077   0.02360   0.03060   0.14389   0.15962   0.03608   0.00958   0.16479   0.03146   0.06400   0.00391   0.07587   0.03449   7.85267   1.66881   0.96565   1.61996   0.82247  
 34  2.4054   2011.666026  x:  0.25977   0.00306   0.20366   0.12993   0.05423   0.08631   0.06700   0.03907   0.10030   0.03320   0.06903   0.02411   0.02974   0.14187   0.15801   0.03362   0.01072   0.15678   0.02721   0.06427   0.00637   0.07490   0.03236   7.85622   1.64160   0.95060   1.60218   0.81103  
 35  0.1175   2011.585794  x:  0.25762   0.00356   0.20492   0.13091   0.05463   0.08525   0.06544   0.03983   0.09964   0.03500   0.06945   0.02452   0.02910   0.14130   0.14830   0.03224   0.01086   0.15741   0.02685   0.06432   0.00581   0.07456   0.03095   7.85884   1.63299   0.94604   1.59561   0.82287  
 36  0.0210   2011.573494  x:  0.25681   0.00341   0.20501   0.13073   0.05518   0.08537   0.06487   0.03987   0.09982   0.03473   0.06960   0.02457   0.02917   0.14026   0.14647   0.03245   0.01115   0.15660   0.02713   0.06457   0.00566   0.07506   0.03271   7.85545   1.63432   0.94648   1.59628   0.82124  
 37  0.0072   2011.572484  x:  0.25675   0.00346   0.20477   0.13058   0.05517   0.08555   0.06473   0.03998   0.09997   0.03499   0.06959   0.02453   0.02923   0.13972   0.14670   0.03252   0.01113   0.15637   0.02696   0.06463   0.00558   0.07530   0.03260   7.85182   1.63753   0.94791   1.59859   0.81964  
 38  0.0068   2011.572439  x:  0.25675   0.00346   0.20474   0.13056   0.05516   0.08558   0.06474   0.03997   0.09998   0.03492   0.06957   0.02451   0.02922   0.13965   0.14675   0.03248   0.01116   0.15636   0.02700   0.06464   0.00555   0.07528   0.03257   7.85028   1.63741   0.94776   1.59862   0.81962  
 39  0.0015   2011.572437  x:  0.25676   0.00346   0.20474   0.13056   0.05515   0.08558   0.06475   0.03997   0.09998   0.03493   0.06957   0.02451   0.02922   0.13967   0.14676   0.03249   0.01117   0.15637   0.02698   0.06463   0.00554   0.07527   0.03257   7.84996   1.63733   0.94773   1.59855   0.81963  
 40  0.0004   2011.572436  x:  0.25676   0.00346   0.20474   0.13056   0.05515   0.08558   0.06475   0.03997   0.09998   0.03494   0.06957   0.02451   0.02922   0.13967   0.14676   0.03249   0.01117   0.15636   0.02699   0.06463   0.00554   0.07527   0.03257   7.84989   1.63733   0.94774   1.59855   0.81962  
 41  0.0001   2011.572436  x:  0.25676   0.00346   0.20474   0.13056   0.05516   0.08558   0.06475   0.03997   0.09998   0.03494   0.06957   0.02451   0.02922   0.13967   0.14676   0.03249   0.01117   0.15637   0.02699   0.06463   0.00554   0.07527   0.03257   7.84991   1.63735   0.94775   1.59856   0.81963  
 42  0.0000   2011.572436  x:  0.25676   0.00346   0.20474   0.13056   0.05516   0.08558   0.06475   0.03997   0.09998   0.03494   0.06957   0.02451   0.02922   0.13967   0.14676   0.03249   0.01117   0.15637   0.02699   0.06463   0.00554   0.07527   0.03257   7.84992   1.63735   0.94775   1.59856   0.81963  
 43  0.0000   2011.572436  x:  0.25676   0.00346   0.20474   0.13056   0.05516   0.08558   0.06475   0.03997   0.09998   0.03494   0.06957   0.02451   0.02922   0.13967   0.14676   0.03249   0.01117   0.15637   0.02699   0.06463   0.00554   0.07527   0.03257   7.84992   1.63735   0.94775   1.59856   0.81963  