

TREE # 1

  0  0.0000   1991.734992  x:  0.01972   0.20925   0.02571   0.03211   0.02495   0.05815   0.02188   0.05666   0.08536   0.02661   0.17168   0.01972   0.20925   0.02571   0.03211   0.02495   0.05815   0.02188   0.05666   0.08536   0.02661   0.17168   0.21568   8.40433   1.31011   1.19084   1.26014   1.00000  
  1 99.0000   1981.075139  x:  0.01651   0.20840   0.01185   0.05967   0.04415   0.06229   0.02068   0.06212   0.08823   0.01892   0.16965   0.00000   0.20434   0.01355   0.03104   0.01338   0.07080   0.01798   0.06489   0.09179   0.02139   0.17124   0.22019   8.40422   1.31037   1.18834   1.26270   1.00242  
  2 324.1840   1979.979603  x:  0.01600   0.20707   0.00273   0.05903   0.03770   0.06580   0.01953   0.06626   0.09092   0.02107   0.16717   0.00000   0.19610   0.01304   0.03059   0.01600   0.07928   0.02095   0.07081   0.09912   0.02255   0.17089   0.22755   8.40402   1.31095   1.18374   1.26723   1.00678  
  3 88.2336   1979.167384  x:  0.01552   0.20509   0.00933   0.05990   0.03227   0.06992   0.01922   0.07139   0.09495   0.02527   0.16354   0.00000   0.18353   0.01268   0.02999   0.01538   0.08939   0.02125   0.07773   0.10864   0.02315   0.17041   0.23853   8.40370   1.31190   1.17641   1.27443   1.01375  
  4 157.0123   1978.447905  x:  0.01708   0.20212   0.00889   0.05365   0.03675   0.06975   0.02257   0.07153   0.09691   0.02160   0.15960   0.00000   0.16652   0.01798   0.03005   0.01271   0.08989   0.01525   0.07732   0.11415   0.02306   0.17021   0.25256   8.40314   1.31357   1.16446   1.28610   1.02536  
  5 77.2080   1977.796237  x:  0.01778   0.19866   0.01030   0.05131   0.04150   0.06720   0.02112   0.06890   0.09729   0.01804   0.15613   0.00000   0.14909   0.01344   0.02977   0.01580   0.08528   0.02107   0.07325   0.11574   0.02211   0.17038   0.26698   8.40242   1.31573   1.14930   1.30089   1.04039  
  6 118.9406   1977.316121  x:  0.01647   0.19580   0.00852   0.05656   0.03722   0.06479   0.01751   0.06570   0.09542   0.02279   0.15526   0.00000   0.14024   0.01194   0.02964   0.01286   0.07901   0.01862   0.06922   0.11189   0.02399   0.17125   0.27626   8.40162   1.31799   1.13387   1.31603   1.05638  
  7 81.3429   1976.979456  x:  0.01562   0.19372   0.00845   0.06278   0.03525   0.06501   0.02251   0.06529   0.09324   0.02362   0.15656   0.00000   0.13964   0.01574   0.02968   0.01650   0.07716   0.01930   0.06912   0.10676   0.02345   0.17249   0.28092   8.40077   1.32026   1.11881   1.33097   1.07276  
  8 80.1814   1976.140714  x:  0.01793   0.18995   0.00915   0.05867   0.03351   0.06823   0.02271   0.06877   0.08838   0.01938   0.16339   0.00000   0.15191   0.01260   0.02990   0.01245   0.08053   0.01997   0.07424   0.09509   0.02140   0.17601   0.28480   8.39829   1.32670   1.07808   1.37188   1.11940  
  9 95.1402   1975.862300  x:  0.01651   0.18958   0.00946   0.05739   0.03770   0.06812   0.01821   0.06914   0.08890   0.02142   0.16520   0.00000   0.15747   0.01374   0.03023   0.01602   0.08224   0.01815   0.07463   0.09574   0.02326   0.17653   0.28301   8.39728   1.32913   1.06397   1.38662   1.13743  
 10 109.8183   1975.610601  x:  0.01419   0.19116   0.00891   0.05650   0.03913   0.06597   0.02079   0.06697   0.09245   0.02411   0.16528   0.00000   0.16253   0.01380   0.02988   0.01353   0.08219   0.02060   0.07146   0.10371   0.02400   0.17544   0.27593   8.39610   1.33164   1.05198   1.40051   1.15705  
 11 63.7375   1975.479997  x:  0.01622   0.19310   0.00915   0.05758   0.03675   0.06500   0.02068   0.06587   0.09439   0.02167   0.16422   0.00000   0.16363   0.01260   0.02944   0.01502   0.08135   0.01842   0.06987   0.10872   0.02223   0.17392   0.26972   8.39532   1.33312   1.04703   1.40750   1.16900  
 12 55.9631   1975.422194  x:  0.01713   0.19462   0.00942   0.05842   0.03621   0.06543   0.01910   0.06627   0.09438   0.01997   0.16256   0.00000   0.16226   0.01453   0.02965   0.01420   0.08066   0.01960   0.07039   0.10941   0.02286   0.17253   0.26519   8.39478   1.33397   1.04633   1.41032   1.17622  
 13 30.4278   1975.306591  x:  0.01699   0.19813   0.00932   0.05760   0.03698   0.06740   0.02034   0.06808   0.09287   0.02095   0.15784   0.00000   0.15703   0.01319   0.02986   0.01454   0.07954   0.01902   0.07285   0.10757   0.02431   0.16913   0.25450   8.39340   1.33601   1.04779   1.41511   1.19347  
 14 39.0494   1975.270590  x:  0.01635   0.19863   0.00918   0.05714   0.03711   0.06690   0.01984   0.06777   0.09259   0.02182   0.15694   0.00000   0.15566   0.01379   0.02926   0.01443   0.08099   0.01914   0.07255   0.10636   0.02166   0.16873   0.25235   8.39275   1.33696   1.05026   1.41595   1.20064  
 15 21.0329   1975.173180  x:  0.01687   0.19826   0.00943   0.05724   0.03668   0.06415   0.02031   0.06563   0.09306   0.02093   0.15695   0.00000   0.15420   0.01356   0.02977   0.01454   0.08682   0.01899   0.06993   0.10373   0.02371   0.16977   0.25076   8.39031   1.34054   1.06241   1.41658   1.22542  
 16 25.2558   1974.892725  x:  0.01884   0.19445   0.00924   0.05758   0.03758   0.06734   0.02008   0.06737   0.09534   0.02210   0.16153   0.00000   0.15697   0.01355   0.03030   0.01442   0.08164   0.01929   0.07124   0.10635   0.02274   0.17508   0.25554   8.38214   1.35298   1.10497   1.41580   1.30382  
 17 42.9209   1974.874215  x:  0.01672   0.19440   0.00943   0.05745   0.03714   0.06700   0.01998   0.06747   0.09466   0.02099   0.16139   0.00000   0.15755   0.01346   0.02957   0.01450   0.08116   0.01902   0.07174   0.10681   0.02295   0.17467   0.25628   8.38149   1.35413   1.10770   1.41565   1.30883  
 18 23.6436   1974.863173  x:  0.01718   0.19551   0.00945   0.05753   0.03726   0.06578   0.02004   0.06730   0.09259   0.02125   0.16043   0.00000   0.15880   0.01347   0.02970   0.01450   0.08116   0.01909   0.07236   0.10751   0.02290   0.17233   0.25786   8.38070   1.35599   1.10921   1.41530   1.31177  
 19  6.5640   1974.857845  x:  0.01707   0.19661   0.00944   0.05755   0.03725   0.06689   0.01999   0.06723   0.09300   0.02120   0.15952   0.00000   0.15966   0.01345   0.02976   0.01450   0.08131   0.01908   0.07143   0.10713   0.02289   0.17054   0.25897   8.37986   1.35814   1.10968   1.41492   1.31297  
 20  3.9744   1974.853580  x:  0.01715   0.19738   0.00939   0.05757   0.03726   0.06614   0.02002   0.06737   0.09444   0.02120   0.15913   0.00000   0.15991   0.01346   0.02946   0.01449   0.08106   0.01909   0.07206   0.10649   0.02293   0.17017   0.25937   8.37846   1.36154   1.10969   1.41440   1.31352  
 21  2.6957   1974.847289  x:  0.01674   0.19776   0.00939   0.05761   0.03718   0.06605   0.02000   0.06734   0.09441   0.02109   0.15917   0.00000   0.15968   0.01341   0.03072   0.01449   0.08109   0.01905   0.07222   0.10659   0.02268   0.17087   0.25920   8.37577   1.36762   1.10953   1.41363   1.31395  
 22  4.9850   1974.836079  x:  0.01698   0.19789   0.00939   0.05776   0.03733   0.06659   0.02000   0.06725   0.09328   0.02114   0.15961   0.00000   0.15912   0.01344   0.02963   0.01447   0.08138   0.01907   0.07192   0.10712   0.02290   0.17231   0.25862   8.37074   1.37844   1.10928   1.41245   1.31452  
 23 17.4609   1974.829046  x:  0.01711   0.19463   0.00937   0.05788   0.03735   0.06633   0.02001   0.06800   0.09342   0.02116   0.16026   0.00000   0.15887   0.01343   0.02968   0.01445   0.08144   0.01906   0.07164   0.10714   0.02288   0.17034   0.25782   8.36613   1.38273   1.11039   1.41402   1.31403  
 24  2.3173   1974.820649  x:  0.01721   0.19324   0.00938   0.05797   0.03747   0.06699   0.01998   0.06592   0.09364   0.02114   0.16002   0.00000   0.15892   0.01341   0.02966   0.01443   0.08153   0.01905   0.07277   0.10714   0.02287   0.16972   0.25755   8.35972   1.38577   1.11253   1.41752   1.31299  
 25  4.2021   1974.703413  x:  0.01749   0.19282   0.00903   0.05997   0.03846   0.06666   0.01993   0.06783   0.09339   0.02086   0.15374   0.00000   0.16057   0.01308   0.02960   0.01412   0.08247   0.01893   0.07232   0.10743   0.02263   0.17311   0.25770   8.26465   1.41923   1.14602   1.47361   1.29659  
 26 13.4184   1974.671218  x:  0.01688   0.19666   0.00894   0.06048   0.03877   0.06680   0.01992   0.06782   0.09344   0.02074   0.16016   0.00000   0.15849   0.01300   0.02957   0.01403   0.08291   0.01888   0.07265   0.10756   0.02259   0.17100   0.25779   8.23794   1.42659   1.15387   1.48704   1.29286  
 27 19.5012   1974.130039  x:  0.01635   0.19447   0.00730   0.07103   0.04425   0.06809   0.01986   0.06951   0.09405   0.01886   0.15810   0.00000   0.15533   0.01136   0.02944   0.01234   0.08872   0.01821   0.07577   0.10858   0.02145   0.17115   0.26349   7.72781   1.37650   1.10347   1.43654   1.32923  
 28  3.0487   1974.116707  x:  0.01640   0.19467   0.00663   0.07242   0.04459   0.06798   0.01962   0.06924   0.09409   0.01990   0.15843   0.00000   0.15622   0.01200   0.02948   0.01271   0.08813   0.01814   0.07544   0.10880   0.02177   0.17109   0.26203   7.68828   1.37735   1.10601   1.43613   1.32437  
 29  0.0412   1974.116143  x:  0.01642   0.19471   0.00662   0.07271   0.04468   0.06795   0.01959   0.06917   0.09408   0.01971   0.15848   0.00000   0.15632   0.01185   0.02949   0.01272   0.08794   0.01819   0.07535   0.10881   0.02178   0.17107   0.26177   7.68743   1.37761   1.10680   1.43578   1.32202  
 30  0.0026   1974.116122  x:  0.01641   0.19470   0.00662   0.07276   0.04468   0.06796   0.01959   0.06918   0.09408   0.01971   0.15847   0.00000   0.15627   0.01186   0.02949   0.01270   0.08796   0.01818   0.07537   0.10881   0.02177   0.17108   0.26187   7.68981   1.37746   1.10671   1.43554   1.32156  
 31  0.0022   1974.116121  x:  0.01641   0.19470   0.00662   0.07277   0.04468   0.06797   0.01959   0.06919   0.09408   0.01972   0.15847   0.00000   0.15628   0.01186   0.02949   0.01270   0.08797   0.01818   0.07537   0.10881   0.02177   0.17108   0.26187   7.69032   1.37747   1.10671   1.43556   1.32157  
 32  0.0005   1974.116121  x:  0.01641   0.19470   0.00662   0.07278   0.04468   0.06797   0.01959   0.06919   0.09408   0.01972   0.15847   0.00000   0.15628   0.01186   0.02949   0.01270   0.08797   0.01818   0.07537   0.10881   0.02177   0.17108   0.26187   7.69040   1.37749   1.10671   1.43558   1.32160  
 33  0.0001   1974.116121  x:  0.01641   0.19470   0.00662   0.07278   0.04468   0.06797   0.01959   0.06919   0.09408   0.01972   0.15847   0.00000   0.15628   0.01186   0.02949   0.01270   0.08797   0.01818   0.07537   0.10881   0.02177   0.17108   0.26187   7.69041   1.37748   1.10671   1.43558   1.32161  
 34  0.0000   1974.116121  x:  0.01641   0.19470   0.00662   0.07278   0.04468   0.06797   0.01959   0.06918   0.09408   0.01972   0.15847   0.00000   0.15628   0.01186   0.02949   0.01270   0.08797   0.01818   0.07537   0.10881   0.02177   0.17108   0.26187   7.69042   1.37748   1.10671   1.43558   1.32161  
 35  0.0000   1974.116121  x:  0.01641   0.19470   0.00662   0.07278   0.04468   0.06797   0.01959   0.06918   0.09408   0.01972   0.15847   0.00000   0.15628   0.01186   0.02949   0.01270   0.08797   0.01818   0.07537   0.10881   0.02177   0.17108   0.26187   7.69042   1.37748   1.10671   1.43558   1.32161  

TREE # 2

  0  0.0000   2254.900316  x:  0.01641   0.19470   0.00662   0.07278   0.04468   0.06797   0.01959   0.06918   0.09408   0.01972   0.15847   0.00000   0.15628   0.01186   0.02949   0.01270   0.08797   0.01818   0.07537   0.10881   0.02177   0.17108   0.26187   7.69042   1.35352   1.01642   1.32000   1.32161  
  1 99.0000   2109.591567  x:  0.12532   0.19058   0.17639   0.09703   0.04179   0.05857   0.06178   0.06675   0.09174   0.02650   0.15434   0.27267   0.15373   0.13182   0.10218   0.02514   0.07827   0.05959   0.07708   0.10389   0.02806   0.16417   0.25095   7.69045   1.35297   1.01712   1.32067   1.32159  
  2 4504.1810   2065.565455  x:  0.16797   0.14953   0.18247   0.12131   0.01998   0.01968   0.09511   0.04379   0.08260   0.00000   0.13269   0.23592   0.12327   0.14352   0.14161   0.01288   0.03743   0.08479   0.07571   0.08648   0.04005   0.13674   0.20738   7.69050   1.34988   1.02177   1.32233   1.32158  
  3 419.7748   2050.426143  x:  0.18769   0.12973   0.18524   0.13252   0.01047   0.00176   0.11011   0.03315   0.07842   0.00589   0.12264   0.21822   0.10861   0.14889   0.15972   0.00784   0.01809   0.09614   0.07499   0.07837   0.04531   0.12365   0.18641   7.69052   1.34841   1.02398   1.32313   1.32157  
  4 4845.1302   2037.512541  x:  0.20654   0.10858   0.18867   0.14296   0.00866   0.01175   0.12300   0.02432   0.07470   0.00952   0.11271   0.20087   0.09309   0.15439   0.17650   0.00862   0.00000   0.10588   0.07413   0.07093   0.04924   0.11026   0.16422   7.69054   1.34693   1.02620   1.32396   1.32157  
  5 1556.6038   2006.768525  x:  0.27583   0.01885   0.20504   0.17915   0.03877   0.02032   0.16265   0.00363   0.06320   0.01787   0.07557   0.13455   0.02832   0.17632   0.23524   0.04584   0.01954   0.13772   0.07293   0.04694   0.05792   0.05746   0.07128   7.69061   1.34118   1.03493   1.32734   1.32149  
  6 1333.8933   2000.014132  x:  0.28903   0.00000   0.20872   0.18553   0.04316   0.02130   0.16935   0.01400   0.06169   0.01918   0.06924   0.12182   0.01555   0.18080   0.24597   0.05107   0.02118   0.14288   0.07266   0.04380   0.05895   0.04818   0.05229   7.69063   1.34005   1.03664   1.32805   1.32147  
  7 2288.4467   1995.018481  x:  0.30402   0.00000   0.22091   0.18587   0.04441   0.02107   0.16302   0.01303   0.06885   0.01909   0.07387   0.10629   0.00174   0.19082   0.25185   0.04818   0.02084   0.13635   0.07247   0.06081   0.05089   0.05342   0.01547   7.69066   1.33825   1.03935   1.32965   1.32141  
  8 228.8994   1993.364684  x:  0.32321   0.00000   0.23601   0.18599   0.04656   0.02152   0.15499   0.01377   0.07221   0.01947   0.07632   0.08468   0.01707   0.20503   0.26048   0.04661   0.02198   0.12838   0.07257   0.06290   0.04523   0.05664   0.00874   7.69072   1.33587   1.04288   1.33185   1.32115  
  9 124.1569   1990.773017  x:  0.35909   0.00000   0.26578   0.18491   0.04984   0.02227   0.13854   0.01439   0.07873   0.02001   0.08170   0.04525   0.01588   0.23040   0.27430   0.04254   0.02401   0.11266   0.07255   0.07057   0.03677   0.06338   0.02100   7.69085   1.33121   1.04989   1.33625   1.32079  
 10 313.5731   1989.893767  x:  0.37024   0.00000   0.28063   0.17575   0.04729   0.02286   0.12327   0.01403   0.07441   0.01980   0.08375   0.03343   0.01197   0.23990   0.27034   0.03848   0.02592   0.10146   0.07322   0.05981   0.04947   0.06220   0.01881   7.69097   1.32835   1.05434   1.33953   1.32052  
 11 76.3383   1989.725265  x:  0.37377   0.00000   0.28423   0.16945   0.04494   0.02266   0.12023   0.01371   0.07150   0.01953   0.08018   0.03174   0.01099   0.24126   0.26450   0.03856   0.02565   0.10087   0.07321   0.05689   0.04302   0.05822   0.01835   7.69110   1.32623   1.05775   1.34242   1.32029  
 12 26.5405   1989.583402  x:  0.38100   0.00000   0.28682   0.16083   0.04429   0.02228   0.12264   0.01375   0.07116   0.01953   0.07597   0.02941   0.01244   0.24148   0.25373   0.04172   0.02450   0.10531   0.07342   0.06108   0.04553   0.05780   0.01874   7.69140   1.32165   1.06531   1.34933   1.31976  
 13 19.0969   1989.487314  x:  0.38807   0.00000   0.28640   0.15774   0.04615   0.02177   0.12640   0.01382   0.07324   0.01947   0.07997   0.02891   0.01226   0.24032   0.24497   0.04280   0.02336   0.10744   0.07323   0.05767   0.04468   0.06025   0.01848   7.69175   1.31715   1.07333   1.35710   1.31919  
 14 20.9951   1989.403673  x:  0.39516   0.00000   0.28282   0.16145   0.04688   0.02199   0.12688   0.01374   0.07221   0.01949   0.08187   0.03095   0.01313   0.23806   0.23873   0.04049   0.02405   0.10388   0.07334   0.05941   0.04519   0.05676   0.01878   7.69227   1.31247   1.08344   1.36787   1.31840  
 15 14.5473   1989.354787  x:  0.39802   0.00000   0.28039   0.16457   0.04540   0.02247   0.12524   0.01383   0.07156   0.01959   0.07865   0.03234   0.01306   0.23667   0.23724   0.04010   0.02508   0.10258   0.07341   0.05879   0.04510   0.06022   0.01864   7.69272   1.31038   1.09023   1.37601   1.31778  
 16 15.9756   1989.275188  x:  0.39486   0.00000   0.27926   0.16503   0.04224   0.02256   0.11925   0.01388   0.07520   0.01948   0.07991   0.03329   0.01313   0.23589   0.24100   0.04297   0.02499   0.10592   0.07331   0.05862   0.04537   0.05887   0.01876   7.69387   1.31128   1.10161   1.39309   1.31638  
 17  8.9457   1989.121553  x:  0.38295   0.00000   0.28148   0.16143   0.04669   0.02148   0.11805   0.01399   0.06889   0.01930   0.08192   0.03313   0.01290   0.23676   0.24923   0.04246   0.02291   0.10721   0.07323   0.05992   0.04485   0.06040   0.01868   7.69643   1.31874   1.12189   1.42669   1.31343  
 18 20.4820   1988.982298  x:  0.37132   0.00000   0.28569   0.15842   0.04720   0.02195   0.12426   0.01382   0.07408   0.01938   0.07869   0.03231   0.01267   0.23879   0.25273   0.03847   0.02431   0.10238   0.07322   0.05898   0.04509   0.05931   0.01862   7.69898   1.33086   1.13784   1.45527   1.31066  
 19 29.8372   1988.840728  x:  0.36593   0.00000   0.28962   0.16206   0.03964   0.02347   0.12877   0.01396   0.07110   0.01959   0.08184   0.03000   0.01275   0.24108   0.24799   0.04068   0.02720   0.10157   0.07285   0.05965   0.04481   0.05988   0.01854   7.70189   1.35351   1.14774   1.47650   1.30799  
 20 15.2723   1988.435963  x:  0.36129   0.00000   0.29388   0.17231   0.04630   0.02042   0.12230   0.01394   0.07309   0.01879   0.07892   0.02847   0.01310   0.24349   0.22862   0.04275   0.02117   0.10371   0.07377   0.05951   0.04459   0.05928   0.01840   7.71084   1.43020   1.17056   1.52734   1.30068  
 21 33.2445   1987.998752  x:  0.37573   0.00000   0.28030   0.15384   0.04435   0.02246   0.11901   0.01413   0.07298   0.01919   0.08090   0.03313   0.01374   0.23406   0.22986   0.03620   0.02553   0.10251   0.07365   0.06054   0.04464   0.06070   0.01855   7.72092   1.50998   1.19486   1.56535   1.29471  
 22 28.0633   1987.879826  x:  0.37469   0.00000   0.27891   0.15107   0.04397   0.02057   0.11948   0.01423   0.07325   0.01868   0.08094   0.03450   0.01373   0.23203   0.23020   0.04449   0.02148   0.09472   0.07137   0.06087   0.04471   0.06098   0.01856   7.72401   1.51895   1.20449   1.56288   1.29577  
 23  7.0098   1987.229857  x:  0.35524   0.00000   0.28223   0.14911   0.04218   0.02013   0.11765   0.01457   0.07397   0.01834   0.08286   0.03519   0.01426   0.22838   0.22392   0.04543   0.02011   0.09203   0.09290   0.06227   0.04378   0.06234   0.01863   7.74239   1.53963   1.26112   1.52446   1.30768  
 24 13.3842   1986.471240  x:  0.33313   0.00000   0.28684   0.14928   0.04195   0.02143   0.11318   0.01480   0.07463   0.01833   0.08378   0.03493   0.01540   0.22753   0.21431   0.03488   0.02425   0.09841   0.07293   0.06406   0.04397   0.06341   0.01863   7.76215   1.55367   1.31324   1.48398   1.32164  
 25 50.6009   1982.906415  x:  0.27411   0.00000   0.26381   0.12556   0.03632   0.01936   0.09930   0.01614   0.07687   0.01674   0.08930   0.03860   0.01535   0.24432   0.16382   0.03128   0.02214   0.08693   0.07701   0.07043   0.04217   0.06824   0.01853   7.85562   1.43385   1.15724   1.47476   1.40985  
 26  6.7652   1982.584732  x:  0.27140   0.00000   0.28352   0.12686   0.03604   0.01925   0.09768   0.01626   0.07734   0.01662   0.08987   0.03771   0.01734   0.21281   0.16238   0.03000   0.02221   0.08589   0.07670   0.07137   0.04174   0.06882   0.01844   7.86429   1.42163   1.13940   1.47486   1.41240  
 27 16.1711   1981.861067  x:  0.26601   0.00000   0.27533   0.12808   0.03506   0.01847   0.09622   0.01671   0.07807   0.01617   0.09105   0.03639   0.01592   0.21108   0.16356   0.02888   0.02090   0.08451   0.07678   0.07285   0.04128   0.06984   0.01839   7.87936   1.38683   1.11327   1.45128   1.20704  
 28  2.1563   1975.959718  x:  0.28140   0.00000   0.18778   0.15295   0.02802   0.01098   0.09307   0.02053   0.08344   0.01295   0.09786   0.01686   0.01223   0.17377   0.20645   0.01539   0.01098   0.07975   0.07179   0.08371   0.03801   0.07632   0.01791   7.91297   1.33425   1.06509   1.41925   1.29488  
 29  0.3757   1974.910403  x:  0.26902   0.00000   0.17100   0.15669   0.02141   0.00825   0.10317   0.02155   0.08068   0.01184   0.09570   0.02122   0.01507   0.16054   0.20467   0.02315   0.00509   0.08895   0.07187   0.07996   0.04130   0.07481   0.01884   7.86084   1.34768   1.07499   1.41948   1.30314  
 30  0.1922   1974.508201  x:  0.26306   0.00000   0.16915   0.15699   0.01854   0.01056   0.11040   0.02222   0.07784   0.01245   0.09294   0.02018   0.01745   0.15643   0.19967   0.01805   0.00934   0.09458   0.07176   0.07554   0.04433   0.07274   0.01946   7.79918   1.37186   1.10010   1.42962   1.31107  
 31  0.1917   1974.332194  x:  0.26112   0.00000   0.17171   0.15631   0.02322   0.01020   0.11264   0.02276   0.07581   0.01263   0.09047   0.01756   0.01818   0.15732   0.19454   0.01811   0.00758   0.09654   0.07249   0.07215   0.04564   0.07078   0.01970   7.74359   1.38470   1.11430   1.43665   1.31810  
 32  0.1516   1974.247427  x:  0.26214   0.00000   0.17048   0.15615   0.02202   0.01098   0.11002   0.02358   0.07463   0.01295   0.08779   0.01711   0.01713   0.15979   0.19288   0.02140   0.00743   0.09454   0.07354   0.06884   0.04551   0.06858   0.01960   7.68757   1.38167   1.11013   1.43820   1.32638  
 33  0.0697   1974.212256  x:  0.26008   0.00000   0.16897   0.15628   0.02250   0.01118   0.10873   0.02422   0.07434   0.01295   0.08665   0.01896   0.01651   0.15820   0.19394   0.02022   0.00700   0.09396   0.07329   0.06743   0.04517   0.06742   0.01958   7.66381   1.37878   1.10601   1.43760   1.32715  
 34  0.0443   1974.172843  x:  0.26015   0.00000   0.17005   0.15604   0.02149   0.01153   0.10789   0.02567   0.07542   0.01291   0.08713   0.01758   0.01581   0.15481   0.19504   0.01944   0.00630   0.09354   0.07229   0.06820   0.04408   0.06707   0.01956   7.66308   1.37596   1.10455   1.43546   1.32061  
 35  0.0074   1974.136122  x:  0.26267   0.00000   0.16911   0.15617   0.02203   0.01251   0.10876   0.02751   0.07632   0.01319   0.08856   0.01800   0.01610   0.15904   0.19492   0.01944   0.00663   0.09374   0.07216   0.06974   0.04390   0.06771   0.01981   7.68879   1.37402   1.10414   1.43313   1.31646  
 36  0.0200   1974.124554  x:  0.26131   0.00000   0.17255   0.15634   0.02173   0.01257   0.10892   0.02838   0.07558   0.01311   0.08830   0.01823   0.01644   0.15866   0.19487   0.01976   0.00640   0.09393   0.07288   0.06937   0.04467   0.06788   0.01980   7.69266   1.37730   1.10681   1.43494   1.32060  
 37  0.0084   1974.119992  x:  0.26217   0.00000   0.17066   0.15623   0.02155   0.01233   0.10879   0.02901   0.07507   0.01294   0.08794   0.01813   0.01656   0.15848   0.19413   0.01965   0.00626   0.09419   0.07297   0.06908   0.04495   0.06806   0.01969   7.69046   1.37912   1.10784   1.43642   1.32273  
 38  0.0041   1974.117050  x:  0.26140   0.00000   0.17058   0.15630   0.02175   0.01209   0.10887   0.02943   0.07518   0.01280   0.08788   0.01815   0.01644   0.15802   0.19517   0.01980   0.00658   0.09429   0.07267   0.06918   0.04471   0.06824   0.01951   7.69050   1.37745   1.10648   1.43597   1.32280  
 39  0.0019   1974.116196  x:  0.26193   0.00000   0.17112   0.15629   0.02174   0.01190   0.10885   0.02949   0.07536   0.01269   0.08790   0.01820   0.01639   0.15849   0.19460   0.01971   0.00662   0.09409   0.07271   0.06919   0.04463   0.06806   0.01950   7.69074   1.37726   1.10664   1.43557   1.32160  
 40  0.0017   1974.116131  x:  0.26184   0.00000   0.17107   0.15628   0.02177   0.01187   0.10879   0.02948   0.07538   0.01269   0.08796   0.01817   0.01643   0.15850   0.19473   0.01971   0.00662   0.09406   0.07280   0.06918   0.04468   0.06798   0.01956   7.69056   1.37752   1.10676   1.43557   1.32151  
 41  0.0004   1974.116124  x:  0.26190   0.00000   0.17108   0.15627   0.02178   0.01187   0.10881   0.02948   0.07537   0.01269   0.08797   0.01818   0.01642   0.15844   0.19470   0.01972   0.00662   0.09408   0.07278   0.06918   0.04468   0.06796   0.01958   7.69042   1.37748   1.10669   1.43557   1.32159  
 42  0.0002   1974.116123  x:  0.26186   0.00000   0.17108   0.15628   0.02177   0.01187   0.10881   0.02948   0.07537   0.01269   0.08797   0.01817   0.01641   0.15847   0.19470   0.01972   0.00662   0.09409   0.07277   0.06918   0.04468   0.06796   0.01959   7.69039   1.37748   1.10670   1.43558   1.32162  
 43  0.0001   1974.116122  x:  0.26187   0.00000   0.17107   0.15628   0.02177   0.01187   0.10881   0.02948   0.07537   0.01269   0.08797   0.01818   0.01641   0.15846   0.19470   0.01972   0.00662   0.09408   0.07278   0.06919   0.04468   0.06797   0.01960   7.69045   1.37750   1.10673   1.43558   1.32161  
 44  0.0001   1974.116122  x:  0.26187   0.00000   0.17108   0.15627   0.02177   0.01186   0.10881   0.02949   0.07537   0.01270   0.08796   0.01818   0.01641   0.15847   0.19470   0.01972   0.00662   0.09408   0.07278   0.06919   0.04468   0.06797   0.01960   7.69047   1.37745   1.10669   1.43557   1.32159  
 45  0.0000   1974.116121  x:  0.26187   0.00000   0.17108   0.15628   0.02177   0.01186   0.10881   0.02949   0.07537   0.01270   0.08797   0.01818   0.01641   0.15847   0.19470   0.01972   0.00662   0.09408   0.07278   0.06918   0.04468   0.06797   0.01959   7.69041   1.37749   1.10672   1.43558   1.32160  
 46  0.0000   1974.116121  x:  0.26187   0.00000   0.17108   0.15628   0.02177   0.01186   0.10881   0.02949   0.07537   0.01270   0.08797   0.01818   0.01641   0.15847   0.19470   0.01972   0.00662   0.09408   0.07278   0.06918   0.04468   0.06797   0.01959   7.69041   1.37748   1.10671   1.43558   1.32161  
 47  0.0000   1974.116121  x:  0.26187   0.00000   0.17108   0.15628   0.02177   0.01186   0.10881   0.02949   0.07537   0.01270   0.08797   0.01818   0.01641   0.15847   0.19470   0.01972   0.00662   0.09408   0.07278   0.06918   0.04468   0.06797   0.01959   7.69041   1.37748   1.10671   1.43558   1.32161  
 48  0.0000   1974.116121  x:  0.26187   0.00000   0.17108   0.15628   0.02177   0.01186   0.10881   0.02949   0.07537   0.01270   0.08797   0.01818   0.01641   0.15847   0.19470   0.01972   0.00662   0.09408   0.07278   0.06919   0.04468   0.06797   0.01959   7.69041   1.37748   1.10671   1.43558   1.32161  
 49  0.0000   1974.116121  x:  0.26187   0.00000   0.17108   0.15628   0.02177   0.01186   0.10881   0.02949   0.07537   0.01270   0.08797   0.01818   0.01641   0.15847   0.19470   0.01972   0.00662   0.09408   0.07278   0.06919   0.04468   0.06797   0.01959   7.69041   1.37748   1.10671   1.43558   1.32161  