

TREE # 1

  0  0.0000   2140.595996  x:  0.07353   0.00396   0.12027   0.00000   0.06426   0.04264   0.06178   0.06390   0.09340   0.07812   0.06796   0.12742   0.00556   0.06605   0.01244   0.02196   0.08832   0.04033   0.04900   0.08048   0.11659   0.09572   0.11827   0.09216   2.00000   1.70165   1.46777   1.49590   0.40000  
  1 99.0000   2128.709794  x:  0.07626   0.02951   0.13408   0.04809   0.06167   0.03637   0.07005   0.06130   0.08734   0.08583   0.05903   0.12852   0.02708   0.08762   0.05460   0.02925   0.07814   0.04473   0.03978   0.09783   0.11497   0.09135   0.12058   0.09488   2.00381   1.70060   1.46672   1.49729   0.41668  
  2 675.5897   2106.847842  x:  0.08454   0.01541   0.17607   0.02385   0.05039   0.01710   0.09314   0.05317   0.06547   0.10784   0.02168   0.13045   0.01407   0.14004   0.07467   0.04029   0.03839   0.05544   0.00911   0.14790   0.10443   0.07044   0.12758   0.10316   2.01955   1.69620   1.46309   1.50223   0.47911  
  3 323.9425   2102.196432  x:  0.08747   0.01296   0.19443   0.01234   0.04697   0.02164   0.10039   0.05162   0.05766   0.11588   0.01479   0.13128   0.01417   0.16011   0.08227   0.04258   0.02356   0.05755   0.03520   0.16691   0.09871   0.06071   0.13040   0.10609   2.02902   1.69359   1.46108   1.50506   0.51153  
  4 442.9233   2098.804993  x:  0.08870   0.01515   0.21112   0.00240   0.04782   0.03222   0.10198   0.05322   0.05606   0.12007   0.04085   0.13200   0.01841   0.17429   0.08412   0.04145   0.02833   0.05466   0.03587   0.18021   0.09176   0.05242   0.13233   0.10732   2.04325   1.68975   1.45845   1.50896   0.55154  
  5 230.8990   2095.938637  x:  0.08749   0.00593   0.22628   0.02061   0.05244   0.03725   0.09566   0.05640   0.06190   0.11934   0.04536   0.13204   0.01066   0.18001   0.06635   0.03640   0.03973   0.04696   0.03802   0.18591   0.08326   0.04827   0.13261   0.10611   2.06867   1.68317   1.45437   1.51521   0.61045  
  6 192.2615   2092.192114  x:  0.08334   0.03005   0.23825   0.01941   0.05660   0.03342   0.08056   0.05913   0.07263   0.11114   0.03267   0.13285   0.02047   0.17512   0.04256   0.03311   0.04852   0.04047   0.03661   0.17994   0.07816   0.05579   0.13132   0.10196   2.11345   1.67191   1.44775   1.52559   0.69809  
  7 252.3911   2086.276102  x:  0.07573   0.01760   0.22971   0.01323   0.05454   0.02717   0.06411   0.05757   0.07858   0.08968   0.03017   0.12828   0.02057   0.13839   0.06960   0.04390   0.04646   0.05857   0.03530   0.14111   0.09499   0.07682   0.12424   0.09435   2.20894   1.64912   1.43521   1.54546   0.84256  
  8 187.9992   2083.766291  x:  0.07884   0.01925   0.20718   0.01402   0.05176   0.03243   0.08521   0.05524   0.07022   0.09400   0.02912   0.12768   0.02039   0.11684   0.07510   0.02857   0.03516   0.04630   0.03120   0.12191   0.10096   0.07305   0.12248   0.09746   2.26639   1.63674   1.42881   1.55541   0.89675  
  9 148.6831   2082.153719  x:  0.08397   0.02270   0.17365   0.01458   0.05190   0.02204   0.08957   0.05464   0.06145   0.10658   0.03104   0.12895   0.01844   0.11326   0.07234   0.03886   0.04464   0.04802   0.03466   0.12662   0.10357   0.06573   0.12495   0.10260   2.33139   1.62465   1.42273   1.56409   0.91877  
 10 85.7064   2080.605154  x:  0.08495   0.02123   0.14314   0.01456   0.05219   0.03767   0.08167   0.05674   0.06446   0.11083   0.02633   0.12981   0.02152   0.12101   0.07125   0.03836   0.04225   0.05486   0.03083   0.13633   0.10283   0.06463   0.12781   0.10357   2.41719   1.60998   1.41545   1.57376   0.92778  
 11 132.7569   2077.451642  x:  0.08083   0.01910   0.12779   0.01524   0.05055   0.02210   0.07128   0.05411   0.07383   0.10359   0.03657   0.13051   0.01981   0.13550   0.07249   0.02433   0.02648   0.04867   0.03358   0.14561   0.09766   0.06967   0.12969   0.09945   2.60382   1.58008   1.40079   1.59188   0.92224  
 12 172.4513   2067.442650  x:  0.07170   0.02050   0.15726   0.00930   0.04834   0.02949   0.09208   0.05060   0.07942   0.07937   0.02884   0.13108   0.00680   0.15477   0.08171   0.03994   0.04423   0.02422   0.03498   0.15021   0.09062   0.08025   0.12943   0.09032   3.26731   1.47744   1.34979   1.65176   0.87737  
 13 470.7464   2060.698481  x:  0.07328   0.01449   0.20245   0.01302   0.05322   0.02765   0.11120   0.05332   0.07247   0.08063   0.02929   0.13078   0.02423   0.15431   0.06505   0.03111   0.05063   0.06330   0.03537   0.14202   0.08523   0.07379   0.12854   0.09190   3.82903   1.39428   1.30754   1.69838   0.83603  
 14 1245.3928   2058.118790  x:  0.08244   0.01647   0.22643   0.01559   0.05560   0.03270   0.08493   0.05989   0.06588   0.10568   0.03203   0.13049   0.02280   0.13992   0.06200   0.03952   0.03560   0.05760   0.03236   0.13634   0.09383   0.06273   0.12539   0.10106   4.00642   1.37753   1.29641   1.70385   0.82217  
 15 285.1313   2057.702006  x:  0.08442   0.01421   0.22994   0.01334   0.05238   0.03195   0.07795   0.05624   0.06483   0.10946   0.02826   0.13046   0.02535   0.13470   0.06710   0.03185   0.04265   0.05539   0.03232   0.13982   0.09419   0.05919   0.12538   0.10304   4.03739   1.38465   1.29682   1.69521   0.82123  
 16 59.1314   2055.999501  x:  0.08566   0.01546   0.23585   0.01493   0.05090   0.03437   0.08306   0.04945   0.07123   0.10984   0.03110   0.13394   0.02448   0.11194   0.06502   0.03497   0.03811   0.05879   0.03227   0.16202   0.09060   0.06813   0.12778   0.10428   4.17973   1.46869   1.31071   1.60639   0.82673  
 17 51.6046   2054.774983  x:  0.08356   0.01427   0.23624   0.01351   0.05744   0.03169   0.08377   0.06827   0.06435   0.10637   0.02935   0.13325   0.02626   0.12343   0.06580   0.03331   0.04016   0.05766   0.03242   0.15326   0.09629   0.06407   0.12745   0.10218   4.28821   1.53871   1.32386   1.53152   0.83230  
 18 141.4162   2054.424366  x:  0.08420   0.01557   0.23583   0.01425   0.05363   0.03295   0.08262   0.05800   0.06499   0.10756   0.03015   0.13195   0.02511   0.13378   0.06338   0.03554   0.04048   0.05905   0.03248   0.14132   0.09643   0.06037   0.12639   0.10282   4.31790   1.55817   1.32870   1.51013   0.83411  
 19 67.1680   2054.409017  x:  0.08497   0.01491   0.23574   0.01387   0.05479   0.03270   0.08291   0.05797   0.06599   0.10921   0.02991   0.13142   0.02565   0.13437   0.06397   0.03577   0.04072   0.05869   0.03252   0.14012   0.09422   0.06183   0.12622   0.10359   4.31940   1.55853   1.33006   1.50938   0.83431  
 20  6.0216   2054.377738  x:  0.08492   0.01614   0.23555   0.01381   0.05287   0.03279   0.08257   0.05953   0.06573   0.10940   0.02990   0.13072   0.02364   0.13392   0.06468   0.03559   0.04075   0.05971   0.03250   0.13947   0.09063   0.06142   0.12562   0.10354   4.32315   1.55710   1.33726   1.50894   0.83513  
 21  3.0027   2054.185726  x:  0.08331   0.01372   0.23505   0.01351   0.05428   0.03247   0.08226   0.05805   0.06393   0.10704   0.02943   0.12857   0.02758   0.13265   0.06374   0.03819   0.03919   0.05795   0.03192   0.14093   0.08871   0.05771   0.12527   0.10193   4.34731   1.54682   1.38492   1.50811   0.84099  
 22 15.1510   2054.044471  x:  0.08503   0.01522   0.23581   0.01320   0.05575   0.03262   0.08349   0.05765   0.06579   0.10908   0.02957   0.13088   0.02406   0.13463   0.06373   0.03553   0.04035   0.05935   0.03231   0.14229   0.09569   0.06129   0.12601   0.10365   4.36523   1.54087   1.41661   1.50911   0.84560  
 23 37.5907   2053.958328  x:  0.08568   0.01320   0.23601   0.01343   0.05007   0.03231   0.08401   0.05952   0.06595   0.11015   0.02978   0.13447   0.02640   0.13554   0.06244   0.03633   0.04045   0.05829   0.03224   0.14175   0.09678   0.06384   0.12824   0.10430   4.37596   1.54351   1.42312   1.51411   0.84817  
 24  7.9278   2052.626231  x:  0.08327   0.01019   0.23505   0.00967   0.05796   0.03127   0.08218   0.05546   0.06044   0.10952   0.02689   0.17158   0.02066   0.13740   0.06476   0.03720   0.03779   0.05941   0.03015   0.13602   0.08742   0.05851   0.14692   0.10189   4.55177   1.61408   1.47323   1.61450   0.88789  
 25 25.2816   2049.497930  x:  0.08756   0.00535   0.23101   0.00215   0.05244   0.02602   0.09116   0.05753   0.07206   0.11179   0.02240   0.14596   0.01532   0.14629   0.06009   0.03917   0.03433   0.06053   0.02738   0.14527   0.09537   0.04941   0.12345   0.10618   4.93221   1.76964   1.56359   1.83148   0.97439  
 26 155.1746   2048.960932  x:  0.08723   0.00517   0.23044   0.00230   0.05226   0.02720   0.08923   0.05401   0.05735   0.11227   0.02286   0.13526   0.01340   0.14915   0.05698   0.03725   0.03396   0.06038   0.02673   0.14790   0.09549   0.05962   0.12258   0.10584   4.99850   1.79518   1.57772   1.86733   0.98954  
 27 167.3388   2048.881761  x:  0.08630   0.00568   0.23075   0.00209   0.05200   0.02705   0.08951   0.05426   0.05852   0.11330   0.02273   0.12912   0.01239   0.14872   0.05709   0.03711   0.03390   0.06054   0.02667   0.14747   0.09620   0.05919   0.13216   0.10491   5.00854   1.79381   1.57576   1.86663   0.99196  
 28 11.2024   2047.367551  x:  0.09749   0.00366   0.22774   0.00000   0.05210   0.02579   0.08966   0.05346   0.05641   0.10339   0.02166   0.13368   0.00953   0.14847   0.05568   0.03804   0.03125   0.06006   0.02520   0.15254   0.09339   0.05862   0.13641   0.11610   5.15434   1.65621   1.45832   1.71853   1.03078  
 29  8.9526   2047.367551  x:  0.09749   0.00366   0.22774   0.00000   0.05210   0.02579   0.08966   0.05346   0.05641   0.10339   0.02166   0.13368   0.00953   0.14847   0.05568   0.03804   0.03125   0.06006   0.02520   0.15254   0.09339   0.05862   0.13641   0.11610   5.15434   1.65621   1.45832   1.71853   1.03078  
 30 115.2726   2046.958476  x:  0.09706   0.00407   0.22757   0.00510   0.05219   0.02589   0.08961   0.05354   0.05685   0.10367   0.02309   0.13377   0.00978   0.14855   0.05526   0.03786   0.03157   0.05941   0.02514   0.15269   0.09331   0.05865   0.13630   0.11567   5.15442   1.65615   1.45825   1.71849   1.03092  
 31 223.2742   2046.477371  x:  0.09215   0.00770   0.22530   0.00368   0.05151   0.02686   0.08906   0.05436   0.06166   0.10604   0.03229   0.13468   0.01209   0.14936   0.05054   0.03588   0.03494   0.05210   0.02460   0.15444   0.09243   0.05904   0.13492   0.11076   5.15536   1.65537   1.45749   1.71806   1.03248  
 32 63.7567   2046.317674  x:  0.08806   0.00407   0.22271   0.00383   0.05115   0.02662   0.08865   0.05467   0.06387   0.10793   0.03129   0.13489   0.01004   0.14987   0.04790   0.03534   0.03537   0.04826   0.02482   0.15596   0.09191   0.05941   0.13350   0.10667   5.15642   1.65451   1.45664   1.71751   1.03419  
 33 41.3933   2046.241736  x:  0.08463   0.00625   0.22005   0.00415   0.05105   0.02623   0.08835   0.05471   0.06446   0.10949   0.02805   0.13553   0.01076   0.15047   0.04710   0.03550   0.03464   0.04759   0.02500   0.15742   0.09171   0.05986   0.13229   0.10324   5.15783   1.65337   1.45549   1.71686   1.03646  
 34 30.0193   2046.185935  x:  0.08196   0.00539   0.21569   0.00402   0.05128   0.02663   0.08823   0.05454   0.06335   0.11074   0.02933   0.13593   0.01178   0.15122   0.04867   0.03623   0.03405   0.05063   0.02460   0.15927   0.09178   0.06008   0.13093   0.10057   5.16073   1.65102   1.45316   1.71554   1.04101  
 35 17.4259   2046.141342  x:  0.08214   0.00659   0.21168   0.00396   0.05136   0.02646   0.08833   0.05440   0.06237   0.11088   0.02999   0.13619   0.00920   0.15156   0.04949   0.03612   0.03455   0.05100   0.02514   0.16051   0.09176   0.05954   0.13005   0.10075   5.16475   1.64777   1.44999   1.71370   1.04715  
 36 18.8448   2046.007375  x:  0.08563   0.00617   0.20015   0.00411   0.05124   0.02591   0.08879   0.05427   0.06101   0.11006   0.02914   0.13609   0.01133   0.15256   0.04980   0.03472   0.03574   0.04851   0.02545   0.16319   0.09171   0.05796   0.12913   0.10424   5.17963   1.63582   1.43836   1.70684   1.06949  
 37 46.5135   2045.876344  x:  0.08731   0.00656   0.19695   0.00413   0.05106   0.02801   0.08872   0.05491   0.06453   0.10885   0.02917   0.13527   0.01044   0.15217   0.04739   0.03701   0.03259   0.04917   0.02258   0.16249   0.09173   0.05979   0.13043   0.10593   5.19684   1.62229   1.42535   1.69875   1.09397  
 38 43.2569   2045.675641  x:  0.08695   0.00616   0.19949   0.00406   0.05095   0.02627   0.08820   0.05500   0.06799   0.10771   0.02969   0.13382   0.01065   0.15098   0.04585   0.03825   0.03266   0.05149   0.02832   0.15930   0.09176   0.06251   0.13347   0.10556   5.22668   1.59925   1.40342   1.68451   1.13469  
 39 93.5794   2045.389475  x:  0.08406   0.00574   0.20929   0.00405   0.05126   0.02420   0.08774   0.05436   0.06593   0.10784   0.02883   0.13284   0.00992   0.14933   0.04862   0.03458   0.03697   0.05132   0.02395   0.15467   0.09197   0.06244   0.13651   0.10268   5.26941   1.56693   1.37304   1.66370   1.19038  
 40 138.2819   2045.311491  x:  0.08345   0.00549   0.21359   0.00399   0.05135   0.02779   0.08809   0.05455   0.06304   0.10880   0.02898   0.13369   0.01000   0.14931   0.04934   0.03413   0.03509   0.04938   0.02518   0.15466   0.09242   0.06062   0.13571   0.10206   5.28243   1.55775   1.36475   1.65704   1.20504  
 41 68.8391   2045.273690  x:  0.08393   0.00521   0.21652   0.00389   0.05107   0.02576   0.08851   0.05444   0.06194   0.10991   0.02967   0.13534   0.01022   0.14996   0.04864   0.03584   0.03350   0.04867   0.02494   0.15656   0.09274   0.05929   0.13340   0.10254   5.29026   1.55325   1.36121   1.65258   1.21053  
 42 25.5131   2045.237528  x:  0.08499   0.00486   0.21936   0.00393   0.05105   0.02670   0.08887   0.05473   0.06329   0.11082   0.02899   0.13753   0.01040   0.15129   0.04809   0.03623   0.03542   0.04995   0.02490   0.15985   0.09238   0.05915   0.13012   0.10360   5.30032   1.54868   1.35834   1.64636   1.21369  
 43 19.9705   2045.192499  x:  0.08548   0.00476   0.22061   0.00389   0.05148   0.02619   0.08842   0.05445   0.06470   0.11000   0.02922   0.13852   0.01025   0.15261   0.04961   0.03320   0.03347   0.04999   0.02506   0.16228   0.09138   0.06108   0.12887   0.10409   5.31661   1.54290   1.35583   1.63579   1.21378  
 44 17.0333   2044.955428  x:  0.08485   0.00502   0.22077   0.00394   0.05198   0.02680   0.08648   0.05406   0.06270   0.10449   0.02925   0.13775   0.01035   0.15489   0.05228   0.03792   0.03505   0.04677   0.02510   0.16686   0.09102   0.06577   0.13214   0.10346   5.41166   1.51176   1.34390   1.57434   1.20652  
 45 45.8453   2044.694384  x:  0.08434   0.00549   0.21879   0.00396   0.05107   0.02661   0.08762   0.05509   0.06201   0.10486   0.02929   0.13569   0.01027   0.15453   0.04683   0.03527   0.03462   0.05054   0.02500   0.16607   0.09189   0.05988   0.13597   0.10296   5.51662   1.47822   1.33033   1.50853   1.19665  
 46 157.5598   2044.606583  x:  0.08520   0.00560   0.21714   0.00388   0.05173   0.02650   0.08971   0.05480   0.06502   0.11083   0.02917   0.13554   0.01055   0.15244   0.05035   0.03628   0.03447   0.04966   0.02517   0.16120   0.09275   0.05908   0.13434   0.10381   5.55502   1.46686   1.32365   1.48881   1.19177  
 47 56.6800   2044.553123  x:  0.08583   0.00556   0.21602   0.00386   0.05129   0.02661   0.08894   0.05472   0.06241   0.11252   0.02932   0.13661   0.01078   0.15064   0.04835   0.03570   0.03479   0.04985   0.02509   0.15700   0.09177   0.06282   0.13058   0.10444   5.58143   1.46050   1.31602   1.48293   1.18683  
 48 22.7664   2044.354083  x:  0.08459   0.00528   0.21435   0.00399   0.05184   0.02643   0.08535   0.05546   0.06478   0.10448   0.02919   0.13956   0.01137   0.14731   0.04955   0.03612   0.03460   0.04981   0.02517   0.15319   0.09306   0.05895   0.12450   0.10320   5.68826   1.43880   1.27795   1.47961   1.16365  
 49 29.7194   2044.088985  x:  0.08497   0.00531   0.21417   0.00399   0.05079   0.02654   0.09185   0.05343   0.06403   0.10797   0.02918   0.13784   0.01078   0.14964   0.04883   0.03567   0.03462   0.04987   0.02514   0.15937   0.09267   0.06119   0.13171   0.10358   5.83618   1.41084   1.22616   1.48146   1.13220  
 50 91.2983   2044.058311  x:  0.08549   0.00539   0.21432   0.00393   0.05195   0.02625   0.08846   0.05629   0.06376   0.11022   0.02915   0.13652   0.01065   0.15100   0.04899   0.03573   0.03458   0.04991   0.02514   0.16018   0.09256   0.06106   0.13286   0.10411   5.85486   1.40851   1.22277   1.48288   1.12979  
 51 25.7250   2044.017064  x:  0.08589   0.00550   0.21453   0.00395   0.05034   0.02673   0.08475   0.05281   0.06410   0.11166   0.02914   0.13459   0.01058   0.15319   0.04894   0.03596   0.03453   0.05005   0.02513   0.16000   0.09244   0.06021   0.13279   0.10450   5.88306   1.40789   1.22523   1.48724   1.12992  
 52 15.3599   2043.542881  x:  0.08506   0.00579   0.21557   0.00382   0.05283   0.02624   0.09183   0.05499   0.06373   0.10866   0.02904   0.12549   0.01040   0.16735   0.04849   0.03689   0.03450   0.04990   0.02508   0.15393   0.09061   0.05916   0.12677   0.10368   6.23077   1.41208   1.28012   1.54725   1.14445  
 53 48.3181   2043.100298  x:  0.08530   0.00429   0.21486   0.00386   0.04796   0.02621   0.08967   0.05684   0.06380   0.11087   0.02887   0.14095   0.01032   0.15465   0.04961   0.03575   0.03443   0.05010   0.02506   0.15736   0.09278   0.06019   0.13489   0.10391   6.55717   1.42538   1.33158   1.60155   1.16100  
 54 167.2449   2043.031104  x:  0.08540   0.00424   0.21502   0.00367   0.05368   0.02631   0.08909   0.05418   0.06363   0.11139   0.02889   0.14124   0.01048   0.15052   0.04836   0.03570   0.03449   0.05012   0.02501   0.15914   0.09274   0.06012   0.13536   0.10402   6.60896   1.43162   1.33807   1.60882   1.16435  
 55 87.5876   2042.869875  x:  0.08550   0.00486   0.21648   0.00369   0.05101   0.02629   0.08943   0.05532   0.06352   0.11159   0.02892   0.13209   0.01105   0.14115   0.04914   0.03544   0.03437   0.05009   0.02502   0.16436   0.09180   0.06044   0.13165   0.10411   6.72724   1.46427   1.34485   1.61926   1.17508  
 56 44.6125   2042.589482  x:  0.08560   0.00426   0.21679   0.00357   0.05163   0.02627   0.08957   0.05500   0.06343   0.11177   0.02898   0.13795   0.01047   0.15082   0.04865   0.03517   0.03464   0.05013   0.02499   0.15959   0.09592   0.06056   0.13386   0.10421   6.94151   1.53906   1.34983   1.63273   1.19682  
 57 68.4510   2042.581372  x:  0.08558   0.00421   0.21676   0.00357   0.05162   0.02627   0.08959   0.05500   0.06344   0.11177   0.02898   0.13855   0.01051   0.15107   0.04886   0.03567   0.03457   0.05015   0.02499   0.15918   0.09278   0.05982   0.13429   0.10419   6.94765   1.54123   1.34989   1.63305   1.19744  
 58  9.8472   2042.475656  x:  0.08548   0.00425   0.21755   0.00331   0.05156   0.02629   0.08880   0.05462   0.06304   0.10931   0.02862   0.13705   0.01052   0.15274   0.04923   0.03605   0.03443   0.05002   0.02491   0.16096   0.09230   0.06020   0.13195   0.10409   7.30611   1.50679   1.32620   1.59483   1.20282  
 59  0.2451   2042.472489  x:  0.08565   0.00424   0.21702   0.00323   0.05161   0.02628   0.08909   0.05476   0.06328   0.11028   0.02875   0.13761   0.01054   0.15228   0.04909   0.03595   0.03447   0.05010   0.02497   0.15998   0.09253   0.06003   0.13279   0.10425   7.34097   1.50600   1.32630   1.59751   1.20049  
 60  0.0326   2042.472458  x:  0.08563   0.00423   0.21709   0.00321   0.05161   0.02628   0.08912   0.05478   0.06327   0.11028   0.02873   0.13760   0.01055   0.15235   0.04911   0.03596   0.03447   0.05011   0.02497   0.16008   0.09250   0.06006   0.13278   0.10423   7.34546   1.50617   1.32642   1.59800   1.20065  
 61  0.0039   2042.472457  x:  0.08563   0.00423   0.21709   0.00320   0.05161   0.02628   0.08911   0.05477   0.06327   0.11027   0.02873   0.13759   0.01055   0.15235   0.04911   0.03596   0.03447   0.05011   0.02497   0.16007   0.09251   0.06005   0.13278   0.10423   7.34545   1.50623   1.32646   1.59803   1.20064  
 62  0.0000   2042.472457  x:  0.08563   0.00423   0.21709   0.00320   0.05161   0.02628   0.08911   0.05477   0.06327   0.11027   0.02873   0.13760   0.01055   0.15235   0.04911   0.03596   0.03447   0.05011   0.02497   0.16007   0.09250   0.06006   0.13278   0.10424   7.34520   1.50621   1.32645   1.59801   1.20064  
 63  0.0002   2042.472457  x:  0.08563   0.00423   0.21709   0.00320   0.05161   0.02628   0.08911   0.05477   0.06327   0.11027   0.02873   0.13760   0.01055   0.15235   0.04911   0.03596   0.03447   0.05011   0.02497   0.16007   0.09250   0.06006   0.13278   0.10424   7.34520   1.50621   1.32644   1.59801   1.20064  
 64  0.0000   2042.472457  x:  0.08563   0.00423   0.21709   0.00320   0.05161   0.02628   0.08911   0.05477   0.06327   0.11027   0.02873   0.13760   0.01055   0.15235   0.04911   0.03596   0.03447   0.05011   0.02497   0.16007   0.09250   0.06006   0.13278   0.10424   7.34520   1.50621   1.32644   1.59801   1.20064  