

TREE # 1

  0  0.0000   2227.126272  x:  0.07268   0.00000   0.08408   0.01641   0.06708   0.06980   0.05043   0.04809   0.09343   0.08989   0.06881   0.15290   0.01015   0.05082   0.01638   0.05705   0.06153   0.05527   0.05625   0.06332   0.11818   0.05357   0.15054   0.09130   2.00000   1.41929   0.82262   1.30028   0.40000  
  1 99.0000   2208.831167  x:  0.09281   0.13000   0.10730   0.01665   0.05074   0.05270   0.06216   0.02676   0.08719   0.12091   0.05572   0.18220   0.02781   0.11427   0.01144   0.03407   0.04769   0.06679   0.04619   0.07198   0.12087   0.04914   0.18001   0.11143   2.01078   1.41814   0.82769   1.30225   0.42179  
  2 687.2392   2196.770195  x:  0.10656   0.10828   0.12182   0.02180   0.03474   0.03333   0.06886   0.00910   0.08024   0.14679   0.03985   0.20985   0.00725   0.13862   0.01980   0.00886   0.03394   0.07356   0.03825   0.07877   0.12463   0.04371   0.21144   0.12518   2.02864   1.41552   0.83788   1.30489   0.45221  
  3 250.1975   2190.569074  x:  0.11835   0.09174   0.13391   0.01939   0.02786   0.02393   0.07385   0.02776   0.07516   0.16818   0.03152   0.23454   0.00000   0.16068   0.01694   0.02091   0.02894   0.07835   0.03482   0.08387   0.12811   0.04117   0.23937   0.13697   2.04742   1.41299   0.84815   1.30767   0.48131  
  4 400.8445   2185.245332  x:  0.12966   0.06935   0.14476   0.01011   0.03798   0.03727   0.07473   0.02338   0.07456   0.18857   0.04153   0.26236   0.01798   0.18466   0.00533   0.02387   0.03737   0.08025   0.03977   0.08641   0.13107   0.04239   0.27118   0.14828   2.07631   1.40941   0.86350   1.31173   0.51913  
  5 307.9070   2184.046712  x:  0.13188   0.06529   0.14673   0.01241   0.04304   0.04261   0.07356   0.02277   0.07587   0.19300   0.04736   0.27084   0.02158   0.19215   0.01740   0.02730   0.04119   0.07933   0.04246   0.08573   0.13157   0.04440   0.28047   0.15050   2.08953   1.40792   0.87029   1.31345   0.53323  
  6 287.3646   2181.332203  x:  0.12580   0.06851   0.13950   0.03096   0.05026   0.04605   0.06347   0.02194   0.08527   0.18640   0.05984   0.28244   0.00451   0.20073   0.00968   0.02976   0.04558   0.06823   0.04742   0.07459   0.12860   0.04774   0.29062   0.14442   2.14288   1.40265   0.89655   1.31940   0.57258  
  7 119.5619   2178.232553  x:  0.11900   0.07131   0.13094   0.01965   0.04858   0.04524   0.05969   0.02261   0.08919   0.17641   0.06122   0.28636   0.00000   0.20241   0.01123   0.02818   0.04468   0.06291   0.04740   0.06872   0.12612   0.04776   0.29336   0.13762   2.18915   1.39883   0.91796   1.32441   0.60075  
  8 220.4852   2171.873875  x:  0.10913   0.07661   0.10886   0.03586   0.04070   0.03761   0.09030   0.01548   0.07931   0.13918   0.06056   0.27669   0.00000   0.18309   0.00968   0.03611   0.04252   0.09793   0.04288   0.10010   0.12543   0.04121   0.27855   0.12775   2.40349   1.39069   0.99846   1.34935   0.69062  
  9 195.0618   2168.402170  x:  0.11777   0.07921   0.11764   0.04770   0.04439   0.04364   0.08680   0.03476   0.07198   0.14339   0.04852   0.26050   0.00000   0.16530   0.00997   0.01456   0.03693   0.09896   0.04204   0.10415   0.12831   0.04813   0.26103   0.13639   2.53245   1.39349   1.03234   1.36540   0.71900  
 10 204.7958   2163.740041  x:  0.13485   0.08116   0.14078   0.05553   0.03962   0.03849   0.06836   0.02180   0.06770   0.16550   0.02677   0.23292   0.00000   0.14055   0.00963   0.02911   0.03336   0.08606   0.03950   0.09771   0.13407   0.05324   0.23406   0.15347   2.72546   1.40454   1.07037   1.39016   0.74121  
 11 345.8325   2160.838041  x:  0.14318   0.08011   0.15639   0.05168   0.03052   0.02355   0.07029   0.02325   0.07315   0.18340   0.05274   0.21594   0.00000   0.13626   0.01049   0.02805   0.03746   0.08049   0.03876   0.09239   0.13631   0.04032   0.22160   0.16180   2.87103   1.42108   1.08383   1.40973   0.73545  
 12 239.7504   2155.303179  x:  0.14440   0.07840   0.16940   0.03433   0.02980   0.05979   0.09551   0.01978   0.09040   0.20787   0.06067   0.19963   0.00000   0.15826   0.01161   0.03285   0.03449   0.08509   0.04131   0.08721   0.13490   0.02219   0.21517   0.16302   3.20777   1.47140   1.09259   1.45614   0.69133  
 13 292.4631   2149.774998  x:  0.14042   0.07398   0.17383   0.01326   0.04614   0.05741   0.11399   0.01500   0.09448   0.22170   0.06784   0.19710   0.00000   0.18731   0.00996   0.03474   0.04360   0.09428   0.04720   0.09043   0.13269   0.06286   0.21979   0.15904   3.56719   1.53138   1.08992   1.50579   0.62916  
 14 686.3566   2141.877860  x:  0.12638   0.06361   0.15604   0.02364   0.06535   0.03883   0.08288   0.01803   0.06820   0.20685   0.05289   0.24014   0.00000   0.21571   0.01093   0.03146   0.05426   0.08913   0.04259   0.09600   0.12858   0.03902   0.25512   0.14500   3.98536   1.61857   1.05341   1.56255   0.52618  
 15 337.0683   2140.170352  x:  0.12897   0.06042   0.14930   0.03202   0.04214   0.04325   0.07613   0.01931   0.07977   0.19558   0.05657   0.25589   0.00000   0.21330   0.01013   0.03219   0.03800   0.08743   0.04603   0.09562   0.13100   0.04895   0.26813   0.14759   4.07312   1.64381   1.03030   1.57322   0.50730  
 16 138.9329   2139.467647  x:  0.13644   0.06375   0.14465   0.03239   0.04048   0.04257   0.08579   0.01981   0.08708   0.18686   0.05175   0.26313   0.00000   0.19859   0.01029   0.03044   0.04902   0.08430   0.04078   0.08728   0.13371   0.04963   0.27545   0.15506   4.11500   1.66525   0.99723   1.57501   0.51875  
 17 42.9391   2138.939713  x:  0.13983   0.06801   0.14206   0.02849   0.04853   0.04130   0.08684   0.01833   0.08275   0.18356   0.05488   0.26584   0.00000   0.18530   0.01035   0.03152   0.04028   0.08474   0.04711   0.08637   0.13305   0.04772   0.27927   0.15845   4.14781   1.68495   0.96463   1.57399   0.53603  
 18 62.5491   2138.703922  x:  0.13693   0.06953   0.14164   0.02698   0.04491   0.04523   0.08037   0.01817   0.07723   0.18603   0.05828   0.26458   0.00000   0.18249   0.01029   0.03160   0.04248   0.08636   0.04238   0.09181   0.13062   0.04942   0.27861   0.15555   4.16310   1.69540   0.94737   1.57081   0.54742  
 19 36.3087   2138.596073  x:  0.13222   0.06816   0.14193   0.02843   0.04370   0.04329   0.07925   0.01891   0.08109   0.18981   0.05522   0.26170   0.00000   0.18653   0.01032   0.03076   0.04403   0.08733   0.04608   0.09366   0.12908   0.04882   0.27547   0.15084   4.16929   1.70139   0.93836   1.56514   0.55339  
 20 15.1169   2138.524449  x:  0.12956   0.06629   0.14221   0.03021   0.04520   0.04223   0.08079   0.01899   0.08211   0.19102   0.05470   0.25949   0.00000   0.19112   0.01023   0.03095   0.04119   0.08647   0.04212   0.09188   0.12912   0.04926   0.27279   0.14818   4.17313   1.70523   0.93358   1.55896   0.55652  
 21 16.3740   2138.416789  x:  0.12984   0.06409   0.14293   0.03151   0.04234   0.04272   0.08294   0.01889   0.07597   0.18760   0.05448   0.25716   0.00000   0.19821   0.01016   0.03101   0.04147   0.08442   0.04446   0.08757   0.13096   0.04976   0.26941   0.14846   4.18041   1.70966   0.93125   1.54495   0.55941  
 22 11.1075   2138.100344  x:  0.13733   0.06114   0.14588   0.02929   0.04471   0.04204   0.07620   0.01886   0.08039   0.17557   0.05435   0.25537   0.00000   0.20789   0.01041   0.03080   0.04183   0.08561   0.04349   0.09236   0.13383   0.04811   0.26564   0.15595   4.20449   1.71808   0.93332   1.49906   0.56351  
 23 17.9736   2137.394587  x:  0.13394   0.06330   0.14634   0.02827   0.04413   0.04290   0.08178   0.01876   0.08030   0.18599   0.05488   0.26688   0.00000   0.19073   0.01064   0.03084   0.04171   0.08325   0.04371   0.09230   0.12294   0.04917   0.27714   0.15256   4.25665   1.72134   0.94542   1.40644   0.56293  
 24 23.9604   2137.023702  x:  0.13084   0.06417   0.13879   0.02716   0.04431   0.04295   0.07789   0.01899   0.08064   0.19382   0.05544   0.26832   0.00000   0.18566   0.01068   0.03026   0.04197   0.09189   0.04373   0.08654   0.14231   0.04888   0.28271   0.14946   4.28465   1.70813   0.94479   1.38108   0.56472  
 25 17.9898   2134.539088  x:  0.13371   0.05689   0.11368   0.02498   0.04298   0.04116   0.08236   0.01905   0.08000   0.20155   0.05341   0.26558   0.00000   0.19100   0.01100   0.02855   0.03978   0.05956   0.04493   0.10776   0.15917   0.04737   0.29874   0.15232   4.44950   1.57740   0.90965   1.32312   0.58346  
 26 25.7184   2128.734959  x:  0.13875   0.03441   0.11674   0.02056   0.03743   0.03503   0.06717   0.01997   0.08029   0.19034   0.04763   0.27511   0.00000   0.20430   0.01261   0.02541   0.03695   0.07718   0.04247   0.08305   0.12856   0.04430   0.32377   0.15736   4.83140   1.26777   0.82362   1.21224   0.62877  
 27 219.4424   2127.942527  x:  0.12827   0.03246   0.14554   0.01797   0.03747   0.03542   0.06980   0.01959   0.08118   0.17978   0.04732   0.29462   0.00000   0.20031   0.01279   0.02485   0.03667   0.07125   0.04296   0.08720   0.14110   0.04389   0.31760   0.14688   4.88510   1.24181   0.82053   1.20925   0.63768  
 28 42.9432   2125.113930  x:  0.13377   0.02197   0.12420   0.01043   0.03502   0.03377   0.06666   0.01933   0.08175   0.19381   0.04904   0.36412   0.00000   0.20156   0.01341   0.02299   0.03482   0.07194   0.04243   0.08415   0.13768   0.04292   0.25888   0.15238   5.03354   1.31244   0.88708   1.28507   0.67662  
 29 18.4367   2119.192581  x:  0.12176   0.00369   0.13769   0.00717   0.02773   0.02661   0.05487   0.02088   0.08012   0.17492   0.03992   0.32784   0.00000   0.19744   0.01442   0.01795   0.02891   0.06816   0.04028   0.07612   0.13277   0.04076   0.33401   0.14036   5.33826   1.54487   1.06898   1.48756   0.76319  
 30 62.7710   2114.875743  x:  0.12231   0.00000   0.13723   0.02259   0.03748   0.03305   0.06651   0.02244   0.07546   0.17260   0.04059   0.32191   0.00000   0.16662   0.01332   0.01766   0.03567   0.07048   0.03888   0.07637   0.12993   0.04492   0.32866   0.14091   5.81972   1.62395   1.11581   1.55298   0.81105  
 31  0.6995   2111.639737  x:  0.12439   0.00826   0.13371   0.00771   0.04687   0.04282   0.07370   0.02096   0.07416   0.16720   0.05106   0.30092   0.00000   0.12382   0.01301   0.02001   0.04210   0.07468   0.04102   0.08182   0.12709   0.04747   0.31712   0.14299   6.58257   1.68274   1.10595   1.58184   0.84278  
 32  1.0669   2111.638472  x:  0.12439   0.00826   0.13370   0.00770   0.04688   0.04283   0.07371   0.02096   0.07416   0.16719   0.05107   0.30089   0.00056   0.12379   0.01301   0.02002   0.04210   0.07469   0.04102   0.08183   0.12709   0.04747   0.31710   0.14299   6.58350   1.68279   1.10593   1.58186   0.84281  
 33  3.6314   2110.486047  x:  0.12477   0.00000   0.13269   0.00820   0.04644   0.04313   0.07336   0.02007   0.07542   0.16736   0.05190   0.29558   0.00066   0.13125   0.01282   0.02091   0.04195   0.07444   0.04172   0.08253   0.12751   0.04755   0.30618   0.14336   6.87730   1.68349   1.09477   1.57566   0.85081  
 34  2.4711   2108.766590  x:  0.11846   0.00259   0.13089   0.01771   0.03968   0.04045   0.06337   0.01876   0.08192   0.16261   0.05007   0.27714   0.00216   0.13729   0.01204   0.02280   0.03845   0.07085   0.04381   0.07839   0.12901   0.04659   0.26679   0.13704   7.88283   1.69832   1.06749   1.57833   0.85419  
 35  1.0079   2107.990224  x:  0.12034   0.00000   0.13002   0.01362   0.04034   0.03882   0.06737   0.01966   0.08191   0.16571   0.05002   0.27363   0.00093   0.14495   0.01253   0.02141   0.03895   0.07091   0.04306   0.07845   0.13041   0.04544   0.27230   0.13891   8.31543   1.67712   1.07154   1.57091   0.84869  
 36  0.5477   2107.990224  x:  0.12034   0.00000   0.13002   0.01362   0.04034   0.03882   0.06737   0.01966   0.08191   0.16571   0.05002   0.27363   0.00093   0.14495   0.01253   0.02141   0.03895   0.07091   0.04306   0.07845   0.13041   0.04544   0.27230   0.13891   8.31543   1.67712   1.07154   1.57091   0.84869  
 37  0.7811   2107.880107  x:  0.12085   0.00276   0.13123   0.01016   0.03944   0.03803   0.06779   0.01989   0.08100   0.16637   0.04944   0.27494   0.00125   0.14581   0.01313   0.02073   0.03824   0.07150   0.04223   0.07896   0.13030   0.04518   0.27403   0.13942   8.31559   1.67692   1.07197   1.57090   0.84832  
 38 31.3533   2107.835052  x:  0.12142   0.00358   0.13216   0.01085   0.03914   0.03748   0.06815   0.01993   0.08016   0.16718   0.04930   0.27632   0.00000   0.14664   0.01285   0.02055   0.03781   0.07205   0.04165   0.07946   0.13020   0.04498   0.27605   0.13999   8.31579   1.67667   1.07255   1.57089   0.84785  
 39 21.5907   2107.765828  x:  0.12321   0.00094   0.13438   0.01001   0.03887   0.03713   0.06891   0.01976   0.07810   0.16983   0.04922   0.28109   0.00000   0.14988   0.01337   0.02132   0.03748   0.07337   0.04105   0.08081   0.12987   0.04489   0.28368   0.14178   8.31660   1.67570   1.07484   1.57079   0.84596  
 40 34.8633   2107.736335  x:  0.12371   0.00167   0.13505   0.00977   0.03999   0.03873   0.06845   0.01979   0.07887   0.17074   0.04976   0.28402   0.00000   0.15130   0.01282   0.02111   0.03860   0.07277   0.04262   0.08046   0.12977   0.04528   0.28823   0.14228   8.31730   1.67498   1.07666   1.57065   0.84441  
 41 17.4436   2107.724731  x:  0.12343   0.00168   0.13462   0.01019   0.03982   0.03830   0.06798   0.01978   0.08012   0.17055   0.04979   0.28545   0.00000   0.15120   0.01387   0.02066   0.03836   0.07184   0.04257   0.07961   0.12986   0.04524   0.29038   0.14200   8.31792   1.67441   1.07820   1.57046   0.84310  
 42  9.5035   2107.715504  x:  0.12303   0.00140   0.13392   0.01011   0.03943   0.03773   0.06770   0.01987   0.08108   0.17013   0.04965   0.28656   0.00000   0.15071   0.01294   0.02077   0.03808   0.07119   0.04224   0.07892   0.12999   0.04501   0.29202   0.14160   8.31862   1.67380   1.07984   1.57024   0.84168  
 43 14.6250   2107.707911  x:  0.12256   0.00167   0.13288   0.01035   0.03941   0.03804   0.06797   0.01999   0.08095   0.16937   0.04954   0.28731   0.00000   0.14958   0.01311   0.02193   0.03829   0.07164   0.04215   0.07905   0.13021   0.04499   0.29297   0.14113   8.31972   1.67296   1.08213   1.56993   0.83964  
 44  7.0173   2107.699799  x:  0.12222   0.00142   0.13169   0.01051   0.03964   0.03849   0.06833   0.01974   0.08028   0.16859   0.04958   0.28783   0.00000   0.14826   0.01305   0.02103   0.03844   0.07240   0.04234   0.07957   0.13036   0.04508   0.29358   0.14079   8.32122   1.67186   1.08505   1.56955   0.83698  
 45 12.2169   2107.693187  x:  0.12296   0.00141   0.13166   0.01048   0.04007   0.03780   0.06788   0.02022   0.07981   0.16879   0.05017   0.28732   0.00000   0.14812   0.01301   0.02114   0.03825   0.07180   0.04281   0.07992   0.13019   0.04562   0.29280   0.14153   8.32353   1.67053   1.08849   1.56919   0.83355  
 46  4.7562   2107.688187  x:  0.12356   0.00148   0.13197   0.01048   0.03984   0.03806   0.06769   0.01938   0.07995   0.16921   0.05012   0.28675   0.00000   0.14843   0.01302   0.02131   0.03833   0.07148   0.04262   0.07987   0.13008   0.04542   0.29196   0.14213   8.32564   1.66944   1.09123   1.56895   0.83068  
 47 11.0036   2107.684724  x:  0.12381   0.00141   0.13234   0.01051   0.03958   0.03855   0.06789   0.01995   0.08032   0.16958   0.04978   0.28629   0.00000   0.14891   0.01308   0.02117   0.03846   0.07160   0.04233   0.07962   0.13006   0.04500   0.29133   0.14238   8.32741   1.66865   1.09315   1.56884   0.82856  
 48 11.3015   2107.682613  x:  0.12337   0.00147   0.13275   0.01041   0.03974   0.03813   0.06830   0.01986   0.08068   0.16976   0.04961   0.28604   0.00000   0.14958   0.01309   0.02117   0.03839   0.07223   0.04267   0.07936   0.13024   0.04506   0.29103   0.14194   8.32913   1.66818   1.09410   1.56893   0.82716  
 49  3.7660   2107.680894  x:  0.12261   0.00154   0.13313   0.01029   0.03972   0.03828   0.06811   0.01989   0.08039   0.16968   0.04994   0.28595   0.00000   0.15015   0.01309   0.02111   0.03823   0.07208   0.04227   0.07958   0.13046   0.04523   0.29099   0.14118   8.33146   1.66789   1.09441   1.56926   0.82606  
 50  2.6685   2107.678923  x:  0.12228   0.00156   0.13340   0.01029   0.03938   0.03810   0.06790   0.01992   0.07996   0.16943   0.04951   0.28599   0.00000   0.15026   0.01314   0.02108   0.03853   0.07168   0.04268   0.07989   0.13048   0.04482   0.29105   0.14085   8.33522   1.66772   1.09409   1.56993   0.82503  
 51  3.1355   2107.663518  x:  0.12282   0.00154   0.13417   0.01011   0.04053   0.03840   0.06833   0.01980   0.07974   0.16774   0.04849   0.28647   0.00000   0.14930   0.01318   0.02114   0.03731   0.07127   0.04251   0.07971   0.12987   0.04464   0.29149   0.14139   8.36798   1.66693   1.08957   1.57601   0.81819  
 52  7.9690   2107.646795  x:  0.12352   0.00151   0.13431   0.01010   0.03947   0.03792   0.06854   0.01988   0.08016   0.16696   0.04974   0.28688   0.00000   0.14850   0.01316   0.02093   0.03865   0.07202   0.04201   0.07936   0.12957   0.04534   0.29175   0.14209   8.40431   1.66624   1.08469   1.58239   0.81146  
 53 49.8566   2107.633657  x:  0.12329   0.00147   0.13272   0.01046   0.03891   0.03832   0.06740   0.01992   0.08052   0.16934   0.05015   0.28685   0.00000   0.14887   0.01306   0.02110   0.03763   0.07272   0.04279   0.07982   0.13024   0.04490   0.29139   0.14186   8.43380   1.66610   1.08195   1.58618   0.80843  
 54 21.3265   2107.622276  x:  0.12286   0.00143   0.13143   0.01075   0.04010   0.03790   0.06769   0.01982   0.08034   0.17153   0.04940   0.28667   0.00000   0.14944   0.01300   0.02105   0.03863   0.07207   0.04202   0.07993   0.13073   0.04499   0.29106   0.14143   8.46004   1.66618   1.08067   1.58847   0.80735  
 55 31.2998   2107.595026  x:  0.12230   0.00123   0.13153   0.01132   0.03897   0.03856   0.07070   0.01968   0.07924   0.17266   0.04967   0.28606   0.00000   0.14998   0.01280   0.02119   0.03807   0.07015   0.04290   0.07875   0.13013   0.04610   0.29108   0.14086   8.52484   1.66697   1.08153   1.59056   0.80938  
 56 26.2006   2107.412394  x:  0.12150   0.00046   0.13662   0.01234   0.04110   0.03790   0.06941   0.01957   0.07795   0.17070   0.05276   0.28315   0.00000   0.15087   0.01266   0.02159   0.03852   0.07175   0.04267   0.07688   0.12610   0.04131   0.29333   0.14006   8.96268   1.67317   1.09364   1.59900   0.82944  
 57 114.9464   2107.288684  x:  0.12246   0.00057   0.13808   0.01291   0.03959   0.03814   0.06660   0.01982   0.07958   0.16911   0.04855   0.28290   0.00000   0.15114   0.01227   0.02125   0.03834   0.07342   0.04196   0.07967   0.12682   0.04621   0.29500   0.14102   9.26126   1.67776   1.10261   1.60357   0.84325  
 58 407.1478   2107.228708  x:  0.12441   0.00185   0.13491   0.01160   0.03926   0.03746   0.06906   0.01988   0.08050   0.16955   0.04962   0.28589   0.00000   0.15023   0.01253   0.02079   0.03771   0.07256   0.04160   0.08228   0.13143   0.04466   0.29548   0.14297   9.40573   1.68083   1.10714   1.60395   0.84917  
 59 133.3628   2107.215257  x:  0.12472   0.00227   0.13368   0.01113   0.03906   0.03739   0.06835   0.01993   0.07875   0.17063   0.04930   0.28806   0.00000   0.14945   0.01266   0.02066   0.03766   0.07307   0.04146   0.08002   0.13150   0.04484   0.29496   0.14328   9.43783   1.68235   1.10778   1.60255   0.84974  
 60 35.7366   2107.205380  x:  0.12427   0.00215   0.13403   0.01096   0.03905   0.03733   0.06859   0.01994   0.07944   0.17182   0.04938   0.29122   0.00000   0.14850   0.01270   0.02068   0.03767   0.07308   0.04136   0.08095   0.12913   0.04492   0.29338   0.14283   9.46178   1.68543   1.10688   1.59826   0.84859  
 61 11.1716   2107.194095  x:  0.12454   0.00166   0.13540   0.01140   0.03925   0.03747   0.06850   0.01989   0.07931   0.17075   0.04943   0.29285   0.00000   0.14925   0.01261   0.02075   0.03775   0.07303   0.04152   0.08067   0.13125   0.04495   0.29226   0.14309   9.48951   1.69079   1.10398   1.58988   0.84567  
 62  9.7920   2107.188430  x:  0.12474   0.00206   0.13418   0.01138   0.03916   0.03737   0.06860   0.01991   0.07920   0.17063   0.04937   0.29049   0.00000   0.14982   0.01262   0.02071   0.03768   0.07317   0.04140   0.08084   0.13039   0.04493   0.29423   0.14330   9.50369   1.69330   1.10188   1.58422   0.84357  
 63  6.2275   2107.187686  x:  0.12466   0.00204   0.13466   0.01131   0.03917   0.03738   0.06860   0.01991   0.07925   0.17118   0.04938   0.28998   0.00000   0.14902   0.01264   0.02069   0.03769   0.07315   0.04140   0.08082   0.13066   0.04497   0.29468   0.14321   9.50572   1.69296   1.10137   1.58317   0.84334  
 64  1.6606   2107.181587  x:  0.12471   0.00202   0.13453   0.01132   0.03921   0.03741   0.06860   0.01992   0.07929   0.17102   0.04938   0.29034   0.00000   0.14930   0.01267   0.02072   0.03771   0.07313   0.04146   0.08081   0.13065   0.04495   0.29456   0.14327   9.52562   1.67518   1.09236   1.56947   0.84345  
 65  0.8802   2107.171735  x:  0.12419   0.00157   0.13397   0.01096   0.03948   0.03784   0.06856   0.01986   0.07968   0.17077   0.04972   0.28927   0.00000   0.14949   0.01292   0.02096   0.03798   0.07257   0.04199   0.08021   0.13048   0.04495   0.29399   0.14275   9.64982   1.67727   1.09283   1.57517   0.84109  
 66  0.1136   2107.171608  x:  0.12419   0.00155   0.13412   0.01100   0.03946   0.03779   0.06856   0.01986   0.07961   0.17075   0.04967   0.28926   0.00000   0.14950   0.01284   0.02092   0.03796   0.07261   0.04191   0.08023   0.13041   0.04494   0.29399   0.14275   9.66246   1.67730   1.09288   1.57535   0.84118  
 67  0.0119   2107.171608  x:  0.12419   0.00155   0.13413   0.01100   0.03946   0.03778   0.06856   0.01986   0.07960   0.17076   0.04968   0.28927   0.00000   0.14950   0.01284   0.02092   0.03796   0.07262   0.04191   0.08024   0.13041   0.04493   0.29400   0.14275   9.66324   1.67731   1.09289   1.57535   0.84122  
 68  0.0008   2107.171608  x:  0.12419   0.00155   0.13413   0.01100   0.03946   0.03778   0.06856   0.01986   0.07961   0.17076   0.04968   0.28927   0.00000   0.14950   0.01284   0.02092   0.03796   0.07262   0.04191   0.08024   0.13041   0.04493   0.29400   0.14275   9.66327   1.67731   1.09289   1.57535   0.84122  
 69  0.0000   2107.171608  x:  0.12419   0.00155   0.13413   0.01100   0.03946   0.03778   0.06856   0.01986   0.07961   0.17076   0.04968   0.28927   0.00000   0.14950   0.01284   0.02092   0.03796   0.07262   0.04191   0.08024   0.13041   0.04493   0.29400   0.14275   9.66327   1.67731   1.09289   1.57535   0.84122  