

TREE # 1

  0  0.0000   2279.858646  x:  0.01972   0.20925   0.02571   0.03211   0.02495   0.05815   0.02188   0.05666   0.08536   0.02661   0.17168   0.01972   0.20925   0.02571   0.03211   0.02495   0.05815   0.02188   0.05666   0.08536   0.02661   0.17168   0.21568   8.40433   1.36057   1.31529   1.30184   1.00000  
  1 99.0000   2171.332245  x:  0.01723   0.21029   0.01021   0.03998   0.01481   0.06696   0.01858   0.05631   0.08099   0.02119   0.16527   0.00000   0.21080   0.04870   0.01722   0.00725   0.24103   0.04175   0.05326   0.09000   0.01710   0.16854   0.21745   8.40404   1.35955   1.31325   1.30416   1.00025  
  2 1371.2230   2169.585440  x:  0.01734   0.21069   0.00674   0.04058   0.01378   0.06861   0.01889   0.05634   0.07967   0.02136   0.16294   0.00000   0.21134   0.04879   0.01338   0.00000   0.24084   0.04000   0.05238   0.09107   0.01468   0.16740   0.21806   8.40392   1.35916   1.31246   1.30503   1.00033  
  3 186.2233   2168.693898  x:  0.01777   0.21296   0.01409   0.04253   0.01518   0.07488   0.01843   0.05679   0.07310   0.02546   0.14865   0.00000   0.21470   0.05077   0.00330   0.00000   0.24007   0.04197   0.05087   0.09610   0.01310   0.16056   0.22176   8.40312   1.35655   1.30721   1.31078   1.00090  
  4 91.9787   2167.726011  x:  0.01857   0.21701   0.01207   0.04388   0.01450   0.08234   0.01870   0.05704   0.06332   0.02410   0.12210   0.00000   0.22104   0.05341   0.00923   0.00000   0.23847   0.04844   0.05377   0.10353   0.01366   0.14802   0.22859   8.40144   1.35125   1.29641   1.32240   1.00207  
  5 109.9125   2167.339733  x:  0.01924   0.21896   0.01117   0.04036   0.01614   0.07640   0.01794   0.05651   0.06813   0.02063   0.10964   0.00000   0.22504   0.05035   0.00684   0.00000   0.23940   0.04593   0.05460   0.10206   0.01860   0.14194   0.23254   8.39970   1.34612   1.28590   1.33337   1.00316  
  6 48.5559   2167.101962  x:  0.01938   0.22013   0.01256   0.04038   0.01360   0.07172   0.01933   0.05624   0.07223   0.02426   0.10528   0.00000   0.22781   0.04870   0.00856   0.00000   0.23999   0.04471   0.05480   0.09935   0.01430   0.13905   0.23516   8.39781   1.34084   1.27498   1.34449   1.00424  
  7 51.4887   2166.691932  x:  0.01916   0.22140   0.01159   0.04542   0.01900   0.07078   0.01605   0.05669   0.07393   0.02380   0.10906   0.00000   0.23229   0.05269   0.01007   0.00000   0.23956   0.04443   0.05204   0.09429   0.01140   0.13781   0.23904   8.39261   1.32709   1.24659   1.37283   1.00694  
  8 51.9486   2166.266577  x:  0.01870   0.22203   0.01163   0.04611   0.01515   0.07307   0.02079   0.05683   0.07246   0.02283   0.11610   0.00000   0.23585   0.05547   0.00963   0.00000   0.23922   0.04427   0.04962   0.09143   0.01594   0.13860   0.24185   8.38647   1.31144   1.21441   1.40453   1.00990  
  9 145.5883   2166.066070  x:  0.01845   0.22145   0.01216   0.04159   0.01296   0.07480   0.01697   0.05653   0.07016   0.02241   0.11952   0.00000   0.23561   0.05230   0.00956   0.00000   0.23956   0.04433   0.05091   0.09357   0.01560   0.14064   0.24137   8.38314   1.30393   1.19914   1.41906   1.01116  
 10 80.4850   2165.991577  x:  0.01841   0.22071   0.01200   0.03977   0.01534   0.07513   0.01876   0.05633   0.06915   0.02264   0.12036   0.00000   0.23425   0.04993   0.00961   0.00000   0.24004   0.04433   0.05226   0.09589   0.01474   0.14220   0.24001   8.38141   1.30074   1.19278   1.42473   1.01157  
 11 53.1581   2165.926851  x:  0.01862   0.21868   0.01167   0.04293   0.01496   0.07341   0.01843   0.05602   0.06962   0.02313   0.11877   0.00000   0.22946   0.04952   0.00923   0.00000   0.24005   0.04427   0.05369   0.09983   0.01567   0.14492   0.23554   8.37857   1.29742   1.18669   1.42898   1.01159  
 12 19.0477   2165.892798  x:  0.01851   0.21708   0.01190   0.04148   0.01475   0.07324   0.01868   0.05635   0.07022   0.02223   0.11679   0.00000   0.22530   0.05171   0.00918   0.00000   0.23976   0.04484   0.05242   0.09962   0.01471   0.14584   0.23178   8.37581   1.29534   1.18333   1.43023   1.01125  
 13 13.6819   2165.873635  x:  0.01906   0.21634   0.01142   0.04127   0.01509   0.07442   0.01837   0.05644   0.06993   0.02368   0.11584   0.00000   0.22290   0.05122   0.00959   0.00000   0.24000   0.04435   0.05174   0.09768   0.01549   0.14527   0.22967   8.37298   1.29388   1.18139   1.42988   1.01073  
 14  9.5953   2165.852790  x:  0.01852   0.21594   0.01209   0.04228   0.01486   0.07522   0.01857   0.05629   0.06923   0.02239   0.11555   0.00000   0.22121   0.04969   0.00966   0.00000   0.24025   0.04394   0.05189   0.09582   0.01510   0.14390   0.22821   8.36866   1.29207   1.17934   1.42844   1.00984  
 15 10.8574   2165.678107  x:  0.02078   0.21691   0.01117   0.04169   0.01471   0.07191   0.01871   0.05504   0.06670   0.02260   0.11955   0.00000   0.21768   0.05195   0.00766   0.00000   0.24068   0.04516   0.05686   0.09545   0.01465   0.13309   0.22562   8.32375   1.27545   1.16268   1.40928   1.00041  
 16 13.3045   2165.378646  x:  0.01362   0.21885   0.00960   0.04133   0.01498   0.07250   0.01837   0.05666   0.06952   0.02444   0.12142   0.00000   0.21735   0.05176   0.00772   0.00000   0.24182   0.04597   0.05510   0.09879   0.01549   0.12715   0.22535   8.24940   1.24883   1.13638   1.37723   0.98529  
 17 89.9883   2164.703548  x:  0.02010   0.22367   0.00986   0.04255   0.01437   0.07717   0.01870   0.06012   0.07675   0.02225   0.12207   0.00000   0.22038   0.04878   0.00988   0.00000   0.24540   0.04526   0.04703   0.10563   0.01449   0.12503   0.22801   8.06725   1.18453   1.07324   1.29915   0.94915  
 18 336.6654   2164.142007  x:  0.01845   0.22534   0.01006   0.04223   0.01468   0.07669   0.01868   0.05526   0.07156   0.02268   0.11625   0.00000   0.22629   0.05308   0.00983   0.00000   0.24843   0.03934   0.05211   0.10029   0.01385   0.13797   0.23270   7.91649   1.13367   1.02406   1.23715   0.92188  
 19 224.9154   2164.041344  x:  0.01846   0.22409   0.00814   0.04263   0.01442   0.07452   0.01872   0.05614   0.06962   0.02311   0.11504   0.00000   0.22761   0.05130   0.00776   0.00000   0.24837   0.04483   0.05186   0.09753   0.01378   0.14109   0.23383   7.88801   1.12594   1.01723   1.22806   0.91894  
 20 71.4964   2163.600929  x:  0.01903   0.20295   0.00774   0.04290   0.01396   0.07461   0.01884   0.07001   0.06834   0.02324   0.11430   0.00000   0.23126   0.05242   0.00741   0.00000   0.25110   0.04190   0.05606   0.09692   0.01343   0.13975   0.23901   7.75047   1.11482   1.01693   1.21992   0.93416  
 21 23.0028   2162.463953  x:  0.01926   0.17221   0.00560   0.04322   0.01389   0.07735   0.01893   0.05243   0.07027   0.02369   0.11429   0.00000   0.23544   0.05233   0.00795   0.00000   0.25672   0.04243   0.05033   0.10001   0.01249   0.13436   0.24618   7.42007   1.09657   1.02346   1.20972   0.97557  
 22 198.8942   2158.414730  x:  0.01828   0.20829   0.00000   0.04365   0.01252   0.07504   0.01934   0.05538   0.06354   0.02368   0.11324   0.00000   0.22613   0.05303   0.00863   0.00000   0.27592   0.03638   0.04443   0.10238   0.01029   0.13679   0.24025   6.37426   1.06497   1.05368   1.19843   1.10492  
 23 290.2280   2158.414730  x:  0.01828   0.20829   0.00000   0.04365   0.01252   0.07504   0.01934   0.05538   0.06354   0.02368   0.11324   0.00000   0.22613   0.05303   0.00863   0.00000   0.27592   0.03638   0.04443   0.10238   0.01029   0.13679   0.24025   6.37426   1.06497   1.05368   1.19843   1.10492  
 24 93.2334   2155.455087  x:  0.01728   0.21214   0.07262   0.04649   0.00772   0.08267   0.01598   0.05678   0.06940   0.03114   0.11392   0.00000   0.22582   0.06355   0.00000   0.00000   0.36991   0.05009   0.05110   0.10191   0.00923   0.13993   0.23754   6.37409   1.07297   1.05396   1.20081   1.09985  
 25 212.0665   2152.409346  x:  0.01768   0.21446   0.07593   0.04673   0.02228   0.08532   0.02002   0.05685   0.07067   0.02303   0.11431   0.00000   0.22569   0.06668   0.02193   0.00000   0.42348   0.05436   0.05561   0.10198   0.00921   0.14159   0.23587   6.37401   1.07864   1.05420   1.20246   1.09619  
 26 281.6376   2144.487013  x:  0.01848   0.21896   0.04559   0.04432   0.01650   0.08713   0.01924   0.05456   0.06961   0.00414   0.11492   0.00000   0.22553   0.06645   0.01402   0.00000   0.52219   0.04691   0.05187   0.10172   0.00874   0.14416   0.23273   6.37390   1.09055   1.05489   1.20648   1.08804  
 27 299.0192   2137.283778  x:  0.01913   0.22483   0.00000   0.04144   0.01142   0.08861   0.01912   0.05224   0.06825   0.01944   0.11559   0.00000   0.22536   0.06537   0.00736   0.00000   0.64524   0.03734   0.04713   0.10146   0.00881   0.14712   0.22887   6.37377   1.10599   1.05583   1.21179   1.07738  
 28 1273.3015   2137.088013  x:  0.01838   0.22446   0.00095   0.04201   0.00995   0.08505   0.01868   0.05312   0.06629   0.01983   0.11532   0.00000   0.22546   0.06071   0.00976   0.00000   0.64847   0.03302   0.04331   0.10165   0.00981   0.14618   0.22899   6.37378   1.10868   1.05628   1.21315   1.07504  
 29 42.2909   2137.004758  x:  0.01796   0.22384   0.00114   0.04303   0.01230   0.08223   0.01861   0.05425   0.06537   0.01988   0.11505   0.00000   0.22551   0.05761   0.00853   0.00000   0.64969   0.03331   0.04162   0.10178   0.00964   0.14516   0.22926   6.37380   1.11129   1.05681   1.21460   1.07265  
 30 41.2314   2136.911984  x:  0.01798   0.22249   0.00064   0.04435   0.01081   0.07845   0.01856   0.05576   0.06487   0.01982   0.11464   0.00000   0.22557   0.05476   0.00899   0.00000   0.65059   0.03697   0.04171   0.10196   0.00977   0.14334   0.22988   6.37385   1.11634   1.05792   1.21752   1.06791  
 31 38.8010   2136.668643  x:  0.02076   0.21745   0.00094   0.04247   0.01104   0.07274   0.02032   0.05526   0.06537   0.01987   0.11356   0.00000   0.22569   0.05531   0.00787   0.00000   0.65076   0.03523   0.04740   0.10226   0.01244   0.13761   0.23229   6.37406   1.13833   1.06321   1.23062   1.04684  
 32 33.3269   2136.386915  x:  0.01986   0.21256   0.00102   0.04151   0.01104   0.07199   0.01777   0.05416   0.06618   0.02001   0.11262   0.00000   0.22577   0.05722   0.00841   0.00000   0.65020   0.03404   0.04862   0.10241   0.00742   0.13308   0.23457   6.37429   1.16347   1.06969   1.24599   1.02236  
 33 124.4411   2136.003000  x:  0.01612   0.20689   0.00075   0.04276   0.01153   0.07729   0.01610   0.05320   0.06708   0.02000   0.11188   0.00000   0.22610   0.06100   0.00876   0.00000   0.64869   0.03560   0.04376   0.10238   0.01103   0.12983   0.23721   6.37464   1.20197   1.08050   1.27029   0.98418  
 34 182.4855   2135.822774  x:  0.01844   0.20613   0.00102   0.04377   0.01086   0.08132   0.02073   0.05362   0.06681   0.02008   0.11233   0.00000   0.22625   0.06081   0.00866   0.00000   0.64768   0.03628   0.04089   0.10224   0.00983   0.13137   0.23773   6.37479   1.22063   1.08663   1.28286   0.96508  
 35 144.2183   2135.658850  x:  0.02192   0.20974   0.00113   0.04429   0.01115   0.08458   0.01777   0.05557   0.06570   0.02011   0.11392   0.00000   0.22643   0.05766   0.00869   0.00000   0.64640   0.03641   0.04291   0.10194   0.01047   0.13843   0.23638   6.37488   1.23633   1.09409   1.29545   0.94764  
 36 64.5020   2135.565275  x:  0.01799   0.21412   0.00123   0.04358   0.01090   0.08387   0.01911   0.05582   0.06556   0.02005   0.11479   0.00000   0.22645   0.05653   0.00835   0.00000   0.64556   0.03632   0.04530   0.10177   0.01031   0.14390   0.23438   6.37488   1.24424   1.09999   1.30367   0.93774  
 37 49.1242   2135.506381  x:  0.01871   0.21919   0.00133   0.04319   0.01108   0.07996   0.01876   0.05406   0.06672   0.02004   0.11515   0.00000   0.22617   0.05920   0.00853   0.00000   0.64502   0.03706   0.04334   0.10183   0.01021   0.14638   0.23191   6.37480   1.24756   1.10667   1.31079   0.93166  
 38 22.2931   2135.451166  x:  0.01874   0.22384   0.00121   0.04582   0.01097   0.08057   0.01887   0.05623   0.06710   0.01996   0.11410   0.00000   0.22556   0.06012   0.00854   0.00000   0.64494   0.03611   0.04402   0.10223   0.01012   0.14213   0.22911   6.37449   1.24677   1.11918   1.32157   0.92727  
 39 11.9003   2135.410976  x:  0.01887   0.22525   0.00139   0.04292   0.01108   0.08197   0.01881   0.05529   0.06632   0.02000   0.11367   0.00000   0.22531   0.05848   0.00856   0.00000   0.64508   0.03709   0.04385   0.10228   0.01028   0.13916   0.22803   6.37418   1.24529   1.12983   1.33053   0.92490  
 40 23.6481   2135.368538  x:  0.01883   0.22039   0.00139   0.04472   0.01110   0.08174   0.01882   0.05288   0.06645   0.02008   0.11485   0.00000   0.22579   0.05781   0.00861   0.00000   0.64561   0.03694   0.04431   0.10160   0.01030   0.14101   0.23046   6.37362   1.24288   1.14353   1.34234   0.92469  
 41 12.2583   2135.350972  x:  0.01878   0.21780   0.00134   0.04369   0.01110   0.08122   0.01884   0.05511   0.06658   0.02008   0.11510   0.00000   0.22605   0.05876   0.00866   0.00000   0.64584   0.03680   0.04386   0.10158   0.01023   0.14248   0.23188   6.37331   1.24224   1.14932   1.34764   0.92540  
 42 17.6546   2135.337152  x:  0.01886   0.21802   0.00141   0.04386   0.01111   0.08135   0.01883   0.05489   0.06572   0.02010   0.11218   0.00000   0.22597   0.05908   0.00862   0.00000   0.64567   0.03701   0.04399   0.10378   0.01020   0.14343   0.23283   6.37251   1.24653   1.15230   1.35348   0.93212  
 43  2.7561   2135.307532  x:  0.01879   0.21936   0.00154   0.04379   0.01111   0.08175   0.01882   0.05511   0.06851   0.02009   0.11281   0.00000   0.22571   0.05834   0.00865   0.00000   0.64506   0.03721   0.04396   0.10209   0.01026   0.14318   0.23334   6.37047   1.25814   1.15805   1.36642   0.94935  
 44 10.7392   2135.297741  x:  0.01869   0.21955   0.00161   0.04398   0.01111   0.08168   0.01881   0.05515   0.06652   0.02012   0.11449   0.00000   0.22565   0.05914   0.00862   0.00000   0.64484   0.03747   0.04412   0.10130   0.01018   0.14280   0.23275   6.36975   1.26206   1.15998   1.37028   0.95500  
 45 12.9274   2135.294843  x:  0.01869   0.21871   0.00163   0.04400   0.01111   0.08173   0.01880   0.05517   0.06681   0.02013   0.11528   0.00000   0.22576   0.05909   0.00860   0.00000   0.64473   0.03753   0.04415   0.10253   0.01018   0.14279   0.23102   6.36938   1.26308   1.16095   1.37016   0.95616  
 46  1.6305   2135.290097  x:  0.01877   0.21757   0.00170   0.04407   0.01111   0.08174   0.01879   0.05522   0.06678   0.02016   0.11403   0.00000   0.22591   0.05919   0.00858   0.00000   0.64452   0.03769   0.04424   0.10134   0.01017   0.14312   0.22891   6.36853   1.26426   1.16295   1.36815   0.95704  
 47  1.4762   2135.269863  x:  0.01861   0.21869   0.00202   0.04435   0.01110   0.08193   0.01872   0.05550   0.06718   0.02023   0.11466   0.00000   0.22583   0.05960   0.00849   0.00000   0.64368   0.03846   0.04467   0.10189   0.01010   0.14280   0.23220   6.36427   1.26704   1.17079   1.35701   0.95797  
 48  1.9221   2135.217551  x:  0.01840   0.21724   0.00295   0.04517   0.01120   0.08226   0.01852   0.05625   0.06818   0.02049   0.11445   0.00000   0.22552   0.06081   0.00841   0.00000   0.64162   0.04070   0.04597   0.10188   0.00995   0.14224   0.23233   6.35059   1.25152   1.15430   1.35763   0.94921  
 49  0.8981   2135.217176  x:  0.01841   0.21733   0.00296   0.04517   0.01121   0.08226   0.01852   0.05625   0.06818   0.02049   0.11444   0.00000   0.22662   0.06082   0.00842   0.00000   0.64157   0.04070   0.04597   0.10188   0.00993   0.14217   0.23235   6.35010   1.25154   1.15429   1.35766   0.94918  
 50  0.1804   2135.173256  x:  0.01847   0.21743   0.00308   0.04490   0.01221   0.08144   0.01881   0.05624   0.06759   0.02144   0.11430   0.00000   0.22565   0.05990   0.01030   0.00000   0.63454   0.03999   0.04604   0.10200   0.00999   0.14204   0.23211   6.27623   1.25933   1.15899   1.36163   0.94583  
 51  0.2884   2135.156417  x:  0.01845   0.21748   0.00330   0.04489   0.01171   0.08111   0.01850   0.05623   0.06731   0.02245   0.11427   0.00000   0.22584   0.05944   0.00985   0.00000   0.62685   0.03937   0.04536   0.10199   0.00994   0.14192   0.23216   6.31129   1.26002   1.16012   1.36358   0.94680  
 52  0.0213   2135.154571  x:  0.01847   0.21734   0.00316   0.04494   0.01173   0.08134   0.01869   0.05619   0.06747   0.02280   0.11429   0.00000   0.22573   0.05973   0.00963   0.00000   0.62607   0.03945   0.04561   0.10197   0.01000   0.14192   0.23222   6.28498   1.25776   1.15860   1.36162   0.94710  
 53  0.0180   2135.154156  x:  0.01846   0.21739   0.00303   0.04495   0.01178   0.08136   0.01869   0.05621   0.06746   0.02297   0.11430   0.00000   0.22574   0.05974   0.00967   0.00000   0.62618   0.03954   0.04566   0.10198   0.00999   0.14197   0.23222   6.29892   1.25782   1.15858   1.36167   0.94733  
 54  0.0103   2135.154106  x:  0.01846   0.21740   0.00300   0.04496   0.01176   0.08132   0.01865   0.05622   0.06744   0.02301   0.11429   0.00000   0.22575   0.05970   0.00967   0.00000   0.62623   0.03956   0.04562   0.10198   0.00999   0.14196   0.23221   6.29466   1.25815   1.15879   1.36197   0.94704  
 55  0.0042   2135.154106  x:  0.01846   0.21739   0.00300   0.04496   0.01176   0.08132   0.01865   0.05622   0.06744   0.02301   0.11429   0.00000   0.22575   0.05970   0.00968   0.00000   0.62623   0.03956   0.04562   0.10198   0.00999   0.14195   0.23221   6.29472   1.25813   1.15879   1.36197   0.94705  
 56  0.0001   2135.154106  x:  0.01846   0.21739   0.00300   0.04496   0.01176   0.08132   0.01865   0.05622   0.06744   0.02301   0.11429   0.00000   0.22575   0.05970   0.00968   0.00000   0.62623   0.03956   0.04562   0.10198   0.00999   0.14195   0.23221   6.29472   1.25813   1.15878   1.36197   0.94705  

TREE # 2

  0  0.0000   2605.847056  x:  0.01846   0.21739   0.00300   0.04496   0.01176   0.08132   0.01865   0.05622   0.06744   0.02301   0.11429   0.00000   0.22575   0.05970   0.00968   0.00000   0.62623   0.03956   0.04562   0.10198   0.00999   0.14195   0.23221   6.29472   1.23686   1.06673   1.25521   0.94705  
  1 99.0000   2442.615869  x:  0.05592   0.21482   0.16249   0.07329   0.01397   0.08006   0.04145   0.05274   0.06550   0.02628   0.13815   0.26072   0.22417   0.06918   0.11049   0.17336   0.62143   0.04268   0.04584   0.09917   0.00935   0.13978   0.22717   6.29475   1.23660   1.06693   1.25558   0.94700  
  2 10101.4321   2355.802795  x:  0.12962   0.18989   0.16808   0.13122   0.00635   0.07242   0.08912   0.02539   0.05696   0.00000   0.23630   0.24396   0.20366   0.08693   0.13346   0.15745   0.59380   0.05350   0.05061   0.08321   0.00696   0.12738   0.19759   6.29491   1.23510   1.06945   1.25671   0.94632  
  3 765.6178   2331.538237  x:  0.12387   0.15785   0.17700   0.13629   0.02828   0.06767   0.07390   0.00000   0.05490   0.00000   0.25801   0.23878   0.17749   0.09090   0.15166   0.14818   0.56368   0.05332   0.04796   0.07201   0.01587   0.11741   0.16677   6.29503   1.23355   1.07207   1.25769   0.94579  
  4 443.1590   2271.457465  x:  0.10149   0.03360   0.20696   0.13548   0.00000   0.05145   0.03861   0.00000   0.06534   0.00000   0.29828   0.22867   0.07770   0.09632   0.20490   0.11527   0.44769   0.05148   0.03983   0.04175   0.00551   0.08377   0.04949   6.29537   1.22840   1.08092   1.26131   0.94408  
  5 1318.3622   2256.927734  x:  0.10044   0.00000   0.21311   0.13254   0.00255   0.05098   0.04470   0.00000   0.07123   0.00000   0.29906   0.22796   0.05244   0.09560   0.21366   0.10671   0.41644   0.05178   0.03940   0.04045   0.00274   0.07772   0.02032   6.29541   1.22728   1.08287   1.26223   0.94379  
  6 2048.8807   2253.288539  x:  0.10030   0.00000   0.21624   0.13096   0.00180   0.05091   0.04812   0.00000   0.07407   0.00000   0.29902   0.22771   0.03941   0.09520   0.21801   0.10222   0.39981   0.05207   0.03937   0.04054   0.00739   0.07496   0.00654   6.29543   1.22670   1.08387   1.26272   0.94365  
  7 3800.7644   2244.956079  x:  0.10112   0.00000   0.22514   0.12776   0.00181   0.05095   0.05196   0.00000   0.07941   0.00000   0.29981   0.22694   0.00495   0.09498   0.23066   0.08916   0.35066   0.05287   0.03930   0.04163   0.00895   0.06864   0.01115   6.29548   1.22504   1.08671   1.26421   0.94328  
  8 509.5887   2200.880103  x:  0.11641   0.00000   0.27762   0.11125   0.00192   0.05171   0.05109   0.00000   0.10239   0.00000   0.29557   0.22434   0.00827   0.10383   0.30612   0.00584   0.02722   0.05759   0.03974   0.05519   0.00930   0.04722   0.01305   6.29568   1.21469   1.10409   1.27395   0.94154  
  9 484.7671   2198.484652  x:  0.11670   0.00000   0.27884   0.11127   0.00185   0.05175   0.05112   0.00000   0.10302   0.00000   0.29547   0.22073   0.00806   0.10416   0.30949   0.00836   0.00423   0.05799   0.03965   0.05540   0.00916   0.04859   0.01296   6.29569   1.21402   1.10526   1.27466   0.94145  
 10 810.6418   2197.836638  x:  0.11677   0.00000   0.29390   0.11333   0.00104   0.05298   0.05520   0.00000   0.10682   0.00000   0.28820   0.20136   0.00882   0.10466   0.33505   0.00932   0.00582   0.06085   0.04129   0.05843   0.00884   0.05965   0.01347   6.29565   1.20870   1.11522   1.28107   0.94068  
 11 26.3432   2197.622301  x:  0.12124   0.00000   0.29876   0.11539   0.00119   0.05275   0.05460   0.00000   0.10889   0.00000   0.28297   0.19408   0.00937   0.10340   0.34105   0.01193   0.00652   0.05979   0.04057   0.05814   0.00917   0.05460   0.01379   6.29559   1.20657   1.11980   1.28437   0.94043  
 12 42.8958   2197.348581  x:  0.12604   0.00000   0.30503   0.12369   0.00123   0.05264   0.05282   0.00000   0.10514   0.00000   0.27620   0.19088   0.00854   0.09974   0.34016   0.01038   0.00624   0.05654   0.03898   0.05322   0.00914   0.05713   0.01325   6.29538   1.20392   1.12728   1.29084   0.94032  
 13 24.3247   2196.390217  x:  0.12145   0.00000   0.32428   0.12856   0.00000   0.05388   0.05891   0.00000   0.08550   0.00000   0.27814   0.18316   0.00943   0.09722   0.32744   0.01029   0.00562   0.06003   0.04351   0.04913   0.00850   0.05033   0.01325   6.29450   1.19575   1.15600   1.31696   0.94018  
 14 29.3489   2194.076224  x:  0.13658   0.00000   0.36516   0.12056   0.00038   0.04872   0.04899   0.00000   0.07469   0.00000   0.29918   0.17009   0.00682   0.10078   0.28594   0.01192   0.00590   0.06737   0.04179   0.06024   0.00653   0.05637   0.01055   6.29206   1.17903   1.22852   1.38495   0.94008  
 15 103.1990   2192.248517  x:  0.13250   0.00000   0.38913   0.11809   0.00090   0.04601   0.05551   0.00000   0.09291   0.00000   0.32199   0.16331   0.01001   0.10498   0.25803   0.01304   0.00604   0.05793   0.03533   0.04611   0.00917   0.05998   0.01341   6.29009   1.17246   1.28223   1.43722   0.94009  
 16 143.7222   2191.119095  x:  0.12692   0.00000   0.38797   0.13373   0.00054   0.05866   0.05125   0.00000   0.10729   0.00000   0.33471   0.16472   0.01026   0.10554   0.25072   0.01362   0.00581   0.05352   0.04877   0.05168   0.00902   0.05931   0.01327   6.28873   1.18100   1.30854   1.46690   0.94060  
 17 65.2793   2187.775592  x:  0.11831   0.00000   0.34743   0.16413   0.00020   0.05656   0.05321   0.00000   0.11489   0.00000   0.35591   0.17874   0.01101   0.10217   0.26592   0.01353   0.00579   0.07268   0.02693   0.06301   0.00849   0.05617   0.01342   6.28509   1.23478   1.35659   1.53322   0.94340  
 18 65.0212   2180.674177  x:  0.13593   0.00000   0.24631   0.17544   0.00182   0.02942   0.05580   0.00000   0.10678   0.00000   0.39387   0.20986   0.01003   0.10112   0.31681   0.01546   0.00661   0.08297   0.04816   0.04556   0.00829   0.06088   0.01330   6.27740   1.36474   1.44567   1.66506   0.95018  
 19 239.9481   2177.095999  x:  0.15273   0.00000   0.19251   0.16781   0.00043   0.05347   0.05656   0.00000   0.08915   0.00000   0.41992   0.22385   0.00863   0.10570   0.34892   0.01735   0.00770   0.07190   0.04156   0.03409   0.00738   0.06408   0.01206   6.27320   1.44088   1.49006   1.73378   0.95411  
 20 381.6603   2176.192574  x:  0.15295   0.00000   0.18653   0.16877   0.00000   0.04962   0.05953   0.00000   0.08108   0.00000   0.42820   0.22356   0.00838   0.10707   0.35494   0.01792   0.00783   0.05305   0.03843   0.04285   0.00666   0.06439   0.01160   6.27225   1.46377   1.49441   1.74487   0.95537  
 21 94.8970   2176.192574  x:  0.15295   0.00000   0.18653   0.16877   0.00000   0.04962   0.05953   0.00000   0.08108   0.00000   0.42820   0.22356   0.00838   0.10707   0.35494   0.01792   0.00783   0.05305   0.03843   0.04285   0.00666   0.06439   0.01160   6.27225   1.46377   1.49441   1.74487   0.95537  
 22 37.7670   2172.590136  x:  0.15498   0.00000   0.18558   0.17027   0.02413   0.05126   0.06255   0.00000   0.07972   0.00000   0.42966   0.22023   0.01113   0.10755   0.35345   0.01856   0.00629   0.05421   0.03911   0.04420   0.00996   0.06550   0.01429   6.27226   1.46386   1.49410   1.74458   0.95543  
 23 920.4146   2166.297232  x:  0.16569   0.00000   0.18045   0.17681   0.02213   0.05383   0.07734   0.00000   0.07247   0.00000   0.43753   0.20214   0.02004   0.10974   0.34531   0.02169   0.00000   0.05994   0.04225   0.05049   0.01562   0.07107   0.02193   6.27226   1.46447   1.49234   1.74300   0.95564  
 24 251.0266   2156.215859  x:  0.21075   0.00000   0.15702   0.20538   0.01984   0.06336   0.12779   0.00000   0.04209   0.00000   0.47390   0.11642   0.03447   0.11718   0.30675   0.03910   0.04021   0.07955   0.05179   0.07006   0.01364   0.09123   0.02773   6.27225   1.46745   1.48396   1.73527   0.95655  
 25 688.4479   2148.198005  x:  0.23349   0.00000   0.14243   0.22136   0.02161   0.06479   0.13871   0.00000   0.04137   0.00000   0.50030   0.05127   0.02078   0.11823   0.27721   0.02510   0.03133   0.07937   0.04890   0.06761   0.00383   0.09406   0.01126   6.27227   1.46994   1.47707   1.72851   0.95724  
 26 308.1969   2146.426702  x:  0.23942   0.00000   0.13848   0.22566   0.02162   0.06491   0.13997   0.00824   0.04201   0.00000   0.50812   0.03337   0.01556   0.11828   0.26842   0.02114   0.03067   0.07850   0.04775   0.06603   0.00683   0.09409   0.00874   6.27227   1.47069   1.47493   1.72643   0.95744  
 27 894.0559   2145.792189  x:  0.24204   0.00000   0.13663   0.22774   0.02150   0.06411   0.13765   0.00778   0.04213   0.00000   0.51342   0.02610   0.01242   0.11797   0.26266   0.01949   0.03131   0.07672   0.04644   0.06366   0.00707   0.09284   0.01475   6.27227   1.47118   1.47335   1.72491   0.95758  
 28 209.7734   2143.589641  x:  0.25900   0.00000   0.12677   0.24110   0.02115   0.05800   0.11934   0.00653   0.03535   0.00000   0.55304   0.02600   0.02293   0.11695   0.22186   0.02402   0.03027   0.06569   0.04062   0.05008   0.01143   0.08378   0.01370   6.27232   1.47452   1.46093   1.71340   0.95871  
 29 104.5822   2143.036772  x:  0.26333   0.00000   0.12518   0.24444   0.02144   0.05763   0.11576   0.01020   0.03540   0.00000   0.56458   0.03081   0.02303   0.11663   0.21117   0.02517   0.02889   0.06493   0.04160   0.05022   0.00678   0.08263   0.01587   6.27233   1.47546   1.45697   1.70980   0.95905  
 30 186.0776   2142.353422  x:  0.26920   0.00000   0.12473   0.24896   0.02137   0.05879   0.11155   0.00802   0.03918   0.00000   0.58419   0.03643   0.01563   0.11584   0.19564   0.02518   0.02815   0.06715   0.04648   0.05620   0.00956   0.08297   0.01554   6.27237   1.47701   1.44956   1.70307   0.95962  
 31 142.9411   2141.943446  x:  0.26509   0.00000   0.13508   0.24615   0.02110   0.06141   0.10464   0.00809   0.04454   0.00000   0.60535   0.03364   0.02152   0.11459   0.19374   0.02318   0.02950   0.07129   0.04716   0.06158   0.00906   0.08484   0.01578   6.27245   1.47848   1.43783   1.69225   0.96036  
 32 41.4104   2141.428034  x:  0.25626   0.00000   0.14690   0.23979   0.02133   0.06255   0.10353   0.00885   0.03562   0.00000   0.63616   0.03264   0.01730   0.11357   0.19901   0.02651   0.02718   0.07427   0.04455   0.06144   0.00884   0.08776   0.01508   6.27263   1.48031   1.41782   1.67335   0.96148  
 33 65.0767   2140.935495  x:  0.24786   0.00000   0.14577   0.23326   0.02146   0.05921   0.11590   0.00843   0.04080   0.00000   0.66900   0.03510   0.01721   0.11553   0.21025   0.02373   0.02894   0.07047   0.04637   0.05418   0.00934   0.08812   0.01543   6.27293   1.48106   1.39103   1.64704   0.96272  
 34 58.7166   2140.693840  x:  0.24356   0.00000   0.13464   0.23054   0.02142   0.06036   0.11432   0.00856   0.04015   0.00000   0.67861   0.03459   0.01780   0.11653   0.21828   0.02419   0.02880   0.06737   0.04494   0.06201   0.00920   0.08270   0.01543   6.27328   1.47836   1.37170   1.62622   0.96316  
 35 32.3395   2140.409656  x:  0.24297   0.00000   0.12516   0.23162   0.02130   0.06261   0.10747   0.00863   0.03918   0.00000   0.67744   0.03432   0.01841   0.11622   0.22359   0.02401   0.02821   0.07597   0.04997   0.05753   0.00919   0.08545   0.01554   6.27398   1.46882   1.34078   1.59056   0.96324  
 36 30.5130   2139.679487  x:  0.24980   0.00000   0.12746   0.24010   0.02130   0.05993   0.10654   0.00831   0.04363   0.00000   0.66096   0.03647   0.01749   0.11517   0.22444   0.02622   0.02792   0.07726   0.03846   0.05833   0.00956   0.09377   0.01598   6.27606   1.43519   1.25736   1.49135   0.96269  
 37 66.1893   2139.192605  x:  0.25294   0.00000   0.13560   0.24379   0.02127   0.05880   0.10743   0.00842   0.03932   0.00000   0.64774   0.03650   0.01825   0.11480   0.22200   0.02173   0.02855   0.07027   0.04601   0.05993   0.00956   0.09077   0.01598   6.27756   1.40754   1.20003   1.42178   0.96196  
 38 166.0557   2139.081990  x:  0.25199   0.00000   0.13759   0.24216   0.02122   0.06080   0.10886   0.00834   0.04138   0.00000   0.64514   0.03514   0.01779   0.11525   0.21964   0.02662   0.02770   0.07028   0.04788   0.05873   0.00928   0.08618   0.01577   6.27796   1.39660   1.18770   1.40553   0.96146  
 39 51.5905   2138.925091  x:  0.24859   0.00000   0.13742   0.23596   0.02108   0.06411   0.11274   0.00821   0.04040   0.00000   0.64395   0.03598   0.01802   0.11670   0.21327   0.02352   0.02850   0.07513   0.04476   0.05777   0.00949   0.08081   0.01586   6.27858   1.37177   1.17383   1.38423   0.96001  
 40 34.8928   2138.655284  x:  0.24151   0.00000   0.13369   0.22434   0.02144   0.05836   0.11290   0.00846   0.04024   0.00000   0.64595   0.03476   0.01843   0.11737   0.20576   0.02486   0.02815   0.07386   0.04608   0.05951   0.00924   0.08775   0.01572   6.27976   1.31557   1.15408   1.34984   0.95647  
 41 42.3298   2138.462570  x:  0.24494   0.00000   0.13384   0.22873   0.02100   0.06592   0.11110   0.00829   0.04058   0.00000   0.65248   0.03556   0.01814   0.11540   0.21170   0.02444   0.02797   0.06982   0.04570   0.05817   0.00948   0.09022   0.01587   6.28067   1.26666   1.14147   1.32773   0.95304  
 42 33.0591   2138.372194  x:  0.24795   0.00000   0.13538   0.23386   0.02116   0.06103   0.10995   0.00845   0.04076   0.00000   0.65622   0.03566   0.01782   0.11525   0.21696   0.02435   0.02777   0.07281   0.04576   0.05865   0.00948   0.08638   0.01584   6.28114   1.24302   1.13547   1.31867   0.95109  
 43 34.6942   2138.359220  x:  0.24659   0.00000   0.13560   0.23537   0.02113   0.06119   0.10947   0.00846   0.04074   0.00000   0.65605   0.03563   0.01767   0.11921   0.21677   0.02435   0.02766   0.07266   0.04574   0.05861   0.00947   0.08665   0.01584   6.28144   1.24091   1.13168   1.32141   0.94912  
 44  1.8838   2138.311049  x:  0.24275   0.00000   0.13501   0.23742   0.02108   0.06108   0.11014   0.00848   0.04066   0.00000   0.65473   0.03553   0.01791   0.11520   0.21533   0.02435   0.02734   0.07257   0.04570   0.05856   0.00947   0.08641   0.01582   6.28290   1.23539   1.11594   1.33464   0.94003  
 45  4.8234   2138.260345  x:  0.25084   0.00000   0.13574   0.22932   0.02115   0.06089   0.10844   0.00850   0.04081   0.00000   0.65393   0.03575   0.01757   0.11616   0.21685   0.02425   0.02679   0.07222   0.04562   0.05826   0.00951   0.08589   0.01584   6.28472   1.23384   1.10883   1.34181   0.93135  
 46  3.3514   2137.386279  x:  0.23778   0.00000   0.13954   0.22951   0.02039   0.05947   0.10003   0.00879   0.04196   0.00000   0.64282   0.03780   0.01703   0.11482   0.21685   0.02405   0.01810   0.06883   0.04527   0.05614   0.00996   0.08254   0.01640   6.31697   1.25159   1.14690   1.34261   0.82901  
 47  2.1529   2135.952818  x:  0.22436   0.00000   0.14511   0.22200   0.01912   0.05739   0.08649   0.00910   0.04356   0.00000   0.61880   0.04067   0.01565   0.11285   0.21585   0.02349   0.00460   0.06323   0.04459   0.05262   0.01059   0.07686   0.01716   6.36047   1.26100   1.17440   1.38234   0.90657  
 48  4.7036   2135.408736  x:  0.22652   0.00000   0.14368   0.22262   0.01632   0.05872   0.10190   0.00943   0.04660   0.00000   0.61684   0.04120   0.01747   0.11347   0.21875   0.02174   0.00160   0.06676   0.04362   0.05515   0.01105   0.08062   0.01777   6.24095   1.26057   1.16145   1.36548   0.94651  
 49  0.0984   2135.329003  x:  0.22869   0.00000   0.14309   0.22358   0.01556   0.05913   0.10464   0.00945   0.04680   0.00000   0.61874   0.04118   0.01857   0.11390   0.21917   0.02210   0.00374   0.06754   0.04401   0.05599   0.01144   0.08145   0.01821   6.25152   1.25999   1.15973   1.36324   0.95701  
 50  0.0516   2135.216887  x:  0.23627   0.00000   0.14068   0.22774   0.01268   0.05981   0.10341   0.00970   0.04629   0.00000   0.63191   0.03960   0.01949   0.11495   0.21766   0.02393   0.00272   0.06783   0.04579   0.05709   0.01200   0.08203   0.01870   6.33988   1.25705   1.15477   1.35714   0.95284  
 51  0.0679   2135.166247  x:  0.23297   0.00000   0.14182   0.22620   0.01036   0.05991   0.10273   0.00974   0.04503   0.00000   0.62765   0.03927   0.01934   0.11440   0.21618   0.02307   0.00272   0.06795   0.04530   0.05661   0.01244   0.08144   0.01925   6.26895   1.25732   1.16039   1.36382   0.94407  
 52  0.0416   2135.156100  x:  0.23199   0.00000   0.14203   0.22579   0.01017   0.05961   0.10222   0.00971   0.04540   0.00000   0.62615   0.03926   0.01827   0.11420   0.21721   0.02279   0.00303   0.06741   0.04479   0.05614   0.01205   0.08133   0.01896   6.30790   1.25879   1.15865   1.36186   0.94583  
 53  0.0289   2135.154431  x:  0.23226   0.00000   0.14194   0.22568   0.01001   0.05969   0.10188   0.00972   0.04570   0.00000   0.62607   0.03939   0.01833   0.11431   0.21754   0.02309   0.00300   0.06739   0.04496   0.05620   0.01184   0.08131   0.01878   6.28821   1.25812   1.15868   1.36189   0.94741  
 54  0.0143   2135.154135  x:  0.23222   0.00000   0.14192   0.22576   0.00998   0.05972   0.10194   0.00971   0.04567   0.00000   0.62629   0.03952   0.01847   0.11430   0.21740   0.02299   0.00300   0.06746   0.04497   0.05623   0.01176   0.08130   0.01867   6.29736   1.25801   1.15887   1.36205   0.94734  
 55  0.0066   2135.154107  x:  0.23220   0.00000   0.14195   0.22576   0.00999   0.05970   0.10197   0.00969   0.04562   0.00000   0.62624   0.03956   0.01846   0.11429   0.21738   0.02301   0.00300   0.06744   0.04495   0.05621   0.01175   0.08131   0.01865   6.29437   1.25814   1.15877   1.36194   0.94701  
 56  0.0027   2135.154106  x:  0.23221   0.00000   0.14195   0.22575   0.00998   0.05970   0.10198   0.00968   0.04562   0.00000   0.62623   0.03956   0.01845   0.11429   0.21739   0.02301   0.00300   0.06745   0.04496   0.05622   0.01176   0.08132   0.01865   6.29479   1.25814   1.15879   1.36198   0.94704  
 57  0.0003   2135.154106  x:  0.23221   0.00000   0.14195   0.22575   0.00999   0.05970   0.10198   0.00968   0.04562   0.00000   0.62624   0.03956   0.01845   0.11429   0.21739   0.02301   0.00300   0.06744   0.04496   0.05622   0.01176   0.08132   0.01865   6.29471   1.25813   1.15878   1.36197   0.94706  
 58  0.0001   2135.154106  x:  0.23221   0.00000   0.14195   0.22575   0.00999   0.05970   0.10198   0.00968   0.04562   0.00000   0.62623   0.03956   0.01846   0.11429   0.21739   0.02301   0.00300   0.06744   0.04496   0.05622   0.01176   0.08132   0.01865   6.29473   1.25813   1.15878   1.36197   0.94706  
 59  0.0000   2135.154106  x:  0.23221   0.00000   0.14195   0.22575   0.00999   0.05970   0.10198   0.00968   0.04562   0.00000   0.62623   0.03956   0.01846   0.11429   0.21739   0.02301   0.00300   0.06744   0.04496   0.05622   0.01176   0.08132   0.01865   6.29472   1.25813   1.15879   1.36197   0.94705  
 60  0.0000   2135.154106  x:  0.23221   0.00000   0.14195   0.22575   0.00999   0.05970   0.10198   0.00968   0.04562   0.00000   0.62623   0.03956   0.01846   0.11429   0.21739   0.02301   0.00300   0.06744   0.04496   0.05622   0.01176   0.08132   0.01865   6.29472   1.25813   1.15878   1.36197   0.94705  
 61  0.0000   2135.154106  x:  0.23221   0.00000   0.14195   0.22575   0.00999   0.05970   0.10198   0.00968   0.04562   0.00000   0.62623   0.03956   0.01846   0.11429   0.21739   0.02301   0.00300   0.06744   0.04496   0.05622   0.01176   0.08132   0.01865   6.29472   1.25813   1.15878   1.36197   0.94705  
 62  0.0000   2135.154106  x:  0.23221   0.00000   0.14195   0.22575   0.00999   0.05970   0.10198   0.00968   0.04562   0.00000   0.62623   0.03956   0.01846   0.11429   0.21739   0.02301   0.00300   0.06744   0.04496   0.05622   0.01176   0.08132   0.01865   6.29472   1.25813   1.15878   1.36197   0.94705  