

TREE # 1

  0  0.0000   1798.269115  x:  0.01972   0.20925   0.02571   0.03211   0.02495   0.05815   0.02188   0.05666   0.08536   0.02661   0.17168   0.01972   0.20925   0.02571   0.03211   0.02495   0.05815   0.02188   0.05666   0.08536   0.02661   0.17168   0.21568   8.40433   1.59852   1.17119   1.33002   1.00000  
  1 99.0000   1785.474651  x:  0.00000   0.20736   0.01074   0.03591   0.02074   0.05908   0.01415   0.04984   0.08205   0.02511   0.16316   0.00066   0.20321   0.03502   0.02326   0.02583   0.05985   0.01264   0.05875   0.08989   0.05284   0.16384   0.21408   8.40423   1.59856   1.17067   1.33153   1.00148  
  2 347.7038   1785.311203  x:  0.00000   0.20731   0.01048   0.03597   0.02073   0.05911   0.01417   0.04969   0.08197   0.02513   0.16290   0.00000   0.20302   0.03493   0.02309   0.02583   0.05988   0.01271   0.05879   0.09000   0.05278   0.16360   0.21404   8.40422   1.59856   1.17065   1.33158   1.00153  
  3 291.4964   1782.933048  x:  0.00000   0.20336   0.01662   0.03866   0.02033   0.06075   0.01272   0.04190   0.07659   0.02726   0.13705   0.00000   0.18537   0.03094   0.02012   0.02525   0.06116   0.00431   0.06047   0.09706   0.04943   0.14138   0.21128   8.40384   1.59861   1.16850   1.33702   1.00668  
  4 191.4798   1780.647821  x:  0.00000   0.19836   0.02966   0.04124   0.01983   0.06244   0.00946   0.03383   0.06999   0.02857   0.10139   0.00000   0.16134   0.03077   0.01967   0.02485   0.06253   0.01098   0.06226   0.10561   0.05155   0.11097   0.20788   8.40328   1.59868   1.16535   1.34485   1.01406  
  5 665.7048   1780.200959  x:  0.00000   0.19779   0.02920   0.04009   0.02204   0.06223   0.01684   0.03726   0.06970   0.02612   0.09245   0.00000   0.15555   0.03419   0.02141   0.02525   0.06209   0.01081   0.06178   0.10578   0.05237   0.10303   0.20777   8.40304   1.59878   1.16394   1.34812   1.01713  
  6 114.3794   1779.864937  x:  0.00000   0.19861   0.02539   0.03709   0.02295   0.06087   0.01275   0.04450   0.07138   0.02347   0.08581   0.00000   0.15149   0.03758   0.02362   0.02562   0.06081   0.01018   0.06025   0.10308   0.04951   0.09634   0.20902   8.40266   1.59897   1.16170   1.35313   1.02188  
  7 65.1088   1779.697405  x:  0.00000   0.20155   0.02425   0.03757   0.01888   0.05974   0.01333   0.04569   0.07419   0.02807   0.08359   0.00000   0.15080   0.03903   0.02385   0.02514   0.05995   0.01011   0.05907   0.09849   0.04905   0.09264   0.21223   8.40206   1.59939   1.15817   1.36077   1.02924  
  8 31.4903   1779.330046  x:  0.00000   0.21114   0.02409   0.04084   0.02405   0.05879   0.01283   0.04102   0.07892   0.02703   0.08112   0.00000   0.15246   0.03806   0.02228   0.02551   0.05969   0.01001   0.05850   0.08893   0.04992   0.08629   0.22252   8.40004   1.60092   1.14661   1.38594   1.05390  
  9 50.4908   1778.950589  x:  0.00000   0.21956   0.02404   0.03803   0.01885   0.06088   0.01348   0.03886   0.07636   0.02112   0.07920   0.00000   0.15634   0.03679   0.02290   0.02568   0.06094   0.00993   0.06019   0.09045   0.04964   0.08425   0.23162   8.39760   1.60306   1.13379   1.41500   1.08309  
 10 76.7249   1778.559372  x:  0.00000   0.22636   0.02318   0.03567   0.02214   0.06291   0.01298   0.04156   0.07003   0.02628   0.07713   0.00000   0.16150   0.03764   0.02352   0.02527   0.06203   0.00997   0.06183   0.09907   0.04994   0.08493   0.23900   8.39458   1.60607   1.11944   1.44928   1.11846  
 11 124.1432   1778.405775  x:  0.00000   0.22376   0.02376   0.04196   0.02142   0.06015   0.01288   0.04379   0.06971   0.02506   0.07704   0.00000   0.16308   0.03878   0.02225   0.02517   0.06016   0.01007   0.05949   0.10293   0.04901   0.08690   0.23639   8.39299   1.60830   1.11517   1.46386   1.13550  
 12 43.5571   1778.105645  x:  0.00000   0.20849   0.02381   0.03708   0.02181   0.05607   0.01314   0.04055   0.07437   0.02534   0.08014   0.00000   0.16290   0.03795   0.02244   0.02617   0.05775   0.01002   0.05611   0.10311   0.04991   0.09092   0.22062   8.38915   1.61496   1.11151   1.49228   1.17354  
 13 41.7990   1777.954506  x:  0.00000   0.20012   0.02384   0.03854   0.02170   0.06044   0.01295   0.04251   0.07450   0.02533   0.08379   0.00000   0.15985   0.03723   0.02320   0.02384   0.06044   0.01005   0.05976   0.09906   0.05038   0.09284   0.21164   8.38681   1.61961   1.11232   1.50639   1.19490  
 14 52.9566   1777.919234  x:  0.00000   0.19916   0.02405   0.03886   0.02151   0.06091   0.01293   0.04294   0.07301   0.02557   0.08521   0.00000   0.15752   0.03729   0.02296   0.02683   0.06064   0.01004   0.06016   0.09773   0.05030   0.09375   0.21038   8.38599   1.62158   1.11455   1.50918   1.20097  
 15 23.0773   1777.836870  x:  0.00000   0.19963   0.02418   0.03816   0.02164   0.05933   0.01302   0.04246   0.06877   0.02541   0.08860   0.00000   0.14994   0.03796   0.02218   0.02512   0.05950   0.01008   0.05856   0.09585   0.05020   0.09675   0.21000   8.38355   1.62803   1.12444   1.51384   1.21663  
 16 24.4193   1777.714501  x:  0.00000   0.20206   0.02299   0.03902   0.02169   0.05935   0.01296   0.04244   0.07386   0.02556   0.08996   0.00000   0.14311   0.03603   0.02530   0.02540   0.05999   0.01003   0.05915   0.09945   0.05122   0.10008   0.21184   8.37887   1.64116   1.14637   1.51866   1.24312  
 17 26.5289   1777.593135  x:  0.00000   0.20329   0.02446   0.03762   0.02172   0.06074   0.01314   0.04363   0.07682   0.02536   0.08895   0.00000   0.14487   0.03771   0.01998   0.02541   0.06052   0.01019   0.06007   0.10082   0.05057   0.09984   0.21334   8.37387   1.65549   1.17006   1.52206   1.26895  
 18 43.7782   1777.409569  x:  0.00000   0.20344   0.02303   0.03884   0.02180   0.06076   0.01293   0.04199   0.07263   0.02566   0.08568   0.00000   0.15621   0.03883   0.02341   0.02552   0.06020   0.01004   0.05952   0.09916   0.05006   0.09481   0.21464   8.36523   1.68052   1.20959   1.52652   1.31019  
 19 59.9667   1777.400570  x:  0.00000   0.20344   0.02314   0.03870   0.02173   0.06003   0.01302   0.04300   0.07223   0.02565   0.08545   0.00000   0.15674   0.03709   0.02311   0.02547   0.06029   0.01007   0.05946   0.09888   0.05096   0.09446   0.21471   8.36453   1.68263   1.21097   1.52682   1.31162  
 20  8.2072   1777.281187  x:  0.00000   0.20316   0.02231   0.03868   0.02162   0.05671   0.01298   0.04245   0.07215   0.02561   0.08543   0.00000   0.15652   0.03838   0.02304   0.02538   0.06178   0.01002   0.06255   0.09892   0.05059   0.09417   0.21511   8.34512   1.74219   1.21010   1.53502   1.31090  
 21  3.7176   1777.229879  x:  0.00000   0.20318   0.02191   0.03875   0.02164   0.06043   0.01288   0.04251   0.07225   0.02559   0.08527   0.00000   0.15635   0.03774   0.02292   0.02544   0.06005   0.01002   0.05931   0.09896   0.05119   0.09416   0.21516   8.33650   1.76702   1.21004   1.53915   1.30995  
 22 48.6855   1776.990075  x:  0.00000   0.21005   0.01916   0.03898   0.02143   0.06006   0.01275   0.04208   0.07185   0.02557   0.08290   0.00000   0.15684   0.03808   0.02255   0.02556   0.06667   0.00987   0.05552   0.09815   0.05217   0.09691   0.20621   8.27748   1.80807   1.24935   1.60658   1.26941  
 23  3.5298   1776.792850  x:  0.00000   0.21130   0.01701   0.03910   0.02132   0.06044   0.01268   0.04206   0.07169   0.02556   0.08464   0.00000   0.15676   0.03744   0.02223   0.02532   0.05858   0.00986   0.06065   0.09879   0.05351   0.09569   0.20318   8.22947   1.83951   1.28106   1.66068   1.23681  
 24 112.8309   1776.693444  x:  0.00000   0.20214   0.01610   0.03922   0.02125   0.06020   0.01266   0.04224   0.07176   0.02556   0.08898   0.00000   0.15587   0.03762   0.02202   0.02535   0.06035   0.00985   0.05917   0.10033   0.05401   0.09255   0.21131   8.20417   1.85320   1.29596   1.68598   1.22159  
 25 32.3403   1776.665481  x:  0.00000   0.19864   0.01559   0.03929   0.02120   0.06036   0.01262   0.04202   0.07150   0.02560   0.08602   0.00000   0.15582   0.03751   0.02200   0.02535   0.06003   0.00981   0.05964   0.09902   0.05422   0.09596   0.21463   8.19650   1.85554   1.29874   1.69074   1.21878  
 26 11.8629   1775.605919  x:  0.00000   0.20047   0.00363   0.04002   0.02019   0.06051   0.01213   0.04146   0.07143   0.02572   0.08604   0.00000   0.15452   0.03855   0.01971   0.02551   0.06090   0.00943   0.06001   0.10020   0.05872   0.09447   0.21335   7.93500   1.82188   1.27343   1.65540   1.24709  
 27  3.7100   1775.173261  x:  0.00000   0.19918   0.00615   0.04195   0.01964   0.06135   0.01247   0.03741   0.06979   0.02583   0.08495   0.00000   0.15042   0.03776   0.01380   0.02581   0.06225   0.01020   0.06145   0.10418   0.06342   0.09173   0.21043   7.58961   1.75830   1.23189   1.59205   1.28279  
 28  0.6068   1775.083166  x:  0.00000   0.19873   0.00445   0.04258   0.01923   0.06171   0.01283   0.03705   0.07015   0.02604   0.08692   0.00000   0.15011   0.03624   0.01520   0.02585   0.06255   0.01112   0.06194   0.10521   0.06363   0.09307   0.20942   7.33809   1.72986   1.21386   1.56429   1.28735  
 29  0.3152   1775.069103  x:  0.00000   0.19846   0.00499   0.04247   0.01938   0.06177   0.01267   0.03785   0.07036   0.02603   0.08741   0.00000   0.15053   0.03592   0.01534   0.02578   0.06226   0.01183   0.06190   0.10495   0.06278   0.09375   0.20965   7.25368   1.73618   1.21955   1.56997   1.27737  
 30  0.0751   1775.067056  x:  0.00000   0.19838   0.00477   0.04241   0.01941   0.06176   0.01261   0.03763   0.07019   0.02602   0.08693   0.00000   0.15032   0.03620   0.01509   0.02577   0.06223   0.01208   0.06187   0.10488   0.06266   0.09336   0.20968   7.24434   1.73808   1.22091   1.57136   1.27433  
 31  0.0108   1775.066520  x:  0.00000   0.19849   0.00483   0.04237   0.01938   0.06173   0.01261   0.03752   0.07017   0.02601   0.08679   0.00000   0.15028   0.03637   0.01526   0.02578   0.06227   0.01223   0.06186   0.10484   0.06273   0.09323   0.20968   7.26018   1.73714   1.22013   1.57010   1.27475  
 32  0.0155   1775.066411  x:  0.00000   0.19851   0.00481   0.04237   0.01937   0.06172   0.01263   0.03760   0.07022   0.02600   0.08689   0.00000   0.15033   0.03631   0.01519   0.02579   0.06227   0.01229   0.06186   0.10484   0.06278   0.09331   0.20968   7.26670   1.73675   1.21983   1.56981   1.27557  
 33  0.0067   1775.066403  x:  0.00000   0.19847   0.00481   0.04238   0.01938   0.06173   0.01263   0.03758   0.07020   0.02601   0.08688   0.00000   0.15031   0.03627   0.01520   0.02578   0.06227   0.01230   0.06187   0.10487   0.06278   0.09329   0.20967   7.26700   1.73696   1.21998   1.57014   1.27577  
 34  0.0006   1775.066402  x:  0.00000   0.19848   0.00481   0.04239   0.01938   0.06173   0.01263   0.03758   0.07021   0.02601   0.08688   0.00000   0.15031   0.03627   0.01520   0.02578   0.06227   0.01230   0.06187   0.10487   0.06279   0.09330   0.20967   7.26691   1.73698   1.21998   1.57017   1.27580  
 35  0.0001   1775.066402  x:  0.00000   0.19848   0.00481   0.04239   0.01938   0.06173   0.01263   0.03758   0.07021   0.02601   0.08688   0.00000   0.15031   0.03627   0.01520   0.02578   0.06227   0.01230   0.06187   0.10487   0.06279   0.09330   0.20967   7.26691   1.73698   1.21998   1.57017   1.27580  
 36  0.0000   1775.066402  x:  0.00000   0.19848   0.00481   0.04239   0.01938   0.06173   0.01263   0.03758   0.07021   0.02601   0.08688   0.00000   0.15031   0.03627   0.01520   0.02578   0.06227   0.01230   0.06187   0.10487   0.06279   0.09330   0.20967   7.26691   1.73698   1.21998   1.57017   1.27580  

TREE # 2

  0  0.0000   2051.191445  x:  0.00000   0.19848   0.00481   0.04239   0.01938   0.06173   0.01263   0.03758   0.07021   0.02601   0.08688   0.00000   0.15031   0.03627   0.01520   0.02578   0.06227   0.01230   0.06187   0.10487   0.06279   0.09330   0.20967   7.26691   1.70310   1.10926   1.42955   1.27580  
  1 99.0000   1937.104272  x:  0.14715   0.19897   0.07103   0.05361   0.02716   0.06101   0.03878   0.03617   0.06955   0.02834   0.08629   0.27452   0.15123   0.04706   0.04990   0.02703   0.05915   0.02717   0.06075   0.10218   0.06028   0.09166   0.20592   7.26692   1.70297   1.10934   1.42979   1.27588  
  2 12147.2245   1860.158802  x:  0.16790   0.13824   0.11669   0.15289   0.11219   0.04234   0.14849   0.00114   0.06269   0.02098   0.06438   0.22370   0.08945   0.14629   0.22283   0.03028   0.00000   0.12105   0.03677   0.05575   0.01551   0.06332   0.13924   7.26699   1.69959   1.11541   1.43136   1.27595  
  3 692.9496   1860.158802  x:  0.16790   0.13824   0.11669   0.15289   0.11219   0.04234   0.14849   0.00114   0.06269   0.02098   0.06438   0.22370   0.08945   0.14629   0.22283   0.03028   0.00000   0.12105   0.03677   0.05575   0.01551   0.06332   0.13924   7.26699   1.69959   1.11541   1.43136   1.27595  
  4 1913.2206   1855.711140  x:  0.16824   0.13506   0.11637   0.15250   0.11083   0.04176   0.14751   0.02963   0.06278   0.02163   0.06421   0.22038   0.08624   0.14528   0.22226   0.03001   0.00419   0.11966   0.03697   0.05481   0.01615   0.06302   0.13602   7.26699   1.69943   1.11573   1.43140   1.27595  
  5 1273.0386   1802.961359  x:  0.17751   0.04971   0.10773   0.14322   0.07381   0.02145   0.11939   0.02968   0.06447   0.03401   0.05969   0.13154   0.00000   0.11849   0.20652   0.01755   0.00491   0.08182   0.03723   0.03050   0.02984   0.05539   0.04993   7.26708   1.69517   1.12427   1.43231   1.27571  
  6 325.0791   1784.749071  x:  0.18312   0.00000   0.10393   0.14083   0.06169   0.02890   0.10817   0.02904   0.06431   0.03016   0.05891   0.08154   0.00000   0.10658   0.19978   0.02810   0.00915   0.06797   0.03924   0.03202   0.02327   0.05576   0.00534   7.26711   1.69314   1.12802   1.43336   1.27556  
  7 1584.6430   1777.000299  x:  0.19090   0.00000   0.09936   0.13910   0.05139   0.03558   0.09673   0.03009   0.06362   0.02510   0.05917   0.01394   0.00000   0.09224   0.19275   0.02865   0.00238   0.05607   0.04243   0.03396   0.01801   0.05898   0.01020   7.26713   1.69064   1.13238   1.43514   1.27539  
  8 315.5347   1776.800785  x:  0.19163   0.00000   0.09898   0.13927   0.05169   0.03557   0.09649   0.02964   0.06348   0.02536   0.05941   0.01063   0.00000   0.09143   0.19248   0.02803   0.00545   0.05674   0.04256   0.03419   0.01859   0.05922   0.01065   7.26713   1.69042   1.13271   1.43539   1.27537  
  9 137.3511   1776.671342  x:  0.19425   0.00000   0.09771   0.14030   0.05406   0.03605   0.09657   0.02979   0.06290   0.02624   0.06046   0.00875   0.00000   0.08920   0.19186   0.02615   0.00438   0.06029   0.04256   0.03546   0.02025   0.06008   0.00943   7.26713   1.68965   1.13383   1.43640   1.27533  
 10 40.8820   1776.487666  x:  0.20367   0.00000   0.09293   0.14265   0.05449   0.03653   0.09367   0.02972   0.06161   0.02671   0.06241   0.01055   0.00000   0.07983   0.18842   0.02523   0.00492   0.06269   0.04308   0.03558   0.01863   0.06188   0.00966   7.26714   1.68655   1.13859   1.44004   1.27514  
 11 34.2973   1776.426151  x:  0.20897   0.00000   0.09065   0.14499   0.05461   0.03620   0.09459   0.02972   0.06189   0.02603   0.06182   0.01066   0.00000   0.07879   0.18823   0.02786   0.00481   0.06261   0.04270   0.03494   0.02111   0.06107   0.01008   7.26715   1.68424   1.14212   1.44305   1.27501  
 12 22.8723   1776.339647  x:  0.21727   0.00000   0.08794   0.14949   0.05483   0.03547   0.09788   0.02974   0.06289   0.02608   0.06020   0.01024   0.00000   0.08066   0.18999   0.02683   0.00478   0.06169   0.04223   0.03452   0.01904   0.05927   0.00985   7.26717   1.67962   1.14924   1.44941   1.27476  
 13 29.3053   1776.293682  x:  0.21985   0.00000   0.08889   0.15092   0.05332   0.03697   0.09792   0.02970   0.06282   0.02640   0.06079   0.01074   0.00000   0.08159   0.19261   0.02552   0.00498   0.06013   0.04343   0.03623   0.02033   0.06035   0.00980   7.26720   1.67574   1.15553   1.45519   1.27453  
 14 17.5391   1776.206137  x:  0.22028   0.00000   0.09248   0.15135   0.05297   0.03635   0.09647   0.02971   0.06188   0.02741   0.06275   0.01039   0.00000   0.08217   0.19890   0.02709   0.00475   0.06189   0.04340   0.03410   0.01957   0.06242   0.00984   7.26728   1.66682   1.17054   1.46936   1.27400  
 15 25.8477   1776.134720  x:  0.21718   0.00000   0.09287   0.14954   0.05470   0.03549   0.09528   0.02973   0.06208   0.02439   0.06152   0.01059   0.00000   0.08106   0.20135   0.02637   0.00485   0.06237   0.04210   0.03538   0.01965   0.06070   0.00983   7.26736   1.65936   1.18398   1.48237   1.27353  
 16 31.8587   1776.088809  x:  0.21374   0.00000   0.09146   0.14783   0.05593   0.03638   0.09578   0.02970   0.06274   0.02690   0.06031   0.01068   0.00000   0.08068   0.20061   0.02703   0.00481   0.06225   0.04230   0.03638   0.01951   0.05941   0.01020   7.26743   1.65471   1.19322   1.49179   1.27320  
 17 35.5343   1776.055017  x:  0.21059   0.00000   0.08970   0.14705   0.05563   0.03718   0.09804   0.02968   0.06272   0.02601   0.06113   0.01073   0.00000   0.08197   0.19706   0.02665   0.00486   0.06285   0.04360   0.03507   0.01963   0.06071   0.01014   7.26749   1.65224   1.19991   1.49960   1.27294  
 18 19.3168   1776.040153  x:  0.20970   0.00000   0.09051   0.14742   0.05512   0.03591   0.09871   0.02969   0.06230   0.02612   0.06183   0.01070   0.00000   0.08296   0.19403   0.02701   0.00485   0.06303   0.04266   0.03632   0.01946   0.06142   0.01021   7.26752   1.65233   1.20253   1.50376   1.27282  
 19 10.6812   1776.024073  x:  0.20970   0.00000   0.09347   0.14823   0.05618   0.03668   0.09810   0.02968   0.06215   0.02611   0.06152   0.01077   0.00000   0.08399   0.19027   0.02678   0.00492   0.06292   0.04238   0.03578   0.01953   0.06083   0.01028   7.26757   1.65435   1.20474   1.50924   1.27268  
 20  8.8414   1776.009170  x:  0.21025   0.00000   0.09428   0.14765   0.05640   0.03567   0.09745   0.02967   0.06287   0.02591   0.06090   0.01078   0.00000   0.08469   0.18939   0.02710   0.00484   0.06371   0.04457   0.03624   0.01936   0.06059   0.01028   7.26762   1.65921   1.20578   1.51551   1.27253  
 21  6.2702   1775.903825  x:  0.21333   0.00000   0.09287   0.14183   0.05667   0.03693   0.09678   0.02961   0.06434   0.02581   0.06092   0.01101   0.00000   0.08714   0.19065   0.02696   0.00495   0.06479   0.04200   0.03630   0.01937   0.06213   0.01046   7.26801   1.70022   1.21122   1.56177   1.27142  
 22 19.3077   1775.848235  x:  0.21213   0.00000   0.09276   0.14372   0.05737   0.03666   0.09958   0.02958   0.06054   0.02575   0.06217   0.01093   0.00000   0.08484   0.19281   0.02713   0.00493   0.06361   0.04308   0.03644   0.01921   0.06037   0.01049   7.26823   1.72262   1.21466   1.58490   1.27090  
 23 36.3601   1775.821895  x:  0.20973   0.00000   0.09250   0.14848   0.05662   0.03686   0.10002   0.02956   0.06252   0.02568   0.06107   0.01095   0.00000   0.08285   0.19415   0.02707   0.00493   0.06414   0.04280   0.03640   0.01922   0.06127   0.01049   7.26834   1.73405   1.21758   1.59443   1.27072  
 24 17.6578   1775.810620  x:  0.20888   0.00000   0.09095   0.15050   0.05711   0.03692   0.09800   0.02956   0.06212   0.02569   0.06184   0.01100   0.00000   0.08416   0.19453   0.02712   0.00493   0.06427   0.04284   0.03653   0.01920   0.06093   0.01057   7.26842   1.73945   1.22095   1.59579   1.27078  
 25  5.5378   1775.761483  x:  0.20946   0.00000   0.09187   0.14989   0.05786   0.03745   0.09980   0.02950   0.06050   0.02559   0.05979   0.01128   0.00000   0.08516   0.19543   0.02730   0.00498   0.06588   0.04279   0.03705   0.01908   0.06226   0.01085   7.26889   1.76465   1.24331   1.59164   1.27162  
 26  6.1889   1775.748301  x:  0.20971   0.00000   0.09254   0.14947   0.05841   0.03752   0.10083   0.02949   0.06218   0.02546   0.06180   0.01132   0.00000   0.08500   0.19568   0.02741   0.00499   0.06588   0.04284   0.03726   0.01899   0.06149   0.01094   7.26902   1.77118   1.24921   1.59028   1.27193  
 27 18.3272   1775.706987  x:  0.20970   0.00000   0.09272   0.15034   0.06254   0.03684   0.10224   0.02934   0.06249   0.02530   0.06190   0.01164   0.00000   0.08585   0.19736   0.02770   0.00506   0.06515   0.04307   0.03773   0.01888   0.06415   0.01119   7.26980   1.75501   1.23444   1.57920   1.28130  
 28  0.5006   1775.655555  x:  0.20967   0.00000   0.09324   0.15133   0.06131   0.03834   0.10386   0.02917   0.06190   0.02512   0.06220   0.01208   0.00000   0.08716   0.19922   0.02766   0.00505   0.06932   0.04269   0.03854   0.01869   0.06219   0.01181   7.27077   1.73463   1.21589   1.56544   1.29279  
 29 34.1997   1775.631176  x:  0.20937   0.00000   0.09350   0.15144   0.06195   0.03760   0.10443   0.02894   0.06192   0.02534   0.06226   0.01233   0.00000   0.08765   0.19959   0.02711   0.00514   0.06997   0.04254   0.03833   0.01898   0.06209   0.01204   7.27195   1.72981   1.21141   1.56204   1.25351  
 30  0.3833   1775.573340  x:  0.20859   0.00000   0.09377   0.15103   0.06265   0.03461   0.10490   0.02809   0.06198   0.02639   0.06225   0.01282   0.00000   0.08801   0.19947   0.02494   0.00538   0.07087   0.04208   0.03690   0.02026   0.06134   0.01250   7.27072   1.73817   1.21918   1.57000   1.27690  
 31  0.1333   1775.252398  x:  0.21448   0.00000   0.09124   0.15206   0.06324   0.03633   0.10351   0.01927   0.06136   0.02533   0.06291   0.01133   0.00000   0.08296   0.19746   0.02439   0.00526   0.07182   0.04307   0.03778   0.01876   0.06240   0.01647   7.26826   1.74489   1.23628   1.58816   1.27616  
 32  0.0097   1775.099083  x:  0.21086   0.00000   0.09260   0.15092   0.06382   0.03609   0.10473   0.01438   0.06171   0.02594   0.06246   0.01251   0.00000   0.08569   0.19793   0.02644   0.00535   0.07186   0.04230   0.03765   0.01957   0.06157   0.01438   7.26757   1.74091   1.22864   1.57943   1.27751  
 33  0.0134   1775.069102  x:  0.20926   0.00000   0.09339   0.15025   0.06307   0.03621   0.10492   0.01553   0.06191   0.02591   0.06220   0.01260   0.00000   0.08710   0.19843   0.02646   0.00501   0.07059   0.04221   0.03757   0.01952   0.06156   0.01269   7.26752   1.73687   1.22039   1.57041   1.27619  
 34  0.0160   1775.066458  x:  0.20958   0.00000   0.09334   0.15025   0.06276   0.03629   0.10483   0.01516   0.06189   0.02578   0.06224   0.01236   0.00000   0.08695   0.19848   0.02603   0.00482   0.07015   0.04237   0.03757   0.01936   0.06174   0.01262   7.26707   1.73662   1.21946   1.56961   1.27563  
 35  0.0018   1775.066406  x:  0.20968   0.00000   0.09329   0.15031   0.06277   0.03628   0.10486   0.01521   0.06187   0.02578   0.06227   0.01231   0.00000   0.08688   0.19848   0.02601   0.00481   0.07019   0.04239   0.03758   0.01938   0.06174   0.01264   7.26692   1.73702   1.22000   1.57019   1.27581  
 36  0.0009   1775.066403  x:  0.20967   0.00000   0.09330   0.15031   0.06279   0.03627   0.10487   0.01520   0.06187   0.02578   0.06227   0.01230   0.00000   0.08688   0.19848   0.02601   0.00481   0.07020   0.04239   0.03758   0.01938   0.06173   0.01263   7.26689   1.73700   1.22000   1.57020   1.27581  
 37  0.0000   1775.066402  x:  0.20967   0.00000   0.09330   0.15031   0.06279   0.03627   0.10487   0.01520   0.06187   0.02578   0.06227   0.01230   0.00000   0.08688   0.19848   0.02601   0.00481   0.07021   0.04239   0.03758   0.01938   0.06173   0.01263   7.26691   1.73698   1.21998   1.57017   1.27580  
 38  0.0000   1775.066402  x:  0.20967   0.00000   0.09330   0.15031   0.06279   0.03627   0.10487   0.01520   0.06187   0.02578   0.06227   0.01230   0.00000   0.08688   0.19848   0.02601   0.00481   0.07021   0.04239   0.03758   0.01938   0.06173   0.01263   7.26691   1.73698   1.21998   1.57017   1.27580  
 39  0.0000   1775.066402  x:  0.20967   0.00000   0.09330   0.15031   0.06279   0.03627   0.10487   0.01520   0.06187   0.02578   0.06227   0.01230   0.00000   0.08688   0.19848   0.02601   0.00481   0.07021   0.04239   0.03758   0.01938   0.06173   0.01263   7.26691   1.73698   1.21998   1.57017   1.27580  