

TREE # 1

  0  0.0000   2066.517607  x:  0.20925   0.02571   0.03211   0.02495   0.05815   0.02188   0.05666   0.08536   0.02661   0.17168   0.20925   0.02571   0.03211   0.02495   0.05815   0.02188   0.05666   0.08536   0.02661   0.17168   0.21568   8.40433   1.94781   1.21150   1.60425   1.00000  
  1 99.0000   2047.113132  x:  0.20621   0.02430   0.03037   0.02118   0.06922   0.06565   0.06286   0.11446   0.04456   0.17271   0.20700   0.04516   0.02521   0.03546   0.05191   0.00000   0.06964   0.10965   0.02559   0.17259   0.21502   8.40425   1.94717   1.21080   1.60667   1.00162  
  2 467.6054   2041.842322  x:  0.19624   0.01177   0.02304   0.01451   0.07763   0.03996   0.07287   0.15909   0.04682   0.17557   0.20027   0.04293   0.02028   0.03186   0.04303   0.00000   0.08218   0.14671   0.02112   0.17508   0.21311   8.40400   1.94516   1.20905   1.61413   1.00672  
  3 164.0343   2041.273424  x:  0.19192   0.02030   0.02606   0.02122   0.07735   0.03824   0.07403   0.16729   0.04549   0.17660   0.19766   0.03990   0.02342   0.02872   0.04436   0.00000   0.08301   0.15360   0.02249   0.17595   0.21241   8.40388   1.94404   1.20830   1.61817   1.00942  
  4 88.1686   2040.957394  x:  0.18379   0.01870   0.02683   0.01899   0.07413   0.04219   0.07148   0.17067   0.03952   0.17837   0.19304   0.03556   0.02564   0.02642   0.04890   0.00000   0.08070   0.15709   0.02391   0.17747   0.21115   8.40359   1.94153   1.20684   1.62713   1.01547  
  5 41.0407   2040.442243  x:  0.16378   0.01939   0.02702   0.01951   0.06757   0.04021   0.06639   0.17034   0.04238   0.18258   0.18166   0.03952   0.02309   0.03274   0.05158   0.00000   0.07565   0.15833   0.02338   0.18107   0.20808   8.40271   1.93383   1.20251   1.65492   1.03412  
  6 47.8625   2039.998376  x:  0.15167   0.01759   0.02425   0.02143   0.07167   0.04153   0.06826   0.16665   0.04685   0.18562   0.17378   0.03834   0.02309   0.02591   0.04516   0.00000   0.07581   0.15501   0.02511   0.18369   0.20588   8.40165   1.92529   1.19781   1.68699   1.05566  
  7 63.8570   2039.508795  x:  0.15160   0.02068   0.02686   0.01695   0.07847   0.04133   0.07357   0.16407   0.04315   0.18731   0.17082   0.03590   0.02554   0.03073   0.04322   0.00000   0.08393   0.15099   0.02310   0.18517   0.20475   8.40009   1.91388   1.19175   1.73254   1.08606  
  8 70.3773   2038.914584  x:  0.16401   0.01757   0.02625   0.02177   0.07834   0.04066   0.07556   0.16489   0.03933   0.18657   0.17489   0.04187   0.02193   0.02765   0.05065   0.00000   0.08787   0.14997   0.02350   0.18448   0.20524   8.39791   1.89947   1.18515   1.79369   1.12697  
  9 102.9764   2038.540834  x:  0.17508   0.01973   0.02531   0.01763   0.07264   0.04078   0.07160   0.16712   0.04532   0.18399   0.18115   0.03921   0.02329   0.02533   0.04991   0.00000   0.08413   0.15208   0.02289   0.18213   0.20650   8.39643   1.89124   1.18263   1.83308   1.15351  
 10 104.3828   2038.459663  x:  0.17689   0.01808   0.02547   0.02004   0.07166   0.04147   0.07027   0.16768   0.04444   0.18233   0.18373   0.03753   0.02410   0.02756   0.04639   0.00000   0.08171   0.15326   0.02259   0.18062   0.20713   8.39603   1.89026   1.18346   1.84196   1.15964  
 11 41.5053   2038.425320  x:  0.17589   0.01901   0.02623   0.01907   0.07276   0.04134   0.06994   0.16761   0.04270   0.18018   0.18608   0.03906   0.02339   0.02713   0.04485   0.00000   0.07971   0.15414   0.02312   0.17867   0.20776   8.39572   1.89159   1.18647   1.84603   1.16273  
 12 13.8165   2038.368599  x:  0.17237   0.01897   0.02540   0.01925   0.07495   0.04130   0.07089   0.16685   0.04368   0.17554   0.19055   0.03816   0.02367   0.02745   0.04733   0.00000   0.07910   0.15523   0.02179   0.17448   0.20913   8.39495   1.89699   1.19607   1.85324   1.16865  
 13 16.1445   2038.309322  x:  0.17028   0.01817   0.02629   0.01906   0.07217   0.04109   0.07139   0.16671   0.04423   0.17340   0.19299   0.03865   0.02480   0.02729   0.04694   0.00000   0.08282   0.15502   0.02418   0.17259   0.21001   8.39390   1.90605   1.21023   1.86127   1.17540  
 14 19.2159   2038.223023  x:  0.16977   0.01919   0.02568   0.01924   0.06928   0.04187   0.07127   0.16732   0.04312   0.17339   0.19367   0.03810   0.02233   0.02609   0.04551   0.00000   0.08567   0.15400   0.02130   0.17266   0.21054   8.39224   1.92114   1.23228   1.87298   1.18509  
 15 43.6011   2038.001182  x:  0.17392   0.01944   0.02332   0.01919   0.07225   0.04172   0.07008   0.17002   0.04277   0.17888   0.19065   0.04045   0.02637   0.02670   0.04583   0.00000   0.08277   0.15232   0.02069   0.17778   0.21041   8.38754   1.96552   1.29283   1.90528   1.21073  
 16 66.1297   2037.931436  x:  0.17571   0.01875   0.02616   0.01912   0.07393   0.04168   0.07065   0.17032   0.04401   0.18070   0.18924   0.03869   0.02384   0.02735   0.04658   0.00000   0.08098   0.15250   0.02257   0.17944   0.21005   8.38602   1.98031   1.31097   1.91566   1.21832  
 17 83.6876   2037.897830  x:  0.17708   0.01947   0.02442   0.01896   0.07311   0.04192   0.07284   0.16748   0.04364   0.18029   0.18711   0.03828   0.02312   0.02797   0.04648   0.00000   0.08047   0.15590   0.02382   0.17889   0.20880   8.38502   1.99194   1.31527   1.92228   1.21989  
 18 10.5579   2037.857596  x:  0.17824   0.01864   0.02641   0.01899   0.07265   0.04201   0.07347   0.16480   0.04396   0.17941   0.18478   0.03913   0.02415   0.02709   0.04629   0.00000   0.08048   0.15911   0.02202   0.17788   0.20737   8.38369   2.00794   1.31837   1.93104   1.22074  
 19 27.5226   2037.735554  x:  0.17896   0.01891   0.02580   0.01960   0.07529   0.04193   0.06633   0.16484   0.04409   0.17704   0.18271   0.03866   0.02320   0.02698   0.04625   0.00000   0.08358   0.15963   0.02295   0.17549   0.20521   8.37932   2.06100   1.32205   1.95971   1.22015  
 20 29.6053   2037.581613  x:  0.17704   0.01859   0.02561   0.01928   0.07299   0.04273   0.07131   0.17080   0.04441   0.17676   0.18559   0.03900   0.02345   0.02733   0.04617   0.00000   0.08078   0.15337   0.02279   0.17548   0.20585   8.37346   2.13048   1.32445   1.99793   1.21719  
 21 54.8222   2037.559819  x:  0.17575   0.01860   0.02565   0.01931   0.07319   0.04279   0.07099   0.16909   0.04446   0.17982   0.18921   0.03899   0.02344   0.02719   0.04616   0.00000   0.08130   0.15545   0.02258   0.17841   0.20917   8.37238   2.13823   1.32532   2.00434   1.21424  
 22  7.2513   2037.431837  x:  0.17615   0.01844   0.02551   0.01911   0.07314   0.04366   0.07126   0.17062   0.04483   0.17887   0.18429   0.03933   0.02328   0.02708   0.04604   0.00000   0.08158   0.15550   0.02260   0.17534   0.21505   8.36218   2.14453   1.34619   2.05307   1.16013  
 23  2.7089   2037.395313  x:  0.17542   0.01840   0.02547   0.01912   0.07318   0.04393   0.07128   0.17069   0.04498   0.17831   0.18785   0.03943   0.02330   0.02702   0.04603   0.00000   0.08184   0.15590   0.02239   0.17793   0.20681   8.35888   2.14541   1.35149   2.06493   1.14669  
 24  9.7948   2037.221338  x:  0.17415   0.01833   0.02539   0.01901   0.07352   0.04572   0.07145   0.17255   0.04585   0.19209   0.19033   0.04030   0.02305   0.02736   0.04597   0.00000   0.08268   0.15732   0.02224   0.16490   0.20203   8.33456   2.14150   1.35059   2.06354   1.15058  
 25  0.6928   2035.169345  x:  0.16515   0.01766   0.02450   0.01761   0.07780   0.06850   0.07317   0.19659   0.05655   0.17599   0.18105   0.05145   0.01912   0.03220   0.04501   0.00000   0.09184   0.17617   0.02224   0.18154   0.20739   8.02283   2.08973   1.32884   2.02553   1.22475  
 26 18.8886   2035.049193  x:  0.16776   0.01539   0.02349   0.01673   0.07764   0.07007   0.07481   0.20596   0.05659   0.18139   0.18410   0.05013   0.02078   0.03071   0.04351   0.00000   0.09130   0.18196   0.02197   0.17792   0.20714   8.12926   2.09417   1.32827   2.02292   1.20300  
 27  0.0847   2035.043508  x:  0.16784   0.01550   0.02366   0.01680   0.07763   0.07039   0.07499   0.20760   0.05652   0.18018   0.18389   0.04980   0.01990   0.03058   0.04395   0.00000   0.09126   0.18258   0.02199   0.17820   0.20712   8.15524   2.09259   1.32778   2.01772   1.20148  
 28  0.0254   2035.043299  x:  0.16776   0.01557   0.02367   0.01683   0.07760   0.07047   0.07495   0.20785   0.05649   0.17994   0.18387   0.04972   0.02006   0.03061   0.04394   0.00000   0.09130   0.18260   0.02201   0.17838   0.20717   8.15876   2.09217   1.32768   2.01666   1.20201  
 29  0.0037   2035.043291  x:  0.16775   0.01558   0.02367   0.01684   0.07760   0.07050   0.07493   0.20788   0.05648   0.18001   0.18387   0.04969   0.02005   0.03061   0.04393   0.00000   0.09131   0.18258   0.02201   0.17839   0.20717   8.15899   2.09231   1.32778   2.01682   1.20212  
 30  0.0003   2035.043290  x:  0.16775   0.01557   0.02367   0.01684   0.07760   0.07051   0.07494   0.20787   0.05648   0.18000   0.18386   0.04968   0.02005   0.03061   0.04393   0.00000   0.09131   0.18256   0.02201   0.17838   0.20717   8.15888   2.09231   1.32778   2.01688   1.20211  
 31  0.0001   2035.043290  x:  0.16775   0.01557   0.02367   0.01684   0.07760   0.07051   0.07494   0.20787   0.05648   0.18000   0.18387   0.04968   0.02005   0.03061   0.04393   0.00000   0.09131   0.18256   0.02201   0.17838   0.20717   8.15888   2.09230   1.32777   2.01686   1.20211  
 32  0.0000   2035.043290  x:  0.16775   0.01557   0.02367   0.01684   0.07760   0.07051   0.07494   0.20787   0.05648   0.18000   0.18387   0.04968   0.02005   0.03061   0.04393   0.00000   0.09131   0.18257   0.02201   0.17838   0.20717   8.15888   2.09230   1.32777   2.01686   1.20210  
 33  0.0000   2035.043290  x:  0.16775   0.01557   0.02367   0.01684   0.07760   0.07051   0.07494   0.20787   0.05648   0.18000   0.18387   0.04968   0.02005   0.03061   0.04393   0.00000   0.09131   0.18257   0.02201   0.17838   0.20717   8.15888   2.09230   1.32777   2.01686   1.20210  
 34  0.0000   2035.043290  x:  0.16775   0.01557   0.02367   0.01684   0.07760   0.07051   0.07494   0.20787   0.05648   0.18000   0.18387   0.04968   0.02005   0.03061   0.04393   0.00000   0.09131   0.18257   0.02201   0.17838   0.20717   8.15888   2.09230   1.32777   2.01686   1.20210  
 35  0.0000   2035.043290  x:  0.16775   0.01557   0.02367   0.01684   0.07760   0.07051   0.07494   0.20787   0.05648   0.18000   0.18387   0.04968   0.02005   0.03061   0.04393   0.00000   0.09131   0.18257   0.02201   0.17838   0.20717   8.15888   2.09230   1.32777   2.01686   1.20210  