

TREE # 1

  0  0.0000   2144.851564  x:  0.20925   0.02571   0.03211   0.02495   0.05815   0.02188   0.05666   0.08536   0.02661   0.17168   0.20925   0.02571   0.03211   0.02495   0.05815   0.02188   0.05666   0.08536   0.02661   0.17168   0.21568   8.40433   1.80000   1.35711   1.59469   1.00000  
  1 99.0000   2127.346445  x:  0.21026   0.01773   0.07296   0.03085   0.06199   0.05079   0.07997   0.08302   0.05059   0.17064   0.20275   0.06199   0.04899   0.02041   0.07284   0.04580   0.10049   0.12053   0.07734   0.18395   0.22128   8.40446   1.80054   1.35269   1.59814   0.99983  
  2 422.0565   2124.295110  x:  0.21026   0.01368   0.07691   0.02059   0.06428   0.03238   0.09304   0.07486   0.05019   0.16886   0.18767   0.05223   0.04861   0.01510   0.08061   0.03059   0.12221   0.15017   0.07199   0.20396   0.23162   8.40478   1.80217   1.34436   1.60439   0.99947  
  3 106.7389   2123.574904  x:  0.20993   0.02141   0.07595   0.02850   0.06428   0.03467   0.09508   0.07223   0.04924   0.16810   0.17840   0.04703   0.04504   0.02060   0.08216   0.03162   0.12793   0.16127   0.06568   0.21446   0.23761   8.40503   1.80342   1.33816   1.60908   0.99916  
  4 88.0211   2123.175122  x:  0.20905   0.01589   0.07270   0.02886   0.06335   0.04083   0.09243   0.07203   0.04732   0.16779   0.16943   0.04665   0.04123   0.01790   0.08106   0.03648   0.12741   0.16681   0.06100   0.22345   0.24337   8.40537   1.80506   1.33017   1.61514   0.99874  
  5 57.0637   2122.877533  x:  0.20765   0.02009   0.07047   0.02457   0.06236   0.04068   0.08711   0.07491   0.04848   0.16805   0.16015   0.05301   0.04205   0.01731   0.07818   0.03660   0.12287   0.16838   0.06208   0.23243   0.24982   8.40597   1.80779   1.31703   1.62515   0.99800  
  6 42.2128   2122.670061  x:  0.20612   0.01644   0.07090   0.02836   0.06256   0.03766   0.08503   0.07672   0.04911   0.16867   0.15487   0.05508   0.04415   0.02066   0.07701   0.03421   0.11876   0.16656   0.06531   0.23789   0.25419   8.40665   1.81067   1.30321   1.63576   0.99712  
  7 49.1024   2122.358835  x:  0.20298   0.01796   0.07431   0.02972   0.06394   0.03758   0.08831   0.07598   0.04933   0.17031   0.15218   0.04855   0.04497   0.01615   0.07926   0.03429   0.11437   0.15890   0.07069   0.24196   0.25847   8.40817   1.81667   1.27465   1.65801   0.99514  
  8 44.2517   2122.165228  x:  0.20088   0.01742   0.07534   0.02510   0.06388   0.03904   0.09088   0.07395   0.04905   0.17122   0.15286   0.04605   0.04491   0.02098   0.08072   0.03557   0.11474   0.15443   0.07137   0.24213   0.25960   8.40939   1.82105   1.25389   1.67450   0.99359  
  9 76.3313   2121.890619  x:  0.19834   0.01753   0.07311   0.02696   0.06139   0.03904   0.09167   0.07016   0.04918   0.17134   0.15873   0.05261   0.04381   0.01919   0.07979   0.03373   0.12147   0.15284   0.06517   0.23588   0.25647   8.41170   1.82807   1.22099   1.70184   0.99068  
 10 47.6368   2121.811706  x:  0.19928   0.01747   0.07308   0.02701   0.06312   0.03712   0.08842   0.07365   0.04979   0.16949   0.16066   0.05094   0.04311   0.01911   0.07849   0.03612   0.12250   0.15744   0.06504   0.23156   0.25272   8.41285   1.83036   1.21129   1.71141   0.98930  
 11 22.7858   2121.789937  x:  0.20032   0.01747   0.07295   0.02682   0.06299   0.03886   0.08772   0.07425   0.04934   0.16832   0.16074   0.05021   0.04328   0.01920   0.07836   0.03417   0.12154   0.15980   0.06574   0.22987   0.25085   8.41345   1.83108   1.20902   1.71473   0.98863  
 12 14.4211   2121.779591  x:  0.20171   0.01753   0.07259   0.02689   0.06208   0.03839   0.08852   0.07316   0.04872   0.16727   0.15998   0.05063   0.04320   0.01927   0.07904   0.03472   0.11978   0.16116   0.06626   0.22888   0.24928   8.41420   1.83156   1.20879   1.71732   0.98784  
 13  6.6880   2121.773635  x:  0.20311   0.01743   0.07297   0.02682   0.06315   0.03848   0.08917   0.07292   0.04972   0.16682   0.15896   0.05095   0.04303   0.01928   0.07887   0.03461   0.11937   0.16080   0.06550   0.22874   0.24826   8.41557   1.83214   1.21041   1.72067   0.98652  
 14  3.4770   2121.756453  x:  0.20551   0.01750   0.07383   0.02678   0.06206   0.03836   0.08864   0.07360   0.04837   0.16668   0.15746   0.05066   0.04361   0.01915   0.07834   0.03466   0.12117   0.15908   0.06533   0.22948   0.24652   8.42115   1.83460   1.21805   1.73317   0.98140  
 15  6.5582   2121.734950  x:  0.20502   0.01748   0.07135   0.02688   0.06267   0.03834   0.08795   0.07313   0.04906   0.16748   0.15869   0.05052   0.04276   0.01919   0.07934   0.03447   0.12168   0.15912   0.06687   0.23038   0.24663   8.42920   1.83869   1.22902   1.74995   0.97467  
 16 13.5297   2121.718657  x:  0.20244   0.01748   0.07248   0.02678   0.06268   0.03846   0.08873   0.07349   0.04890   0.16801   0.16040   0.05071   0.04380   0.01919   0.07908   0.03469   0.12000   0.16060   0.06566   0.23017   0.24815   8.43605   1.84298   1.23778   1.76279   0.96986  
 17 15.7275   2121.715420  x:  0.20174   0.01747   0.07318   0.02673   0.06230   0.03833   0.08868   0.07328   0.04909   0.16773   0.16017   0.05071   0.04271   0.01926   0.07859   0.03450   0.11989   0.16069   0.06584   0.22954   0.24867   8.43788   1.84484   1.23953   1.76501   0.96939  
 18  5.2307   2121.708016  x:  0.20050   0.01748   0.07295   0.02672   0.06260   0.03832   0.08807   0.07240   0.04920   0.16655   0.15849   0.05038   0.04350   0.01919   0.07862   0.03459   0.12049   0.16045   0.06598   0.22731   0.24992   8.44362   1.85214   1.24346   1.76928   0.96975  
 19  4.7993   2121.694317  x:  0.20081   0.01746   0.07210   0.02675   0.06247   0.03835   0.08950   0.07468   0.04882   0.16659   0.15783   0.05086   0.04295   0.01921   0.07987   0.03440   0.12079   0.16028   0.06584   0.22623   0.25060   8.45599   1.86873   1.25035   1.77639   0.97208  
 20  8.4061   2121.671114  x:  0.20308   0.01741   0.07247   0.02672   0.06234   0.03830   0.08894   0.07325   0.04913   0.16809   0.15972   0.05054   0.04328   0.01914   0.07831   0.03454   0.12040   0.16091   0.06595   0.22799   0.24978   8.47812   1.89791   1.26168   1.78794   0.97702  
 21 20.1172   2121.669128  x:  0.20264   0.01743   0.07297   0.02671   0.06265   0.03828   0.08834   0.07307   0.04888   0.16763   0.15990   0.05077   0.04308   0.01915   0.07909   0.03446   0.12030   0.16079   0.06575   0.22860   0.24909   8.48053   1.90005   1.26258   1.78887   0.97770  
 22  4.3329   2121.667665  x:  0.20177   0.01739   0.07280   0.02671   0.06228   0.03829   0.08851   0.07321   0.04933   0.16691   0.15989   0.05063   0.04323   0.01914   0.07898   0.03448   0.12033   0.16064   0.06572   0.22926   0.24811   8.48316   1.90097   1.26311   1.78950   0.97854  
 23  2.4029   2121.666359  x:  0.20122   0.01744   0.07263   0.02671   0.06273   0.03828   0.08886   0.07318   0.04883   0.16684   0.15974   0.05075   0.04317   0.01915   0.07848   0.03450   0.12040   0.16063   0.06593   0.22947   0.24756   8.48637   1.90111   1.26341   1.79002   0.97956  
 24  2.4501   2121.651482  x:  0.20005   0.01736   0.07281   0.02665   0.06243   0.03818   0.08853   0.07304   0.04922   0.17042   0.15803   0.05047   0.04323   0.01914   0.07899   0.03438   0.12028   0.16112   0.06578   0.22863   0.24607   8.52851   1.89875   1.26574   1.79561   0.99237  
 25  4.9564   2121.631136  x:  0.20245   0.01730   0.07268   0.02661   0.06250   0.03806   0.08865   0.07317   0.04896   0.16705   0.16006   0.05047   0.04321   0.01907   0.07887   0.03431   0.12036   0.16080   0.06574   0.22890   0.24929   8.58808   1.89509   1.26797   1.80202   1.00732  
 26 17.0031   2121.384739  x:  0.20176   0.01663   0.07224   0.02544   0.06264   0.03647   0.08934   0.07282   0.04857   0.16798   0.15869   0.04949   0.04310   0.01864   0.07927   0.03304   0.12028   0.16155   0.06517   0.23130   0.25035   9.40767   1.88623   1.24827   1.78709   0.98923  
 27  6.4273   2121.380578  x:  0.20195   0.01695   0.07217   0.02581   0.06261   0.03699   0.08895   0.07304   0.04863   0.16785   0.15922   0.04978   0.04308   0.01881   0.07905   0.03353   0.11989   0.16092   0.06520   0.23046   0.24990   9.45584   1.88710   1.25120   1.78845   0.99323  
 28  0.0452   2121.380544  x:  0.20194   0.01692   0.07215   0.02583   0.06259   0.03698   0.08894   0.07302   0.04861   0.16787   0.15916   0.04975   0.04306   0.01885   0.07905   0.03349   0.11986   0.16091   0.06518   0.23051   0.24994   9.46395   1.88716   1.25115   1.78852   0.99314  
 29  0.0071   2121.380543  x:  0.20194   0.01693   0.07214   0.02583   0.06259   0.03698   0.08894   0.07302   0.04861   0.16787   0.15916   0.04975   0.04306   0.01885   0.07905   0.03349   0.11986   0.16090   0.06517   0.23051   0.24994   9.46423   1.88716   1.25113   1.78852   0.99313  
 30  0.0002   2121.380543  x:  0.20194   0.01693   0.07214   0.02583   0.06259   0.03698   0.08894   0.07302   0.04861   0.16787   0.15916   0.04974   0.04306   0.01885   0.07905   0.03349   0.11985   0.16089   0.06517   0.23051   0.24994   9.46396   1.88716   1.25114   1.78852   0.99313  
 31  0.0002   2121.380543  x:  0.20194   0.01693   0.07214   0.02583   0.06259   0.03698   0.08894   0.07302   0.04861   0.16787   0.15916   0.04974   0.04306   0.01885   0.07905   0.03349   0.11985   0.16089   0.06517   0.23051   0.24994   9.46394   1.88716   1.25114   1.78852   0.99313  
 32  0.0000   2121.380543  x:  0.20194   0.01693   0.07214   0.02583   0.06259   0.03698   0.08894   0.07302   0.04861   0.16787   0.15916   0.04974   0.04306   0.01885   0.07905   0.03349   0.11985   0.16089   0.06517   0.23051   0.24994   9.46394   1.88716   1.25114   1.78852   0.99313  
 33  0.0000   2121.380543  x:  0.20194   0.01693   0.07214   0.02583   0.06259   0.03698   0.08894   0.07302   0.04861   0.16787   0.15916   0.04974   0.04306   0.01885   0.07905   0.03349   0.11985   0.16089   0.06517   0.23051   0.24994   9.46394   1.88716   1.25114   1.78852   0.99313  
 34  0.0000   2121.380543  x:  0.20194   0.01693   0.07214   0.02583   0.06259   0.03698   0.08894   0.07302   0.04861   0.16787   0.15916   0.04974   0.04306   0.01885   0.07905   0.03349   0.11985   0.16089   0.06517   0.23051   0.24994   9.46394   1.88716   1.25114   1.78852   0.99313  