

TREE # 1

  0  0.0000   2207.451815  x:  0.20925   0.02571   0.03211   0.02495   0.05815   0.02188   0.05666   0.08536   0.02661   0.17168   0.20925   0.02571   0.03211   0.02495   0.05815   0.02188   0.05666   0.08536   0.02661   0.17168   0.21568   8.40433   1.56976   1.04774   1.23259   1.00000  
  1 99.0000   2164.535497  x:  0.20614   0.05938   0.04203   0.05516   0.05757   0.01552   0.13409   0.11248   0.06487   0.18666   0.20667   0.00000   0.06843   0.02413   0.05605   0.07354   0.03445   0.20828   0.02989   0.17620   0.22788   8.40490   1.56779   1.04439   1.23797   1.00430  
  2 590.6011   2159.448254  x:  0.19998   0.04390   0.03359   0.03281   0.05770   0.02925   0.14520   0.12572   0.04927   0.20432   0.20299   0.01293   0.06396   0.02031   0.05482   0.04382   0.02336   0.24871   0.03091   0.18192   0.24364   8.40592   1.56450   1.04061   1.24597   1.01163  
  3 150.9749   2158.100729  x:  0.19683   0.04032   0.03322   0.02801   0.05752   0.02193   0.14526   0.12959   0.04269   0.21265   0.20083   0.00249   0.05818   0.02426   0.05546   0.03274   0.02864   0.26039   0.02793   0.18479   0.25151   8.40659   1.56238   1.03837   1.25105   1.01627  
  4 135.3947   2157.377707  x:  0.19103   0.04147   0.03602   0.03334   0.05736   0.01608   0.13512   0.13160   0.03672   0.22675   0.19679   0.00677   0.05117   0.02036   0.05672   0.03694   0.03018   0.26642   0.02691   0.18992   0.26557   8.40820   1.55756   1.03354   1.26251   1.02696  
  5 56.5836   2156.899551  x:  0.18592   0.04321   0.03666   0.03538   0.05738   0.02333   0.12582   0.13197   0.03938   0.23849   0.19304   0.00363   0.04861   0.02259   0.05693   0.03975   0.03066   0.26807   0.02563   0.19427   0.27766   8.40996   1.55245   1.02866   1.27446   1.03825  
  6 94.2868   2156.499956  x:  0.18119   0.04361   0.03453   0.03291   0.05735   0.01968   0.12102   0.13045   0.04769   0.24777   0.18938   0.00456   0.05615   0.02468   0.05563   0.03824   0.02945   0.26576   0.02773   0.19786   0.28796   8.41237   1.54593   1.02292   1.28943   1.05279  
  7 66.6630   2156.227829  x:  0.17866   0.04223   0.03434   0.03355   0.05737   0.01991   0.12541   0.12809   0.04604   0.25061   0.18694   0.00060   0.06038   0.01990   0.05516   0.03777   0.02702   0.26085   0.02923   0.19917   0.29225   8.41498   1.53965   1.01799   1.30364   1.06715  
  8 48.7940   2155.863038  x:  0.17602   0.04204   0.03599   0.03513   0.05735   0.02149   0.13648   0.12500   0.04093   0.25178   0.18365   0.00250   0.06416   0.02420   0.05576   0.03814   0.02958   0.25428   0.02952   0.20008   0.29589   8.41970   1.52905   1.01010   1.32759   1.09198  
  9 95.2483   2155.528503  x:  0.17715   0.04685   0.03570   0.02931   0.05720   0.02024   0.14274   0.12531   0.04407   0.24708   0.18220   0.00389   0.05518   0.02372   0.05681   0.03927   0.02775   0.25174   0.02779   0.19882   0.29288   8.42551   1.51819   1.00336   1.35215   1.11927  
 10 54.7903   2155.278159  x:  0.18134   0.04530   0.03377   0.03457   0.05719   0.02083   0.13831   0.12755   0.04639   0.23906   0.18460   0.00464   0.05330   0.02205   0.05505   0.03568   0.03030   0.25653   0.02916   0.19609   0.28447   8.43196   1.50931   0.99974   1.37272   1.14510  
 11 42.9353   2155.123234  x:  0.18423   0.04186   0.03413   0.03321   0.05722   0.02029   0.13240   0.12918   0.04395   0.23376   0.18741   0.00367   0.05558   0.02354   0.05482   0.03847   0.02842   0.26056   0.02779   0.19416   0.27801   8.43682   1.50420   0.99870   1.38505   1.16247  
 12 63.1733   2155.095255  x:  0.18451   0.04389   0.03595   0.03205   0.05722   0.02070   0.13113   0.12908   0.04311   0.23355   0.18880   0.00358   0.05704   0.02282   0.05610   0.03782   0.02911   0.26138   0.02815   0.19397   0.27664   8.43876   1.50403   1.00008   1.38637   1.16696  
 13 14.7026   2155.033869  x:  0.18397   0.04592   0.03352   0.03294   0.05719   0.02043   0.13112   0.12634   0.04206   0.23653   0.19341   0.00334   0.05688   0.02379   0.05760   0.03718   0.02742   0.26187   0.02826   0.19434   0.27421   8.44734   1.50712   1.00935   1.38520   1.18175  
 14 10.8206   2154.944641  x:  0.18318   0.04333   0.03441   0.03180   0.05725   0.02066   0.13261   0.12406   0.04375   0.24080   0.19827   0.00365   0.05594   0.02255   0.05625   0.03859   0.02998   0.26221   0.02781   0.19494   0.27179   8.46172   1.51314   1.02460   1.38219   1.20496  
 15 41.7217   2154.899092  x:  0.18334   0.04305   0.03718   0.03283   0.05732   0.02040   0.13295   0.12618   0.04428   0.24085   0.19718   0.00368   0.05571   0.02331   0.05473   0.03744   0.02809   0.26134   0.02726   0.19505   0.27215   8.47059   1.51753   1.03255   1.37997   1.21727  
 16 26.6152   2154.825124  x:  0.18426   0.04385   0.03506   0.03255   0.05736   0.02053   0.13291   0.13194   0.04337   0.23807   0.19117   0.00322   0.05662   0.02336   0.05532   0.03840   0.02899   0.26019   0.02897   0.19497   0.27479   8.48711   1.52638   1.04487   1.37591   1.23738  
 17 33.5171   2154.808419  x:  0.18460   0.04368   0.03477   0.03280   0.05729   0.02057   0.13276   0.13083   0.04369   0.23655   0.18947   0.00347   0.05709   0.02286   0.05651   0.03809   0.02917   0.26074   0.02696   0.19483   0.27597   8.49224   1.52939   1.04626   1.37522   1.24129  
 18 12.3956   2154.779162  x:  0.18515   0.04321   0.03563   0.03256   0.05726   0.02053   0.13223   0.12656   0.04374   0.23338   0.18736   0.00332   0.05645   0.02327   0.05704   0.03805   0.02877   0.26250   0.02859   0.19448   0.27841   8.50357   1.53616   1.04658   1.37446   1.24724  
 19 15.9775   2154.746756  x:  0.18520   0.04492   0.03497   0.03203   0.05745   0.02059   0.13197   0.12525   0.04275   0.23173   0.18817   0.00331   0.05674   0.02306   0.05349   0.03814   0.02917   0.26315   0.02780   0.19419   0.27991   8.51903   1.54490   1.04421   1.37466   1.25202  
 20 13.9954   2154.610477  x:  0.18467   0.04380   0.03504   0.03265   0.05727   0.02040   0.13305   0.12970   0.04378   0.23065   0.19660   0.00304   0.05670   0.02308   0.05609   0.03825   0.02909   0.26218   0.02787   0.19306   0.28205   8.59111   1.58321   1.03029   1.37782   1.26858  
 21 31.9268   2154.475725  x:  0.18627   0.04427   0.03520   0.03264   0.05660   0.02032   0.13300   0.12831   0.04345   0.24098   0.18609   0.00277   0.05723   0.02324   0.05582   0.03832   0.02902   0.26323   0.02824   0.19231   0.26856   8.67263   1.60698   1.02643   1.38658   1.27331  
 22 16.9701   2154.051627  x:  0.17717   0.04455   0.03548   0.03310   0.07287   0.01972   0.13399   0.12839   0.04420   0.23748   0.18421   0.00230   0.05746   0.02350   0.05666   0.03869   0.02916   0.26670   0.02832   0.20245   0.26419   8.97108   1.63969   1.05211   1.42938   1.26143  
 23 26.2215   2152.939510  x:  0.16369   0.04577   0.03611   0.03382   0.05349   0.01903   0.13681   0.12904   0.04537   0.22840   0.18555   0.00115   0.05846   0.02404   0.05614   0.03980   0.02950   0.27424   0.02845   0.21810   0.26355   9.69381   1.71085   1.11798   1.53251   1.23004  
 24 418.9033   2152.271293  x:  0.19106   0.04707   0.03647   0.03387   0.05573   0.01846   0.14044   0.12841   0.04545   0.23668   0.19112   0.00031   0.05970   0.02444   0.05634   0.04072   0.02977   0.27692   0.02832   0.19586   0.27900  10.15117   1.74538   1.15713   1.59133   1.21124  
 25 201.2565   2152.078686  x:  0.17863   0.04734   0.03647   0.03424   0.05616   0.01827   0.14025   0.12870   0.04588   0.23678   0.19047   0.00013   0.05970   0.02444   0.05638   0.04088   0.02995   0.27892   0.02823   0.17836   0.27967  10.28263   1.73293   1.15122   1.58142   1.21493  
 26 23.6180   2151.863855  x:  0.17900   0.04748   0.03651   0.03436   0.05617   0.01818   0.14063   0.12873   0.04599   0.23686   0.19061   0.00000   0.05982   0.02444   0.05638   0.04102   0.03005   0.27965   0.02817   0.17906   0.27988  10.36060   1.72201   1.14437   1.57109   1.21871  
 27 76.6761   2149.145525  x:  0.18475   0.04893   0.03619   0.03584   0.05754   0.02005   0.15242   0.13316   0.04794   0.24185   0.19249   0.00191   0.06390   0.02136   0.05589   0.04451   0.02799   0.31322   0.02818   0.19465   0.28433  12.38671   1.50396   1.00078   1.35661   1.28939  
 28  2.1030   2148.916172  x:  0.18515   0.04971   0.03646   0.03611   0.05738   0.01901   0.15471   0.13327   0.04852   0.24176   0.19222   0.00000   0.06439   0.02232   0.05601   0.04492   0.02895   0.32013   0.02777   0.19619   0.28392  12.61310   1.52606   1.01397   1.37746   1.29497  
 29  0.4747   2148.779298  x:  0.18476   0.05062   0.03659   0.03641   0.05723   0.01835   0.15957   0.13407   0.04928   0.24218   0.19189   0.00000   0.06644   0.02258   0.05605   0.04580   0.02910   0.33754   0.02772   0.19779   0.28366  13.09917   1.55827   1.03400   1.40718   1.30320  
 30  0.4876   2148.766872  x:  0.18459   0.05067   0.03653   0.03638   0.05728   0.01851   0.16039   0.13421   0.04948   0.24196   0.19222   0.00000   0.06399   0.02256   0.05600   0.04590   0.02918   0.34081   0.02669   0.19707   0.28344  13.05147   1.55100   1.03097   1.40141   1.29817  
 31  0.0351   2148.761921  x:  0.18469   0.05055   0.03652   0.03649   0.05722   0.01847   0.16070   0.13431   0.04942   0.24238   0.19200   0.00000   0.06415   0.02247   0.05596   0.04586   0.02913   0.34285   0.02735   0.19698   0.28391  12.90679   1.55339   1.03158   1.40225   1.29631  
 32  0.0567   2148.761241  x:  0.18468   0.05066   0.03655   0.03651   0.05726   0.01847   0.16083   0.13435   0.04947   0.24221   0.19212   0.00000   0.06459   0.02250   0.05600   0.04594   0.02913   0.34309   0.02706   0.19707   0.28374  12.87934   1.55144   1.03104   1.40111   1.29726  
 33  0.0212   2148.761227  x:  0.18466   0.05067   0.03654   0.03648   0.05725   0.01850   0.16085   0.13436   0.04948   0.24221   0.19212   0.00000   0.06458   0.02248   0.05599   0.04596   0.02910   0.34304   0.02705   0.19706   0.28373  12.87884   1.55154   1.03111   1.40132   1.29737  
 34  0.0006   2148.761226  x:  0.18466   0.05067   0.03654   0.03648   0.05725   0.01850   0.16086   0.13436   0.04949   0.24221   0.19212   0.00000   0.06458   0.02248   0.05599   0.04597   0.02910   0.34303   0.02706   0.19705   0.28372  12.87901   1.55149   1.03105   1.40127   1.29740  
 35  0.0002   2148.761226  x:  0.18466   0.05067   0.03654   0.03647   0.05725   0.01850   0.16087   0.13435   0.04949   0.24221   0.19212   0.00000   0.06458   0.02248   0.05599   0.04597   0.02910   0.34303   0.02706   0.19706   0.28373  12.87892   1.55150   1.03106   1.40128   1.29739  
 36  0.0001   2148.761226  x:  0.18466   0.05067   0.03654   0.03648   0.05725   0.01850   0.16087   0.13435   0.04949   0.24221   0.19212   0.00000   0.06458   0.02248   0.05599   0.04597   0.02910   0.34303   0.02706   0.19706   0.28373  12.87891   1.55150   1.03106   1.40128   1.29739  
 37  0.0000   2148.761226  x:  0.18466   0.05067   0.03654   0.03648   0.05725   0.01850   0.16087   0.13435   0.04949   0.24221   0.19212   0.00000   0.06458   0.02248   0.05599   0.04597   0.02910   0.34303   0.02706   0.19706   0.28373  12.87891   1.55150   1.03106   1.40128   1.29739  