

TREE # 1

  0  0.0000   2022.440723  x:  0.01972   0.20925   0.02571   0.03211   0.02495   0.05815   0.02188   0.05666   0.08536   0.02661   0.17168   0.01972   0.20925   0.02571   0.03211   0.02495   0.05815   0.02188   0.05666   0.08536   0.02661   0.17168   0.21568   8.40433   1.39848   0.86999   1.04335   1.00000  
  1 99.0000   1992.190805  x:  0.00137   0.20758   0.01299   0.03300   0.05714   0.06627   0.01761   0.18553   0.08738   0.00000   0.16544   0.03473   0.20875   0.01197   0.03155   0.03102   0.05781   0.03937   0.05064   0.07190   0.02355   0.17274   0.21139   8.40425   1.39924   0.87169   1.04563   1.00128  
  2 578.7027   1990.215623  x:  0.00319   0.20732   0.01294   0.03302   0.06177   0.06775   0.01718   0.20701   0.08793   0.01213   0.16409   0.03681   0.20861   0.01032   0.03149   0.03190   0.05774   0.04155   0.04941   0.06907   0.02332   0.17293   0.21042   8.40423   1.39943   0.87212   1.04618   1.00159  
  3 1003.5034   1989.395275  x:  0.01494   0.20680   0.01623   0.03196   0.05885   0.06871   0.01891   0.21457   0.08891   0.01001   0.16174   0.03465   0.20824   0.01572   0.03174   0.03119   0.05767   0.03778   0.04800   0.06520   0.02505   0.17310   0.20862   8.40418   1.39976   0.87318   1.04730   1.00221  
  4 152.4362   1988.407962  x:  0.01084   0.20512   0.02406   0.02949   0.04565   0.07025   0.02070   0.22261   0.09058   0.01016   0.15477   0.02719   0.20713   0.01803   0.03208   0.02837   0.05753   0.02663   0.04576   0.05576   0.02685   0.17359   0.20335   8.40405   1.40080   0.87649   1.05071   1.00406  
  5 92.0376   1988.126300  x:  0.01187   0.20375   0.02552   0.03087   0.03569   0.07049   0.01871   0.22449   0.08933   0.00982   0.14912   0.02776   0.20633   0.01607   0.03203   0.02884   0.05755   0.03067   0.04646   0.05241   0.02536   0.17418   0.19874   8.40391   1.40207   0.87982   1.05445   1.00609  
  6 48.1978   1987.974228  x:  0.01096   0.20199   0.02726   0.03338   0.03454   0.07014   0.02204   0.22487   0.08528   0.00990   0.14227   0.03055   0.20529   0.01793   0.03198   0.02968   0.05762   0.03101   0.04758   0.05445   0.02617   0.17499   0.19245   8.40365   1.40461   0.88544   1.06112   1.00977  
  7 28.6985   1987.826021  x:  0.01185   0.20010   0.02770   0.03277   0.03689   0.06977   0.01865   0.22448   0.08123   0.00972   0.13589   0.02993   0.20408   0.01647   0.03191   0.02889   0.05766   0.02914   0.04782   0.05668   0.02590   0.17574   0.18562   8.40326   1.40851   0.89330   1.07069   1.01506  
  8 43.5480   1987.686114  x:  0.01198   0.19879   0.02479   0.02901   0.03879   0.06982   0.02110   0.22353   0.08159   0.00995   0.13425   0.02670   0.20313   0.01611   0.03213   0.02909   0.05764   0.03141   0.04628   0.05596   0.02545   0.17614   0.18101   8.40267   1.41488   0.90418   1.08447   1.02285  
  9 33.9460   1987.302384  x:  0.01075   0.19697   0.02148   0.03119   0.04146   0.07067   0.01811   0.22150   0.09074   0.01041   0.13912   0.02986   0.20188   0.01973   0.03225   0.03042   0.05759   0.03138   0.04423   0.05160   0.02704   0.17678   0.17543   8.40066   1.43762   0.93910   1.12969   1.04885  
 10 63.3728   1987.061664  x:  0.01209   0.19704   0.02354   0.03301   0.04145   0.07083   0.02082   0.22181   0.09439   0.00990   0.14356   0.03095   0.20189   0.01508   0.03189   0.02866   0.05762   0.02973   0.04687   0.05255   0.02521   0.17671   0.17649   8.39931   1.45349   0.96076   1.15820   1.06552  
 11 118.4272   1986.819574  x:  0.01119   0.19910   0.02628   0.03115   0.03780   0.07016   0.01936   0.22455   0.09114   0.00994   0.14786   0.02826   0.20317   0.01769   0.03203   0.02856   0.05776   0.03099   0.05048   0.05860   0.02596   0.17583   0.18458   8.39773   1.47363   0.98294   1.18821   1.08367  
 12 81.0089   1986.682753  x:  0.01148   0.20165   0.02538   0.03143   0.03657   0.06969   0.01984   0.22468   0.08380   0.00993   0.14778   0.02946   0.20493   0.01667   0.03209   0.02986   0.05771   0.02956   0.04655   0.05627   0.02642   0.17493   0.19274   8.39668   1.48893   0.99403   1.20416   1.09403  
 13 46.5458   1986.642545  x:  0.01116   0.20268   0.02717   0.03220   0.03815   0.07005   0.01972   0.22415   0.08316   0.00983   0.14582   0.02888   0.20569   0.01740   0.03201   0.02845   0.05763   0.03102   0.04652   0.05418   0.02563   0.17456   0.19519   8.39622   1.49683   0.99611   1.20800   1.09715  
 14 21.0691   1986.555322  x:  0.01131   0.20474   0.02531   0.03084   0.03890   0.07098   0.01975   0.22362   0.08622   0.00992   0.13953   0.02969   0.20741   0.01712   0.03213   0.02920   0.05758   0.03034   0.04988   0.05315   0.02665   0.17389   0.19850   8.39487   1.52133   0.99783   1.21408   1.10377  
 15 22.6991   1986.480191  x:  0.01136   0.20519   0.02438   0.03242   0.03799   0.07032   0.01981   0.22405   0.08866   0.00998   0.13777   0.02887   0.20795   0.01739   0.03183   0.02870   0.05765   0.02998   0.04660   0.05622   0.02493   0.17373   0.19794   8.39351   1.54587   0.99821   1.21800   1.10911  
 16 32.4809   1986.418373  x:  0.01138   0.20417   0.02680   0.03170   0.03787   0.06944   0.01969   0.22414   0.08794   0.00974   0.14050   0.02904   0.20734   0.01614   0.03220   0.02944   0.05764   0.03087   0.04539   0.05644   0.02746   0.17406   0.19475   8.39220   1.56820   0.99827   1.22041   1.11314  
 17 34.7837   1986.376485  x:  0.01125   0.20287   0.02654   0.03112   0.03762   0.06944   0.01970   0.22436   0.08552   0.00980   0.14395   0.02945   0.20637   0.01709   0.03207   0.02938   0.05757   0.03026   0.04709   0.05515   0.02564   0.17447   0.19180   8.39121   1.58368   0.99853   1.22165   1.11546  
 18 36.7184   1986.373286  x:  0.01128   0.20262   0.02603   0.03167   0.03755   0.06980   0.01974   0.22441   0.08519   0.00984   0.14424   0.02907   0.20608   0.01706   0.03198   0.02890   0.05757   0.03028   0.04738   0.05506   0.02611   0.17452   0.19167   8.39106   1.58493   0.99884   1.22163   1.11538  
 19  6.3359   1986.369608  x:  0.01129   0.20167   0.02617   0.03180   0.03763   0.07096   0.01973   0.22435   0.08521   0.00983   0.14419   0.02894   0.20488   0.01699   0.03220   0.02938   0.05762   0.03028   0.04727   0.05521   0.02598   0.17467   0.19225   8.39047   1.58659   1.00092   1.22099   1.11374  
 20  2.2441   1986.365538  x:  0.01127   0.20085   0.02612   0.03134   0.03758   0.07077   0.01973   0.22438   0.08536   0.00985   0.14404   0.02947   0.20379   0.01706   0.03184   0.02878   0.05761   0.03034   0.04712   0.05528   0.02606   0.17483   0.19288   8.38965   1.58846   1.00375   1.22016   1.11137  
 21  6.5850   1986.361222  x:  0.01129   0.20059   0.02602   0.03169   0.03772   0.06944   0.01974   0.22449   0.08551   0.00986   0.14394   0.02913   0.20335   0.01704   0.03209   0.02910   0.05759   0.03030   0.04736   0.05508   0.02603   0.17487   0.19322   8.38861   1.59044   1.00702   1.21933   1.10835  
 22  7.5805   1986.352948  x:  0.01126   0.20275   0.02609   0.03164   0.03769   0.07011   0.01974   0.22462   0.08542   0.00984   0.14429   0.02917   0.20588   0.01704   0.03195   0.02911   0.05771   0.03034   0.04732   0.05520   0.02603   0.17464   0.19220   8.38599   1.59413   1.01323   1.21853   1.10119  
 23  4.5887   1986.350875  x:  0.01124   0.20264   0.02603   0.03158   0.03765   0.07014   0.01975   0.22468   0.08541   0.00985   0.14429   0.02932   0.20607   0.01706   0.03277   0.02881   0.05738   0.03035   0.04729   0.05525   0.02601   0.17479   0.19221   8.38482   1.59481   1.01334   1.21978   1.09889  
 24  1.5520   1986.335496  x:  0.01117   0.20128   0.02610   0.03166   0.03769   0.07011   0.01973   0.22508   0.08537   0.00986   0.14425   0.02915   0.20670   0.01702   0.03191   0.02912   0.05646   0.03036   0.04735   0.05520   0.02601   0.17580   0.19258   8.37580   1.59942   1.01265   1.23015   1.08198  
 25 10.6937   1986.331984  x:  0.01115   0.20131   0.02609   0.03165   0.03768   0.07006   0.01974   0.22519   0.08535   0.00986   0.14424   0.02920   0.20642   0.01703   0.03207   0.02902   0.05793   0.03036   0.04735   0.05516   0.02600   0.17557   0.19259   8.37358   1.60040   1.01243   1.23243   1.07839  
 26  9.6526   1986.328028  x:  0.01111   0.20284   0.02611   0.03165   0.03766   0.07008   0.01973   0.22534   0.08531   0.00985   0.14425   0.02929   0.20460   0.01701   0.03205   0.02904   0.05758   0.03037   0.04736   0.05518   0.02600   0.17358   0.19223   8.37048   1.60101   1.01227   1.23399   1.07622  
 27  2.1179   1986.199597  x:  0.01004   0.21240   0.02587   0.03161   0.03801   0.07014   0.01959   0.23082   0.08508   0.00980   0.14370   0.02930   0.19764   0.01639   0.03201   0.02914   0.05764   0.03071   0.04734   0.05519   0.02583   0.18601   0.19116   8.24477   1.60416   1.01632   1.23929   1.08017  
 28  1.4143   1985.664416  x:  0.00588   0.20161   0.02469   0.03152   0.03953   0.07039   0.01905   0.25267   0.08394   0.00986   0.14118   0.03026   0.20406   0.01401   0.03190   0.02952   0.05763   0.03208   0.04736   0.05526   0.02516   0.17555   0.18824   7.74199   1.61558   1.03444   1.25635   1.10090  
 29 72.3105   1985.482652  x:  0.00907   0.19963   0.02415   0.03181   0.04057   0.07040   0.01869   0.26751   0.08465   0.00791   0.14342   0.03101   0.20620   0.01433   0.03189   0.02986   0.05754   0.03278   0.04711   0.05562   0.02515   0.17288   0.19063   7.92451   1.59954   1.02163   1.23436   1.09542  
 30  0.0941   1985.415362  x:  0.00726   0.20186   0.02616   0.03156   0.03940   0.07069   0.01923   0.27532   0.08444   0.00668   0.14295   0.03055   0.20510   0.01571   0.03196   0.02957   0.05757   0.03208   0.04696   0.05472   0.02557   0.17504   0.19071   8.03341   1.59756   1.01854   1.23148   1.09220  
 31  0.0854   1985.386818  x:  0.00674   0.20240   0.02538   0.03141   0.03957   0.07064   0.01912   0.27453   0.08403   0.00548   0.14261   0.03046   0.20450   0.01434   0.03193   0.02959   0.05765   0.03198   0.04725   0.05511   0.02538   0.17535   0.19014   8.03571   1.60424   1.02338   1.24015   1.09709  
 32  0.0067   1985.378084  x:  0.00687   0.20160   0.02528   0.03155   0.03972   0.07051   0.01908   0.27046   0.08429   0.00506   0.14274   0.03058   0.20505   0.01496   0.03192   0.02961   0.05760   0.03218   0.04720   0.05525   0.02532   0.17462   0.19018   8.02308   1.60348   1.02328   1.23899   1.09710  
 33  0.0094   1985.377701  x:  0.00686   0.20175   0.02548   0.03153   0.03959   0.07054   0.01909   0.27008   0.08434   0.00507   0.14279   0.03054   0.20504   0.01493   0.03194   0.02960   0.05760   0.03214   0.04715   0.05512   0.02540   0.17477   0.19029   8.00887   1.60227   1.02233   1.23762   1.09593  
 34  0.0132   1985.377687  x:  0.00685   0.20178   0.02545   0.03153   0.03959   0.07054   0.01910   0.27016   0.08433   0.00506   0.14281   0.03054   0.20502   0.01493   0.03193   0.02960   0.05760   0.03213   0.04716   0.05513   0.02539   0.17477   0.19031   8.00542   1.60211   1.02215   1.23744   1.09578  
 35  0.0033   1985.377687  x:  0.00686   0.20177   0.02545   0.03153   0.03959   0.07054   0.01910   0.27016   0.08432   0.00506   0.14281   0.03054   0.20502   0.01493   0.03193   0.02960   0.05760   0.03213   0.04716   0.05514   0.02539   0.17477   0.19031   8.00500   1.60211   1.02215   1.23745   1.09579  
 36  0.0005   1985.377687  x:  0.00686   0.20177   0.02545   0.03153   0.03959   0.07054   0.01910   0.27016   0.08432   0.00506   0.14281   0.03054   0.20502   0.01493   0.03193   0.02960   0.05760   0.03213   0.04716   0.05514   0.02539   0.17476   0.19031   8.00496   1.60212   1.02216   1.23746   1.09579  
 37  0.0000   1985.377687  x:  0.00686   0.20177   0.02545   0.03153   0.03959   0.07054   0.01910   0.27016   0.08432   0.00506   0.14281   0.03054   0.20502   0.01493   0.03193   0.02960   0.05760   0.03213   0.04716   0.05514   0.02539   0.17476   0.19031   8.00496   1.60212   1.02216   1.23746   1.09579  

TREE # 2

  0  0.0000   2271.856334  x:  0.00686   0.20177   0.02545   0.03153   0.03959   0.07054   0.01910   0.27016   0.08432   0.00506   0.14281   0.03054   0.20502   0.01493   0.03193   0.02960   0.05760   0.03213   0.04716   0.05514   0.02539   0.17476   0.19031   8.00496   1.57456   0.93966   1.13891   1.09579  
  1 99.0000   2082.628916  x:  0.27882   0.19417   0.19442   0.17911   0.03119   0.05410   0.05465   0.24750   0.07693   0.03902   0.12576   0.03359   0.19803   0.22453   0.17947   0.02346   0.04121   0.06903   0.04270   0.16293   0.03196   0.15936   0.16585   8.00507   1.57412   0.94037   1.14007   1.09562  
  2 2379.7802   2058.295659  x:  0.27371   0.16809   0.19600   0.18618   0.02209   0.03084   0.05280   0.21696   0.06374   0.02751   0.10569   0.03160   0.16947   0.21760   0.18562   0.00000   0.02577   0.07646   0.03431   0.18807   0.03131   0.14030   0.13449   8.00518   1.57263   0.94478   1.14077   1.09506  
  3 346.4241   2036.668173  x:  0.26573   0.12982   0.19770   0.19570   0.01407   0.00000   0.05116   0.17205   0.04652   0.01489   0.07747   0.02982   0.12726   0.20714   0.19447   0.01317   0.01191   0.08637   0.02466   0.22134   0.03231   0.11307   0.08854   8.00534   1.57056   0.95090   1.14184   1.09432  
  4 1878.2937   2022.203169  x:  0.25822   0.09400   0.19920   0.20451   0.00870   0.00435   0.05024   0.13010   0.03093   0.00501   0.05145   0.02834   0.08766   0.19730   0.20260   0.02228   0.00000   0.09542   0.01639   0.25197   0.03364   0.08776   0.04558   8.00549   1.56863   0.95657   1.14285   1.09362  
  5 2846.9965   2007.982739  x:  0.25108   0.06223   0.20006   0.21176   0.01191   0.00524   0.04979   0.09279   0.02092   0.01287   0.03069   0.02776   0.05218   0.18816   0.20938   0.02411   0.00689   0.10309   0.01335   0.27754   0.03705   0.06621   0.00808   8.00562   1.56693   0.96149   1.14380   1.09304  
  6 2914.1364   1998.495873  x:  0.24566   0.03320   0.20098   0.21818   0.02108   0.00505   0.05154   0.05660   0.03104   0.01543   0.03007   0.02916   0.01672   0.18054   0.21543   0.02492   0.00000   0.10691   0.02561   0.29751   0.04196   0.05184   0.00848   8.00573   1.56540   0.96566   1.14495   1.09259  
  7 545.0124   1996.175001  x:  0.24404   0.02408   0.20149   0.22069   0.01930   0.00537   0.05211   0.04378   0.03272   0.01164   0.03188   0.02949   0.00429   0.17808   0.21782   0.02498   0.00493   0.10836   0.02677   0.30459   0.04352   0.04850   0.01206   8.00576   1.56484   0.96719   1.14542   1.09244  
  8 849.4124   1995.228573  x:  0.24175   0.02121   0.20150   0.22281   0.01430   0.00567   0.05251   0.03290   0.03249   0.01660   0.03809   0.02994   0.00313   0.17529   0.21970   0.02580   0.00372   0.10844   0.02286   0.31021   0.04368   0.05073   0.01329   8.00580   1.56421   0.96874   1.14613   1.09231  
  9 162.0376   1994.837781  x:  0.23993   0.02077   0.20165   0.22477   0.01628   0.00569   0.05298   0.02592   0.03289   0.01538   0.04101   0.03025   0.00698   0.17306   0.22148   0.02590   0.00432   0.10834   0.02182   0.31502   0.04426   0.05270   0.01271   8.00583   1.56364   0.97015   1.14682   1.09221  
 10 136.2473   1994.482902  x:  0.23611   0.02663   0.20208   0.22913   0.01889   0.00570   0.05372   0.02482   0.03295   0.01478   0.04316   0.03062   0.00415   0.16838   0.22521   0.02626   0.00430   0.10696   0.02139   0.32473   0.04486   0.05874   0.01172   8.00591   1.56227   0.97346   1.14862   1.09197  
 11 63.0220   1994.008340  x:  0.22828   0.02872   0.20254   0.23734   0.01708   0.00606   0.05452   0.02904   0.03399   0.01639   0.04108   0.03082   0.00664   0.15933   0.23242   0.02746   0.00502   0.10442   0.02450   0.34436   0.04591   0.06357   0.01472   8.00608   1.55942   0.98045   1.15241   1.09146  
 12 97.2061   1993.904348  x:  0.22652   0.02687   0.20245   0.23922   0.01779   0.00610   0.05444   0.03247   0.03581   0.01607   0.04434   0.03071   0.00683   0.15803   0.23409   0.02768   0.00542   0.10231   0.02299   0.34883   0.04420   0.06300   0.01364   8.00616   1.55830   0.98329   1.15425   1.09126  
 13 38.2161   1993.848705  x:  0.22558   0.02778   0.20184   0.23970   0.01869   0.00613   0.05377   0.03230   0.03417   0.01641   0.04486   0.03069   0.00686   0.15930   0.23440   0.02780   0.00565   0.09805   0.02304   0.35043   0.04117   0.06081   0.01471   8.00630   1.55666   0.98767   1.15762   1.09093  
 14 15.4511   1993.805014  x:  0.22506   0.02867   0.20116   0.23970   0.01751   0.00617   0.05362   0.03169   0.03509   0.01620   0.04509   0.03082   0.00695   0.16099   0.23428   0.02780   0.00607   0.09421   0.02461   0.35095   0.03985   0.06026   0.01368   8.00645   1.55503   0.99218   1.16128   1.09060  
 15 31.2302   1993.739512  x:  0.22473   0.02757   0.19986   0.23891   0.01784   0.00615   0.05418   0.03136   0.03652   0.01624   0.04300   0.03078   0.00676   0.16415   0.23341   0.02773   0.00607   0.09030   0.02281   0.35083   0.04073   0.06235   0.01409   8.00677   1.55203   1.00105   1.16896   1.08990  
 16 23.6572   1993.653603  x:  0.22489   0.02609   0.19846   0.23738   0.01816   0.00612   0.05467   0.03220   0.03379   0.01613   0.04463   0.03062   0.00666   0.16730   0.23188   0.02766   0.00574   0.09146   0.02432   0.35003   0.04350   0.06400   0.01382   8.00731   1.54796   1.01457   1.18131   1.08878  
 17 28.6369   1993.531690  x:  0.22563   0.02874   0.19746   0.23534   0.01803   0.00622   0.05447   0.03218   0.03585   0.01641   0.04495   0.03096   0.00685   0.16930   0.22988   0.02777   0.00572   0.09902   0.02344   0.34832   0.04380   0.06180   0.01423   8.00818   1.54281   1.03468   1.20050   1.08702  
 18 45.3639   1993.477597  x:  0.22822   0.02742   0.19990   0.23571   0.01814   0.00623   0.05388   0.03188   0.03582   0.01637   0.04420   0.03058   0.00677   0.16506   0.23073   0.02765   0.00587   0.10013   0.02434   0.34433   0.04018   0.06409   0.01412   8.00873   1.54425   1.04138   1.20950   1.08613  
 19 11.4691   1993.394665  x:  0.23218   0.02779   0.20448   0.23733   0.01799   0.00618   0.05420   0.03179   0.03550   0.01625   0.04439   0.03162   0.00681   0.15676   0.23307   0.02721   0.00565   0.09762   0.02358   0.33740   0.04309   0.06199   0.01406   8.00972   1.55026   1.04944   1.22343   1.08468  
 20 19.9020   1993.341389  x:  0.23161   0.02813   0.20472   0.23857   0.01801   0.00620   0.05441   0.03163   0.03576   0.01636   0.04458   0.02760   0.00680   0.15665   0.23406   0.02710   0.00564   0.09737   0.02357   0.33520   0.04373   0.06158   0.01412   8.01049   1.55842   1.05151   1.23093   1.08379  
 21 10.4662   1992.760162  x:  0.21907   0.02787   0.20104   0.25158   0.01857   0.00639   0.05511   0.03198   0.03642   0.01674   0.04515   0.03130   0.00658   0.16731   0.24310   0.02543   0.00586   0.09895   0.02434   0.31552   0.04291   0.06279   0.01446   8.01978   1.66259   1.06937   1.31422   1.07371  
 22 51.5233   1992.425868  x:  0.23285   0.02906   0.19961   0.23730   0.01925   0.00682   0.04771   0.03261   0.03795   0.01731   0.04660   0.03142   0.00688   0.16618   0.23032   0.02547   0.00656   0.09561   0.02506   0.32345   0.04349   0.06470   0.01499   8.02535   1.72018   1.08359   1.34364   1.07004  
 23 22.1513   1992.299971  x:  0.23802   0.02971   0.19913   0.23084   0.01936   0.00681   0.05529   0.03298   0.03793   0.01757   0.04712   0.03153   0.00705   0.16512   0.22497   0.02534   0.00692   0.09448   0.02546   0.32622   0.04178   0.06470   0.01518   8.02760   1.74174   1.09016   1.35238   1.06905  
 24 55.7588   1991.740952  x:  0.23474   0.03067   0.20795   0.22411   0.02001   0.00718   0.05514   0.03369   0.03917   0.01839   0.04880   0.03175   0.00724   0.16927   0.23391   0.02370   0.00704   0.09509   0.02634   0.30352   0.04314   0.06663   0.01585   8.03886   1.79125   1.14847   1.30718   1.07945  
 25  6.5182   1991.496318  x:  0.24374   0.03082   0.19422   0.24345   0.02036   0.00730   0.05542   0.03383   0.03966   0.01869   0.04933   0.03183   0.00735   0.16685   0.22199   0.02304   0.00725   0.09494   0.02677   0.29376   0.04342   0.06710   0.01608   8.04416   1.78734   1.15170   1.29262   1.08863  
 26  6.8520   1989.643674  x:  0.24583   0.03306   0.21135   0.23034   0.02304   0.00855   0.05623   0.03548   0.04390   0.02142   0.05452   0.03214   0.00765   0.17620   0.21429   0.01779   0.00926   0.08862   0.03015   0.24991   0.04401   0.07173   0.01818   8.08492   1.62782   1.03270   1.24946   1.17035  
 27  8.7063   1989.570627  x:  0.25060   0.03344   0.20119   0.22549   0.02312   0.00860   0.05631   0.03549   0.04404   0.02153   0.05465   0.03215   0.00758   0.17506   0.22434   0.01744   0.00925   0.08857   0.03027   0.24779   0.04397   0.07179   0.01824   8.08663   1.62058   1.02731   1.24715   1.16739  
 28  8.5440   1989.374850  x:  0.25017   0.03366   0.20256   0.22611   0.02345   0.00874   0.05648   0.03560   0.04463   0.02190   0.05533   0.03222   0.00765   0.17569   0.22211   0.01688   0.00965   0.08804   0.03075   0.24455   0.04408   0.07235   0.01851   8.09175   1.59688   1.01232   1.23224   1.07649  
 29  3.1578   1986.975195  x:  0.22268   0.02869   0.19048   0.22270   0.02965   0.01147   0.05816   0.03031   0.05342   0.02960   0.06118   0.03324   0.00590   0.16104   0.21941   0.00685   0.01746   0.08409   0.03733   0.30408   0.04333   0.07159   0.02100   8.09964   1.55973   1.00035   1.20568   1.08936  
 30  0.0732   1986.453244  x:  0.21710   0.02932   0.18962   0.22079   0.02929   0.01209   0.05721   0.03088   0.05256   0.03135   0.06107   0.03275   0.00642   0.15732   0.21552   0.00233   0.01982   0.08661   0.03608   0.28885   0.04129   0.07127   0.02060   8.07468   1.60890   1.03309   1.23466   1.09195  
 31  0.0793   1985.872294  x:  0.20737   0.03116   0.18759   0.21721   0.02645   0.01278   0.05453   0.03271   0.04807   0.03265   0.05855   0.03135   0.00760   0.15148   0.21074   0.00587   0.02206   0.08984   0.03167   0.27179   0.03713   0.07006   0.01904   8.04391   1.66280   1.07006   1.27095   1.09722  
 32  0.0882   1985.471540  x:  0.19425   0.03125   0.17678   0.20708   0.02502   0.01387   0.05451   0.03256   0.04570   0.03429   0.05720   0.03151   0.00743   0.14586   0.20358   0.00495   0.02587   0.08367   0.02947   0.27132   0.03856   0.07015   0.01837   8.01138   1.59246   1.01713   1.23912   1.09977  
 33  0.0660   1985.418107  x:  0.19143   0.03007   0.17553   0.20614   0.02544   0.01402   0.05573   0.03149   0.04669   0.03330   0.05733   0.03231   0.00665   0.14300   0.20345   0.00493   0.02627   0.08448   0.03136   0.27252   0.04021   0.07059   0.01883   8.00930   1.60295   1.02304   1.23277   1.09252  
 34  0.0114   1985.391578  x:  0.19128   0.03051   0.17489   0.20441   0.02546   0.01394   0.05557   0.03192   0.04720   0.03094   0.05768   0.03235   0.00665   0.14356   0.20073   0.00505   0.02645   0.08404   0.03228   0.26861   0.03938   0.07079   0.01922   8.00713   1.60329   1.02131   1.23880   1.09805  
 35  0.0045   1985.385126  x:  0.18980   0.03060   0.17481   0.20538   0.02547   0.01386   0.05516   0.03208   0.04721   0.02998   0.05771   0.03211   0.00685   0.14269   0.20233   0.00509   0.02634   0.08411   0.03188   0.26989   0.03929   0.07052   0.01921   8.00585   1.60209   1.02229   1.23812   1.09609  
 36  0.0030   1985.383803  x:  0.19066   0.03055   0.17461   0.20481   0.02550   0.01386   0.05515   0.03198   0.04712   0.02979   0.05763   0.03209   0.00689   0.14275   0.20177   0.00505   0.02618   0.08426   0.03151   0.27053   0.03955   0.07051   0.01913   8.00560   1.60206   1.02220   1.23695   1.09553  
 37  0.0014   1985.382612  x:  0.18994   0.03044   0.17521   0.20513   0.02556   0.01398   0.05530   0.03179   0.04702   0.02974   0.05756   0.03218   0.00683   0.14307   0.20160   0.00494   0.02599   0.08420   0.03129   0.27021   0.03956   0.07058   0.01903   8.00539   1.60181   1.02149   1.23682   1.09672  
 38  0.0006   1985.380063  x:  0.19050   0.03057   0.17408   0.20515   0.02566   0.01438   0.05534   0.03181   0.04705   0.02965   0.05765   0.03225   0.00676   0.14249   0.20216   0.00491   0.02553   0.08417   0.03146   0.26976   0.03936   0.07069   0.01897   8.00607   1.60279   1.02211   1.23862   1.09626  
 39  0.0008   1985.378288  x:  0.19005   0.03066   0.17481   0.20468   0.02558   0.01471   0.05513   0.03200   0.04715   0.02966   0.05772   0.03214   0.00684   0.14275   0.20164   0.00506   0.02520   0.08443   0.03162   0.27010   0.03961   0.07063   0.01903   8.00564   1.60216   1.02244   1.23763   1.09531  
 40  0.0013   1985.377994  x:  0.19011   0.03054   0.17459   0.20505   0.02545   0.01479   0.05512   0.03194   0.04716   0.02969   0.05761   0.03211   0.00688   0.14266   0.20154   0.00510   0.02520   0.08431   0.03155   0.27000   0.03968   0.07052   0.01907   8.00406   1.60192   1.02201   1.23723   1.09607  
 41  0.0013   1985.377856  x:  0.19017   0.03050   0.17470   0.20480   0.02536   0.01483   0.05516   0.03191   0.04719   0.02964   0.05757   0.03214   0.00687   0.14276   0.20177   0.00509   0.02526   0.08434   0.03153   0.27003   0.03960   0.07051   0.01913   8.00384   1.60211   1.02196   1.23752   1.09574  
 42  0.0003   1985.377739  x:  0.19029   0.03055   0.17476   0.20508   0.02534   0.01489   0.05515   0.03195   0.04720   0.02961   0.05760   0.03215   0.00685   0.14279   0.20167   0.00505   0.02537   0.08436   0.03153   0.27016   0.03958   0.07055   0.01914   8.00503   1.60211   1.02228   1.23748   1.09562  
 43  0.0005   1985.377694  x:  0.19029   0.03055   0.17475   0.20499   0.02537   0.01493   0.05512   0.03194   0.04716   0.02961   0.05761   0.03213   0.00685   0.14280   0.20179   0.00505   0.02544   0.08430   0.03152   0.27017   0.03961   0.07054   0.01911   8.00518   1.60213   1.02217   1.23743   1.09594  
 44  0.0002   1985.377687  x:  0.19031   0.03054   0.17476   0.20502   0.02539   0.01493   0.05513   0.03193   0.04716   0.02959   0.05760   0.03213   0.00685   0.14281   0.20177   0.00506   0.02545   0.08433   0.03153   0.27016   0.03959   0.07054   0.01910   8.00500   1.60211   1.02213   1.23746   1.09578  
 45  0.0002   1985.377687  x:  0.19031   0.03054   0.17477   0.20502   0.02539   0.01493   0.05514   0.03193   0.04716   0.02960   0.05760   0.03213   0.00686   0.14281   0.20177   0.00506   0.02545   0.08432   0.03153   0.27016   0.03959   0.07054   0.01910   8.00497   1.60212   1.02216   1.23745   1.09579  
 46  0.0000   1985.377687  x:  0.19031   0.03054   0.17476   0.20502   0.02539   0.01493   0.05514   0.03193   0.04716   0.02960   0.05760   0.03213   0.00686   0.14281   0.20177   0.00506   0.02545   0.08432   0.03153   0.27016   0.03959   0.07054   0.01910   8.00496   1.60212   1.02216   1.23745   1.09579  
 47  0.0000   1985.377687  x:  0.19031   0.03054   0.17477   0.20502   0.02539   0.01493   0.05514   0.03193   0.04716   0.02960   0.05760   0.03213   0.00686   0.14281   0.20177   0.00506   0.02545   0.08432   0.03153   0.27016   0.03959   0.07054   0.01910   8.00496   1.60212   1.02216   1.23746   1.09579  
 48  0.0000   1985.377687  x:  0.19031   0.03054   0.17477   0.20502   0.02539   0.01493   0.05514   0.03193   0.04716   0.02960   0.05760   0.03213   0.00686   0.14281   0.20177   0.00506   0.02545   0.08432   0.03153   0.27016   0.03959   0.07054   0.01910   8.00496   1.60212   1.02216   1.23745   1.09579  
 49  0.0000   1985.377687  x:  0.19031   0.03054   0.17477   0.20502   0.02539   0.01493   0.05514   0.03193   0.04716   0.02960   0.05760   0.03213   0.00686   0.14281   0.20177   0.00506   0.02545   0.08432   0.03153   0.27016   0.03959   0.07054   0.01910   8.00496   1.60212   1.02216   1.23746   1.09579  
 50  0.0000   1985.377687  x:  0.19031   0.03054   0.17477   0.20502   0.02539   0.01493   0.05514   0.03193   0.04716   0.02960   0.05760   0.03213   0.00686   0.14281   0.20177   0.00506   0.02545   0.08432   0.03153   0.27016   0.03959   0.07054   0.01910   8.00496   1.60212   1.02216   1.23746   1.09579  