

TREE # 1

  0  0.0000   2602.053908  x:  0.03653   0.01290   0.09339   0.00000   0.12431   0.08414   0.04843   0.05487   0.08757   0.05966   0.07623   0.06663   0.02478   0.03239   0.01654   0.07359   0.05005   0.08596   0.10021   0.06717   0.11415   0.06619   0.05281   0.05515   2.00000   1.70970   1.09524   1.62027   0.40000  
  1 99.0000   2602.044757  x:  0.03653   0.01290   0.09339   0.00000   0.12431   0.08414   0.04843   0.05487   0.08757   0.05967   0.07623   0.06664   0.02477   0.03239   0.01654   0.07359   0.05005   0.08596   0.10021   0.06717   0.11415   0.06619   0.05282   0.05515   2.00000   1.70970   1.09524   1.62027   0.40000  
  2 1115.2335   2589.696436  x:  0.04091   0.00000   0.10855   0.00000   0.12672   0.06457   0.05148   0.04617   0.07074   0.06367   0.07845   0.08292   0.00662   0.00650   0.00690   0.06894   0.04042   0.09892   0.13778   0.07665   0.11518   0.05978   0.06170   0.05952   2.00864   1.70794   1.09540   1.62202   0.42213  
  3 528.8687   2589.696436  x:  0.04091   0.00000   0.10855   0.00000   0.12672   0.06457   0.05148   0.04617   0.07074   0.06367   0.07845   0.08292   0.00662   0.00650   0.00690   0.06894   0.04042   0.09892   0.13778   0.07665   0.11518   0.05978   0.06170   0.05952   2.00864   1.70794   1.09540   1.62202   0.42213  
  4 1183.8198   2482.323094  x:  0.10154   0.01454   0.11644   0.00000   0.13713   0.04121   0.05448   0.03734   0.05236   0.16802   0.09487   0.10876   0.00000   0.44740   0.00983   0.06016   0.03017   0.12353   0.18712   0.08137   0.12220   0.07627   0.11287   0.12015   2.01901   1.70553   1.09616   1.62448   0.44777  
  5 2453.8900   2463.594379  x:  0.11304   0.00000   0.12823   0.00000   0.13745   0.02397   0.05581   0.03353   0.03958   0.19245   0.09395   0.11597   0.00000   0.44063   0.00008   0.05623   0.02505   0.12872   0.21650   0.09056   0.12080   0.06349   0.12277   0.13165   2.02777   1.70355   1.09711   1.62568   0.46462  
  6 375.7090   2448.445811  x:  0.12786   0.00000   0.14475   0.00000   0.13697   0.00217   0.05736   0.02962   0.02344   0.22506   0.09139   0.12587   0.00000   0.43065   0.02004   0.04977   0.01923   0.13477   0.25566   0.10322   0.11893   0.04689   0.13571   0.14647   2.04087   1.70070   1.09844   1.62742   0.48845  
  7 1851.0212   2435.436033  x:  0.14988   0.00000   0.17085   0.00000   0.13480   0.02688   0.05948   0.02617   0.00593   0.27527   0.08535   0.14050   0.00000   0.41614   0.04280   0.03782   0.01247   0.14265   0.31552   0.12266   0.11580   0.02073   0.15474   0.16849   2.06297   1.69591   1.10075   1.63029   0.52646  
  8 1190.7415   2428.235133  x:  0.16493   0.00000   0.19052   0.00000   0.13100   0.03688   0.06037   0.02679   0.03477   0.31236   0.07774   0.14998   0.00000   0.40612   0.05572   0.02690   0.01152   0.14657   0.35938   0.13670   0.11327   0.00490   0.16723   0.18353   2.08202   1.69177   1.10294   1.63258   0.55602  
  9 1018.1830   2423.105642  x:  0.17429   0.00000   0.21069   0.00000   0.11816   0.04347   0.05874   0.03603   0.04649   0.34788   0.05838   0.15354   0.00000   0.39501   0.06222   0.01226   0.02159   0.14256   0.40097   0.14881   0.11028   0.04993   0.17274   0.19290   2.11156   1.68544   1.10705   1.63538   0.59031  
 10 357.4479   2417.461910  x:  0.16283   0.00000   0.22139   0.00000   0.08481   0.04262   0.05301   0.03671   0.04463   0.36527   0.01883   0.14040   0.00000   0.39924   0.06191   0.00652   0.02157   0.11756   0.41427   0.14835   0.11281   0.04490   0.15780   0.18144   2.16275   1.67466   1.11566   1.63878   0.62232  
 11 136.4687   2413.838852  x:  0.14885   0.00000   0.23419   0.00000   0.05415   0.04265   0.05212   0.03702   0.04443   0.38166   0.03009   0.12600   0.00000   0.40226   0.06229   0.02303   0.02588   0.09321   0.42413   0.14735   0.11545   0.04317   0.14044   0.16746   2.22772   1.66152   1.12580   1.64314   0.65815  
 12 224.9928   2408.885415  x:  0.12964   0.00000   0.24557   0.00000   0.07274   0.04153   0.05878   0.03554   0.04268   0.39164   0.04359   0.11064   0.00000   0.40579   0.06151   0.00328   0.02954   0.08030   0.42162   0.13861   0.11408   0.03989   0.11906   0.14825   2.33993   1.64025   1.14158   1.65006   0.70581  
 13 175.8829   2403.771256  x:  0.11035   0.00000   0.25654   0.00000   0.11834   0.04150   0.06460   0.03475   0.04276   0.39798   0.03212   0.09947   0.00000   0.40885   0.06147   0.03237   0.03238   0.08820   0.40864   0.12874   0.11188   0.03946   0.10018   0.12896   2.54024   1.60420   1.16735   1.66217   0.78067  
 14 422.6511   2385.520833  x:  0.13109   0.00000   0.24248   0.00000   0.09995   0.03971   0.03101   0.04364   0.04221   0.34654   0.04157   0.13194   0.00000   0.40299   0.05797   0.02521   0.00578   0.14452   0.31337   0.10777   0.10594   0.04068   0.14385   0.14970   3.15918   1.50418   1.23498   1.69640   0.95027  
 15 318.7948   2381.193151  x:  0.14319   0.00000   0.22992   0.00000   0.08741   0.03852   0.06241   0.03744   0.03997   0.32492   0.03914   0.14205   0.00000   0.40167   0.05655   0.02180   0.03152   0.15839   0.28959   0.11194   0.10732   0.03617   0.15780   0.16180   3.35361   1.47792   1.25102   1.70639   0.98949  
 16 625.2547   2376.382583  x:  0.15925   0.00000   0.19593   0.00000   0.09501   0.04002   0.07307   0.01866   0.04307   0.29859   0.04008   0.13834   0.00000   0.40112   0.05786   0.02249   0.01289   0.13303   0.31087   0.15144   0.11744   0.04283   0.15397   0.17785   3.54450   1.47807   1.24221   1.71168   0.96928  
 17 145.9059   2373.108806  x:  0.17143   0.00000   0.16778   0.00000   0.10400   0.03910   0.07162   0.04883   0.04102   0.27853   0.04162   0.13501   0.00000   0.40159   0.05761   0.02303   0.01467   0.11227   0.33853   0.18027   0.12353   0.03759   0.14982   0.19004   3.72153   1.48507   1.22756   1.71544   0.93549  
 18 457.3922   2368.331987  x:  0.17386   0.00000   0.16295   0.00000   0.10754   0.03908   0.03766   0.03587   0.03920   0.27173   0.04261   0.13517   0.00000   0.40055   0.05836   0.02171   0.04824   0.10945   0.37831   0.18365   0.11658   0.03227   0.14794   0.19246   3.94818   1.50964   1.19449   1.71706   0.85895  
 19 247.4321   2358.331739  x:  0.16167   0.00000   0.20367   0.00000   0.09133   0.04076   0.06127   0.03756   0.04180   0.29266   0.03858   0.14364   0.00000   0.39363   0.06147   0.02209   0.02760   0.12373   0.44491   0.14230   0.09185   0.03667   0.15496   0.18028   4.42381   1.57994   1.10876   1.71583   0.66146  
 20 365.7685   2357.279335  x:  0.16262   0.00000   0.21011   0.00000   0.09190   0.04091   0.06002   0.03828   0.04198   0.31788   0.03815   0.14074   0.00000   0.38827   0.06158   0.02023   0.02870   0.12673   0.43083   0.14681   0.12531   0.03738   0.15600   0.18123   4.48067   1.59830   1.09166   1.71265   0.63858  
 21 67.0654   2356.710209  x:  0.16778   0.00000   0.20736   0.00000   0.09294   0.04066   0.05880   0.03880   0.04163   0.34357   0.03752   0.13681   0.00000   0.38359   0.06137   0.02052   0.03023   0.12124   0.40623   0.15931   0.11060   0.03673   0.15282   0.18639   4.50929   1.62259   1.07450   1.70604   0.63525  
 22 29.1585   2356.114482  x:  0.16868   0.00000   0.20072   0.00000   0.09329   0.04037   0.05991   0.03796   0.04151   0.33633   0.03763   0.14602   0.00000   0.37988   0.06064   0.02113   0.02992   0.11798   0.40398   0.14707   0.11404   0.03666   0.14958   0.18729   4.53661   1.68852   1.04344   1.68532   0.66812  
 23 11.9150   2355.835058  x:  0.16402   0.00000   0.20654   0.00000   0.09111   0.04014   0.06000   0.03868   0.04127   0.32813   0.03784   0.13367   0.00000   0.37903   0.06034   0.01979   0.02902   0.12696   0.40428   0.15665   0.11363   0.03625   0.15665   0.18263   4.54830   1.71667   1.04241   1.67650   0.67894  
 24 16.8505   2354.328976  x:  0.16545   0.00000   0.23628   0.00000   0.09441   0.03923   0.05912   0.03960   0.04040   0.32007   0.03640   0.15422   0.00000   0.35916   0.05919   0.01997   0.03087   0.11370   0.39680   0.16945   0.11452   0.03508   0.15392   0.18406   4.60689   1.81990   1.14951   1.65547   0.68636  
 25 10.4229   2352.506633  x:  0.17123   0.00000   0.20278   0.00000   0.08883   0.03981   0.06135   0.03800   0.04086   0.34066   0.03769   0.13286   0.00000   0.32748   0.06089   0.01938   0.02806   0.12859   0.40456   0.14665   0.11517   0.03573   0.14925   0.18984   4.67178   1.91668   1.26048   1.66166   0.69515  
 26 49.8992   2348.274745  x:  0.13195   0.00000   0.17234   0.00000   0.08829   0.03840   0.06314   0.03592   0.03983   0.36311   0.03708   0.15813   0.00000   0.26063   0.05924   0.01805   0.02753   0.11447   0.40343   0.15233   0.11388   0.03592   0.20119   0.15056   4.80723   2.03475   1.34281   1.86138   0.73035  
 27 23.8617   2341.683558  x:  0.15602   0.00000   0.21205   0.00000   0.08005   0.03571   0.06307   0.03626   0.03728   0.35001   0.03410   0.13978   0.00000   0.16215   0.05764   0.01435   0.02235   0.12541   0.39085   0.14778   0.11563   0.03338   0.16204   0.17463   5.00815   2.18308   1.42177   2.18893   0.78497  
 28 120.8538   2341.509915  x:  0.15203   0.00000   0.20896   0.00000   0.07650   0.03562   0.06312   0.03668   0.03721   0.35153   0.03454   0.14757   0.00000   0.16048   0.05751   0.01281   0.02116   0.13462   0.39227   0.15430   0.11544   0.03337   0.15193   0.17064   5.01482   2.17171   1.41569   2.17847   0.78567  
 29  7.7618   2337.943082  x:  0.14361   0.00000   0.21251   0.00000   0.07618   0.03446   0.06285   0.03615   0.03593   0.36291   0.03358   0.15117   0.00000   0.11511   0.05682   0.01317   0.02116   0.12313   0.40201   0.15362   0.11525   0.03182   0.16484   0.16222   5.14929   1.82958   1.23477   1.82297   0.79338  
 30 19.2090   2329.281135  x:  0.14350   0.00000   0.24547   0.00000   0.06890   0.02793   0.06192   0.03430   0.02982   0.37564   0.02984   0.14063   0.00000   0.17999   0.05043   0.01056   0.01524   0.11169   0.41875   0.14945   0.11442   0.02239   0.15215   0.16211   5.74828   1.38859   1.01441   1.54066   0.85645  
 31  1.5832   2320.285263  x:  0.15127   0.00000   0.26573   0.00000   0.07732   0.01257   0.05817   0.02744   0.01888   0.37390   0.03195   0.12355   0.00000   0.20912   0.03149   0.00649   0.00658   0.11335   0.44751   0.13830   0.11075   0.01425   0.13188   0.16987   7.07954   1.78330   1.23204   2.01415   0.96435  
 32  1.3224   2315.135515  x:  0.15457   0.00000   0.24492   0.00000   0.10151   0.00556   0.05419   0.02611   0.02224   0.39584   0.03889   0.14291   0.00000   0.20296   0.01400   0.01750   0.01126   0.13268   0.48677   0.14700   0.11074   0.03674   0.15305   0.17316   8.21695   1.73047   1.22222   1.88783   1.01334  
 33  0.7801   2313.414242  x:  0.15798   0.00000   0.23135   0.00000   0.08822   0.01227   0.05784   0.03320   0.02681   0.40871   0.03581   0.14325   0.00000   0.18307   0.00945   0.01521   0.00371   0.13362   0.50313   0.15171   0.11339   0.04034   0.16067   0.17657   8.68027   1.63416   1.15700   1.74916   1.00866  
 34  0.3833   2313.039456  x:  0.15809   0.00000   0.23346   0.00000   0.08247   0.01120   0.05629   0.03226   0.02525   0.40906   0.03364   0.14194   0.00000   0.17980   0.00529   0.01338   0.00665   0.13232   0.50412   0.15174   0.11357   0.03654   0.15901   0.17668   8.95200   1.62572   1.14483   1.76293   1.01313  
 35  0.3825   2312.762769  x:  0.15830   0.00000   0.23864   0.00000   0.07866   0.01215   0.05520   0.03006   0.02419   0.41094   0.03212   0.14109   0.00000   0.17965   0.00881   0.01160   0.00998   0.13036   0.50606   0.15073   0.11289   0.03031   0.15641   0.17690   9.11138   1.64053   1.14990   1.80401   1.01015  
 36  0.2007   2312.508494  x:  0.15757   0.00000   0.24128   0.00000   0.08402   0.01207   0.05735   0.03055   0.02377   0.41132   0.03427   0.14205   0.00000   0.18351   0.00856   0.01213   0.00523   0.12720   0.50759   0.15045   0.11212   0.02632   0.15453   0.17617   9.58192   1.67247   1.16915   1.82347   1.01292  
 37  0.2598   2312.357354  x:  0.15787   0.00000   0.23716   0.00000   0.08673   0.01334   0.05673   0.03012   0.02561   0.41051   0.03504   0.14127   0.00000   0.18282   0.00881   0.01316   0.00681   0.13254   0.50613   0.15103   0.11351   0.02931   0.15565   0.17646   9.97595   1.65808   1.16631   1.79760   1.01186  
 38  0.2038   2312.291608  x:  0.15694   0.00000   0.23840   0.00000   0.08287   0.01286   0.05683   0.03093   0.02548   0.40615   0.03339   0.14038   0.00000   0.18263   0.00901   0.01274   0.00611   0.13033   0.49781   0.15070   0.11299   0.02970   0.15555   0.17553  10.22086   1.65125   1.15888   1.80831   1.01108  
 39  0.1463   2312.281591  x:  0.15661   0.00000   0.23812   0.00000   0.08356   0.01236   0.05637   0.03085   0.02507   0.40375   0.03390   0.14102   0.00000   0.18348   0.00922   0.01276   0.00744   0.12934   0.49421   0.15038   0.11286   0.02968   0.15488   0.17520  10.23263   1.65580   1.16184   1.80980   1.01110  
 40  0.0105   2312.280947  x:  0.15655   0.00000   0.23790   0.00000   0.08367   0.01225   0.05654   0.03081   0.02507   0.40368   0.03395   0.14091   0.00000   0.18320   0.00927   0.01273   0.00726   0.12932   0.49390   0.15026   0.11293   0.03003   0.15482   0.17514  10.22044   1.65615   1.16252   1.80990   1.01153  
 41  0.0108   2312.280900  x:  0.15650   0.00000   0.23786   0.00000   0.08365   0.01223   0.05658   0.03081   0.02505   0.40381   0.03391   0.14088   0.00000   0.18301   0.00929   0.01269   0.00729   0.12936   0.49398   0.15032   0.11292   0.03001   0.15487   0.17509  10.22009   1.65593   1.16237   1.80962   1.01172  
 42  0.0005   2312.280897  x:  0.15651   0.00000   0.23787   0.00000   0.08367   0.01223   0.05658   0.03081   0.02506   0.40384   0.03391   0.14090   0.00000   0.18300   0.00929   0.01269   0.00729   0.12935   0.49403   0.15030   0.11292   0.03001   0.15486   0.17510  10.22180   1.65611   1.16241   1.80980   1.01182  
 43  0.0012   2312.280897  x:  0.15651   0.00000   0.23788   0.00000   0.08366   0.01223   0.05658   0.03081   0.02506   0.40384   0.03391   0.14089   0.00000   0.18301   0.00929   0.01269   0.00729   0.12935   0.49404   0.15031   0.11292   0.03001   0.15486   0.17510  10.22216   1.65609   1.16240   1.80974   1.01186  
 44  0.0002   2312.280897  x:  0.15651   0.00000   0.23788   0.00000   0.08366   0.01222   0.05658   0.03081   0.02506   0.40384   0.03391   0.14089   0.00000   0.18302   0.00929   0.01269   0.00729   0.12935   0.49405   0.15031   0.11292   0.03001   0.15486   0.17510  10.22203   1.65607   1.16239   1.80974   1.01187  
 45  0.0001   2312.280897  x:  0.15651   0.00000   0.23787   0.00000   0.08366   0.01222   0.05658   0.03081   0.02506   0.40384   0.03391   0.14089   0.00000   0.18302   0.00929   0.01269   0.00729   0.12935   0.49404   0.15031   0.11292   0.03001   0.15486   0.17510  10.22202   1.65608   1.16240   1.80975   1.01188  
 46  0.0000   2312.280897  x:  0.15651   0.00000   0.23787   0.00000   0.08366   0.01222   0.05658   0.03081   0.02506   0.40384   0.03391   0.14089   0.00000   0.18301   0.00929   0.01269   0.00729   0.12935   0.49404   0.15031   0.11292   0.03001   0.15486   0.17510  10.22202   1.65608   1.16240   1.80975   1.01188  
 47  0.0000   2312.280897  x:  0.15651   0.00000   0.23787   0.00000   0.08366   0.01222   0.05658   0.03081   0.02506   0.40384   0.03391   0.14089   0.00000   0.18301   0.00929   0.01269   0.00729   0.12935   0.49404   0.15031   0.11292   0.03001   0.15486   0.17510  10.22202   1.65608   1.16240   1.80975   1.01188  
 48  0.0000   2312.280897  x:  0.15651   0.00000   0.23787   0.00000   0.08366   0.01222   0.05658   0.03081   0.02506   0.40384   0.03391   0.14089   0.00000   0.18302   0.00929   0.01269   0.00729   0.12935   0.49404   0.15031   0.11292   0.03001   0.15486   0.17510  10.22202   1.65608   1.16240   1.80975   1.01187  
 49  0.0000   2312.280897  x:  0.15651   0.00000   0.23787   0.00000   0.08366   0.01222   0.05658   0.03081   0.02506   0.40384   0.03391   0.14089   0.00000   0.18301   0.00929   0.01269   0.00729   0.12935   0.49404   0.15031   0.11292   0.03001   0.15486   0.17510  10.22202   1.65608   1.16240   1.80975   1.01187  
 50  0.0000   2312.280897  x:  0.15651   0.00000   0.23787   0.00000   0.08366   0.01222   0.05658   0.03081   0.02506   0.40384   0.03391   0.14089   0.00000   0.18301   0.00929   0.01269   0.00729   0.12935   0.49404   0.15031   0.11292   0.03001   0.15486   0.17510  10.22202   1.65608   1.16240   1.80975   1.01187  