

TREE # 1

  0  0.0000   1913.408470  x:  0.01972   0.20925   0.02571   0.03211   0.02495   0.05815   0.02188   0.05666   0.08536   0.02661   0.17168   0.01972   0.20925   0.02571   0.03211   0.02495   0.05815   0.02188   0.05666   0.08536   0.02661   0.17168   0.21568   8.40433   1.11486   0.77102   1.15933   1.00000  
  1 99.0000   1902.732665  x:  0.00000   0.21020   0.02951   0.02225   0.01890   0.06287   0.01053   0.06236   0.09582   0.01451   0.17414   0.00189   0.20575   0.04843   0.03193   0.01817   0.06280   0.02496   0.04220   0.07304   0.03250   0.16831   0.21608   8.40422   1.11559   0.77127   1.16222   0.99838  
  2 296.8410   1902.305856  x:  0.00000   0.21023   0.02958   0.02192   0.01903   0.06313   0.01120   0.06265   0.09651   0.01436   0.17447   0.00000   0.20538   0.04822   0.03186   0.01826   0.06304   0.02488   0.04105   0.07191   0.03237   0.16801   0.21619   8.40421   1.11568   0.77129   1.16254   0.99820  
  3 226.3284   1901.231340  x:  0.00000   0.20999   0.02942   0.02199   0.02014   0.06481   0.00552   0.06457   0.10261   0.01667   0.17895   0.00000   0.20081   0.04124   0.03139   0.01982   0.06466   0.02388   0.03097   0.05971   0.03135   0.16484   0.21822   8.40403   1.11692   0.77174   1.16677   0.99585  
  4 211.5130   1900.780851  x:  0.00000   0.20857   0.02848   0.02761   0.01605   0.06419   0.00672   0.06374   0.10484   0.01885   0.18524   0.00000   0.19485   0.03979   0.03245   0.01662   0.06400   0.02597   0.03188   0.05017   0.03613   0.16183   0.22179   8.40375   1.11894   0.77259   1.17340   0.99212  
  5 66.7720   1900.452187  x:  0.00000   0.20645   0.02802   0.02847   0.02117   0.06288   0.00662   0.06228   0.10536   0.01627   0.19332   0.00000   0.18670   0.04130   0.03299   0.01949   0.06281   0.02570   0.03650   0.04478   0.03820   0.15815   0.22680   8.40328   1.12230   0.77407   1.18407   0.98603  
  6 59.4538   1899.913075  x:  0.00000   0.20219   0.02941   0.02232   0.01709   0.06195   0.00657   0.06113   0.10435   0.01618   0.20785   0.00000   0.17100   0.04110   0.03170   0.01867   0.06183   0.02234   0.03921   0.04796   0.03355   0.15183   0.23662   8.40212   1.13063   0.77791   1.20935   0.97129  
  7 68.0914   1899.603429  x:  0.00000   0.20000   0.02925   0.02422   0.02008   0.06315   0.00686   0.06268   0.10304   0.01799   0.21393   0.00000   0.16431   0.04213   0.03196   0.01707   0.06301   0.02795   0.03503   0.05432   0.03278   0.15005   0.24171   8.40110   1.13808   0.78158   1.23000   0.95877  
  8 71.0359   1899.227490  x:  0.00000   0.19885   0.02743   0.02893   0.01762   0.06489   0.00714   0.06473   0.10125   0.01500   0.21482   0.00000   0.16404   0.04226   0.03303   0.02200   0.06468   0.02492   0.03046   0.05872   0.03664   0.15212   0.24479   8.39946   1.15033   0.78807   1.26085   0.93919  
  9 68.8187   1898.264365  x:  0.00000   0.19889   0.02924   0.02761   0.02186   0.06645   0.00718   0.06650   0.10038   0.01662   0.20771   0.00000   0.17381   0.04143   0.03218   0.01507   0.06610   0.01809   0.03096   0.05656   0.04038   0.16098   0.24662   8.39488   1.18458   0.80703   1.34212   0.88611  
 10 133.3843   1897.417693  x:  0.00000   0.19998   0.03029   0.02200   0.01897   0.06598   0.00699   0.06578   0.10127   0.01714   0.19863   0.00000   0.18454   0.03998   0.03110   0.01879   0.06551   0.02614   0.03478   0.05100   0.03824   0.16860   0.24591   8.39031   1.21866   0.82636   1.41996   0.83451  
 11 379.7002   1897.240953  x:  0.00000   0.20130   0.02782   0.02512   0.01868   0.06353   0.00677   0.06307   0.10319   0.01552   0.19573   0.00000   0.18538   0.04178   0.03238   0.01776   0.06313   0.02592   0.03426   0.05021   0.03247   0.16655   0.24228   8.38911   1.22740   0.83217   1.43435   0.82408  
 12 61.3637   1897.134703  x:  0.00000   0.20309   0.02919   0.02561   0.01874   0.06185   0.00693   0.06130   0.10487   0.01864   0.19335   0.00000   0.18397   0.04360   0.03225   0.01936   0.06160   0.02500   0.03372   0.05110   0.03346   0.16125   0.23612   8.38793   1.23565   0.83844   1.44175   0.81765  
 13 33.5907   1897.018819  x:  0.00000   0.20519   0.02879   0.02484   0.01887   0.06179   0.00663   0.06128   0.10514   0.01630   0.19107   0.00000   0.18142   0.04095   0.03155   0.01816   0.06159   0.02572   0.03443   0.05248   0.03612   0.15428   0.22780   8.38630   1.24663   0.84708   1.44813   0.81121  
 14 45.6826   1896.957762  x:  0.00000   0.20555   0.02814   0.02509   0.01868   0.06430   0.00657   0.06395   0.10269   0.01719   0.19131   0.00000   0.17999   0.04175   0.03293   0.01841   0.06390   0.02541   0.03590   0.05127   0.03474   0.15279   0.22398   8.38485   1.25568   0.85421   1.44965   0.80874  
 15 19.9202   1896.860471  x:  0.00000   0.20442   0.03068   0.02595   0.01858   0.06393   0.00661   0.06338   0.09935   0.01615   0.19417   0.00000   0.17899   0.04249   0.03017   0.01832   0.06346   0.02563   0.03426   0.04977   0.03398   0.15621   0.22220   8.38149   1.27487   0.86888   1.44916   0.80701  
 16 20.1186   1896.766147  x:  0.00000   0.20309   0.02811   0.02359   0.01877   0.06277   0.00671   0.06218   0.10016   0.01662   0.19689   0.00000   0.17878   0.04289   0.03237   0.01804   0.06242   0.02570   0.03278   0.04991   0.03531   0.16011   0.22285   8.37781   1.29480   0.88357   1.44819   0.80640  
 17 49.6484   1896.708249  x:  0.00000   0.20273   0.02947   0.02449   0.01867   0.06347   0.00667   0.06324   0.10564   0.01617   0.19726   0.00000   0.17951   0.04267   0.03275   0.01813   0.06325   0.02565   0.03439   0.05139   0.03504   0.16086   0.22608   8.37497   1.30806   0.89222   1.44788   0.80752  
 18 26.4673   1896.685632  x:  0.00000   0.20309   0.02802   0.02449   0.01866   0.06384   0.00668   0.06344   0.10592   0.01655   0.19599   0.00000   0.18026   0.04325   0.03078   0.01819   0.06349   0.02558   0.03454   0.05131   0.03509   0.15919   0.22889   8.37336   1.31321   0.89443   1.44849   0.80946  
 19 11.6150   1896.646219  x:  0.00000   0.20410   0.02909   0.02414   0.01861   0.06381   0.00664   0.06309   0.10399   0.01614   0.19276   0.00000   0.18169   0.04346   0.03219   0.01800   0.06329   0.02571   0.03373   0.05061   0.03512   0.15503   0.23444   8.36988   1.32225   0.89700   1.45059   0.81461  
 20 18.2244   1896.518211  x:  0.00000   0.20580   0.02914   0.02353   0.01826   0.06034   0.00651   0.06622   0.10514   0.01570   0.19101   0.00000   0.17828   0.04513   0.03194   0.01767   0.06359   0.02598   0.03338   0.04970   0.03528   0.15703   0.22948   8.35203   1.34533   0.89126   1.46913   0.84640  
 21  5.9149   1896.473341  x:  0.00000   0.20569   0.02922   0.02334   0.01821   0.06430   0.00644   0.06313   0.10591   0.01551   0.19132   0.00000   0.17796   0.04576   0.03194   0.01756   0.06328   0.02609   0.03322   0.04957   0.03536   0.15744   0.22721   8.34535   1.35218   0.88969   1.47562   0.85725  
 22 30.2183   1896.425217  x:  0.00000   0.20135   0.02938   0.02295   0.01812   0.06358   0.00646   0.06318   0.10652   0.01522   0.19599   0.00000   0.18424   0.04669   0.03187   0.01742   0.06461   0.02625   0.03268   0.04953   0.03530   0.15369   0.22490   8.33538   1.34972   0.89402   1.48057   0.86406  
 23  4.6341   1896.365774  x:  0.00000   0.20151   0.02955   0.02253   0.01803   0.06535   0.00643   0.06621   0.10730   0.01492   0.19580   0.00000   0.18423   0.04774   0.03182   0.01726   0.06009   0.02637   0.03224   0.04912   0.03550   0.15329   0.22479   8.32157   1.34176   0.90203   1.48422   0.86807  
 24  8.2982   1896.222212  x:  0.00000   0.20569   0.02997   0.02160   0.01776   0.06484   0.00636   0.06466   0.10924   0.01420   0.19167   0.00000   0.17916   0.05031   0.03175   0.01679   0.06467   0.02662   0.03122   0.04794   0.03604   0.15514   0.22609   8.28660   1.32061   0.92150   1.49124   0.87473  
 25 31.3780   1895.902849  x:  0.00000   0.21666   0.03080   0.01940   0.01728   0.06622   0.00631   0.06683   0.11273   0.01251   0.19850   0.00000   0.18042   0.05605   0.03158   0.01580   0.06594   0.02692   0.02836   0.04646   0.03705   0.15316   0.22639   8.19394   1.31014   0.88879   1.46553   0.82806  
 26  4.9474   1895.843755  x:  0.00000   0.20673   0.03102   0.01894   0.01723   0.06652   0.00636   0.06723   0.11384   0.01215   0.19337   0.00000   0.17727   0.05696   0.03151   0.01565   0.06625   0.02690   0.02767   0.04558   0.03720   0.15285   0.22599   8.17553   1.30878   0.88246   1.46056   0.81933  
 27 13.7689   1895.067309  x:  0.00000   0.21222   0.03087   0.01669   0.01956   0.06821   0.01050   0.06905   0.11972   0.01235   0.19316   0.00000   0.17475   0.04932   0.03067   0.01813   0.06761   0.02499   0.02098   0.04139   0.03124   0.14781   0.22265   7.74144   1.32167   0.89175   1.48117   0.82579  
 28  1.6526   1894.847351  x:  0.00000   0.21098   0.03078   0.01856   0.01954   0.06907   0.01180   0.06988   0.12181   0.01253   0.19357   0.00000   0.17301   0.04921   0.03091   0.01842   0.06846   0.02414   0.02636   0.04246   0.03150   0.14743   0.22334   7.25970   1.31871   0.88899   1.48373   0.81165  
 29  0.5807   1894.822053  x:  0.00000   0.20982   0.03077   0.01892   0.01922   0.06899   0.01193   0.06960   0.12163   0.01300   0.19400   0.00000   0.17332   0.04966   0.03106   0.01817   0.06839   0.02433   0.02476   0.04321   0.03246   0.14837   0.22424   7.10612   1.31649   0.88859   1.48311   0.80902  
 30  0.2037   1894.820273  x:  0.00000   0.20971   0.03071   0.01847   0.01910   0.06880   0.01199   0.06933   0.12117   0.01277   0.19398   0.00000   0.17365   0.04959   0.03108   0.01810   0.06820   0.02440   0.02464   0.04305   0.03241   0.14852   0.22423   7.09686   1.31648   0.88907   1.48294   0.80991  
 31  0.0115   1894.820121  x:  0.00000   0.20973   0.03070   0.01853   0.01909   0.06874   0.01201   0.06926   0.12099   0.01281   0.19395   0.00000   0.17366   0.04958   0.03106   0.01808   0.06814   0.02443   0.02456   0.04294   0.03235   0.14846   0.22416   7.10334   1.31628   0.88891   1.48253   0.80989  
 32  0.0071   1894.820101  x:  0.00000   0.20975   0.03070   0.01853   0.01910   0.06873   0.01205   0.06926   0.12093   0.01281   0.19393   0.00000   0.17363   0.04959   0.03105   0.01809   0.06813   0.02443   0.02457   0.04299   0.03235   0.14844   0.22414   7.10448   1.31625   0.88885   1.48241   0.80989  
 33  0.0009   1894.820097  x:  0.00000   0.20974   0.03070   0.01853   0.01910   0.06874   0.01206   0.06927   0.12094   0.01281   0.19394   0.00000   0.17363   0.04959   0.03106   0.01809   0.06814   0.02443   0.02458   0.04297   0.03236   0.14845   0.22416   7.10391   1.31628   0.88888   1.48247   0.80990  
 34  0.0005   1894.820097  x:  0.00000   0.20974   0.03070   0.01853   0.01910   0.06874   0.01206   0.06927   0.12095   0.01281   0.19395   0.00000   0.17364   0.04959   0.03106   0.01809   0.06814   0.02443   0.02457   0.04297   0.03236   0.14845   0.22416   7.10412   1.31629   0.88889   1.48249   0.80991  
 35  0.0002   1894.820097  x:  0.00000   0.20974   0.03070   0.01853   0.01910   0.06874   0.01206   0.06927   0.12095   0.01281   0.19394   0.00000   0.17364   0.04959   0.03106   0.01809   0.06814   0.02443   0.02457   0.04297   0.03236   0.14845   0.22416   7.10418   1.31629   0.88889   1.48249   0.80990  
 36  0.0001   1894.820097  x:  0.00000   0.20974   0.03070   0.01853   0.01910   0.06874   0.01206   0.06927   0.12095   0.01281   0.19394   0.00000   0.17364   0.04959   0.03106   0.01809   0.06814   0.02443   0.02457   0.04297   0.03236   0.14845   0.22416   7.10419   1.31629   0.88889   1.48249   0.80990  
 37  0.0000   1894.820097  x:  0.00000   0.20974   0.03070   0.01853   0.01910   0.06874   0.01206   0.06927   0.12095   0.01281   0.19394   0.00000   0.17364   0.04959   0.03106   0.01809   0.06814   0.02443   0.02457   0.04297   0.03236   0.14845   0.22416   7.10419   1.31629   0.88889   1.48249   0.80990  
 38  0.0000   1894.820097  x:  0.00000   0.20974   0.03070   0.01853   0.01910   0.06874   0.01206   0.06927   0.12095   0.01281   0.19394   0.00000   0.17364   0.04959   0.03106   0.01809   0.06814   0.02443   0.02457   0.04297   0.03236   0.14845   0.22416   7.10419   1.31629   0.88889   1.48249   0.80990  

TREE # 2

  0  0.0000   2190.173829  x:  0.00000   0.20974   0.03070   0.01853   0.01910   0.06874   0.01206   0.06927   0.12095   0.01281   0.19394   0.00000   0.17364   0.04959   0.03106   0.01809   0.06814   0.02443   0.02457   0.04297   0.03236   0.14845   0.22416   7.10419   1.29445   0.81952   1.36834   0.80990  
  1 99.0000   2062.359100  x:  0.27767   0.21016   0.05711   0.07162   0.02330   0.06803   0.02840   0.06636   0.11569   0.02612   0.19035   0.23068   0.17511   0.06464   0.07458   0.01700   0.06493   0.05030   0.02436   0.04727   0.02927   0.14476   0.21774   7.10420   1.29435   0.81977   1.36849   0.80985  
  2 8308.7038   1990.526000  x:  0.27665   0.17290   0.12551   0.14016   0.03130   0.06068   0.05213   0.04194   0.07782   0.00189   0.16099   0.19936   0.13778   0.13952   0.16829   0.00000   0.04270   0.11625   0.01522   0.06960   0.01058   0.12004   0.17373   7.10429   1.29208   0.82325   1.36910   0.80914  
  3 660.3102   1985.804728  x:  0.27658   0.16970   0.13119   0.14587   0.03195   0.06006   0.05407   0.03989   0.07458   0.00000   0.15849   0.19670   0.13458   0.14575   0.17610   0.00210   0.04086   0.12171   0.01450   0.07145   0.00912   0.11794   0.16996   7.10430   1.29188   0.82355   1.36916   0.80907  
  4 14762.5016   1967.217252  x:  0.29690   0.08433   0.16233   0.19031   0.02167   0.04966   0.04345   0.01606   0.00000   0.12033   0.10552   0.14986   0.04859   0.18484   0.23407   0.00477   0.02589   0.14356   0.03561   0.07541   0.07712   0.07298   0.07018   7.10454   1.28633   0.83214   1.37055   0.80769  
  5 546.9610   1958.681558  x:  0.30444   0.05245   0.17421   0.20712   0.01794   0.04578   0.03965   0.00742   0.00083   0.16462   0.08572   0.13232   0.01648   0.19971   0.25601   0.00576   0.02027   0.15199   0.04331   0.07699   0.10208   0.05620   0.03293   7.10462   1.28426   0.83535   1.37108   0.80717  
  6 3966.9104   1951.568529  x:  0.30917   0.03619   0.17790   0.21316   0.01936   0.04537   0.03881   0.02260   0.00086   0.17843   0.07682   0.12404   0.00000   0.20490   0.26382   0.00607   0.02064   0.15418   0.04379   0.07697   0.10824   0.05087   0.01525   7.10467   1.28328   0.83684   1.37138   0.80692  
  7 1126.5626   1947.774666  x:  0.31752   0.01435   0.17626   0.21425   0.02613   0.04744   0.03906   0.02036   0.00085   0.18147   0.06914   0.11471   0.00000   0.20532   0.26488   0.00603   0.02646   0.15102   0.03773   0.07468   0.10410   0.05363   0.00260   7.10471   1.28215   0.83850   1.37189   0.80663  
  8 282.8526   1945.086496  x:  0.32280   0.00000   0.17572   0.21544   0.02891   0.04822   0.03911   0.02022   0.00085   0.18453   0.06420   0.10848   0.00000   0.20611   0.26619   0.00604   0.02873   0.14942   0.03441   0.07347   0.10237   0.05482   0.00373   7.10475   1.28141   0.83961   1.37222   0.80643  
  9 675.0704   1942.237731  x:  0.35627   0.00000   0.17142   0.21788   0.01995   0.04176   0.03984   0.02039   0.00081   0.19454   0.05279   0.07097   0.00000   0.20979   0.26652   0.00608   0.01718   0.13748   0.01890   0.06911   0.08396   0.05890   0.00289   7.10494   1.27689   0.84652   1.37460   0.80529  
 10 199.9506   1939.963948  x:  0.39009   0.00000   0.16964   0.22004   0.01741   0.03612   0.04003   0.02020   0.00080   0.20311   0.06187   0.03219   0.00000   0.21554   0.26596   0.00604   0.02355   0.12864   0.02677   0.07050   0.06283   0.05442   0.00358   7.10516   1.27206   0.85392   1.37757   0.80404  
 11 185.2068   1939.641682  x:  0.39505   0.00000   0.16935   0.21972   0.02225   0.03863   0.03949   0.02022   0.00080   0.20565   0.06535   0.02658   0.00000   0.21662   0.26505   0.00608   0.01935   0.12760   0.02793   0.07122   0.05882   0.05328   0.00381   7.10522   1.27086   0.85573   1.37843   0.80370  
 12 96.4639   1939.162465  x:  0.39595   0.00000   0.17003   0.21703   0.01848   0.04959   0.03850   0.02045   0.00080   0.21349   0.07136   0.02592   0.00000   0.22113   0.26218   0.00613   0.02074   0.12969   0.02314   0.07332   0.04724   0.05401   0.00392   7.10550   1.26631   0.86255   1.38211   0.80220  
 13 28.2561   1938.285707  x:  0.39276   0.00000   0.17013   0.21014   0.02189   0.04235   0.04109   0.02086   0.00081   0.22374   0.07337   0.03112   0.00000   0.22793   0.25457   0.00617   0.02148   0.13256   0.02115   0.07405   0.02712   0.05706   0.00436   7.10611   1.25707   0.87648   1.39003   0.79898  
 14 46.4158   1934.302983  x:  0.40461   0.00000   0.16611   0.17454   0.01819   0.05239   0.04121   0.02039   0.00087   0.16753   0.05104   0.03486   0.00000   0.24654   0.21033   0.00522   0.01731   0.13809   0.04616   0.06300   0.02634   0.06250   0.00432   7.11002   1.20691   0.95284   1.44033   0.77942  
 15 32.9510   1929.637236  x:  0.41915   0.00000   0.15962   0.14807   0.02421   0.04091   0.03578   0.01980   0.00095   0.09987   0.06611   0.03527   0.00000   0.25406   0.17171   0.00412   0.02372   0.13549   0.02357   0.06567   0.05329   0.05371   0.00519   7.11456   1.15752   1.03096   1.49736   0.75826  
 16 186.1204   1925.121678  x:  0.41980   0.00000   0.13907   0.16449   0.02242   0.04354   0.05387   0.02042   0.00105   0.04512   0.07891   0.03973   0.00000   0.20751   0.17831   0.00314   0.02111   0.10376   0.02938   0.07619   0.05826   0.07317   0.00487   7.11887   1.14243   1.07211   1.54641   0.74386  
 17 74.0263   1923.417156  x:  0.42031   0.00000   0.13363   0.16828   0.02166   0.04286   0.03692   0.01988   0.00105   0.02395   0.07763   0.04202   0.00000   0.18335   0.18122   0.00267   0.02054   0.10111   0.03060   0.07020   0.04935   0.06513   0.00523   7.12037   1.14798   1.07597   1.56168   0.74117  
 18 92.4613   1922.771216  x:  0.42374   0.00000   0.13565   0.16123   0.02130   0.04396   0.04762   0.01963   0.00106   0.01768   0.07736   0.03941   0.00000   0.17308   0.17472   0.00255   0.02089   0.11016   0.02886   0.06416   0.04825   0.05954   0.00543   7.12101   1.16250   1.06528   1.56669   0.74303  
 19 39.4373   1922.283348  x:  0.42767   0.00000   0.14112   0.15335   0.02165   0.04262   0.04417   0.02027   0.00108   0.01360   0.07780   0.03659   0.00000   0.17603   0.16762   0.00251   0.02110   0.11499   0.02940   0.06896   0.05034   0.07167   0.00511   7.12152   1.18112   1.04868   1.56982   0.74652  
 20 38.9999   1922.111021  x:  0.42703   0.00000   0.14019   0.15212   0.02184   0.04350   0.04501   0.02020   0.00108   0.01160   0.07715   0.03816   0.00000   0.18625   0.16525   0.00247   0.02140   0.10615   0.02925   0.06733   0.04975   0.06918   0.00519   7.12178   1.18953   1.03952   1.57125   0.74841  
 21 19.5663   1921.964030  x:  0.42617   0.00000   0.13073   0.15640   0.02198   0.04325   0.04454   0.02046   0.00109   0.01175   0.07916   0.03757   0.00000   0.19109   0.16463   0.00249   0.02154   0.11035   0.02928   0.06184   0.05025   0.07174   0.00504   7.12245   1.18968   1.03204   1.57695   0.74897  
 22  4.0727   1921.310385  x:  0.42262   0.00000   0.11626   0.15923   0.02261   0.04410   0.04513   0.02058   0.00110   0.01210   0.07065   0.03602   0.00000   0.19239   0.15994   0.00246   0.02279   0.11452   0.02790   0.07639   0.04657   0.06600   0.00476   7.12588   1.18436   1.00161   1.60423   0.75035  
 23 13.8000   1919.066347  x:  0.40833   0.00000   0.13621   0.15516   0.02591   0.04603   0.04391   0.02248   0.00118   0.01805   0.06492   0.03028   0.00000   0.18500   0.16171   0.00251   0.02797   0.10332   0.02307   0.06532   0.03942   0.06927   0.00336   7.13782   1.16256   0.91090   1.69136   0.75303  
 24 52.5536   1917.848787  x:  0.40148   0.00000   0.12418   0.12764   0.02753   0.04662   0.04423   0.02353   0.00122   0.01938   0.06338   0.02826   0.00000   0.18602   0.18905   0.00247   0.03017   0.10175   0.02096   0.06469   0.03750   0.07031   0.00252   7.14428   1.19804   0.91933   1.67029   0.75500  
 25 11.5045   1915.240235  x:  0.38216   0.00000   0.12689   0.14786   0.03138   0.04937   0.04386   0.02555   0.00130   0.02304   0.05491   0.02343   0.00000   0.18263   0.17203   0.00248   0.03611   0.09781   0.01560   0.06378   0.03157   0.07163   0.00093   7.15765   1.29052   0.96038   1.59560   0.76185  
 26 45.8847   1913.060419  x:  0.36882   0.00000   0.12598   0.14813   0.03147   0.05093   0.04326   0.02693   0.00134   0.02528   0.05598   0.02492   0.00000   0.18233   0.16784   0.00255   0.03651   0.09855   0.01568   0.06381   0.02267   0.07109   0.00251   7.17053   1.25279   0.89950   1.43311   0.94131  
 27  3.5780   1911.527636  x:  0.36043   0.00000   0.12790   0.14857   0.03114   0.05155   0.04260   0.02786   0.00137   0.02875   0.05776   0.02622   0.00000   0.18600   0.16235   0.00259   0.03575   0.10017   0.01646   0.06453   0.01664   0.07007   0.00391   7.18227   1.29164   0.85129   1.38020   0.79690  
 28  5.6067   1910.223709  x:  0.34359   0.00000   0.13229   0.15636   0.03164   0.05111   0.04128   0.02898   0.00139   0.03200   0.05963   0.02952   0.00000   0.18280   0.16731   0.00274   0.03541   0.10050   0.01628   0.06509   0.01672   0.06796   0.00526   7.18903   1.47770   0.95777   1.58625   0.81691  
 29  4.1146   1904.603605  x:  0.22930   0.00000   0.13922   0.18229   0.03796   0.05405   0.04042   0.03683   0.00174   0.02391   0.06234   0.03419   0.00000   0.16807   0.21408   0.00315   0.03979   0.11844   0.01614   0.06588   0.02787   0.07279   0.00578   7.22378   1.38192   0.89145   1.48947   0.78236  
 30  0.4104   1903.307249  x:  0.21270   0.00000   0.14295   0.18155   0.03605   0.05126   0.04087   0.03843   0.00185   0.02165   0.06723   0.02184   0.00000   0.17762   0.21865   0.00331   0.03813   0.12104   0.01869   0.06741   0.01688   0.06962   0.00625   7.19341   1.34038   0.89227   1.50551   0.80863  
 31  0.1207   1902.752893  x:  0.21487   0.00000   0.14955   0.17469   0.03381   0.04904   0.04446   0.03821   0.00191   0.02228   0.07090   0.02062   0.00000   0.20171   0.21080   0.00370   0.03380   0.12270   0.01782   0.07075   0.02324   0.06890   0.00686   7.14154   1.32466   0.88765   1.49136   0.80626  
 32  0.0806   1902.363105  x:  0.21456   0.00000   0.15293   0.16931   0.03256   0.04868   0.04423   0.03728   0.00201   0.01985   0.07115   0.02855   0.00000   0.20670   0.20676   0.00407   0.02983   0.12328   0.01906   0.07109   0.01889   0.06718   0.00742   7.08780   1.29861   0.88472   1.48392   0.81487  
 33  0.0681   1901.724033  x:  0.22757   0.00000   0.15437   0.17084   0.03079   0.04751   0.04334   0.03526   0.00225   0.01462   0.06733   0.02402   0.00000   0.19914   0.20740   0.00486   0.02709   0.12053   0.01557   0.06947   0.01639   0.06842   0.00975   7.03510   1.29502   0.90770   1.49013   0.78619  
 34  0.0519   1900.787875  x:  0.22517   0.00000   0.15363   0.17520   0.03022   0.05102   0.04338   0.03306   0.00275   0.01572   0.06315   0.02150   0.00000   0.19106   0.20858   0.00661   0.02573   0.11855   0.02604   0.06696   0.01898   0.07410   0.01319   7.05754   1.36566   0.91321   1.49846   0.81203  
 35  0.0568   1899.798601  x:  0.20578   0.00000   0.14771   0.17658   0.03173   0.05237   0.04355   0.03146   0.00340   0.01907   0.06742   0.02535   0.00000   0.19016   0.21111   0.00861   0.02881   0.11790   0.01617   0.06770   0.01958   0.07368   0.01690   7.14038   1.36443   0.87805   1.49234   0.83068  
 36  0.0637   1898.992098  x:  0.22751   0.00000   0.14512   0.17052   0.03253   0.05138   0.04256   0.02701   0.00424   0.01868   0.06901   0.02517   0.00000   0.19563   0.20785   0.01132   0.03185   0.12166   0.01950   0.06978   0.01883   0.06825   0.02155   7.16426   1.28676   0.87785   1.46533   0.80737  
 37  0.0514   1898.683541  x:  0.21303   0.00000   0.14907   0.17248   0.03322   0.04754   0.04343   0.02815   0.00513   0.01830   0.06930   0.02326   0.00000   0.19298   0.20941   0.01382   0.03183   0.12190   0.01801   0.06957   0.01859   0.06886   0.02566   7.05891   1.32094   0.89877   1.49625   0.81561  
 38  0.0482   1898.442230  x:  0.22802   0.00000   0.14854   0.17181   0.03257   0.04964   0.04268   0.02996   0.00594   0.01821   0.07045   0.02526   0.00000   0.19187   0.20806   0.01603   0.03012   0.12026   0.01913   0.06893   0.01943   0.07089   0.02794   7.08518   1.31645   0.87151   1.48204   0.81595  
 39  0.0159   1898.213811  x:  0.22505   0.00000   0.14844   0.17343   0.03336   0.05161   0.04296   0.03491   0.00662   0.01812   0.06580   0.02576   0.00000   0.19594   0.20962   0.01741   0.03122   0.11992   0.01952   0.06911   0.01923   0.06855   0.02803   7.14522   1.30074   0.89349   1.46187   0.80245  
 40  0.0307   1897.881383  x:  0.22634   0.00000   0.14710   0.17334   0.03173   0.04951   0.04301   0.04244   0.00716   0.01869   0.06953   0.02249   0.00000   0.19499   0.21140   0.01780   0.02912   0.12296   0.01740   0.06998   0.01696   0.06723   0.02365   7.16463   1.31097   0.88612   1.49082   0.82657  
 41  0.0146   1897.480659  x:  0.22584   0.00000   0.14661   0.17535   0.03235   0.04873   0.04281   0.04786   0.00746   0.01793   0.06941   0.02588   0.00000   0.19060   0.21220   0.01700   0.03057   0.12238   0.01895   0.06866   0.02107   0.06989   0.01521   7.11453   1.31301   0.88483   1.48756   0.81052  
 42  0.0222   1896.875179  x:  0.23188   0.00000   0.15058   0.16775   0.03331   0.05016   0.04307   0.03966   0.00881   0.01992   0.06484   0.02658   0.00000   0.19609   0.20195   0.01911   0.03382   0.11694   0.01909   0.06955   0.01741   0.06702   0.01068   7.01400   1.31772   0.89596   1.46197   0.79580  
 43  0.0259   1896.491076  x:  0.22717   0.00000   0.15083   0.16873   0.03333   0.05008   0.04273   0.02982   0.01007   0.01803   0.06657   0.02497   0.00000   0.19532   0.20305   0.02233   0.03337   0.11733   0.01870   0.06977   0.01826   0.06746   0.01402   7.03941   1.30903   0.88871   1.46494   0.80221  
 44  0.0262   1896.297286  x:  0.22218   0.00000   0.14867   0.17242   0.03251   0.04930   0.04271   0.03069   0.01108   0.01694   0.06927   0.02373   0.00000   0.19310   0.20808   0.02384   0.03140   0.12014   0.01844   0.06952   0.01958   0.06875   0.01063   7.10075   1.31151   0.88425   1.48399   0.81172  
 45  0.0718   1896.247591  x:  0.22343   0.00000   0.14753   0.17391   0.03215   0.04948   0.04313   0.03134   0.01189   0.01836   0.06855   0.02431   0.00000   0.19381   0.21020   0.02558   0.02982   0.12091   0.01846   0.06919   0.01907   0.06900   0.01143   7.12691   1.32580   0.89276   1.49290   0.80877  
 46  0.0231   1896.231866  x:  0.22401   0.00000   0.14836   0.17396   0.03240   0.04979   0.04296   0.03079   0.01243   0.01820   0.06746   0.02451   0.00000   0.19394   0.21075   0.02649   0.02998   0.12108   0.01855   0.06918   0.01898   0.06871   0.01090   7.10959   1.31413   0.88921   1.48017   0.80920  
 47  0.0146   1896.196179  x:  0.22416   0.00000   0.15106   0.17395   0.03299   0.04932   0.04298   0.03291   0.01316   0.01772   0.06909   0.02383   0.00000   0.19358   0.21123   0.02726   0.03067   0.12049   0.01848   0.06941   0.01937   0.06904   0.01210   7.06609   1.30389   0.88388   1.47460   0.80486  
 48  0.0057   1895.967015  x:  0.22509   0.00000   0.15080   0.16941   0.03368   0.04818   0.04304   0.02964   0.01483   0.01898   0.07122   0.02486   0.00000   0.19385   0.20408   0.02524   0.03266   0.11801   0.01850   0.07022   0.01845   0.06859   0.01001   7.09538   1.35832   0.90293   1.52062   0.81319  
 49  0.0101   1895.102943  x:  0.21969   0.00000   0.14320   0.16784   0.03400   0.04976   0.04227   0.03355   0.01913   0.01647   0.06705   0.02517   0.00000   0.19450   0.20136   0.01314   0.03421   0.11984   0.01895   0.07020   0.01901   0.06625   0.01280   7.22760   1.33818   0.88872   1.50166   0.82629  
 50  0.0270   1894.847662  x:  0.22441   0.00000   0.14600   0.17332   0.03232   0.04973   0.04340   0.03130   0.02278   0.01793   0.06869   0.02380   0.00000   0.19411   0.20945   0.01326   0.03043   0.12052   0.01834   0.06876   0.01945   0.06947   0.01243   7.11055   1.30580   0.88651   1.47056   0.80292  
 51  0.0809   1894.823480  x:  0.22414   0.00000   0.14824   0.17339   0.03230   0.04957   0.04287   0.03098   0.02390   0.01815   0.06806   0.02438   0.00000   0.19368   0.20951   0.01234   0.03039   0.12105   0.01859   0.06921   0.01909   0.06887   0.01209   7.09362   1.31611   0.88923   1.48276   0.80960  
 52  0.0213   1894.820915  x:  0.22415   0.00000   0.14876   0.17365   0.03238   0.04958   0.04288   0.03098   0.02421   0.01816   0.06801   0.02448   0.00000   0.19373   0.20986   0.01289   0.03050   0.12107   0.01858   0.06929   0.01906   0.06873   0.01206   7.09620   1.31680   0.88921   1.48366   0.81050  
 53  0.0042   1894.820162  x:  0.22420   0.00000   0.14861   0.17375   0.03242   0.04960   0.04301   0.03106   0.02452   0.01811   0.06818   0.02444   0.00000   0.19394   0.20989   0.01280   0.03073   0.12090   0.01850   0.06927   0.01911   0.06872   0.01205   7.10482   1.31611   0.88883   1.48241   0.80987  
 54  0.0070   1894.820103  x:  0.22417   0.00000   0.14847   0.17368   0.03238   0.04959   0.04296   0.03105   0.02457   0.01808   0.06814   0.02443   0.00000   0.19400   0.20980   0.01281   0.03070   0.12099   0.01854   0.06927   0.01909   0.06874   0.01207   7.10511   1.31625   0.88883   1.48239   0.80989  
 55  0.0003   1894.820097  x:  0.22417   0.00000   0.14845   0.17364   0.03236   0.04959   0.04297   0.03106   0.02457   0.01809   0.06814   0.02443   0.00000   0.19395   0.20974   0.01281   0.03070   0.12096   0.01853   0.06927   0.01910   0.06874   0.01206   7.10424   1.31635   0.88891   1.48251   0.80992  
 56  0.0007   1894.820097  x:  0.22416   0.00000   0.14845   0.17364   0.03236   0.04959   0.04297   0.03106   0.02457   0.01809   0.06814   0.02443   0.00000   0.19394   0.20974   0.01281   0.03070   0.12095   0.01853   0.06927   0.01910   0.06874   0.01206   7.10413   1.31630   0.88889   1.48250   0.80990  
 57  0.0001   1894.820097  x:  0.22416   0.00000   0.14845   0.17364   0.03236   0.04959   0.04297   0.03106   0.02457   0.01809   0.06814   0.02443   0.00000   0.19394   0.20974   0.01281   0.03070   0.12095   0.01853   0.06927   0.01910   0.06874   0.01206   7.10418   1.31629   0.88889   1.48249   0.80990  
 58  0.0000   1894.820097  x:  0.22416   0.00000   0.14845   0.17364   0.03236   0.04959   0.04297   0.03106   0.02457   0.01809   0.06814   0.02443   0.00000   0.19394   0.20974   0.01281   0.03070   0.12095   0.01853   0.06927   0.01910   0.06874   0.01206   7.10419   1.31629   0.88889   1.48249   0.80990  
 59  0.0000   1894.820097  x:  0.22416   0.00000   0.14845   0.17364   0.03236   0.04959   0.04297   0.03106   0.02457   0.01809   0.06814   0.02443   0.00000   0.19394   0.20974   0.01281   0.03070   0.12095   0.01853   0.06927   0.01910   0.06874   0.01206   7.10419   1.31629   0.88889   1.48249   0.80990  
 60  0.0000   1894.820097  x:  0.22416   0.00000   0.14845   0.17364   0.03236   0.04959   0.04297   0.03106   0.02457   0.01809   0.06814   0.02443   0.00000   0.19394   0.20974   0.01281   0.03070   0.12095   0.01853   0.06927   0.01910   0.06874   0.01206   7.10419   1.31629   0.88889   1.48249   0.80990  