

TREE # 1

  0  0.0000   2119.413675  x:  0.20925   0.02571   0.03211   0.02495   0.05815   0.02188   0.05666   0.08536   0.02661   0.17168   0.20925   0.02571   0.03211   0.02495   0.05815   0.02188   0.05666   0.08536   0.02661   0.17168   0.21568   8.40433   1.83951   1.19685   1.32323   1.00000  
  1 99.0000   2099.080879  x:  0.21135   0.01239   0.02627   0.02631   0.05018   0.06994   0.05117   0.11380   0.04534   0.18412   0.20982   0.05388   0.02426   0.01683   0.08179   0.08520   0.08267   0.09712   0.09120   0.16867   0.21999   8.40421   1.83833   1.19110   1.32867   1.00463  
  2 506.1602   2095.799873  x:  0.21353   0.01058   0.01980   0.02415   0.03674   0.06212   0.04838   0.13896   0.04747   0.20194   0.20927   0.04426   0.00732   0.01483   0.08991   0.07960   0.10088   0.10826   0.09254   0.16393   0.22596   8.40399   1.83641   1.18167   1.33790   1.01275  
  3 122.1306   2094.521461  x:  0.21524   0.01330   0.01912   0.02512   0.03220   0.05694   0.04766   0.15734   0.04880   0.21700   0.20872   0.03919   0.02057   0.01745   0.09460   0.07544   0.11259   0.11695   0.09356   0.15987   0.23120   8.40377   1.83444   1.17209   1.34721   1.02106  
  4 168.9228   2093.644212  x:  0.21643   0.01009   0.02619   0.02831   0.04874   0.05701   0.05021   0.16895   0.04756   0.23270   0.20803   0.04095   0.02021   0.01547   0.09413   0.07105   0.11378   0.12036   0.09296   0.15577   0.23723   8.40342   1.83103   1.15675   1.36216   1.03480  
  5 77.0175   2092.870748  x:  0.21697   0.02059   0.02194   0.02349   0.05332   0.05912   0.04915   0.17222   0.04767   0.24766   0.20705   0.04724   0.01749   0.01961   0.08991   0.07130   0.10557   0.11826   0.09183   0.15214   0.24344   8.40287   1.82532   1.13333   1.38522   1.05657  
  6 79.0061   2091.623034  x:  0.21676   0.01107   0.01443   0.02363   0.04658   0.06006   0.04682   0.16965   0.04691   0.26433   0.20530   0.05239   0.01960   0.01760   0.08334   0.07364   0.09173   0.11254   0.08862   0.14855   0.25072   8.40196   1.81549   1.09535   1.42279   1.09273  
  7 149.7243   2090.874316  x:  0.21591   0.01201   0.02568   0.02717   0.03673   0.06026   0.04770   0.16334   0.04886   0.27018   0.20394   0.05133   0.01845   0.01524   0.08225   0.07713   0.08748   0.10819   0.08747   0.14779   0.25332   8.40123   1.80729   1.06606   1.45194   1.12176  
  8 158.2738   2089.862348  x:  0.21373   0.00978   0.02539   0.02448   0.03972   0.06104   0.04943   0.14633   0.04697   0.26184   0.20196   0.04068   0.01776   0.02198   0.08961   0.08019   0.10087   0.10601   0.08854   0.15118   0.24958   8.40009   1.79366   1.02418   1.49435   1.16715  
  9 97.8315   2089.533683  x:  0.21295   0.01290   0.02234   0.02593   0.04130   0.06025   0.04891   0.14282   0.04637   0.25538   0.20143   0.04019   0.01850   0.01475   0.09081   0.07890   0.10547   0.10728   0.08983   0.15271   0.24659   8.39969   1.78858   1.01149   1.50784   1.18299  
 10 108.2316   2089.210234  x:  0.21190   0.01181   0.02334   0.02580   0.04057   0.05707   0.04724   0.14810   0.04713   0.23930   0.20122   0.04892   0.01794   0.01670   0.08859   0.07317   0.10697   0.11298   0.09270   0.15452   0.23905   8.39914   1.78079   1.00043   1.52208   1.20457  
 11 46.9169   2089.067056  x:  0.21210   0.01200   0.02302   0.02478   0.04127   0.05986   0.04847   0.15628   0.04792   0.22970   0.20130   0.04383   0.01817   0.01642   0.08702   0.07478   0.10252   0.11430   0.09126   0.15332   0.23454   8.39876   1.77504   0.99942   1.52731   1.21861  
 12 25.9288   2089.025767  x:  0.21256   0.01255   0.02232   0.02771   0.04164   0.05890   0.04777   0.15772   0.04687   0.22842   0.20176   0.04384   0.01784   0.01740   0.08838   0.07594   0.10209   0.11250   0.09072   0.15222   0.23387   8.39853   1.77152   1.00267   1.52755   1.22655  
 13 13.4442   2088.914228  x:  0.21403   0.01221   0.02323   0.02488   0.04214   0.05597   0.04695   0.15927   0.04547   0.22741   0.20328   0.04551   0.01845   0.01607   0.09190   0.07762   0.10275   0.10747   0.08960   0.14938   0.23319   8.39781   1.76065   1.01470   1.52660   1.25102  
 14 35.4276   2088.753210  x:  0.21586   0.01188   0.02227   0.02588   0.04159   0.05914   0.04954   0.15612   0.05080   0.22954   0.20517   0.04588   0.01835   0.01640   0.09024   0.07423   0.10499   0.10814   0.08937   0.14859   0.23416   8.39657   1.74331   1.03558   1.52281   1.29142  
 15 39.1510   2088.689001  x:  0.21559   0.01207   0.02312   0.02569   0.04123   0.05971   0.04764   0.15421   0.04692   0.23121   0.20511   0.04450   0.01813   0.01650   0.08801   0.07456   0.10446   0.11264   0.09108   0.15094   0.23525   8.39601   1.73694   1.04358   1.51987   1.30842  
 16 30.0620   2088.674884  x:  0.21442   0.01211   0.02280   0.02568   0.04157   0.05783   0.04897   0.15414   0.04757   0.23162   0.20407   0.04431   0.01804   0.01650   0.08875   0.07551   0.10327   0.11380   0.09165   0.15331   0.23590   8.39579   1.73655   1.04419   1.51737   1.31320  
 17  7.4907   2088.659688  x:  0.21204   0.01207   0.02294   0.02565   0.04176   0.05860   0.04731   0.15486   0.04835   0.23176   0.20212   0.04417   0.01815   0.01644   0.08989   0.07477   0.10291   0.11297   0.09122   0.15588   0.23677   8.39539   1.73778   1.04283   1.51171   1.31973  
 18  6.3938   2088.644062  x:  0.21028   0.01218   0.02277   0.02570   0.04116   0.05943   0.04904   0.15552   0.04686   0.23165   0.20092   0.04460   0.01815   0.01645   0.08917   0.07441   0.10378   0.11182   0.09117   0.15589   0.23726   8.39485   1.74006   1.03992   1.50386   1.32729  
 19  9.3209   2088.623780  x:  0.21068   0.01210   0.02283   0.02569   0.04155   0.05822   0.04811   0.15495   0.04788   0.23142   0.20140   0.04418   0.01806   0.01648   0.08745   0.07539   0.10432   0.11222   0.09141   0.15302   0.23707   8.39401   1.74359   1.03475   1.49203   1.33758  
 20 11.4475   2088.616052  x:  0.21271   0.01209   0.02283   0.02566   0.04130   0.05882   0.04835   0.15451   0.04754   0.23161   0.20291   0.04440   0.01805   0.01642   0.08923   0.07481   0.10337   0.11323   0.09113   0.15256   0.23641   8.39358   1.74463   1.03222   1.48705   1.34149  
 21  6.5606   2088.614326  x:  0.21390   0.01209   0.02283   0.02567   0.04131   0.05877   0.04835   0.15479   0.04753   0.23187   0.20360   0.04437   0.01806   0.01643   0.08877   0.07493   0.10361   0.11273   0.09107   0.15367   0.23598   8.39335   1.74399   1.03132   1.48572   1.34206  
 22  1.6636   2088.597216  x:  0.21419   0.01209   0.02272   0.02564   0.04121   0.05858   0.04839   0.15486   0.04746   0.23372   0.20158   0.04408   0.01793   0.01647   0.08889   0.07435   0.10318   0.11251   0.09147   0.15315   0.23406   8.38806   1.71744   1.01789   1.46923   1.34052  
 23  0.9764   2088.592655  x:  0.21353   0.01209   0.02269   0.02565   0.04118   0.05873   0.04840   0.15504   0.04749   0.23328   0.20295   0.04451   0.01788   0.01644   0.08889   0.07498   0.10354   0.11304   0.09009   0.15330   0.23579   8.38650   1.71049   1.01433   1.46504   1.34008  
 24  5.9183   2088.591413  x:  0.21338   0.01210   0.02267   0.02564   0.04118   0.05860   0.04839   0.15514   0.04748   0.23293   0.20370   0.04420   0.01788   0.01646   0.08891   0.07455   0.10333   0.11273   0.09079   0.15329   0.23684   8.38597   1.70895   1.01351   1.46415   1.34000  
 25  2.0983   2088.576465  x:  0.21731   0.01204   0.02256   0.02561   0.04093   0.05835   0.04839   0.15544   0.04730   0.23152   0.20001   0.04425   0.01756   0.01642   0.08889   0.07422   0.10365   0.11298   0.09004   0.15300   0.24057   8.37440   1.70994   1.01351   1.46630   1.34186  
 26  0.2216   2088.433289  x:  0.21402   0.01148   0.02109   0.02537   0.03925   0.05521   0.04787   0.15897   0.04699   0.23733   0.20296   0.04210   0.01482   0.01601   0.08877   0.07040   0.10460   0.11396   0.08554   0.15198   0.23810   8.26507   1.72442   1.01607   1.48997   1.36006  
 27  6.5915   2088.417452  x:  0.21353   0.01197   0.02132   0.02490   0.04025   0.05470   0.04797   0.15708   0.04668   0.23569   0.20324   0.04258   0.01432   0.01669   0.08814   0.06887   0.10375   0.11339   0.08382   0.15236   0.23712   8.26002   1.72572   1.01836   1.48786   1.35894  
 28  0.0055   2088.415014  x:  0.21352   0.01170   0.02136   0.02517   0.04021   0.05447   0.04802   0.15645   0.04656   0.23518   0.20327   0.04238   0.01469   0.01637   0.08795   0.06862   0.10329   0.11320   0.08343   0.15243   0.23700   8.26746   1.72581   1.01845   1.48666   1.35650  
 29  0.0080   2088.414836  x:  0.21362   0.01178   0.02141   0.02516   0.04011   0.05442   0.04804   0.15646   0.04656   0.23542   0.20323   0.04228   0.01479   0.01643   0.08794   0.06860   0.10323   0.11320   0.08335   0.15234   0.23717   8.26988   1.72581   1.01821   1.48670   1.35569  
 30  0.0024   2088.414831  x:  0.21361   0.01178   0.02140   0.02517   0.04012   0.05441   0.04803   0.15648   0.04656   0.23542   0.20323   0.04229   0.01480   0.01643   0.08794   0.06856   0.10325   0.11322   0.08334   0.15235   0.23716   8.26992   1.72581   1.01817   1.48680   1.35585  
 31  0.0002   2088.414831  x:  0.21361   0.01178   0.02140   0.02516   0.04012   0.05441   0.04803   0.15648   0.04656   0.23542   0.20323   0.04229   0.01480   0.01643   0.08794   0.06856   0.10325   0.11322   0.08333   0.15235   0.23716   8.26996   1.72581   1.01818   1.48681   1.35590  
 32  0.0001   2088.414831  x:  0.21361   0.01178   0.02140   0.02516   0.04012   0.05441   0.04803   0.15648   0.04656   0.23542   0.20323   0.04229   0.01480   0.01643   0.08794   0.06856   0.10325   0.11322   0.08334   0.15235   0.23716   8.26997   1.72581   1.01818   1.48681   1.35591  
 33  0.0000   2088.414831  x:  0.21361   0.01178   0.02140   0.02516   0.04012   0.05441   0.04803   0.15648   0.04656   0.23542   0.20323   0.04229   0.01480   0.01643   0.08794   0.06856   0.10325   0.11322   0.08334   0.15235   0.23716   8.26998   1.72581   1.01818   1.48681   1.35591  
 34  0.0000   2088.414831  x:  0.21361   0.01178   0.02140   0.02516   0.04012   0.05441   0.04803   0.15648   0.04656   0.23542   0.20323   0.04229   0.01480   0.01643   0.08794   0.06856   0.10325   0.11322   0.08334   0.15235   0.23716   8.26998   1.72581   1.01818   1.48681   1.35591  