

TREE # 1

  0  0.0000   2129.549215  x:  0.20925   0.02571   0.03211   0.02495   0.05815   0.02188   0.05666   0.08536   0.02661   0.17168   0.20925   0.02571   0.03211   0.02495   0.05815   0.02188   0.05666   0.08536   0.02661   0.17168   0.21568   8.40433   1.40658   1.09842   1.25729   1.00000  
  1 99.0000   2085.607585  x:  0.20116   0.04006   0.03350   0.04855   0.06250   0.01566   0.04084   0.08373   0.04355   0.17230   0.21863   0.03376   0.03534   0.05028   0.07578   0.09427   0.25935   0.08390   0.04208   0.16143   0.21545   8.40440   1.40337   1.09412   1.26392   0.99744  
  2 713.3508   2082.324072  x:  0.19141   0.02967   0.03178   0.03504   0.06358   0.02775   0.03525   0.08213   0.03325   0.17288   0.22893   0.03005   0.02170   0.03095   0.07669   0.07177   0.28135   0.08067   0.03268   0.14968   0.21536   8.40452   1.39903   1.08912   1.27270   0.99383  
  3 121.5107   2081.007957  x:  0.18255   0.03065   0.03251   0.03228   0.06360   0.01712   0.03709   0.08148   0.03330   0.17328   0.23813   0.03329   0.02794   0.02479   0.07679   0.05084   0.29131   0.07847   0.03189   0.13946   0.21541   8.40466   1.39432   1.08364   1.28227   0.98985  
  4 107.6812   2080.577450  x:  0.17524   0.03255   0.03272   0.03714   0.06324   0.02345   0.03849   0.08144   0.03560   0.17346   0.24581   0.03411   0.02979   0.02912   0.07637   0.04445   0.29207   0.07735   0.03334   0.13196   0.21560   8.40482   1.38920   1.07766   1.29264   0.98534  
  5 59.4356   2079.733494  x:  0.15723   0.03138   0.03207   0.03873   0.06226   0.01854   0.03799   0.08156   0.03619   0.17362   0.26556   0.03133   0.02351   0.03287   0.07529   0.05225   0.28696   0.07624   0.03392   0.11576   0.21638   8.40533   1.37304   1.05897   1.32502   0.97079  
  6 69.4794   2079.296318  x:  0.15411   0.03183   0.03324   0.03281   0.06294   0.02198   0.03675   0.08156   0.03502   0.17320   0.27368   0.03401   0.03192   0.02946   0.07589   0.05796   0.28528   0.07839   0.03404   0.11785   0.21714   8.40578   1.35981   1.04418   1.35088   0.95812  
  7 58.4465   2078.629019  x:  0.16125   0.03307   0.03240   0.04017   0.06392   0.02109   0.03804   0.08137   0.03598   0.17187   0.27848   0.03375   0.02909   0.02363   0.07734   0.05662   0.28574   0.08102   0.03254   0.13343   0.21813   8.40670   1.33531   1.01781   1.39755   0.93318  
  8 77.2036   2078.356263  x:  0.16707   0.03087   0.03189   0.03614   0.06322   0.01971   0.03720   0.08121   0.03459   0.17123   0.27582   0.03257   0.02696   0.03169   0.07709   0.05318   0.28690   0.07973   0.03314   0.13858   0.21796   8.40720   1.32378   1.00636   1.41866   0.92026  
  9 78.9254   2078.210360  x:  0.17134   0.03348   0.03340   0.03416   0.06166   0.02030   0.03769   0.08138   0.03663   0.17113   0.26519   0.03225   0.02571   0.03006   0.07494   0.05328   0.28717   0.07627   0.03528   0.13302   0.21648   8.40769   1.31665   1.00162   1.42995   0.90939  
 10 25.9054   2078.126041  x:  0.17295   0.03101   0.03214   0.03628   0.06180   0.02024   0.03738   0.08133   0.03506   0.17123   0.25688   0.03232   0.02776   0.02950   0.07454   0.05374   0.28728   0.07560   0.03383   0.12835   0.21538   8.40807   1.31230   0.99963   1.43629   0.90139  
 11 37.8749   2078.096311  x:  0.17103   0.03156   0.03219   0.03588   0.06337   0.02020   0.03724   0.08125   0.03564   0.17163   0.25305   0.03338   0.02698   0.02995   0.07648   0.05337   0.28718   0.07864   0.03297   0.12758   0.21513   8.40838   1.31067   1.00044   1.43786   0.89570  
 12 11.5485   2078.071177  x:  0.16755   0.03105   0.03270   0.03596   0.06266   0.02020   0.03775   0.08117   0.03511   0.17225   0.25078   0.03170   0.02726   0.02968   0.07685   0.05308   0.28740   0.07936   0.03480   0.12913   0.21523   8.40888   1.30940   1.00309   1.43809   0.88744  
 13  9.7284   2078.045978  x:  0.16493   0.03171   0.03175   0.03587   0.06180   0.02018   0.03701   0.08118   0.03572   0.17277   0.25015   0.03212   0.02737   0.02981   0.07566   0.05315   0.28748   0.07771   0.03335   0.13099   0.21542   8.40956   1.30833   1.00687   1.43762   0.87703  
 14 15.0106   2078.029783  x:  0.16535   0.03114   0.03284   0.03609   0.06260   0.02017   0.03761   0.08123   0.03517   0.17281   0.25133   0.03374   0.02693   0.02987   0.07523   0.05338   0.28745   0.07680   0.03350   0.13116   0.21550   8.41014   1.30791   1.00984   1.43687   0.86900  
 15 13.6142   2078.008620  x:  0.16831   0.03146   0.03218   0.03592   0.06365   0.02017   0.03760   0.08127   0.03546   0.17243   0.25435   0.03238   0.02736   0.02978   0.07590   0.05346   0.28735   0.07727   0.03374   0.12993   0.21551   8.41106   1.30779   1.01390   1.43553   0.85756  
 16 15.3129   2078.006176  x:  0.16878   0.03145   0.03234   0.03603   0.06263   0.02015   0.03721   0.08124   0.03539   0.17225   0.25475   0.03261   0.02732   0.02977   0.07601   0.05342   0.28734   0.07785   0.03376   0.12967   0.21552   8.41125   1.30801   1.01418   1.43532   0.85614  
 17  4.6777   2078.005772  x:  0.16881   0.03142   0.03227   0.03596   0.06244   0.02017   0.03757   0.08123   0.03541   0.17213   0.25477   0.03262   0.02731   0.02978   0.07596   0.05345   0.28739   0.07797   0.03364   0.12964   0.21554   8.41138   1.30833   1.01398   1.43525   0.85583  
 18  1.2673   2078.003238  x:  0.16859   0.03145   0.03232   0.03600   0.06270   0.02014   0.03738   0.08117   0.03541   0.17113   0.25458   0.03257   0.02733   0.02978   0.07549   0.05341   0.28746   0.07811   0.03372   0.12966   0.21575   8.41283   1.31183   1.01126   1.43458   0.85362  
 19  1.5951   2078.002356  x:  0.16856   0.03147   0.03226   0.03600   0.06258   0.02015   0.03740   0.08125   0.03538   0.17147   0.25455   0.03263   0.02734   0.02975   0.07615   0.05344   0.28742   0.07771   0.03374   0.12967   0.21572   8.41351   1.31306   1.01033   1.43439   0.85293  
 20  2.1581   2078.001728  x:  0.16864   0.03140   0.03246   0.03601   0.06260   0.02013   0.03740   0.08124   0.03549   0.17238   0.25458   0.03252   0.02738   0.02977   0.07596   0.05345   0.28746   0.07783   0.03361   0.12966   0.21556   8.41426   1.31370   1.00995   1.43438   0.85265  
 21  1.0053   2078.001338  x:  0.16867   0.03144   0.03221   0.03600   0.06262   0.02013   0.03740   0.08121   0.03542   0.17279   0.25459   0.03265   0.02734   0.02976   0.07580   0.05344   0.28749   0.07793   0.03380   0.12966   0.21546   8.41482   1.31398   1.00984   1.43441   0.85256  
 22  1.6711   2077.995077  x:  0.16864   0.03258   0.03241   0.03619   0.06264   0.01999   0.03754   0.08105   0.03423   0.17283   0.25461   0.03247   0.02742   0.02996   0.07573   0.05355   0.28786   0.07797   0.03354   0.12969   0.21441   8.42566   1.31578   1.01110   1.43588   0.85301  
 23  1.1121   2077.931950  x:  0.16819   0.03211   0.03242   0.03676   0.06252   0.01892   0.03774   0.08047   0.03612   0.17109   0.25470   0.03299   0.02830   0.03014   0.07613   0.05441   0.29134   0.07786   0.03426   0.13035   0.20589   8.53509   1.33289   1.02448   1.45071   0.85805  
 24 38.0633   2077.870817  x:  0.16871   0.03267   0.03247   0.03742   0.06247   0.01782   0.03807   0.08389   0.03659   0.17176   0.25373   0.03330   0.02913   0.03047   0.07591   0.05513   0.29506   0.07817   0.03469   0.12957   0.21447   8.64494   1.34828   1.03727   1.46447   0.86322  
 25 43.4222   2077.862408  x:  0.16883   0.03275   0.03253   0.03753   0.06245   0.01768   0.03811   0.08117   0.03677   0.17197   0.25359   0.03337   0.02926   0.03051   0.07610   0.05530   0.29547   0.07801   0.03476   0.12941   0.21620   8.65944   1.34964   1.03847   1.46563   0.86384  
 26 21.3705   2077.790663  x:  0.16821   0.03351   0.03271   0.03829   0.06252   0.01657   0.03850   0.08157   0.03735   0.17205   0.25538   0.03378   0.03026   0.03077   0.07629   0.05627   0.29967   0.07829   0.03524   0.12938   0.21599   8.78478   1.31368   1.01211   1.42690   0.86373  
 27  2.7849   2077.649168  x:  0.16804   0.03221   0.03232   0.03730   0.06280   0.01956   0.03751   0.08122   0.03644   0.17213   0.25622   0.03329   0.02880   0.03011   0.07669   0.05655   0.31831   0.07793   0.03437   0.12883   0.21623   8.97681   1.31157   1.01131   1.42838   0.86313  
 28  0.1125   2077.621064  x:  0.16839   0.03243   0.03251   0.03727   0.06267   0.01821   0.03752   0.08132   0.03641   0.17207   0.25531   0.03324   0.02816   0.03043   0.07666   0.05661   0.32444   0.07788   0.03453   0.12939   0.21547   8.79589   1.31399   1.01310   1.43567   0.85897  
 29  0.1062   2077.618457  x:  0.16833   0.03254   0.03249   0.03747   0.06270   0.01856   0.03759   0.08131   0.03658   0.17208   0.25548   0.03332   0.02841   0.03052   0.07670   0.05702   0.32471   0.07795   0.03465   0.12931   0.21581   8.74054   1.31187   1.01172   1.43101   0.85980  
 30  0.0511   2077.618406  x:  0.16825   0.03249   0.03246   0.03743   0.06272   0.01857   0.03756   0.08130   0.03655   0.17208   0.25559   0.03332   0.02845   0.03046   0.07671   0.05696   0.32473   0.07793   0.03460   0.12921   0.21581   8.73677   1.31208   1.01192   1.43112   0.85978  
 31  0.0038   2077.618406  x:  0.16825   0.03249   0.03246   0.03744   0.06272   0.01857   0.03756   0.08130   0.03655   0.17208   0.25558   0.03332   0.02846   0.03045   0.07671   0.05695   0.32473   0.07793   0.03460   0.12921   0.21581   8.73679   1.31210   1.01194   1.43116   0.85976  
 32  0.0001   2077.618406  x:  0.16825   0.03249   0.03246   0.03744   0.06272   0.01857   0.03756   0.08130   0.03655   0.17208   0.25558   0.03332   0.02846   0.03045   0.07671   0.05695   0.32473   0.07793   0.03460   0.12921   0.21581   8.73678   1.31210   1.01193   1.43116   0.85976  