

TREE # 1

  0  0.0000   2245.325245  x:  0.04260   0.00000   0.09267   0.01671   0.08424   0.06980   0.06857   0.05323   0.09005   0.06243   0.06760   0.10072   0.01713   0.06588   0.01921   0.07857   0.06118   0.06655   0.05981   0.04491   0.11575   0.07145   0.10005   0.06122   2.00000   1.54029   0.99016   1.74481   0.40000  
  1 99.0000   2245.323621  x:  0.04260   0.00000   0.09267   0.01671   0.08424   0.06980   0.06857   0.05323   0.09005   0.06243   0.06760   0.10072   0.01713   0.06588   0.01922   0.07857   0.06118   0.06655   0.05981   0.04491   0.11575   0.07145   0.10005   0.06122   2.00000   1.54029   0.99016   1.74481   0.40000  
  2 538.4069   2236.274393  x:  0.05043   0.00000   0.09864   0.00383   0.07686   0.05942   0.07530   0.05216   0.08390   0.07225   0.05900   0.11013   0.01025   0.07953   0.01055   0.07787   0.05284   0.07617   0.05371   0.04131   0.11926   0.07550   0.11672   0.06900   2.00466   1.53797   0.98918   1.74532   0.41204  
  3 587.2934   2234.791314  x:  0.05102   0.00000   0.10021   0.00612   0.07453   0.05629   0.07655   0.05188   0.08211   0.07366   0.05629   0.11241   0.00785   0.08013   0.00509   0.07749   0.05041   0.07760   0.05193   0.04063   0.12028   0.07580   0.11969   0.06957   2.00611   1.53703   0.98875   1.74530   0.41546  
  4 559.0399   2230.876184  x:  0.04851   0.00000   0.10400   0.00647   0.06711   0.04701   0.07822   0.05120   0.07693   0.07373   0.04762   0.11777   0.00000   0.07361   0.00599   0.07629   0.04352   0.07815   0.04691   0.03971   0.12347   0.07492   0.12333   0.06695   2.01059   1.53364   0.98714   1.74480   0.42520  
  5 359.9362   2227.983721  x:  0.05776   0.00000   0.09603   0.00692   0.04308   0.03790   0.06661   0.05530   0.07168   0.06837   0.02957   0.12182   0.00000   0.08036   0.00583   0.07754   0.04992   0.06495   0.05079   0.05055   0.12891   0.07403   0.10996   0.07555   2.03512   1.51601   0.97678   1.74105   0.45837  
  6 106.3849   2224.923152  x:  0.04846   0.00000   0.09108   0.00668   0.02988   0.05122   0.06855   0.06012   0.07794   0.08496   0.03691   0.11697   0.00000   0.08079   0.00620   0.07779   0.06188   0.07737   0.06316   0.05374   0.13151   0.07038   0.10190   0.06455   2.09793   1.47171   0.95024   1.72981   0.51502  
  7 92.6241   2219.741265  x:  0.05509   0.00000   0.09935   0.00658   0.07518   0.07082   0.07117   0.05910   0.09354   0.07184   0.03946   0.10486   0.00000   0.07489   0.00758   0.07616   0.07289   0.06797   0.07149   0.04773   0.12895   0.06902   0.11239   0.06701   2.24982   1.36590   0.88854   1.69901   0.61286  
  8 205.4231   2214.758979  x:  0.05458   0.00000   0.09066   0.00708   0.07414   0.06335   0.06455   0.04065   0.08775   0.05442   0.07719   0.11421   0.00000   0.09166   0.00887   0.08107   0.05897   0.06301   0.05289   0.03695   0.11267   0.08369   0.10294   0.06169   2.41557   1.25822   0.83218   1.65372   0.62129  
  9 141.4123   2208.099132  x:  0.07755   0.00000   0.07706   0.00847   0.07411   0.04695   0.06672   0.06317   0.07608   0.07705   0.09476   0.11427   0.00000   0.07660   0.01214   0.09008   0.04859   0.06525   0.04284   0.05412   0.10107   0.08012   0.10172   0.07716   2.66579   1.10457   0.75592   1.57677   0.58243  
 10 313.0895   2201.789846  x:  0.07121   0.00000   0.09308   0.01082   0.06002   0.04387   0.07124   0.06920   0.07626   0.06290   0.06473   0.11201   0.00000   0.09603   0.01484   0.09199   0.06194   0.08025   0.07050   0.06840   0.11620   0.07120   0.12014   0.06322   2.91163   0.97105   0.69523   1.49134   0.52031  
 11 331.2349   2199.475702  x:  0.06984   0.00000   0.10144   0.01145   0.05608   0.05593   0.07104   0.05412   0.08525   0.08447   0.04048   0.11359   0.00000   0.10214   0.01578   0.08313   0.06476   0.06640   0.07107   0.05711   0.12410   0.07362   0.11409   0.05871   3.00759   0.93818   0.68483   1.45058   0.49822  
 12 183.2039   2197.887208  x:  0.08059   0.00000   0.10338   0.01209   0.04635   0.06943   0.07164   0.05260   0.09390   0.07795   0.03069   0.11251   0.00000   0.09536   0.01669   0.07404   0.06664   0.08021   0.06477   0.04189   0.12640   0.07366   0.10645   0.06663   3.08570   0.94339   0.69538   1.40710   0.49225  
 13 90.3944   2197.071251  x:  0.08088   0.00000   0.10366   0.01219   0.04430   0.07219   0.07111   0.05593   0.09561   0.07708   0.03210   0.11270   0.01893   0.09562   0.01695   0.07346   0.06778   0.07791   0.06165   0.04317   0.12792   0.07382   0.10972   0.06541   3.12434   0.95388   0.70430   1.38397   0.49255  
 14 155.2658   2193.346282  x:  0.08046   0.00000   0.10823   0.01254   0.04131   0.07824   0.06918   0.07132   0.09931   0.07521   0.03892   0.10862   0.00696   0.10167   0.01828   0.07351   0.07189   0.06862   0.04751   0.05570   0.13428   0.07382   0.11906   0.05642   3.34321   1.01842   0.75603   1.25465   0.49636  
 15 223.5055   2192.065490  x:  0.08092   0.00000   0.10096   0.01257   0.05523   0.06498   0.06863   0.05864   0.09067   0.07956   0.03690   0.11353   0.00828   0.10288   0.01877   0.07874   0.06938   0.07577   0.06481   0.06142   0.12894   0.06855   0.11123   0.05363   3.41720   1.04999   0.77121   1.22010   0.49927  
 16 120.3669   2191.619032  x:  0.08366   0.00000   0.10019   0.01261   0.04995   0.06067   0.07758   0.05544   0.08728   0.07911   0.04008   0.10926   0.00770   0.10000   0.01908   0.07726   0.07002   0.06883   0.07679   0.05532   0.12303   0.06736   0.11451   0.05456   3.44772   1.06838   0.77046   1.22357   0.49823  
 17 38.6956   2190.582943  x:  0.08443   0.00000   0.10525   0.01254   0.04782   0.05779   0.06225   0.06408   0.08505   0.08170   0.03784   0.10827   0.00706   0.09682   0.01932   0.07753   0.06940   0.06773   0.08672   0.04436   0.11480   0.07493   0.11799   0.05002   3.52189   1.12042   0.75918   1.26366   0.49211  
 18 49.3496   2188.647280  x:  0.08730   0.00000   0.10679   0.01256   0.04923   0.06253   0.07614   0.06650   0.09066   0.07804   0.02943   0.11500   0.00737   0.09731   0.01956   0.08678   0.06951   0.06843   0.07736   0.05356   0.12012   0.07847   0.10690   0.04169   3.66710   1.22260   0.73923   1.36269   0.47880  
 19 136.8828   2187.809394  x:  0.09156   0.00000   0.10240   0.01254   0.04709   0.06368   0.06906   0.05373   0.09222   0.07817   0.03276   0.11107   0.00655   0.09507   0.02004   0.08283   0.07199   0.06993   0.07049   0.05942   0.13111   0.06454   0.11341   0.04082   3.72719   1.25828   0.74235   1.40813   0.47340  
 20 113.4165   2186.931015  x:  0.09197   0.00000   0.09383   0.01242   0.05340   0.05762   0.07095   0.05872   0.08493   0.07738   0.03424   0.10597   0.00712   0.09913   0.02032   0.06104   0.07345   0.07047   0.06960   0.05883   0.14138   0.06473   0.10941   0.03474   3.78335   1.27556   0.77850   1.46478   0.46993  
 21 47.7212   2185.372806  x:  0.10170   0.00000   0.10977   0.01202   0.05244   0.05786   0.07035   0.05718   0.08217   0.07764   0.04179   0.11512   0.00691   0.09095   0.02040   0.07398   0.07872   0.06776   0.07958   0.05993   0.14575   0.07086   0.10449   0.03052   3.88487   1.29101   0.87620   1.57453   0.46563  
 22 79.4460   2184.730667  x:  0.10163   0.00000   0.09935   0.01226   0.05066   0.06008   0.07085   0.05690   0.08713   0.07705   0.03233   0.11062   0.00636   0.09129   0.02050   0.08608   0.07606   0.06780   0.07750   0.05845   0.13168   0.07005   0.11031   0.02443   3.92051   1.29504   0.91376   1.61368   0.46484  
 23 79.1304   2184.317395  x:  0.10463   0.00000   0.10938   0.01227   0.04882   0.05790   0.07053   0.05686   0.09409   0.07783   0.03128   0.10797   0.00725   0.09623   0.02108   0.07921   0.06923   0.06862   0.07665   0.06598   0.11751   0.06248   0.10728   0.02165   3.92455   1.29749   0.92108   1.62355   0.46674  
 24  9.3385   2181.089090  x:  0.13709   0.00000   0.10704   0.01381   0.04109   0.06243   0.06931   0.04307   0.11403   0.07930   0.02977   0.10578   0.00460   0.09251   0.02338   0.06146   0.03677   0.07499   0.08964   0.09465   0.11744   0.09558   0.12103   0.00000   3.92791   1.31989   0.93765   1.65180   0.48145  
 25 11.3720   2181.089090  x:  0.13709   0.00000   0.10704   0.01381   0.04109   0.06243   0.06931   0.04307   0.11403   0.07930   0.02977   0.10578   0.00460   0.09251   0.02338   0.06146   0.03677   0.07499   0.08964   0.09465   0.11744   0.09558   0.12103   0.00000   3.92791   1.31989   0.93765   1.65180   0.48145  
 26 71.9519   2153.920005  x:  0.16415   0.00000   0.13144   0.12633   0.03697   0.02621   0.10506   0.05663   0.08143   0.12458   0.02225   0.14639   0.00000   0.15535   0.08098   0.07522   0.02149   0.11618   0.05197   0.05628   0.13171   0.09719   0.18436   0.02707   3.93252   1.31994   0.93573   1.65578   0.52027  
 27 432.4360   2145.241139  x:  0.16996   0.00000   0.14561   0.09219   0.03205   0.02098   0.11253   0.05286   0.05317   0.13899   0.01554   0.16701   0.00000   0.18285   0.06023   0.07391   0.03364   0.13105   0.01948   0.02737   0.14163   0.09059   0.21843   0.03288   3.93929   1.31966   0.93481   1.65966   0.56324  
 28 174.4170   2141.237702  x:  0.17502   0.00000   0.15828   0.06562   0.03499   0.02835   0.12038   0.05340   0.04258   0.15319   0.02884   0.18572   0.00000   0.21109   0.04841   0.07218   0.03026   0.14577   0.04041   0.03671   0.15213   0.08507   0.25236   0.03794   3.94819   1.31969   0.93375   1.66452   0.61293  
 29 187.5645   2139.560432  x:  0.17419   0.00000   0.16032   0.05278   0.03896   0.02433   0.12109   0.05324   0.06200   0.15566   0.01816   0.19055   0.00000   0.22289   0.05050   0.07078   0.02139   0.14782   0.03982   0.04406   0.15574   0.08289   0.26640   0.03711   3.95597   1.31997   0.93352   1.66799   0.64660  
 30 123.6071   2138.424564  x:  0.16835   0.00000   0.15552   0.05245   0.03549   0.02623   0.11587   0.05467   0.07285   0.14978   0.02775   0.18617   0.00000   0.22764   0.06119   0.06818   0.03317   0.14129   0.03410   0.04727   0.15461   0.08192   0.27206   0.03127   3.96968   1.32091   0.93395   1.67285   0.69181  
 31 76.5928   2136.712723  x:  0.15954   0.00000   0.14365   0.06081   0.03346   0.02918   0.10506   0.05604   0.06041   0.13492   0.02303   0.17132   0.00000   0.22483   0.06685   0.06388   0.02247   0.12683   0.03773   0.04235   0.14898   0.08097   0.26951   0.02246   3.99826   1.32359   0.93550   1.68178   0.76997  
 32 105.0926   2136.206102  x:  0.16265   0.00000   0.14223   0.06518   0.03888   0.02180   0.10650   0.05423   0.05769   0.13337   0.01969   0.16642   0.00000   0.21861   0.06276   0.06759   0.02812   0.12575   0.04097   0.04418   0.14689   0.08181   0.26223   0.02557   4.01249   1.32587   0.93641   1.68549   0.79642  
 33 71.3921   2135.609433  x:  0.17066   0.00000   0.14399   0.07071   0.04098   0.02626   0.11350   0.05250   0.06125   0.13596   0.02348   0.16236   0.00000   0.20587   0.05470   0.07499   0.02496   0.12859   0.03693   0.04314   0.14443   0.08437   0.24672   0.03358   4.03663   1.33061   0.93819   1.69106   0.82931  
 34 82.0294   2135.344162  x:  0.17137   0.00000   0.14716   0.06970   0.03218   0.02517   0.11625   0.05468   0.06158   0.14022   0.02115   0.16550   0.00000   0.19865   0.05701   0.07411   0.02559   0.13288   0.03931   0.04246   0.14402   0.08657   0.23702   0.03429   4.05500   1.33504   0.93992   1.69450   0.84083  
 35 39.5437   2135.049148  x:  0.16803   0.00000   0.15164   0.06734   0.03893   0.02483   0.11555   0.05700   0.05942   0.14636   0.02212   0.17323   0.00000   0.19142   0.06346   0.06921   0.02482   0.13734   0.03821   0.04148   0.14481   0.08847   0.22625   0.03094   4.08806   1.34360   0.94329   1.69998   0.84942  
 36 41.2310   2134.205408  x:  0.16442   0.00000   0.15226   0.07305   0.03652   0.02741   0.10858   0.04216   0.05625   0.14857   0.01999   0.18666   0.00000   0.18997   0.06052   0.06751   0.02494   0.13686   0.03311   0.05207   0.15144   0.08470   0.22006   0.02734   4.21199   1.37588   0.95640   1.71931   0.85510  
 37 43.2934   2130.842252  x:  0.16455   0.00000   0.14261   0.08205   0.03431   0.01973   0.09440   0.06205   0.06547   0.13951   0.02567   0.21103   0.00000   0.19588   0.03814   0.06724   0.02466   0.12578   0.03611   0.04390   0.16770   0.07363   0.21650   0.02747   4.74696   1.51201   1.01308   1.80257   0.86451  
 38 253.0933   2128.343225  x:  0.17159   0.00000   0.13527   0.07572   0.03961   0.03590   0.10256   0.06330   0.06544   0.13115   0.01400   0.20889   0.00000   0.20199   0.04821   0.07241   0.03386   0.12091   0.04280   0.03528   0.16926   0.07958   0.22273   0.03451   5.15859   1.61245   1.05588   1.86748   0.86829  
 39 647.9053   2125.486618  x:  0.17799   0.00000   0.13065   0.05654   0.03870   0.02306   0.11876   0.05056   0.05989   0.12367   0.02513   0.18842   0.00000   0.20644   0.06646   0.07638   0.02452   0.11885   0.04224   0.03215   0.16020   0.09256   0.23429   0.04091   5.62382   1.72053   1.10349   1.94180   0.87008  
 40 895.3182   2124.280122  x:  0.17330   0.00000   0.13949   0.05551   0.03790   0.02408   0.12386   0.05987   0.05457   0.13267   0.02274   0.16259   0.00000   0.20603   0.06332   0.07048   0.02433   0.12788   0.03360   0.04638   0.14393   0.09215   0.24615   0.03622   5.82491   1.75650   1.12219   1.97610   0.86961  
 41 259.5158   2123.848405  x:  0.16851   0.00000   0.14724   0.05819   0.03825   0.02460   0.12171   0.05364   0.05921   0.13910   0.02287   0.15145   0.00000   0.20461   0.05993   0.06753   0.02576   0.13402   0.03799   0.03905   0.13709   0.08884   0.25178   0.03143   5.89686   1.76055   1.12734   1.98989   0.86909  
 42 123.1998   2123.269217  x:  0.16634   0.00000   0.16052   0.05561   0.03767   0.02451   0.11011   0.05586   0.05799   0.14118   0.02263   0.14687   0.00000   0.19814   0.06433   0.08647   0.02500   0.13312   0.03858   0.03830   0.14289   0.08757   0.25730   0.02927   6.00812   1.71863   1.12603   2.01898   0.86585  
 43 35.6495   2121.659492  x:  0.17184   0.00000   0.16338   0.05709   0.03788   0.02466   0.11572   0.05469   0.05917   0.13536   0.02270   0.15856   0.00000   0.19288   0.06024   0.06945   0.02610   0.12370   0.03779   0.03952   0.14009   0.09545   0.26282   0.03477   6.31104   1.57135   1.11372   2.09776   0.85633  
 44 104.7153   2121.326611  x:  0.16785   0.00000   0.14735   0.05543   0.03829   0.02462   0.12075   0.05470   0.05875   0.13788   0.02308   0.15711   0.00000   0.19989   0.06008   0.07293   0.02607   0.13463   0.03741   0.03932   0.14296   0.08930   0.25596   0.03077   6.37697   1.53834   1.10567   2.10625   0.85447  
 45 57.0257   2121.068812  x:  0.17304   0.00000   0.14945   0.05316   0.03784   0.02484   0.11159   0.05453   0.05852   0.14262   0.02299   0.15166   0.00000   0.21668   0.06148   0.07043   0.02602   0.13379   0.03730   0.03940   0.14153   0.08921   0.24323   0.03597   6.43556   1.51380   1.08103   2.08040   0.85475  
 46 16.3393   2120.471379  x:  0.16535   0.00000   0.16474   0.05341   0.03789   0.02470   0.12490   0.05479   0.05868   0.13529   0.02252   0.15172   0.00000   0.22957   0.05903   0.07489   0.02632   0.12648   0.03761   0.03940   0.14141   0.08719   0.23375   0.02827   6.57743   1.45787   1.01367   1.99245   0.85745  
 47 46.6583   2119.507001  x:  0.17021   0.00000   0.15717   0.05174   0.03774   0.02499   0.11708   0.05493   0.05903   0.13403   0.02269   0.15617   0.00000   0.20707   0.06112   0.07188   0.02626   0.13501   0.03693   0.04014   0.14218   0.08516   0.25232   0.03314   6.80429   1.36816   0.91408   1.83341   0.86359  
 48 88.2544   2119.369956  x:  0.16794   0.00000   0.15329   0.05195   0.03752   0.02504   0.11711   0.05494   0.05943   0.14285   0.02256   0.15646   0.00000   0.20638   0.05851   0.07392   0.02657   0.13011   0.03733   0.03979   0.14331   0.09357   0.25461   0.03086   6.83868   1.35183   0.91340   1.80401   0.86519  
 49 27.7600   2119.162208  x:  0.16940   0.00000   0.15606   0.05065   0.03760   0.02512   0.11834   0.05494   0.05911   0.14198   0.02252   0.15678   0.00000   0.20770   0.06042   0.07383   0.02649   0.12918   0.03730   0.04027   0.14206   0.08623   0.25326   0.03233   6.89089   1.32306   0.93533   1.75264   0.86840  
 50 22.5933   2119.141566  x:  0.16904   0.00000   0.15699   0.05103   0.03768   0.02518   0.11725   0.05496   0.05930   0.13890   0.02252   0.15670   0.00000   0.20864   0.05960   0.07369   0.02656   0.13250   0.03712   0.04042   0.14270   0.08933   0.25297   0.03196   6.89628   1.32065   0.93787   1.74808   0.86884  
 51  8.7204   2118.782984  x:  0.16957   0.00000   0.15858   0.04856   0.03770   0.02535   0.12052   0.05421   0.05878   0.13952   0.02231   0.14705   0.00000   0.20483   0.05795   0.06316   0.02746   0.13201   0.03574   0.03988   0.16614   0.08835   0.25187   0.03250   7.00278   1.34311   0.94783   1.75893   0.87977  
 52  1.0102   2116.610115  x:  0.16593   0.00000   0.15128   0.02807   0.03764   0.02746   0.11425   0.05073   0.05678   0.13758   0.02123   0.16469   0.00000   0.19790   0.04561   0.06428   0.03020   0.13427   0.03164   0.03700   0.15181   0.08754   0.24773   0.02889   7.60421   1.47376   1.00089   1.82646   0.94167  
 53 80.2309   2115.773692  x:  0.16283   0.00000   0.14539   0.04189   0.03730   0.02835   0.10577   0.04969   0.05934   0.13295   0.02158   0.16810   0.00000   0.18850   0.04008   0.06546   0.03072   0.12899   0.03112   0.03922   0.14709   0.08479   0.23448   0.02581   8.16032   1.51565   1.02145   1.86646   0.97131  
 54  0.7539   2115.381192  x:  0.16288   0.00000   0.14837   0.03737   0.03723   0.02618   0.10379   0.05081   0.06068   0.13021   0.02168   0.16602   0.00000   0.19088   0.04746   0.06807   0.02955   0.12294   0.03306   0.04092   0.15087   0.08367   0.22760   0.02588   8.82776   1.49678   1.01445   1.88777   0.97662  
 55  0.5123   2115.281168  x:  0.16370   0.00000   0.14910   0.03618   0.03777   0.02658   0.10716   0.05106   0.06009   0.13164   0.02136   0.16509   0.00000   0.19239   0.04276   0.06721   0.02919   0.12501   0.03349   0.03953   0.15043   0.08552   0.23336   0.02670   9.14249   1.49308   1.00963   1.87796   0.97037  
 56  0.2545   2115.265887  x:  0.16396   0.00000   0.14871   0.03707   0.03769   0.02683   0.10661   0.05115   0.06003   0.13260   0.02162   0.16612   0.00000   0.19232   0.04445   0.06698   0.02936   0.12657   0.03308   0.03949   0.15015   0.08500   0.23417   0.02696   9.23482   1.49993   1.01187   1.87463   0.96576  
 57  0.0870   2115.264716  x:  0.16398   0.00000   0.14892   0.03730   0.03759   0.02678   0.10673   0.05099   0.05976   0.13253   0.02152   0.16624   0.00000   0.19268   0.04432   0.06715   0.02945   0.12638   0.03289   0.03947   0.15033   0.08504   0.23377   0.02699   9.26271   1.50005   1.01335   1.87888   0.96523  
 58  0.0261   2115.264701  x:  0.16398   0.00000   0.14890   0.03730   0.03758   0.02675   0.10674   0.05101   0.05975   0.13251   0.02150   0.16626   0.00000   0.19262   0.04433   0.06717   0.02947   0.12633   0.03289   0.03946   0.15033   0.08505   0.23380   0.02698   9.26464   1.49996   1.01315   1.87854   0.96525  
 59  0.0018   2115.264701  x:  0.16398   0.00000   0.14890   0.03730   0.03759   0.02675   0.10673   0.05101   0.05976   0.13251   0.02150   0.16626   0.00000   0.19263   0.04433   0.06716   0.02948   0.12633   0.03288   0.03945   0.15033   0.08505   0.23379   0.02698   9.26455   1.49993   1.01313   1.87853   0.96524  
 60  0.0001   2115.264701  x:  0.16398   0.00000   0.14890   0.03730   0.03759   0.02675   0.10673   0.05101   0.05976   0.13251   0.02150   0.16626   0.00000   0.19263   0.04433   0.06716   0.02948   0.12633   0.03288   0.03945   0.15033   0.08505   0.23379   0.02698   9.26446   1.49993   1.01314   1.87853   0.96524  
 61  0.0001   2115.264701  x:  0.16398   0.00000   0.14890   0.03730   0.03759   0.02675   0.10673   0.05101   0.05976   0.13251   0.02150   0.16626   0.00000   0.19263   0.04433   0.06716   0.02948   0.12633   0.03288   0.03945   0.15033   0.08505   0.23379   0.02698   9.26445   1.49993   1.01314   1.87853   0.96523  
 62  0.0000   2115.264701  x:  0.16399   0.00000   0.14890   0.03730   0.03759   0.02675   0.10673   0.05101   0.05976   0.13251   0.02150   0.16626   0.00000   0.19263   0.04433   0.06716   0.02948   0.12633   0.03288   0.03945   0.15033   0.08505   0.23379   0.02698   9.26445   1.49993   1.01314   1.87853   0.96523  