

TREE # 1

  0  0.0000   2071.455166  x:  0.01972   0.20925   0.02571   0.03211   0.02495   0.05815   0.02188   0.05666   0.08536   0.02661   0.17168   0.01972   0.20925   0.02571   0.03211   0.02495   0.05815   0.02188   0.05666   0.08536   0.02661   0.17168   0.21568   8.40433   1.51926   1.32690   1.57060   1.00000  
  1 99.0000   2049.821339  x:  0.00172   0.21116   0.04860   0.04521   0.02133   0.05017   0.01833   0.06411   0.07830   0.04687   0.17167   0.00000   0.21097   0.04502   0.02800   0.04347   0.06519   0.02206   0.07353   0.08049   0.08140   0.16936   0.22120   8.40437   1.51967   1.32544   1.57197   1.00109  
  2 536.1379   2049.501370  x:  0.00000   0.21138   0.04850   0.04535   0.02129   0.04950   0.01843   0.06455   0.07756   0.04676   0.17170   0.00000   0.21111   0.04483   0.02773   0.04365   0.06562   0.02190   0.07421   0.07987   0.08108   0.16912   0.22182   8.40438   1.51973   1.32526   1.57214   1.00122  
  3 142.1344   2048.704943  x:  0.00000   0.21823   0.04915   0.04473   0.02179   0.04586   0.01275   0.06507   0.06632   0.04789   0.17403   0.00000   0.21463   0.05655   0.03247   0.04266   0.06639   0.02642   0.07607   0.07127   0.07402   0.16649   0.23788   8.40455   1.52132   1.31971   1.57740   1.00429  
  4 77.1474   2048.422154  x:  0.00000   0.22218   0.04983   0.04449   0.02198   0.04604   0.01884   0.06434   0.06233   0.04857   0.17511   0.00000   0.21663   0.06199   0.03373   0.04221   0.06576   0.02661   0.07529   0.06816   0.07190   0.16519   0.24679   8.40467   1.52236   1.31609   1.58087   1.00625  
  5 100.6392   2048.081200  x:  0.00000   0.22931   0.04981   0.04502   0.02117   0.04946   0.01747   0.06263   0.06294   0.04773   0.17558   0.00000   0.22032   0.06277   0.02907   0.04316   0.06410   0.01945   0.07193   0.06776   0.07218   0.16271   0.26221   8.40498   1.52492   1.30765   1.58902   1.01086  
  6 45.5764   2047.799188  x:  0.00000   0.23661   0.04904   0.04534   0.02217   0.05123   0.01751   0.06271   0.06759   0.04653   0.17446   0.00000   0.22429   0.05786   0.02669   0.04516   0.06419   0.02564   0.07083   0.07071   0.07424   0.15975   0.27731   8.40543   1.52854   1.29613   1.60026   1.01726  
  7 54.4877   2047.628156  x:  0.00000   0.24005   0.04940   0.04436   0.02116   0.04965   0.01760   0.06362   0.07084   0.04777   0.17190   0.00000   0.22637   0.05444   0.03333   0.04244   0.06486   0.02409   0.07287   0.07401   0.07589   0.15799   0.28315   8.40590   1.53199   1.28576   1.61066   1.02323  
  8 38.5784   2047.221665  x:  0.00000   0.24043   0.05054   0.04406   0.02624   0.04502   0.01753   0.06233   0.07029   0.05077   0.16074   0.00000   0.22783   0.05886   0.02875   0.03911   0.06342   0.02351   0.07492   0.07674   0.07563   0.15578   0.27542   8.40790   1.54469   1.25029   1.64789   1.04481  
  9 26.6726   2046.946508  x:  0.00000   0.23955   0.05034   0.04464   0.01958   0.04625   0.01764   0.06229   0.06821   0.04956   0.15574   0.00000   0.22815   0.06103   0.02877   0.04341   0.06382   0.02418   0.07433   0.07578   0.07534   0.15462   0.26836   8.40937   1.55344   1.22691   1.67333   1.05970  
 10 99.8617   2046.839610  x:  0.00000   0.23824   0.04986   0.04543   0.02264   0.04939   0.01749   0.06391   0.06684   0.04772   0.15803   0.00000   0.22755   0.06018   0.03122   0.04551   0.06516   0.02348   0.07280   0.07218   0.07715   0.15444   0.26508   8.41018   1.55745   1.21808   1.68454   1.06649  
 11 40.6793   2046.760564  x:  0.00000   0.23626   0.05056   0.04468   0.02140   0.04981   0.01737   0.06385   0.06666   0.04859   0.16502   0.00000   0.22589   0.05824   0.03035   0.04228   0.06509   0.02428   0.07199   0.06813   0.07941   0.15509   0.26337   8.41107   1.56081   1.21375   1.69317   1.07207  
 12 22.3583   2046.693397  x:  0.00000   0.23354   0.05060   0.04487   0.02178   0.04726   0.01744   0.06223   0.06755   0.04979   0.17348   0.00000   0.22295   0.05837   0.03052   0.04507   0.06365   0.02377   0.07339   0.06935   0.07922   0.15716   0.26343   8.41226   1.56420   1.21347   1.70094   1.07753  
 13 15.8409   2046.631772  x:  0.00000   0.23040   0.05049   0.04623   0.02131   0.04763   0.01756   0.06504   0.06697   0.04830   0.17705   0.00000   0.21927   0.06085   0.02955   0.04386   0.06613   0.02365   0.07422   0.07327   0.08012   0.16028   0.26532   8.41394   1.56798   1.21815   1.70822   1.08320  
 14 12.0773   2046.454636  x:  0.00000   0.22295   0.05276   0.04233   0.02171   0.04932   0.01736   0.06461   0.06365   0.05111   0.17216   0.00000   0.21128   0.05956   0.02938   0.04570   0.06621   0.02368   0.07496   0.07231   0.08434   0.16663   0.27170   8.41979   1.57961   1.24153   1.72766   1.09943  
 15 15.8339   2046.333551  x:  0.00000   0.22046   0.05290   0.04855   0.02143   0.04767   0.01737   0.06313   0.06496   0.05110   0.16857   0.00000   0.20921   0.05988   0.03037   0.04536   0.06455   0.02393   0.07445   0.06905   0.08729   0.16781   0.27413   8.42422   1.58830   1.25987   1.74101   1.11045  
 16 42.4626   2046.141750  x:  0.00000   0.22533   0.05217   0.04528   0.02118   0.04479   0.01762   0.06516   0.07021   0.04967   0.16788   0.00000   0.21635   0.06508   0.02985   0.04701   0.06578   0.02340   0.07481   0.06623   0.09263   0.16071   0.27113   8.43190   1.60346   1.29131   1.76088   1.12590  
 17 29.2461   2046.027192  x:  0.00000   0.23130   0.05502   0.04727   0.02129   0.04781   0.01744   0.06493   0.06694   0.05320   0.16930   0.00000   0.22306   0.06434   0.02946   0.04723   0.06636   0.02360   0.07653   0.06912   0.09359   0.15498   0.26730   8.43688   1.61364   1.31007   1.77214   1.13374  
 18 36.3595   2046.011075  x:  0.00000   0.23309   0.05467   0.04707   0.02130   0.04676   0.01741   0.06425   0.06470   0.05188   0.16951   0.00000   0.22399   0.06375   0.02964   0.04701   0.06550   0.02369   0.07583   0.07019   0.09527   0.15551   0.26661   8.43794   1.61612   1.31197   1.77316   1.13337  
 19  7.7981   2045.975626  x:  0.00000   0.23861   0.05479   0.04742   0.02125   0.04640   0.01744   0.06492   0.06519   0.05296   0.16933   0.00000   0.22425   0.06370   0.02942   0.04754   0.06644   0.02355   0.07622   0.06902   0.09591   0.16135   0.26550   8.44217   1.62676   1.31237   1.77275   1.12503  
 20  4.4813   2045.915161  x:  0.00000   0.23795   0.05609   0.04734   0.02123   0.04762   0.01744   0.06461   0.06532   0.05106   0.16893   0.00000   0.22192   0.06446   0.02927   0.04747   0.06479   0.02360   0.07974   0.06835   0.09779   0.15816   0.26670   8.45102   1.64721   1.31030   1.77036   1.10562  
 21  9.1202   2045.876568  x:  0.00000   0.23583   0.05596   0.04764   0.02117   0.04599   0.01745   0.06492   0.06473   0.05287   0.16869   0.00000   0.22107   0.06441   0.02929   0.04811   0.06658   0.02349   0.07704   0.06871   0.09879   0.15490   0.26788   8.45699   1.65968   1.30875   1.76890   1.09286  
 22 26.7012   2045.865842  x:  0.00000   0.23346   0.05445   0.04774   0.02107   0.04626   0.01745   0.06568   0.06441   0.05373   0.16871   0.00000   0.22414   0.06445   0.02920   0.04812   0.06578   0.02350   0.07746   0.06872   0.09926   0.15576   0.26850   8.45965   1.66010   1.30819   1.76941   1.08941  
 23  2.9903   2045.852283  x:  0.00000   0.23115   0.05607   0.04774   0.02116   0.04594   0.01745   0.06461   0.06447   0.05279   0.16873   0.00000   0.22748   0.06425   0.02915   0.04815   0.06698   0.02344   0.07772   0.06858   0.09924   0.15696   0.26911   8.46365   1.65862   1.30749   1.77058   1.08535  
 24  5.7971   2045.797317  x:  0.00000   0.23167   0.05942   0.04793   0.02109   0.04445   0.01744   0.06834   0.06405   0.05228   0.16850   0.00000   0.22734   0.06321   0.02887   0.04883   0.06480   0.02329   0.07712   0.06818   0.09905   0.15657   0.26959   8.48245   1.64506   1.30500   1.77686   1.07122  
 25  5.2547   2045.673989  x:  0.00000   0.23504   0.05606   0.04838   0.02104   0.04412   0.01746   0.06640   0.06253   0.05312   0.16793   0.00000   0.22375   0.06239   0.02826   0.04896   0.06766   0.02295   0.08018   0.06715   0.10162   0.15422   0.27030   8.52465   1.61436   1.29948   1.79016   1.04165  
 26 43.4064   2044.685216  x:  0.00000   0.23836   0.05567   0.05051   0.02079   0.03688   0.01745   0.07168   0.05563   0.05277   0.16397   0.00000   0.22886   0.05255   0.02462   0.05133   0.07284   0.02100   0.08993   0.06139   0.10487   0.14644   0.27980   8.90769   1.55585   1.23434   1.67343   1.12459  
 27  3.6449   2044.462752  x:  0.00000   0.23734   0.05344   0.05035   0.02070   0.03555   0.01749   0.07286   0.05399   0.05087   0.16364   0.00000   0.22880   0.04744   0.02388   0.05080   0.07415   0.02045   0.09152   0.05976   0.09798   0.14483   0.28063   9.00749   1.62451   1.28821   1.75328   1.13186  
 28  2.1165   2044.409180  x:  0.00000   0.23749   0.05280   0.05029   0.02047   0.03823   0.01823   0.07442   0.05689   0.05029   0.16309   0.00000   0.22942   0.04807   0.02469   0.05145   0.07557   0.02007   0.09415   0.06141   0.09722   0.14464   0.28137   9.13817   1.63102   1.29237   1.75290   1.13755  
 29  0.1410   2044.404964  x:  0.00000   0.23749   0.05286   0.05030   0.02053   0.03746   0.01851   0.07474   0.05666   0.05035   0.16318   0.00000   0.22947   0.04843   0.02451   0.05169   0.07589   0.02029   0.09485   0.06160   0.09756   0.14503   0.28092   9.20521   1.63056   1.29242   1.75254   1.13732  
 30  0.0626   2044.404643  x:  0.00000   0.23751   0.05293   0.05030   0.02053   0.03761   0.01851   0.07469   0.05646   0.05040   0.16319   0.00000   0.22944   0.04824   0.02453   0.05171   0.07585   0.02025   0.09486   0.06141   0.09759   0.14500   0.28087   9.22458   1.62981   1.29197   1.75241   1.13703  
 31  0.0193   2044.404597  x:  0.00000   0.23752   0.05292   0.05029   0.02053   0.03758   0.01849   0.07463   0.05654   0.05040   0.16320   0.00000   0.22942   0.04828   0.02452   0.05167   0.07580   0.02024   0.09478   0.06144   0.09756   0.14497   0.28091   9.23175   1.62992   1.29203   1.75267   1.13701  
 32  0.0058   2044.404595  x:  0.00000   0.23752   0.05292   0.05029   0.02053   0.03759   0.01848   0.07462   0.05652   0.05040   0.16319   0.00000   0.22943   0.04829   0.02453   0.05167   0.07579   0.02025   0.09477   0.06145   0.09756   0.14498   0.28092   9.23226   1.62998   1.29206   1.75266   1.13708  
 33  0.0005   2044.404595  x:  0.00000   0.23752   0.05292   0.05029   0.02053   0.03759   0.01848   0.07463   0.05653   0.05040   0.16319   0.00000   0.22944   0.04829   0.02452   0.05167   0.07579   0.02025   0.09476   0.06145   0.09756   0.14498   0.28092   9.23233   1.62998   1.29205   1.75264   1.13710  
 34  0.0001   2044.404595  x:  0.00000   0.23752   0.05292   0.05029   0.02053   0.03759   0.01848   0.07463   0.05653   0.05040   0.16319   0.00000   0.22944   0.04829   0.02452   0.05167   0.07579   0.02025   0.09476   0.06145   0.09756   0.14498   0.28092   9.23234   1.62998   1.29205   1.75265   1.13710  
 35  0.0000   2044.404595  x:  0.00000   0.23752   0.05292   0.05029   0.02053   0.03759   0.01848   0.07463   0.05653   0.05040   0.16319   0.00000   0.22944   0.04829   0.02452   0.05167   0.07579   0.02025   0.09476   0.06145   0.09756   0.14498   0.28092   9.23234   1.62998   1.29205   1.75265   1.13710  
 36  0.0000   2044.404595  x:  0.00000   0.23752   0.05292   0.05029   0.02053   0.03759   0.01848   0.07463   0.05653   0.05040   0.16319   0.00000   0.22944   0.04829   0.02452   0.05167   0.07579   0.02025   0.09476   0.06145   0.09756   0.14498   0.28092   9.23234   1.62998   1.29205   1.75265   1.13710  

TREE # 2

  0  0.0000   2362.657305  x:  0.00000   0.23752   0.05292   0.05029   0.02053   0.03759   0.01848   0.07463   0.05653   0.05040   0.16319   0.00000   0.22944   0.04829   0.02452   0.05167   0.07579   0.02025   0.09476   0.06145   0.09756   0.14498   0.28092   9.23234   1.59736   1.17196   1.59188   1.13710  
  1 99.0000   2223.390298  x:  0.35379   0.23891   0.07010   0.08007   0.05713   0.04107   0.03651   0.06926   0.06229   0.05480   0.15929   0.21980   0.23088   0.07586   0.08784   0.05278   0.07452   0.03381   0.09081   0.06251   0.09079   0.13802   0.27250   9.23232   1.59699   1.17239   1.59232   1.13698  
  2 7008.6679   2122.833849  x:  0.35743   0.14384   0.19727   0.26257   0.14726   0.06479   0.09633   0.00565   0.11469   0.03557   0.10351   0.14210   0.13595   0.21476   0.25868   0.05042   0.05172   0.09425   0.04377   0.07467   0.01004   0.05516   0.17068   9.23248   1.59164   1.18132   1.59434   1.13725  
  3 572.8692   2093.262308  x:  0.38530   0.05429   0.21827   0.31014   0.15696   0.05428   0.09629   0.10141   0.12003   0.05072   0.06945   0.08819   0.04736   0.24300   0.30842   0.05014   0.04564   0.08607   0.03971   0.07903   0.04228   0.00892   0.07731   9.23265   1.58645   1.19018   1.59588   1.13759  
  4 474.1771   2074.852867  x:  0.40120   0.00588   0.22362   0.32784   0.15800   0.04716   0.09204   0.12562   0.11999   0.05499   0.05697   0.06145   0.00000   0.25176   0.32799   0.05028   0.04506   0.07932   0.04098   0.08000   0.04673   0.03411   0.02958   9.23274   1.58379   1.19475   1.59670   1.13772  
  5 1033.9391   2073.299296  x:  0.40312   0.00000   0.22305   0.32833   0.15725   0.04637   0.09084   0.12521   0.11943   0.05489   0.05720   0.05887   0.00000   0.25149   0.32882   0.05034   0.04546   0.07815   0.04160   0.07985   0.04548   0.03350   0.02550   9.23275   1.58350   1.19524   1.59681   1.13772  
  6 491.7946   2071.037147  x:  0.42612   0.00000   0.21606   0.33744   0.14826   0.04331   0.07860   0.12675   0.11369   0.05623   0.05582   0.02361   0.00000   0.24849   0.34255   0.04981   0.04431   0.06716   0.03858   0.07902   0.03768   0.03282   0.03461   9.23289   1.57931   1.20225   1.59880   1.13773  
  7 101.2890   2070.410167  x:  0.42449   0.00000   0.20071   0.35567   0.13322   0.05355   0.07159   0.12676   0.10922   0.06006   0.06365   0.02328   0.00000   0.23859   0.36472   0.05159   0.04582   0.06913   0.04936   0.08015   0.04003   0.03339   0.03673   9.23327   1.57079   1.21656   1.60365   1.13769  
  8 31.1391   2069.693581  x:  0.41926   0.00000   0.17630   0.37563   0.11439   0.05743   0.06705   0.12433   0.10436   0.06110   0.06024   0.02896   0.00000   0.21948   0.39009   0.05038   0.04498   0.06875   0.03853   0.07957   0.04065   0.03303   0.03534   9.23384   1.55933   1.23632   1.61057   1.13765  
  9 78.1577   2069.260362  x:  0.41752   0.00000   0.15660   0.38726   0.11428   0.05107   0.07801   0.12188   0.10724   0.05671   0.05331   0.02839   0.00000   0.19803   0.40603   0.04922   0.04583   0.06868   0.04410   0.07877   0.04184   0.03229   0.03657   9.23444   1.55106   1.25182   1.61707   1.13767  
 10 44.5928   2069.046166  x:  0.41679   0.00000   0.14755   0.39298   0.12089   0.04820   0.08278   0.12231   0.11091   0.05573   0.06094   0.02697   0.00000   0.18449   0.41369   0.04980   0.04576   0.06863   0.04106   0.07874   0.04300   0.03270   0.03627   9.23489   1.54698   1.26053   1.62140   1.13769  
 11 45.1494   2068.904140  x:  0.41525   0.00000   0.14550   0.39521   0.13142   0.05104   0.07599   0.12235   0.11282   0.05839   0.05827   0.02763   0.00000   0.17332   0.41598   0.05086   0.04558   0.06802   0.04128   0.07947   0.04086   0.03251   0.03618   9.23555   1.54541   1.26714   1.62622   1.13768  
 12 16.0496   2068.713904  x:  0.41315   0.00000   0.15139   0.39645   0.13435   0.04521   0.07073   0.12166   0.10625   0.05495   0.05939   0.02875   0.00000   0.16931   0.41442   0.04538   0.04410   0.07089   0.04263   0.07864   0.04214   0.03240   0.03675   9.23733   1.54791   1.27592   1.63689   1.13766  
 13  6.6164   2068.053367  x:  0.40843   0.00000   0.16699   0.39471   0.13446   0.04133   0.07218   0.11746   0.09175   0.05393   0.05871   0.02835   0.00000   0.16556   0.40183   0.05581   0.05595   0.07203   0.04077   0.07683   0.04440   0.03205   0.03722   9.24451   1.56135   1.30685   1.67840   1.13752  
 14 28.3552   2064.711082  x:  0.39010   0.00000   0.21129   0.37098   0.11883   0.05886   0.09333   0.09458   0.08181   0.06837   0.05951   0.02242   0.00000   0.16878   0.33053   0.05079   0.03771   0.05637   0.04188   0.07539   0.04375   0.03026   0.02975   9.27993   1.63401   1.45131   1.87781   1.13694  
 15 105.1721   2061.306011  x:  0.36760   0.00000   0.22886   0.33818   0.09874   0.05444   0.08034   0.08239   0.12233   0.06164   0.06070   0.01932   0.00000   0.19734   0.26454   0.04161   0.05554   0.06413   0.04183   0.08119   0.03410   0.02917   0.02742   9.31808   1.72096   1.59645   2.08349   1.13700  
 16 220.0023   2059.588584  x:  0.35112   0.00000   0.21625   0.31333   0.10312   0.04684   0.06848   0.07650   0.12484   0.04707   0.06154   0.02182   0.00000   0.22505   0.25048   0.06168   0.03936   0.06066   0.04508   0.07725   0.03094   0.02844   0.02675   9.33665   1.77407   1.65389   2.17265   1.13765  
 17 129.7093   2057.108596  x:  0.32616   0.00000   0.17945   0.26268   0.12624   0.04837   0.06527   0.06190   0.10095   0.05652   0.06157   0.01993   0.00000   0.26620   0.25428   0.04848   0.04980   0.05873   0.04462   0.07308   0.03050   0.02718   0.02423   9.36327   1.86794   1.71302   2.28252   1.13981  
 18 115.9094   2055.069997  x:  0.30726   0.00000   0.18350   0.22424   0.11006   0.04492   0.06570   0.05278   0.10008   0.06194   0.06178   0.01619   0.00000   0.23941   0.28030   0.05358   0.04382   0.06862   0.04471   0.09720   0.02243   0.02623   0.02073   9.38609   1.98345   1.71101   2.33427   1.14444  
 19 40.5871   2053.392182  x:  0.29114   0.00000   0.18892   0.21545   0.09914   0.05247   0.06139   0.04121   0.10825   0.05005   0.06280   0.01614   0.00000   0.21460   0.29456   0.05057   0.04945   0.05061   0.04542   0.08197   0.03030   0.02549   0.01896   9.40439   2.08123   1.69761   2.36429   1.14891  
 20 105.2114   2052.592775  x:  0.28400   0.00000   0.18396   0.22507   0.09454   0.05122   0.06190   0.04377   0.10742   0.05382   0.06425   0.01710   0.00000   0.20361   0.28879   0.05048   0.04955   0.05179   0.04690   0.06711   0.01905   0.02575   0.01905   9.41270   2.12540   1.68703   2.37201   1.15134  
 21 77.5736   2051.761555  x:  0.28022   0.00000   0.16948   0.24781   0.09289   0.05063   0.05895   0.03434   0.10463   0.05787   0.06310   0.01309   0.00000   0.19285   0.26920   0.05232   0.04734   0.05995   0.04617   0.06586   0.02513   0.02485   0.01676   9.42217   2.17364   1.67112   2.37443   1.15447  
 22 79.3060   2051.329739  x:  0.27590   0.00000   0.16173   0.26408   0.09351   0.04972   0.05878   0.03377   0.10022   0.05529   0.06400   0.01478   0.00000   0.18951   0.25741   0.05098   0.04905   0.05247   0.04667   0.07758   0.02186   0.02477   0.01714   9.42717   2.19589   1.66212   2.37223   1.15637  
 23 66.8534   2051.194114  x:  0.27572   0.00000   0.16123   0.26234   0.09379   0.05504   0.05988   0.03515   0.09805   0.04929   0.06383   0.01354   0.00000   0.18868   0.25404   0.05018   0.04932   0.05539   0.04597   0.07821   0.02015   0.02499   0.01634   9.42882   2.18664   1.65943   2.35834   1.15769  
 24  8.6581   2048.638308  x:  0.25427   0.00000   0.17922   0.23140   0.09229   0.05204   0.06145   0.01907   0.09434   0.05384   0.06597   0.01384   0.00000   0.19653   0.21825   0.05115   0.05005   0.05317   0.04770   0.07695   0.01776   0.02373   0.01546   9.45816   1.96978   1.61081   2.07185   1.18316  
 25 47.5026   2047.724968  x:  0.24670   0.00000   0.17419   0.22630   0.09026   0.05182   0.06025   0.01537   0.09254   0.05316   0.06638   0.01352   0.00000   0.19119   0.21864   0.05115   0.05010   0.05262   0.04794   0.07647   0.01645   0.02370   0.01428   9.46926   1.80600   1.45863   2.06447   1.15899  
 26  9.6930   2046.716117  x:  0.24772   0.00000   0.16924   0.22811   0.09174   0.05095   0.06116   0.01907   0.09274   0.05207   0.06823   0.01523   0.00000   0.18174   0.22489   0.05107   0.05088   0.05463   0.04854   0.07629   0.01761   0.02505   0.01557   9.48232   1.71202   1.39604   1.93037   1.00336  
 27  1.6548   2045.180974  x:  0.25233   0.00000   0.15823   0.23297   0.09389   0.05021   0.06239   0.02603   0.09344   0.05011   0.07138   0.01850   0.00000   0.16478   0.23942   0.05150   0.05154   0.05832   0.04947   0.07569   0.02000   0.02739   0.01797   9.49605   1.55480   1.27877   1.73978   1.13573  
 28  5.8026   2044.660686  x:  0.27110   0.00000   0.14134   0.23454   0.09951   0.04933   0.06361   0.02281   0.09460   0.04970   0.07391   0.02139   0.00000   0.15863   0.24339   0.05034   0.05214   0.05995   0.04993   0.07381   0.02120   0.02980   0.01915   9.41361   1.64552   1.29815   1.75854   1.14155  
 29  0.1969   2044.498844  x:  0.28210   0.00000   0.14351   0.23230   0.10041   0.04701   0.06128   0.02535   0.09492   0.05232   0.07568   0.01928   0.00000   0.16561   0.23848   0.05018   0.05285   0.05575   0.05023   0.07400   0.02015   0.03224   0.01886   9.32697   1.63487   1.28624   1.74269   1.14064  
 30  0.1481   2044.437184  x:  0.28262   0.00000   0.14724   0.22803   0.09723   0.04898   0.06142   0.02542   0.09506   0.05225   0.07660   0.02094   0.00000   0.16538   0.23491   0.05029   0.05303   0.05716   0.05024   0.07480   0.02095   0.03482   0.01816   9.25156   1.63787   1.29014   1.75778   1.13981  
 31  0.0884   2044.414341  x:  0.28232   0.00000   0.14474   0.22779   0.09609   0.04867   0.06095   0.02469   0.09523   0.05180   0.07675   0.02036   0.00000   0.16266   0.23786   0.05045   0.05310   0.05635   0.05030   0.07504   0.02070   0.03622   0.01881   9.22081   1.63073   1.29552   1.75491   1.13678  
 32  0.0521   2044.406823  x:  0.28080   0.00000   0.14440   0.22872   0.09770   0.04810   0.06166   0.02464   0.09464   0.05165   0.07636   0.02031   0.00000   0.16225   0.23678   0.05040   0.05299   0.05616   0.05030   0.07456   0.02063   0.03713   0.01842   9.21351   1.62847   1.29137   1.75267   1.13579  
 33  0.0098   2044.404878  x:  0.28067   0.00000   0.14490   0.22929   0.09763   0.04831   0.06125   0.02457   0.09443   0.05169   0.07588   0.02025   0.00000   0.16324   0.23706   0.05038   0.05292   0.05655   0.05029   0.07458   0.02054   0.03752   0.01856   9.22041   1.63015   1.29221   1.75259   1.13677  
 34  0.0065   2044.404629  x:  0.28093   0.00000   0.14501   0.22945   0.09754   0.04828   0.06141   0.02454   0.09470   0.05169   0.07578   0.02024   0.00000   0.16317   0.23752   0.05040   0.05290   0.05654   0.05029   0.07463   0.02053   0.03757   0.01844   9.22533   1.63015   1.29238   1.75250   1.13699  
 35  0.0069   2044.404602  x:  0.28092   0.00000   0.14501   0.22944   0.09755   0.04828   0.06146   0.02453   0.09476   0.05167   0.07577   0.02024   0.00000   0.16319   0.23751   0.05040   0.05291   0.05653   0.05029   0.07463   0.02053   0.03758   0.01849   9.22816   1.63006   1.29207   1.75276   1.13705  
 36  0.0044   2044.404597  x:  0.28091   0.00000   0.14496   0.22943   0.09757   0.04829   0.06144   0.02452   0.09478   0.05167   0.07579   0.02025   0.00000   0.16321   0.23753   0.05039   0.05292   0.05653   0.05029   0.07463   0.02053   0.03759   0.01848   9.23092   1.62991   1.29200   1.75261   1.13708  
 37  0.0027   2044.404595  x:  0.28091   0.00000   0.14498   0.22944   0.09756   0.04829   0.06144   0.02452   0.09477   0.05167   0.07579   0.02025   0.00000   0.16319   0.23752   0.05039   0.05292   0.05653   0.05029   0.07463   0.02053   0.03759   0.01848   9.23211   1.62997   1.29203   1.75260   1.13710  
 38  0.0013   2044.404595  x:  0.28091   0.00000   0.14498   0.22944   0.09756   0.04829   0.06145   0.02452   0.09476   0.05167   0.07579   0.02025   0.00000   0.16319   0.23752   0.05040   0.05292   0.05653   0.05029   0.07463   0.02053   0.03759   0.01848   9.23230   1.62999   1.29205   1.75265   1.13711  
 39  0.0003   2044.404595  x:  0.28092   0.00000   0.14498   0.22944   0.09756   0.04829   0.06145   0.02452   0.09476   0.05167   0.07579   0.02025   0.00000   0.16319   0.23752   0.05040   0.05292   0.05653   0.05029   0.07463   0.02053   0.03759   0.01848   9.23233   1.62998   1.29205   1.75265   1.13710  
 40  0.0000   2044.404595  x:  0.28092   0.00000   0.14498   0.22944   0.09756   0.04829   0.06145   0.02452   0.09476   0.05167   0.07579   0.02025   0.00000   0.16319   0.23752   0.05040   0.05292   0.05653   0.05029   0.07463   0.02053   0.03759   0.01848   9.23233   1.62998   1.29205   1.75265   1.13710  
 41  0.0000   2044.404595  x:  0.28092   0.00000   0.14498   0.22944   0.09756   0.04829   0.06145   0.02452   0.09476   0.05167   0.07579   0.02025   0.00000   0.16319   0.23752   0.05040   0.05292   0.05653   0.05029   0.07463   0.02053   0.03759   0.01848   9.23233   1.62998   1.29205   1.75265   1.13710  