

TREE # 1

  0  0.0000   2097.477204  x:  0.01972   0.20925   0.02571   0.03211   0.02495   0.05815   0.02188   0.05666   0.08536   0.02661   0.17168   0.01972   0.20925   0.02571   0.03211   0.02495   0.05815   0.02188   0.05666   0.08536   0.02661   0.17168   0.21568   8.40433   1.89528   1.40585   1.53671   1.00000  
  1 99.0000   2075.857864  x:  0.00817   0.20667   0.01415   0.03436   0.01734   0.08635   0.02718   0.07445   0.10627   0.03220   0.17667   0.00000   0.19978   0.01942   0.05127   0.04149   0.06874   0.03299   0.06395   0.08842   0.07403   0.16830   0.21585   8.40422   1.89445   1.40351   1.53989   1.00045  
  2 491.2208   2071.887821  x:  0.00633   0.20141   0.00634   0.03617   0.01232   0.10300   0.02400   0.08835   0.12962   0.03255   0.18660   0.00000   0.17851   0.00575   0.05280   0.03632   0.07777   0.02562   0.06950   0.09165   0.05973   0.16250   0.21713   8.40398   1.89261   1.39884   1.54653   1.00142  
  3 157.4576   2069.803505  x:  0.00863   0.19583   0.01178   0.03774   0.01205   0.11650   0.02334   0.09959   0.15099   0.03247   0.19717   0.00000   0.15441   0.01931   0.05380   0.03377   0.08489   0.02356   0.07351   0.09498   0.04887   0.15640   0.21856   8.40369   1.89041   1.39327   1.55446   1.00261  
  4 266.5965   2068.552798  x:  0.00670   0.18952   0.01438   0.03478   0.02027   0.11358   0.02764   0.09766   0.15991   0.02681   0.20757   0.00000   0.12518   0.01641   0.04788   0.03517   0.08288   0.03465   0.07194   0.09551   0.04835   0.15112   0.22036   8.40325   1.88709   1.38525   1.56608   1.00428  
  5 97.1442   2067.659660  x:  0.00969   0.18386   0.01318   0.03201   0.01405   0.10641   0.02467   0.09166   0.16222   0.02715   0.21618   0.00000   0.09997   0.01666   0.04636   0.03635   0.07879   0.03057   0.06909   0.09498   0.05395   0.14795   0.22215   8.40274   1.88328   1.37623   1.57913   1.00614  
  6 110.2581   2067.459682  x:  0.00529   0.18205   0.01336   0.03385   0.01503   0.10478   0.02512   0.09031   0.16103   0.02857   0.21847   0.00000   0.09595   0.01712   0.04913   0.03624   0.07810   0.02801   0.06879   0.09441   0.05395   0.14810   0.22281   8.40248   1.88137   1.37175   1.58558   1.00704  
  7 52.2638   2067.150616  x:  0.00923   0.17790   0.01235   0.03856   0.01831   0.10394   0.02728   0.08949   0.15683   0.03113   0.22339   0.00000   0.09298   0.01610   0.05614   0.03615   0.07826   0.02737   0.06945   0.09278   0.05322   0.15011   0.22455   8.40171   1.87578   1.35874   1.60427   1.00965  
  8 62.1440   2066.359218  x:  0.00728   0.16740   0.01184   0.03899   0.01177   0.10609   0.02379   0.09106   0.14628   0.03136   0.23416   0.00000   0.09545   0.01689   0.05776   0.03479   0.08078   0.03506   0.07174   0.08967   0.05051   0.15586   0.22868   8.39938   1.85929   1.32079   1.65888   1.01721  
  9 96.0760   2065.696657  x:  0.00744   0.16151   0.01286   0.03393   0.01606   0.10961   0.02444   0.09422   0.14193   0.02895   0.24000   0.00000   0.10089   0.01672   0.04965   0.03486   0.08225   0.02805   0.07223   0.08954   0.05436   0.15922   0.23102   8.39717   1.84404   1.28634   1.70878   1.02400  
 10 154.5875   2065.350822  x:  0.00751   0.16798   0.01406   0.03514   0.01278   0.10789   0.02958   0.09248   0.14929   0.03059   0.23375   0.00000   0.10492   0.01591   0.04782   0.03878   0.07851   0.02759   0.06827   0.09379   0.05293   0.15618   0.22863   8.39554   1.83408   1.26611   1.73962   1.02778  
 11 54.0441   2065.115598  x:  0.00751   0.17475   0.01134   0.03534   0.01509   0.10590   0.02472   0.09094   0.15525   0.02958   0.22617   0.00000   0.10673   0.01696   0.04940   0.03752   0.07631   0.02872   0.06630   0.09631   0.05330   0.15259   0.22563   8.39427   1.82693   1.25268   1.76106   1.03018  
 12 86.7253   2065.055618  x:  0.00769   0.17733   0.01400   0.03470   0.01477   0.10547   0.02431   0.09061   0.15584   0.02852   0.22220   0.00000   0.10607   0.01589   0.05073   0.03545   0.07726   0.02868   0.06776   0.09537   0.05406   0.15104   0.22399   8.39377   1.82468   1.24955   1.76719   1.03066  
 13 32.6585   2065.018732  x:  0.00759   0.17911   0.01270   0.03370   0.01444   0.10541   0.02570   0.09064   0.15496   0.02773   0.21845   0.00000   0.10468   0.01658   0.05094   0.03523   0.07876   0.02853   0.06961   0.09349   0.05371   0.14980   0.22237   8.39329   1.82299   1.24825   1.77124   1.03074  
 14 23.0295   2065.005040  x:  0.00763   0.17962   0.01291   0.03414   0.01473   0.10590   0.02504   0.09108   0.15407   0.02871   0.21648   0.00000   0.10372   0.01643   0.05016   0.03640   0.07932   0.02858   0.06999   0.09241   0.05343   0.14932   0.22145   8.39293   1.82207   1.24839   1.77306   1.03056  
 15 12.1370   2064.997216  x:  0.00765   0.17915   0.01281   0.03501   0.01456   0.10681   0.02523   0.09178   0.15322   0.02852   0.21511   0.00000   0.10306   0.01649   0.04972   0.03574   0.07888   0.02862   0.06886   0.09238   0.05360   0.14925   0.22068   8.39234   1.82100   1.24978   1.77468   1.03002  
 16  5.1990   2064.986523  x:  0.00768   0.17783   0.01302   0.03372   0.01466   0.10745   0.02521   0.09222   0.15271   0.02854   0.21384   0.00000   0.10274   0.01636   0.05063   0.03616   0.07822   0.02859   0.06813   0.09321   0.05319   0.14941   0.21978   8.39100   1.81891   1.25335   1.77763   1.02871  
 17  6.2584   2064.955484  x:  0.00772   0.17476   0.01290   0.03480   0.01460   0.10640   0.02513   0.09122   0.15388   0.02833   0.21269   0.00000   0.10337   0.01643   0.05013   0.03632   0.07866   0.02857   0.07027   0.09503   0.05364   0.14992   0.21843   8.38615   1.81215   1.26616   1.78747   1.02398  
 18 10.8978   2064.935006  x:  0.00767   0.17575   0.01274   0.03414   0.01475   0.10598   0.02542   0.09113   0.15489   0.02977   0.21396   0.00000   0.10404   0.01651   0.04999   0.03538   0.07932   0.02886   0.06928   0.09315   0.05400   0.14981   0.21903   8.38242   1.80818   1.27493   1.79419   1.02062  
 19 13.5585   2064.920296  x:  0.00765   0.17755   0.01293   0.03441   0.01458   0.10609   0.02515   0.09135   0.15504   0.02831   0.21537   0.00000   0.10438   0.01647   0.05041   0.03630   0.07935   0.02854   0.06856   0.09165   0.05394   0.14960   0.21997   8.37952   1.80585   1.28102   1.79895   1.01820  
 20 20.5221   2064.909354  x:  0.00759   0.18028   0.01286   0.03434   0.01457   0.10697   0.02518   0.09173   0.15373   0.02854   0.21654   0.00000   0.10394   0.01648   0.05026   0.03610   0.07816   0.02860   0.06974   0.09289   0.05398   0.14932   0.22121   8.37672   1.80575   1.28474   1.80224   1.01648  
 21  6.3193   2064.890055  x:  0.00755   0.18168   0.01285   0.03437   0.01456   0.10688   0.02517   0.09147   0.15252   0.02852   0.21652   0.00000   0.10344   0.01639   0.05034   0.03631   0.08132   0.02864   0.06844   0.09541   0.05418   0.14929   0.22227   8.36993   1.81098   1.28812   1.80688   1.01399  
 22  3.4048   2064.500809  x:  0.00732   0.17895   0.01239   0.03454   0.01381   0.10831   0.02549   0.09428   0.15585   0.02906   0.20759   0.00000   0.10483   0.01637   0.05211   0.03745   0.07917   0.02916   0.06965   0.09268   0.05827   0.15046   0.22913   8.22461   1.93877   1.34227   1.89435   0.96787  
 23 15.4303   2064.433415  x:  0.00734   0.17993   0.01230   0.03453   0.01383   0.11194   0.02543   0.09031   0.15520   0.02913   0.21194   0.00000   0.10609   0.01630   0.05233   0.03759   0.07934   0.02912   0.06952   0.09234   0.05880   0.14841   0.21940   8.19919   1.95751   1.35089   1.90685   0.96548  
 24 20.5402   2064.399327  x:  0.00731   0.18087   0.01224   0.03462   0.01362   0.10913   0.02554   0.09432   0.15469   0.02925   0.21437   0.00000   0.10651   0.01627   0.05262   0.03778   0.07940   0.02921   0.06966   0.09285   0.05942   0.14803   0.21405   8.18560   1.96442   1.35498   1.91149   0.96845  
 25 13.9626   2064.074815  x:  0.00680   0.18348   0.01173   0.03465   0.01317   0.11296   0.02567   0.09367   0.15736   0.02940   0.21070   0.00000   0.10560   0.01609   0.05423   0.03877   0.07978   0.02986   0.06998   0.09211   0.06317   0.15754   0.21562   8.04409   1.99302   1.39020   1.93238   1.05235  
 26  9.4201   2064.004720  x:  0.00687   0.18057   0.01158   0.03498   0.01302   0.11327   0.02577   0.09421   0.15585   0.02982   0.21049   0.00000   0.10783   0.01598   0.05485   0.03904   0.07982   0.02991   0.07000   0.09226   0.06408   0.14709   0.21876   8.01455   1.99567   1.39503   1.93416   1.06673  
 27 22.3509   2062.792949  x:  0.00557   0.17894   0.01003   0.03608   0.01128   0.12323   0.02677   0.09851   0.15741   0.03197   0.21179   0.00000   0.10852   0.01492   0.06245   0.04363   0.08221   0.03244   0.07136   0.09193   0.07905   0.15227   0.21944   7.46985   1.80634   1.26626   1.78071   1.00487  
 28  5.1383   2062.653509  x:  0.00640   0.17844   0.01042   0.03517   0.01285   0.12657   0.02624   0.10078   0.16546   0.03086   0.21582   0.00000   0.10420   0.01278   0.06201   0.04364   0.08324   0.03140   0.07170   0.09270   0.08387   0.14934   0.21927   7.52344   1.83063   1.28479   1.79847   1.00632  
 29  0.0549   2062.640017  x:  0.00599   0.17907   0.00982   0.03541   0.01207   0.12718   0.02623   0.10101   0.16598   0.03077   0.21496   0.00000   0.10462   0.01283   0.06199   0.04339   0.08326   0.03117   0.07175   0.09260   0.08579   0.14955   0.21925   7.60736   1.82885   1.28370   1.79677   1.00689  
 30  0.0723   2062.638968  x:  0.00604   0.17903   0.01002   0.03556   0.01220   0.12715   0.02640   0.10093   0.16557   0.03086   0.21479   0.00000   0.10493   0.01273   0.06206   0.04335   0.08322   0.03133   0.07175   0.09254   0.08631   0.14976   0.21929   7.61876   1.82756   1.28279   1.79560   1.00727  
 31  0.0115   2062.638831  x:  0.00607   0.17897   0.00997   0.03550   0.01222   0.12703   0.02637   0.10087   0.16541   0.03087   0.21485   0.00000   0.10488   0.01279   0.06203   0.04331   0.08321   0.03135   0.07174   0.09253   0.08652   0.14976   0.21930   7.61542   1.82828   1.28320   1.79642   1.00745  
 32  0.0029   2062.638823  x:  0.00605   0.17898   0.00999   0.03550   0.01221   0.12700   0.02636   0.10086   0.16542   0.03086   0.21486   0.00000   0.10485   0.01279   0.06201   0.04331   0.08321   0.03134   0.07174   0.09253   0.08655   0.14975   0.21930   7.61434   1.82828   1.28322   1.79643   1.00737  
 33  0.0012   2062.638823  x:  0.00606   0.17898   0.00999   0.03550   0.01221   0.12699   0.02636   0.10085   0.16543   0.03086   0.21485   0.00000   0.10485   0.01279   0.06201   0.04331   0.08321   0.03134   0.07174   0.09253   0.08655   0.14975   0.21930   7.61419   1.82824   1.28320   1.79636   1.00734  
 34  0.0002   2062.638823  x:  0.00606   0.17898   0.00999   0.03550   0.01221   0.12699   0.02636   0.10085   0.16543   0.03086   0.21485   0.00000   0.10485   0.01279   0.06201   0.04331   0.08321   0.03134   0.07174   0.09253   0.08655   0.14975   0.21930   7.61420   1.82824   1.28321   1.79637   1.00734  
 35  0.0000   2062.638823  x:  0.00606   0.17898   0.00999   0.03550   0.01221   0.12699   0.02636   0.10085   0.16543   0.03086   0.21485   0.00000   0.10485   0.01279   0.06201   0.04332   0.08321   0.03134   0.07174   0.09253   0.08655   0.14975   0.21930   7.61420   1.82824   1.28320   1.79637   1.00734  
 36  0.0000   2062.638823  x:  0.00606   0.17898   0.00999   0.03550   0.01221   0.12699   0.02636   0.10085   0.16543   0.03086   0.21485   0.00000   0.10485   0.01279   0.06201   0.04332   0.08321   0.03134   0.07174   0.09253   0.08655   0.14975   0.21930   7.61420   1.82824   1.28320   1.79637   1.00734  

TREE # 2

  0  0.0000   2353.255845  x:  0.00606   0.17898   0.00999   0.03550   0.01221   0.12699   0.02636   0.10085   0.16543   0.03086   0.21485   0.00000   0.10485   0.01279   0.06201   0.04332   0.08321   0.03134   0.07174   0.09253   0.08655   0.14975   0.21930   7.61420   1.79017   1.15951   1.62547   1.00734  
  1 99.0000   2219.635457  x:  0.12279   0.17632   0.09120   0.05966   0.06086   0.12141   0.03971   0.09901   0.16184   0.03776   0.21125   0.37379   0.10604   0.10897   0.07518   0.04974   0.07703   0.05133   0.07101   0.09413   0.08046   0.14765   0.21303   7.61421   1.78994   1.15982   1.62593   1.00712  
  2 8047.4119   2132.121837  x:  0.17834   0.09711   0.14746   0.13372   0.11509   0.04747   0.12646   0.07175   0.11500   0.00496   0.15830   0.31201   0.03547   0.19842   0.15496   0.08870   0.00000   0.18100   0.05227   0.10976   0.00705   0.12425   0.13615   7.61444   1.78608   1.16832   1.62718   1.00586  
  3 505.3024   2111.659064  x:  0.20048   0.04914   0.15983   0.13788   0.11543   0.01021   0.12661   0.06338   0.09513   0.04306   0.13741   0.29747   0.00000   0.21998   0.17097   0.07596   0.02142   0.19335   0.04402   0.11120   0.00392   0.12100   0.09349   7.61457   1.78410   1.17287   1.62792   1.00558  
  4 434.5335   2106.545812  x:  0.20962   0.02774   0.16445   0.13802   0.11450   0.00000   0.12517   0.06053   0.08706   0.05250   0.12811   0.29183   0.00779   0.22810   0.17643   0.06855   0.02266   0.19635   0.04061   0.11143   0.00833   0.12030   0.07530   7.61461   1.78322   1.17480   1.62830   1.00546  
  5 694.5472   2098.335467  x:  0.22129   0.00000   0.17030   0.13822   0.11342   0.00326   0.12331   0.05718   0.07684   0.06401   0.11617   0.28473   0.01305   0.23841   0.18326   0.05888   0.02374   0.20004   0.03627   0.11162   0.01310   0.11944   0.05194   7.61467   1.78208   1.17727   1.62879   1.00531  
  6 1931.2062   2093.795689  x:  0.23683   0.00000   0.17508   0.13115   0.10702   0.00188   0.11310   0.05757   0.06766   0.06278   0.09903   0.27893   0.00733   0.24792   0.18608   0.03684   0.00877   0.19511   0.03247   0.10855   0.01419   0.12107   0.02026   7.61475   1.78009   1.18103   1.62988   1.00509  
  7 346.3554   2092.498287  x:  0.25336   0.00000   0.18055   0.12475   0.10268   0.00206   0.10583   0.05939   0.06477   0.05483   0.08387   0.27167   0.00827   0.25886   0.19039   0.02502   0.01509   0.19314   0.03521   0.10486   0.00745   0.12290   0.02465   7.61484   1.77767   1.18533   1.63149   1.00491  
  8 95.0440   2092.032978  x:  0.26376   0.00000   0.18381   0.12064   0.10049   0.00181   0.10197   0.06049   0.06515   0.05070   0.07730   0.26704   0.00580   0.26565   0.19271   0.02490   0.01575   0.19185   0.03590   0.10308   0.01423   0.12413   0.02842   7.61490   1.77595   1.18829   1.63272   1.00480  
  9 124.7365   2091.412650  x:  0.28374   0.00000   0.18842   0.11004   0.09586   0.00201   0.09357   0.06270   0.07091   0.05075   0.07510   0.25879   0.00593   0.27703   0.19389   0.03713   0.01390   0.18477   0.03347   0.09994   0.01178   0.12682   0.02902   7.61506   1.77194   1.19511   1.63576   1.00461  
 10 78.5756   2091.066929  x:  0.30051   0.00000   0.19172   0.10472   0.09752   0.00209   0.09555   0.06207   0.07495   0.05280   0.08724   0.25110   0.00575   0.28645   0.19136   0.03395   0.01115   0.17904   0.03807   0.10087   0.01174   0.12728   0.03094   7.61527   1.76725   1.20308   1.63965   1.00438  
 11 40.9118   2090.968259  x:  0.30588   0.00000   0.19181   0.10462   0.09909   0.00203   0.09790   0.06235   0.07471   0.04869   0.09080   0.24905   0.00561   0.28845   0.18714   0.03416   0.01446   0.17600   0.03584   0.10201   0.01224   0.12704   0.02885   7.61542   1.76450   1.20783   1.64219   1.00423  
 12 26.3741   2090.902424  x:  0.30934   0.00000   0.19090   0.10685   0.10015   0.00197   0.09940   0.06236   0.07190   0.04978   0.08969   0.24803   0.00551   0.28858   0.18127   0.03437   0.01327   0.17356   0.03342   0.10300   0.01195   0.12621   0.03094   7.61566   1.76076   1.21449   1.64599   1.00403  
 13 16.4246   2090.850616  x:  0.31118   0.00000   0.18977   0.10909   0.10069   0.00198   0.10013   0.06244   0.07152   0.05018   0.08748   0.24776   0.00561   0.28774   0.17650   0.03591   0.01325   0.17293   0.03737   0.10323   0.01187   0.12557   0.03018   7.61596   1.75647   1.22227   1.65077   1.00380  
 14 20.0100   2090.762796  x:  0.31032   0.00000   0.18868   0.11001   0.10015   0.00207   0.09935   0.06146   0.07744   0.05083   0.08640   0.24869   0.00578   0.28485   0.17580   0.03403   0.01345   0.17779   0.03552   0.10192   0.01206   0.12558   0.02982   7.61684   1.74652   1.24142   1.66392   1.00325  
 15 12.9503   2090.679967  x:  0.30723   0.00000   0.18843   0.10724   0.09897   0.00210   0.09766   0.06269   0.07257   0.05001   0.08902   0.25032   0.00559   0.28201   0.18055   0.03454   0.01346   0.18032   0.03588   0.10187   0.01203   0.12671   0.03000   7.61787   1.73769   1.26008   1.67834   1.00272  
 16 21.1236   2090.645606  x:  0.30396   0.00000   0.18954   0.10693   0.10045   0.00210   0.09973   0.06180   0.07351   0.04996   0.08728   0.25066   0.00546   0.28258   0.18483   0.03465   0.01325   0.17484   0.03604   0.10367   0.01189   0.12649   0.03000   7.61864   1.73760   1.26589   1.68694   1.00261  
 17  6.5588   2090.593223  x:  0.30004   0.00000   0.19123   0.11135   0.09966   0.00210   0.09829   0.06524   0.07388   0.04993   0.08841   0.25010   0.00541   0.28693   0.18559   0.03432   0.01331   0.17164   0.03591   0.10047   0.01202   0.12554   0.02981   7.62043   1.74505   1.27003   1.70315   1.00263  
 18  5.9154   2090.465942  x:  0.29404   0.00000   0.19134   0.11092   0.09748   0.00224   0.09502   0.05827   0.07274   0.04846   0.08937   0.24967   0.00485   0.29451   0.18129   0.03456   0.01332   0.17112   0.03616   0.09944   0.01182   0.12593   0.02993   7.62503   1.76789   1.27692   1.74171   1.00278  
 19 19.8743   2090.298393  x:  0.29078   0.00000   0.18864   0.10320   0.09747   0.00238   0.09752   0.06372   0.07348   0.04937   0.08717   0.24928   0.00453   0.29872   0.17557   0.03391   0.01312   0.17467   0.03604   0.10417   0.01157   0.12733   0.02961   7.63153   1.80189   1.28567   1.79216   1.00295  
 20 42.1265   2090.087289  x:  0.30359   0.00000   0.18392   0.10283   0.10192   0.00250   0.09889   0.06290   0.07275   0.04888   0.08672   0.24857   0.00395   0.28030   0.18011   0.03388   0.01282   0.17405   0.03590   0.09721   0.01147   0.12449   0.02926   7.64034   1.84968   1.29997   1.84307   1.00265  
 21 19.6154   2090.008120  x:  0.30843   0.00000   0.18503   0.10745   0.09779   0.00258   0.09673   0.06295   0.07348   0.04803   0.08762   0.24820   0.00364   0.27332   0.18220   0.03369   0.01269   0.17369   0.03599   0.10336   0.01121   0.12588   0.02932   7.64392   1.86834   1.30793   1.85676   1.00233  
 22 21.6927   2089.761016  x:  0.30331   0.00000   0.19558   0.10448   0.09178   0.00288   0.10262   0.06287   0.07343   0.04744   0.08735   0.24720   0.00273   0.26951   0.17761   0.03372   0.01237   0.17132   0.03628   0.09874   0.01103   0.13157   0.02924   7.65670   1.92573   1.35251   1.85581   1.00003  
 23  8.0876   2089.577249  x:  0.29864   0.00000   0.19444   0.10259   0.09995   0.00303   0.09433   0.06409   0.07404   0.04614   0.08768   0.24608   0.00205   0.27135   0.17622   0.03340   0.01211   0.17030   0.03651   0.10143   0.01083   0.12690   0.02923   7.66638   1.96582   1.38547   1.85117   0.99873  
 24 34.8958   2089.503321  x:  0.29860   0.00000   0.18200   0.10367   0.09627   0.00314   0.09582   0.06399   0.07424   0.04560   0.08784   0.24716   0.00179   0.27604   0.17917   0.03327   0.01198   0.16901   0.03653   0.10120   0.01078   0.12583   0.02922   7.67047   1.97606   1.39486   1.84762   0.99948  
 25  9.3958   2089.432795  x:  0.29854   0.00000   0.17826   0.10556   0.09994   0.00320   0.09457   0.06415   0.07427   0.04575   0.08765   0.24654   0.00161   0.27657   0.17953   0.03297   0.01190   0.16813   0.03650   0.10039   0.01070   0.13552   0.02902   7.67506   1.97029   1.39142   1.84347   1.00378  
 26  2.6939   2088.703465  x:  0.29703   0.00000   0.17943   0.10286   0.09725   0.00386   0.09317   0.06482   0.07462   0.04414   0.08729   0.24308   0.00000   0.27073   0.17626   0.03203   0.01143   0.16424   0.03660   0.09962   0.01034   0.13300   0.02838   7.70795   1.90832   1.35066   1.81371   1.03678  
 27 11.8073   2087.635386  x:  0.29541   0.00000   0.17725   0.09963   0.09493   0.00540   0.08980   0.06541   0.07478   0.04271   0.08657   0.23592   0.00013   0.26343   0.17187   0.03029   0.01116   0.15744   0.03642   0.09864   0.00982   0.13411   0.02730   7.78304   1.82657   1.28895   1.77726   0.88449  
 28  2.5401   2083.263315  x:  0.28718   0.00000   0.17185   0.08561   0.08380   0.01251   0.07445   0.06762   0.07304   0.03618   0.08295   0.20163   0.00550   0.23425   0.15447   0.02235   0.00912   0.12951   0.03604   0.09617   0.00813   0.12886   0.02197   8.12895   1.63359   1.16798   1.64296   1.03622  
 29  3.9014   2068.345702  x:  0.25500   0.00000   0.16312   0.09216   0.08167   0.03160   0.07595   0.06001   0.06493   0.08491   0.08258   0.04305   0.00773   0.22150   0.15506   0.03107   0.02512   0.13968   0.03404   0.10091   0.01710   0.12372   0.02713   8.33714   1.89690   1.33098   1.76583   1.08786  
 30  0.2068   2065.443781  x:  0.22434   0.00000   0.15313   0.10156   0.08595   0.03498   0.08899   0.06218   0.07170   0.06439   0.08689   0.02057   0.00793   0.21587   0.16971   0.03208   0.01968   0.15797   0.03528   0.09969   0.01603   0.12725   0.02897   8.02744   1.86503   1.30539   1.79603   1.05438  
 31  0.4201   2064.252115  x:  0.20468   0.00000   0.14613   0.10729   0.08806   0.03408   0.09606   0.06326   0.07513   0.04876   0.08881   0.03487   0.00772   0.21023   0.17927   0.03285   0.01504   0.16925   0.03598   0.09928   0.01483   0.12870   0.02980   7.81510   1.84556   1.29217   1.80960   1.03101  
 32  1.2675   2063.752912  x:  0.22442   0.00000   0.15049   0.10634   0.08747   0.03286   0.09474   0.06285   0.07448   0.03933   0.08613   0.03377   0.00726   0.21915   0.18060   0.03119   0.00997   0.16953   0.03585   0.10015   0.01328   0.12884   0.02686   7.64647   1.84042   1.29133   1.81394   1.00744  
 33  0.3112   2063.651346  x:  0.22522   0.00000   0.15327   0.10505   0.08668   0.03223   0.09129   0.06160   0.07286   0.04423   0.08188   0.03348   0.00681   0.22009   0.18042   0.03065   0.00935   0.16657   0.03544   0.10099   0.01225   0.12706   0.02547   7.59474   1.82650   1.28545   1.79836   1.00092  
 34  0.0587   2063.547358  x:  0.22305   0.00000   0.15267   0.10361   0.08614   0.03103   0.08810   0.06059   0.07129   0.04131   0.08265   0.03202   0.00583   0.21557   0.17726   0.03104   0.01087   0.16189   0.03515   0.10163   0.01087   0.12515   0.02666   7.55846   1.81807   1.28180   1.77813   1.00094  
 35  0.0192   2063.263794  x:  0.22341   0.00000   0.14860   0.10302   0.08567   0.02535   0.09198   0.06212   0.07258   0.04168   0.08415   0.03212   0.00252   0.21768   0.17591   0.02888   0.01021   0.16257   0.03530   0.10030   0.01131   0.12753   0.02676   7.56923   1.81011   1.27317   1.77839   1.01269  
 36  0.0063   2063.081980  x:  0.22127   0.00000   0.15717   0.10556   0.08668   0.02146   0.09311   0.06271   0.07316   0.04331   0.08306   0.03301   0.00246   0.21348   0.18080   0.03229   0.00945   0.16883   0.03610   0.10049   0.01316   0.12777   0.02542   7.66385   1.84271   1.29082   1.81535   1.01393  
 37  0.0465   2062.777209  x:  0.22135   0.00000   0.14680   0.10620   0.08648   0.01468   0.09169   0.06137   0.07186   0.04502   0.08175   0.03229   0.00447   0.22422   0.18247   0.03368   0.00981   0.17010   0.03544   0.10174   0.01374   0.12575   0.02660   7.70230   1.85235   1.29990   1.82078   1.00366  
 38  0.0154   2062.653301  x:  0.22049   0.00000   0.15032   0.10488   0.08692   0.01193   0.09248   0.06154   0.07147   0.04339   0.08269   0.03113   0.00533   0.21465   0.17963   0.03143   0.00979   0.16631   0.03513   0.10107   0.01261   0.12655   0.02680   7.63033   1.83155   1.28665   1.79859   1.00174  
 39  0.0699   2062.640912  x:  0.21944   0.00000   0.15026   0.10473   0.08665   0.01313   0.09258   0.06186   0.07166   0.04312   0.08313   0.03111   0.00577   0.21421   0.17897   0.03085   0.00999   0.16543   0.03532   0.10086   0.01230   0.12693   0.02646   7.61359   1.82736   1.28343   1.79488   1.00457  
 40  0.0284   2062.638980  x:  0.21922   0.00000   0.14976   0.10482   0.08650   0.01280   0.09258   0.06206   0.07176   0.04332   0.08328   0.03131   0.00596   0.21502   0.17889   0.03082   0.01006   0.16534   0.03552   0.10082   0.01221   0.12705   0.02629   7.61279   1.82755   1.28282   1.79574   1.00733  
 41  0.0033   2062.638837  x:  0.21930   0.00000   0.14967   0.10486   0.08655   0.01279   0.09254   0.06203   0.07175   0.04333   0.08322   0.03135   0.00603   0.21481   0.17897   0.03085   0.00997   0.16542   0.03552   0.10085   0.01220   0.12700   0.02637   7.61371   1.82823   1.28316   1.79638   1.00749  
 42  0.0016   2062.638823  x:  0.21929   0.00000   0.14976   0.10485   0.08655   0.01279   0.09253   0.06201   0.07174   0.04332   0.08321   0.03135   0.00605   0.21486   0.17898   0.03085   0.00999   0.16543   0.03550   0.10086   0.01221   0.12699   0.02637   7.61423   1.82828   1.28321   1.79641   1.00738  
 43  0.0006   2062.638823  x:  0.21930   0.00000   0.14975   0.10485   0.08655   0.01279   0.09253   0.06201   0.07174   0.04332   0.08321   0.03134   0.00606   0.21485   0.17898   0.03086   0.00999   0.16543   0.03550   0.10085   0.01221   0.12699   0.02636   7.61422   1.82826   1.28321   1.79638   1.00735  
 44  0.0001   2062.638823  x:  0.21930   0.00000   0.14975   0.10485   0.08655   0.01279   0.09253   0.06201   0.07174   0.04331   0.08321   0.03134   0.00606   0.21485   0.17898   0.03086   0.00999   0.16543   0.03550   0.10085   0.01221   0.12699   0.02636   7.61420   1.82825   1.28321   1.79637   1.00734  
 45  0.0000   2062.638823  x:  0.21930   0.00000   0.14975   0.10485   0.08655   0.01279   0.09253   0.06201   0.07174   0.04331   0.08321   0.03134   0.00606   0.21485   0.17898   0.03086   0.00999   0.16543   0.03550   0.10085   0.01221   0.12699   0.02636   7.61420   1.82824   1.28320   1.79637   1.00734  
 46  0.0000   2062.638823  x:  0.21930   0.00000   0.14975   0.10485   0.08655   0.01279   0.09253   0.06201   0.07174   0.04331   0.08321   0.03134   0.00606   0.21485   0.17898   0.03086   0.00999   0.16543   0.03550   0.10085   0.01221   0.12699   0.02636   7.61420   1.82824   1.28320   1.79637   1.00734  