

TREE # 1

  0  0.0000   1985.953701  x:  0.08435   0.00175   0.10742   0.01463   0.05975   0.06272   0.04955   0.04147   0.08453   0.04662   0.06972   0.10167   0.00000   0.06724   0.03244   0.04892   0.06265   0.06085   0.04745   0.05449   0.07981   0.05232   0.12893   0.10297   2.00000   1.76084   1.06827   1.56363   0.40000  
  1 99.0000   1985.952798  x:  0.08435   0.00175   0.10742   0.01463   0.05975   0.06272   0.04955   0.04147   0.08453   0.04662   0.06972   0.10167   0.00000   0.06724   0.03244   0.04892   0.06265   0.06085   0.04745   0.05449   0.07981   0.05232   0.12894   0.10297   2.00000   1.76084   1.06827   1.56363   0.40000  
  2 408.3696   1985.166510  x:  0.08467   0.00000   0.10790   0.01496   0.05875   0.06207   0.04952   0.04140   0.08422   0.04652   0.06952   0.10186   0.00000   0.06654   0.03173   0.04771   0.06226   0.06074   0.04666   0.05455   0.07938   0.05211   0.12937   0.10329   2.00041   1.76079   1.06831   1.56371   0.40129  
  3 405.5405   1981.928651  x:  0.08110   0.00000   0.10509   0.00385   0.04448   0.05618   0.05105   0.04455   0.08204   0.04333   0.06986   0.10269   0.00000   0.05435   0.04425   0.02992   0.06056   0.05467   0.03991   0.05429   0.07589   0.05368   0.13078   0.09960   2.00994   1.75986   1.06883   1.56582   0.42262  
  4 223.5262   1980.465399  x:  0.07671   0.00000   0.10043   0.01230   0.03493   0.05339   0.05244   0.04753   0.08137   0.04228   0.07151   0.10271   0.00000   0.05130   0.05725   0.01774   0.06064   0.05120   0.03705   0.05394   0.07432   0.05614   0.13037   0.09511   2.01891   1.75911   1.06916   1.56790   0.43951  
  5 308.2537   1978.554431  x:  0.06756   0.00000   0.08707   0.01042   0.02568   0.05434   0.05456   0.05297   0.08331   0.04452   0.07594   0.10068   0.00000   0.06422   0.04810   0.01708   0.06395   0.05449   0.04036   0.05498   0.07401   0.06349   0.12446   0.08556   2.04891   1.75703   1.06995   1.57495   0.48149  
  6 93.5391   1975.819721  x:  0.07662   0.00000   0.09186   0.01236   0.04395   0.06197   0.05348   0.05418   0.08861   0.04720   0.08104   0.09734   0.00000   0.05754   0.05430   0.03703   0.07079   0.05826   0.05039   0.05392   0.07798   0.07065   0.11584   0.09358   2.12677   1.75221   1.07197   1.59281   0.56339  
  7 122.2197   1974.320414  x:  0.07377   0.00000   0.09839   0.01192   0.05379   0.06904   0.05068   0.04589   0.09020   0.03563   0.07885   0.09801   0.00000   0.06501   0.05316   0.03230   0.07121   0.04514   0.05725   0.05246   0.08373   0.06404   0.12336   0.08985   2.19025   1.74955   1.07475   1.60574   0.57966  
  8 80.4165   1970.769359  x:  0.06679   0.00000   0.09996   0.01050   0.06656   0.08252   0.04849   0.03225   0.09141   0.04881   0.07320   0.09958   0.00000   0.06065   0.05161   0.01275   0.07054   0.05649   0.07079   0.05172   0.09515   0.04636   0.13697   0.08044   2.36258   1.74356   1.08282   1.63956   0.59035  
  9 211.1964   1956.192504  x:  0.09934   0.00000   0.07356   0.01228   0.03004   0.09246   0.06235   0.07062   0.07544   0.04111   0.05373   0.11164   0.00000   0.05935   0.05693   0.02515   0.05145   0.06084   0.07890   0.06306   0.10600   0.02246   0.16399   0.10104   3.19846   1.71943   1.12394   1.79770   0.57331  
 10 390.5498   1945.675765  x:  0.11101   0.00000   0.10280   0.01099   0.00892   0.08050   0.05796   0.07634   0.06804   0.05240   0.05842   0.11758   0.00000   0.06474   0.05688   0.02358   0.04625   0.05815   0.06402   0.05865   0.09565   0.09127   0.16424   0.10223   3.92311   1.70328   1.15911   1.93058   0.54399  
 11 1223.3725   1940.123169  x:  0.11224   0.00000   0.09815   0.00998   0.03820   0.04759   0.05572   0.08242   0.06712   0.04818   0.06573   0.11648   0.00000   0.07230   0.05619   0.01529   0.04773   0.06120   0.02654   0.05775   0.06818   0.10466   0.14743   0.09836   4.26912   1.70032   1.17598   1.98901   0.53010  
 12 874.3980   1938.311136  x:  0.10792   0.00000   0.10326   0.01049   0.03031   0.03169   0.04989   0.06766   0.07302   0.04666   0.07076   0.11077   0.00000   0.07221   0.05892   0.02567   0.05477   0.06225   0.01739   0.05550   0.05559   0.09278   0.13291   0.09250   4.36622   1.70562   1.17973   1.99993   0.52645  
 13 254.6135   1937.896895  x:  0.11131   0.00000   0.10390   0.01010   0.02888   0.02975   0.05127   0.06366   0.07328   0.04587   0.07387   0.10764   0.00000   0.07332   0.05854   0.02136   0.05433   0.06101   0.02395   0.05626   0.04885   0.09022   0.12205   0.09541   4.38968   1.71274   1.17989   1.99719   0.52532  
 14 75.1094   1937.548983  x:  0.11395   0.00000   0.10409   0.00979   0.02743   0.03633   0.05344   0.06008   0.07287   0.04636   0.07675   0.10428   0.00000   0.07444   0.05813   0.01871   0.05257   0.05939   0.01874   0.05735   0.05017   0.08840   0.11320   0.09751   4.40850   1.72603   1.17894   1.98810   0.52542  
 15 55.1174   1935.635712  x:  0.11736   0.00000   0.10484   0.00966   0.02856   0.02291   0.05691   0.05688   0.06450   0.04459   0.08372   0.09721   0.00000   0.07598   0.05871   0.01837   0.04200   0.06170   0.01916   0.05888   0.06714   0.09014   0.11332   0.09724   4.50801   1.83500   1.16875   1.90344   0.53226  
 16 61.9817   1932.984133  x:  0.12093   0.00000   0.10681   0.00972   0.02871   0.03256   0.05246   0.06398   0.06390   0.04470   0.08311   0.10375   0.00000   0.07686   0.05991   0.01917   0.05153   0.06454   0.01835   0.05654   0.04741   0.09209   0.12985   0.09535   4.64831   1.99491   1.15416   1.77605   0.54263  
 17 293.8444   1932.735919  x:  0.12219   0.00000   0.10653   0.00970   0.02874   0.03041   0.05147   0.06564   0.07206   0.04902   0.07583   0.11048   0.00000   0.07757   0.05960   0.01819   0.05282   0.06050   0.01818   0.05741   0.04935   0.09220   0.12707   0.09596   4.65994   2.00787   1.15372   1.76407   0.54380  
 18 47.9561   1932.646240  x:  0.12190   0.00000   0.10727   0.00988   0.02851   0.03080   0.05168   0.06516   0.07360   0.04538   0.07069   0.11325   0.00000   0.07746   0.05998   0.01780   0.05207   0.06400   0.01820   0.05697   0.04990   0.09329   0.12450   0.09530   4.66205   2.00941   1.15477   1.76035   0.54444  
 19 15.1225   1932.264443  x:  0.12126   0.00000   0.10695   0.01034   0.02950   0.03108   0.05418   0.06057   0.06479   0.04893   0.05930   0.11442   0.00000   0.07812   0.06133   0.02119   0.04732   0.06143   0.01815   0.05647   0.04601   0.09391   0.12232   0.09238   4.66131   2.00125   1.16438   1.74793   0.54841  
 20  8.3806   1926.710434  x:  0.15690   0.00000   0.10950   0.01005   0.02540   0.02660   0.04345   0.03964   0.05407   0.04856   0.05646   0.11127   0.00000   0.08789   0.06477   0.01254   0.07193   0.06641   0.01571   0.07006   0.05402   0.09008   0.13332   0.09213   4.62736   1.84527   1.30937   1.57543   0.59368  
 21 38.3289   1923.837090  x:  0.16617   0.00000   0.12948   0.00956   0.02427   0.02777   0.05640   0.04650   0.07187   0.05247   0.07073   0.11245   0.00000   0.09483   0.06737   0.01328   0.04703   0.07016   0.01505   0.05758   0.04750   0.07795   0.14100   0.08276   4.60782   1.76641   1.37180   1.49341   0.61776  
 22 190.6814   1922.912517  x:  0.16733   0.00000   0.13784   0.00933   0.02392   0.02930   0.03889   0.05535   0.06629   0.05407   0.07359   0.11679   0.00000   0.09700   0.06844   0.01225   0.03857   0.07101   0.01565   0.06193   0.04723   0.07179   0.13609   0.07814   4.59816   1.75102   1.35788   1.48761   0.62470  
 23 26.5260   1918.391116  x:  0.18372   0.00000   0.17238   0.00822   0.02161   0.02306   0.05592   0.06412   0.04540   0.05827   0.07266   0.13408   0.00000   0.10861   0.07035   0.00511   0.05329   0.07466   0.01221   0.06896   0.04792   0.05171   0.13313   0.06481   4.54229   1.68917   1.22380   1.49478   0.65815  
 24 64.4657   1914.275986  x:  0.20854   0.00000   0.16374   0.00833   0.01875   0.02079   0.05142   0.03793   0.05619   0.05710   0.06653   0.13157   0.00000   0.11324   0.07347   0.00230   0.03620   0.07762   0.00759   0.07290   0.03664   0.05326   0.14954   0.06418   4.49348   1.63968   1.09890   1.50760   0.68695  
 25 182.7883   1914.164539  x:  0.20952   0.00000   0.16148   0.00833   0.01869   0.02087   0.05155   0.03421   0.05462   0.05685   0.07039   0.13919   0.00000   0.11297   0.07353   0.00305   0.03503   0.07759   0.00756   0.07164   0.03658   0.05329   0.14952   0.06444   4.49244   1.63893   1.09617   1.50856   0.68794  
 26 17.8634   1914.070092  x:  0.21095   0.00000   0.15984   0.00826   0.01838   0.02076   0.04986   0.03373   0.05321   0.05712   0.07075   0.14057   0.00000   0.11320   0.07305   0.00265   0.03577   0.07732   0.00761   0.06383   0.03769   0.05279   0.14886   0.06537   4.49211   1.63964   1.09517   1.51046   0.68871  
 27 10.9988   1908.275989  x:  0.23261   0.00000   0.18370   0.00836   0.01464   0.02335   0.04172   0.02997   0.06435   0.06351   0.04296   0.09843   0.00000   0.12520   0.07294   0.00736   0.04133   0.08146   0.01198   0.04779   0.04385   0.03741   0.15866   0.05921   4.49892   1.74133   1.10394   1.67216   0.74392  
 28  5.4249   1905.901115  x:  0.24150   0.00000   0.18947   0.00815   0.01800   0.02906   0.04488   0.02236   0.06818   0.06427   0.05395   0.11834   0.00000   0.12841   0.06969   0.00575   0.03889   0.08413   0.01833   0.05876   0.04682   0.03624   0.16747   0.05842   4.61559   1.94386   1.27006   1.89121   0.78859  
 29  1.4193   1903.138916  x:  0.24753   0.00000   0.19228   0.00815   0.02293   0.03461   0.04583   0.02124   0.06699   0.06438   0.05735   0.12307   0.00000   0.13095   0.06188   0.00587   0.04053   0.08601   0.02526   0.06675   0.05741   0.04000   0.17334   0.05910   4.95568   1.71571   1.03683   1.63766   0.83801  
 30  3.2659   1899.667494  x:  0.26106   0.00000   0.19613   0.00770   0.02749   0.03530   0.04328   0.05002   0.06571   0.06486   0.06156   0.13568   0.00000   0.13822   0.04421   0.00927   0.04352   0.09057   0.02181   0.05942   0.06076   0.04243   0.19105   0.06124   5.56959   1.81737   1.13867   1.74384   0.94890  
 31  1.2856   1896.530180  x:  0.27218   0.00000   0.19424   0.00948   0.01868   0.03308   0.03994   0.03199   0.06398   0.06358   0.05154   0.11963   0.00000   0.14138   0.03802   0.01133   0.04591   0.09224   0.01878   0.06023   0.05486   0.03139   0.20143   0.05495   6.47657   1.74807   1.18586   1.65072   1.07545  
 32  0.6536   1895.618998  x:  0.27225   0.00000   0.18470   0.01098   0.01915   0.03086   0.04459   0.02752   0.06189   0.06177   0.04758   0.11909   0.00000   0.13858   0.04745   0.01197   0.04050   0.09156   0.01865   0.05751   0.05224   0.04377   0.20483   0.05296   6.91453   1.78965   1.18110   1.69937   1.12769  
 33  0.4588   1895.156538  x:  0.26755   0.00000   0.18249   0.01129   0.01737   0.03043   0.04593   0.03091   0.06249   0.06155   0.05522   0.12588   0.00000   0.13632   0.05136   0.01238   0.04046   0.08971   0.01850   0.05840   0.05248   0.03683   0.20145   0.04978   7.24330   1.79535   1.14195   1.71917   1.16700  
 34  0.3692   1894.991834  x:  0.26177   0.00000   0.17842   0.01085   0.02025   0.03188   0.04393   0.03093   0.06343   0.06185   0.05320   0.12584   0.00000   0.13380   0.04815   0.01257   0.04226   0.08808   0.01767   0.06066   0.05482   0.03748   0.19814   0.04994   7.53121   1.78497   1.14499   1.72578   1.19866  
 35  0.2273   1894.966582  x:  0.26043   0.00000   0.17695   0.01054   0.01937   0.03172   0.04443   0.03064   0.06323   0.06206   0.05249   0.12557   0.00000   0.13292   0.04771   0.01242   0.04105   0.08786   0.01833   0.05981   0.05402   0.03650   0.19662   0.04985   7.61977   1.78807   1.15176   1.71992   1.20615  
 36  0.0778   1894.960260  x:  0.26059   0.00000   0.17678   0.01033   0.01911   0.03145   0.04401   0.03099   0.06317   0.06224   0.05274   0.12505   0.00000   0.13259   0.04816   0.01214   0.04216   0.08826   0.01847   0.05967   0.05371   0.03692   0.19586   0.05024   7.64534   1.79396   1.15534   1.72372   1.20543  
 37  0.0171   1894.955228  x:  0.26124   0.00000   0.17750   0.01015   0.01938   0.03156   0.04441   0.03135   0.06294   0.06257   0.05267   0.12447   0.00000   0.13261   0.04844   0.01170   0.04160   0.08875   0.01851   0.05949   0.05432   0.03681   0.19526   0.05050   7.66543   1.79332   1.15447   1.72650   1.20337  
 38  0.0117   1894.952311  x:  0.26176   0.00000   0.17750   0.01019   0.01929   0.03151   0.04419   0.03079   0.06315   0.06247   0.05258   0.12509   0.00000   0.13261   0.04820   0.01134   0.04175   0.08891   0.01840   0.05964   0.05425   0.03672   0.19540   0.05081   7.68790   1.78980   1.15137   1.72418   1.20181  
 39  0.0132   1894.951367  x:  0.26155   0.00000   0.17737   0.01032   0.01934   0.03153   0.04424   0.03103   0.06316   0.06232   0.05269   0.12508   0.00000   0.13260   0.04809   0.01121   0.04164   0.08870   0.01827   0.05973   0.05402   0.03682   0.19591   0.05094   7.69450   1.79081   1.15233   1.72324   1.20026  
 40  0.0042   1894.951216  x:  0.26138   0.00000   0.17744   0.01035   0.01931   0.03153   0.04427   0.03102   0.06316   0.06232   0.05262   0.12505   0.00000   0.13264   0.04820   0.01120   0.04172   0.08855   0.01826   0.05970   0.05405   0.03670   0.19607   0.05081   7.69788   1.79092   1.15263   1.72417   1.19992  
 41  0.0022   1894.951165  x:  0.26127   0.00000   0.17741   0.01034   0.01931   0.03152   0.04423   0.03102   0.06315   0.06232   0.05263   0.12504   0.00000   0.13268   0.04816   0.01120   0.04170   0.08850   0.01832   0.05964   0.05409   0.03677   0.19617   0.05079   7.69957   1.79072   1.15236   1.72415   1.19951  
 42  0.0012   1894.951142  x:  0.26126   0.00000   0.17745   0.01032   0.01931   0.03154   0.04424   0.03100   0.06315   0.06233   0.05262   0.12503   0.00000   0.13276   0.04815   0.01121   0.04171   0.08853   0.01831   0.05968   0.05411   0.03676   0.19618   0.05075   7.70053   1.79111   1.15245   1.72405   1.19902  
 43  0.0005   1894.951128  x:  0.26128   0.00000   0.17743   0.01031   0.01932   0.03153   0.04424   0.03101   0.06315   0.06233   0.05265   0.12505   0.00000   0.13280   0.04817   0.01122   0.04170   0.08856   0.01830   0.05966   0.05408   0.03675   0.19616   0.05074   7.70227   1.79070   1.15239   1.72399   1.19873  
 44  0.0010   1894.951124  x:  0.26128   0.00000   0.17740   0.01032   0.01931   0.03153   0.04424   0.03101   0.06316   0.06232   0.05263   0.12505   0.00000   0.13279   0.04817   0.01123   0.04170   0.08855   0.01831   0.05968   0.05408   0.03676   0.19614   0.05077   7.70379   1.79082   1.15239   1.72414   1.19867  
 45  0.0007   1894.951122  x:  0.26129   0.00000   0.17741   0.01033   0.01932   0.03153   0.04424   0.03101   0.06315   0.06232   0.05264   0.12504   0.00000   0.13279   0.04817   0.01123   0.04170   0.08855   0.01831   0.05967   0.05409   0.03675   0.19613   0.05079   7.70369   1.79084   1.15240   1.72410   1.19858  
 46  0.0001   1894.951122  x:  0.26129   0.00000   0.17742   0.01033   0.01931   0.03153   0.04424   0.03101   0.06315   0.06232   0.05263   0.12505   0.00000   0.13278   0.04816   0.01123   0.04170   0.08855   0.01831   0.05967   0.05409   0.03675   0.19613   0.05080   7.70360   1.79079   1.15240   1.72409   1.19854  
 47  0.0001   1894.951122  x:  0.26129   0.00000   0.17742   0.01032   0.01931   0.03153   0.04424   0.03101   0.06315   0.06232   0.05264   0.12505   0.00000   0.13277   0.04817   0.01123   0.04170   0.08855   0.01831   0.05967   0.05409   0.03675   0.19614   0.05080   7.70375   1.79081   1.15240   1.72411   1.19854  
 48  0.0001   1894.951122  x:  0.26129   0.00000   0.17742   0.01032   0.01932   0.03153   0.04424   0.03101   0.06315   0.06232   0.05263   0.12505   0.00000   0.13277   0.04817   0.01123   0.04170   0.08855   0.01831   0.05967   0.05409   0.03675   0.19614   0.05080   7.70378   1.79081   1.15239   1.72410   1.19854  
 49  0.0000   1894.951122  x:  0.26129   0.00000   0.17742   0.01032   0.01932   0.03153   0.04424   0.03101   0.06315   0.06232   0.05263   0.12505   0.00000   0.13277   0.04817   0.01123   0.04170   0.08855   0.01831   0.05967   0.05409   0.03675   0.19614   0.05080   7.70378   1.79081   1.15240   1.72410   1.19855  
 50  0.0000   1894.951122  x:  0.26129   0.00000   0.17742   0.01032   0.01932   0.03153   0.04424   0.03101   0.06315   0.06232   0.05263   0.12505   0.00000   0.13277   0.04817   0.01123   0.04170   0.08855   0.01831   0.05967   0.05409   0.03675   0.19614   0.05080   7.70377   1.79081   1.15240   1.72410   1.19854  
 51  0.0000   1894.951122  x:  0.26129   0.00000   0.17742   0.01032   0.01932   0.03153   0.04424   0.03101   0.06315   0.06232   0.05263   0.12505   0.00000   0.13277   0.04817   0.01123   0.04170   0.08855   0.01831   0.05967   0.05409   0.03675   0.19614   0.05080   7.70377   1.79081   1.15240   1.72410   1.19854  