

TREE # 1

  0  0.0000   1917.460911  x:  0.01972   0.20925   0.02571   0.03211   0.02495   0.05815   0.02188   0.05666   0.08536   0.02661   0.17168   0.01972   0.20925   0.02571   0.03211   0.02495   0.05815   0.02188   0.05666   0.08536   0.02661   0.17168   0.21568   8.40433   1.76760   1.16253   1.52147   1.00000  
  1 99.0000   1904.807603  x:  0.00431   0.20693   0.01734   0.02357   0.03066   0.05317   0.03129   0.05943   0.07983   0.04376   0.16576   0.00000   0.20296   0.04322   0.01916   0.03961   0.06980   0.01907   0.05765   0.07774   0.03553   0.17363   0.22387   8.40425   1.76716   1.16154   1.52312   1.00135  
  2 346.7359   1903.728846  x:  0.00000   0.20637   0.01577   0.02287   0.03049   0.05239   0.03064   0.05976   0.07874   0.04379   0.16448   0.00000   0.20138   0.04274   0.01738   0.03906   0.07097   0.01913   0.05778   0.07619   0.03516   0.17415   0.22574   8.40423   1.76704   1.16130   1.52354   1.00170  
  3 249.7442   1900.500808  x:  0.00000   0.19435   0.01971   0.03213   0.03151   0.04518   0.03264   0.06211   0.06183   0.04912   0.13838   0.00000   0.16219   0.04015   0.03368   0.03585   0.07824   0.01845   0.05977   0.05060   0.03472   0.18799   0.26690   8.40364   1.76382   1.15483   1.53475   1.01076  
  4 139.4022   1899.426549  x:  0.00000   0.18665   0.01918   0.02625   0.02936   0.05286   0.03154   0.05936   0.06657   0.04261   0.12701   0.00000   0.13774   0.04509   0.03268   0.03980   0.07007   0.02072   0.05922   0.06007   0.03730   0.19557   0.28828   8.40307   1.76089   1.14896   1.54512   1.01920  
  5 74.5967   1899.240817  x:  0.00000   0.18470   0.02055   0.02696   0.03180   0.05258   0.03286   0.05928   0.06992   0.04535   0.12792   0.00000   0.13368   0.04281   0.03013   0.03846   0.06931   0.01650   0.05857   0.06354   0.03585   0.19713   0.29249   8.40275   1.75939   1.14600   1.55054   1.02369  
  6 38.2946   1899.090984  x:  0.00000   0.18272   0.02166   0.02873   0.03253   0.05086   0.03384   0.05965   0.07292   0.04823   0.13165   0.00000   0.13172   0.04102   0.02821   0.03814   0.07013   0.02094   0.05793   0.06574   0.03533   0.19852   0.29592   8.40223   1.75706   1.14140   1.55909   1.03085  
  7 41.0192   1898.657209  x:  0.00000   0.17741   0.02011   0.03071   0.02687   0.04676   0.03146   0.06049   0.07552   0.04635   0.14625   0.00000   0.13217   0.04292   0.02908   0.04046   0.07311   0.01834   0.05727   0.06560   0.03826   0.20172   0.30291   8.40018   1.74808   1.12406   1.59205   1.05879  
  8 50.7305   1898.285401  x:  0.00000   0.17445   0.01829   0.02656   0.03431   0.05014   0.03291   0.05981   0.07187   0.04321   0.15442   0.00000   0.13506   0.04465   0.03060   0.03990   0.07189   0.01883   0.05810   0.06221   0.03664   0.20303   0.30528   8.39804   1.73917   1.10751   1.62485   1.08716  
  9 87.3938   1898.005070  x:  0.00000   0.17553   0.02131   0.02379   0.02978   0.05440   0.03353   0.05843   0.06660   0.04817   0.15029   0.00000   0.13753   0.04421   0.02850   0.03885   0.06858   0.01887   0.05900   0.06074   0.03535   0.20151   0.30144   8.39611   1.73205   1.09562   1.65135   1.11120  
 10 60.3930   1897.708678  x:  0.00000   0.17979   0.01954   0.03041   0.03137   0.05346   0.03294   0.05868   0.06552   0.04732   0.13626   0.00000   0.13876   0.04411   0.02620   0.04042   0.06883   0.01866   0.05859   0.06239   0.03790   0.19747   0.29217   8.39365   1.72425   1.08438   1.68117   1.13982  
 11 62.9163   1897.618496  x:  0.00000   0.18173   0.01970   0.02695   0.03114   0.05011   0.03371   0.05942   0.06860   0.04685   0.13132   0.00000   0.13793   0.04432   0.02860   0.04021   0.07124   0.01873   0.05789   0.06267   0.03635   0.19572   0.28835   8.39270   1.72225   1.08285   1.68983   1.14941  
 12 34.5178   1897.575797  x:  0.00000   0.18325   0.01973   0.02621   0.03189   0.05068   0.03187   0.05914   0.07071   0.04798   0.13212   0.00000   0.13495   0.04441   0.02862   0.03953   0.07091   0.01879   0.05848   0.06024   0.03840   0.19460   0.28630   8.39149   1.72280   1.08875   1.69238   1.15696  
 13  7.4509   1897.484139  x:  0.00000   0.18553   0.01851   0.02746   0.03072   0.05156   0.03506   0.05908   0.07090   0.04730   0.13468   0.00000   0.12954   0.04516   0.02741   0.04062   0.07078   0.01868   0.05915   0.05808   0.03657   0.19313   0.28338   8.38837   1.72521   1.10535   1.69684   1.17495  
 14 25.3637   1897.336283  x:  0.00000   0.18577   0.02050   0.02654   0.03209   0.04960   0.03306   0.06008   0.06508   0.04783   0.13608   0.00000   0.12799   0.04656   0.02698   0.04149   0.07277   0.01865   0.05805   0.06242   0.03656   0.19382   0.28318   8.38284   1.73100   1.13451   1.70293   1.20491  
 15 37.6846   1897.215258  x:  0.00000   0.18292   0.01761   0.02579   0.03165   0.04991   0.03553   0.05955   0.06646   0.04939   0.13337   0.00000   0.13430   0.04536   0.02795   0.04073   0.07245   0.01866   0.05811   0.06306   0.03938   0.19674   0.28700   8.37787   1.73801   1.15816   1.70730   1.22942  
 16 38.7808   1897.168184  x:  0.00000   0.18156   0.01899   0.02644   0.03193   0.05045   0.03427   0.05953   0.06888   0.04938   0.13164   0.00000   0.13781   0.04682   0.02681   0.04222   0.07239   0.01862   0.05862   0.06141   0.03741   0.19782   0.28921   8.37573   1.74209   1.16628   1.70876   1.23844  
 17 30.1491   1897.119661  x:  0.00000   0.18259   0.02114   0.02631   0.03188   0.04979   0.03596   0.06061   0.06911   0.04807   0.13131   0.00000   0.13858   0.04875   0.02490   0.04019   0.07246   0.01866   0.05833   0.06076   0.03899   0.19570   0.29120   8.37232   1.75450   1.16676   1.70910   1.24384  
 18  5.2643   1896.894047  x:  0.00000   0.18791   0.01809   0.02547   0.03256   0.04940   0.03551   0.06069   0.06828   0.05165   0.13130   0.00000   0.13890   0.04906   0.02513   0.04412   0.07269   0.01843   0.05867   0.06156   0.03854   0.18622   0.29787   8.35559   1.81662   1.16442   1.71029   1.26604  
 19 35.8512   1896.808867  x:  0.00000   0.18475   0.01827   0.02549   0.03261   0.05121   0.03596   0.05751   0.06804   0.05217   0.13098   0.00000   0.13690   0.04979   0.02427   0.04419   0.07695   0.01831   0.05790   0.06127   0.03904   0.19322   0.29288   8.34871   1.83862   1.16293   1.71187   1.27078  
 20 16.7132   1896.759553  x:  0.00000   0.18164   0.01769   0.02512   0.03282   0.04955   0.03608   0.06064   0.06764   0.05290   0.13079   0.00000   0.13551   0.05036   0.02369   0.04483   0.07461   0.01832   0.05864   0.06061   0.03915   0.19860   0.28877   8.34447   1.84994   1.16235   1.71356   1.27175  
 21 21.1399   1896.679591  x:  0.00000   0.17691   0.01727   0.02482   0.03332   0.04580   0.03650   0.05642   0.06693   0.05372   0.13045   0.00000   0.13497   0.05199   0.02242   0.04534   0.07260   0.01834   0.05807   0.05969   0.03929   0.19588   0.28810   8.33546   1.85190   1.16625   1.72409   1.25756  
 22  3.4587   1896.415837  x:  0.00000   0.16671   0.01616   0.02404   0.03363   0.04927   0.03756   0.06111   0.06659   0.05669   0.12919   0.00000   0.13388   0.05423   0.02040   0.04712   0.07786   0.01804   0.05841   0.05935   0.04051   0.18756   0.28863   8.30461   1.85462   1.18005   1.76120   1.20661  
 23 44.2996   1896.224425  x:  0.00000   0.18042   0.01555   0.02275   0.03426   0.04793   0.03858   0.06075   0.06644   0.05823   0.12913   0.00000   0.13528   0.05584   0.01772   0.04910   0.07897   0.01785   0.06022   0.05915   0.04142   0.19505   0.29387   8.28130   1.85386   1.18951   1.78815   1.16858  
 24 29.7806   1896.216596  x:  0.00000   0.18104   0.01484   0.02305   0.03420   0.04816   0.03832   0.06096   0.06652   0.05880   0.12915   0.00000   0.13533   0.05687   0.01789   0.04838   0.07875   0.01790   0.05865   0.05909   0.04097   0.19539   0.29409   8.28019   1.85347   1.18961   1.78866   1.16745  
 25  6.4764   1896.119833  x:  0.00000   0.18098   0.01569   0.02168   0.03444   0.04822   0.03879   0.06167   0.06619   0.05805   0.12906   0.00000   0.13527   0.05413   0.01582   0.05155   0.07873   0.01770   0.05356   0.05709   0.04217   0.19544   0.29535   8.25851   1.83175   1.17681   1.76646   1.17364  
 26  1.8680   1895.691883  x:  0.00000   0.17954   0.01211   0.02117   0.03435   0.04706   0.03798   0.06183   0.06538   0.06029   0.12845   0.00000   0.13443   0.05799   0.01125   0.04915   0.08205   0.01770   0.05910   0.05749   0.04107   0.19492   0.30074   8.16362   1.73665   1.12021   1.66836   1.20200  
 27 93.0635   1895.206158  x:  0.00000   0.17726   0.00959   0.02000   0.03260   0.04613   0.03355   0.06201   0.06399   0.05544   0.12592   0.00000   0.13268   0.05167   0.00752   0.04456   0.08298   0.01789   0.05944   0.05596   0.03781   0.19537   0.30544   8.00328   1.81190   1.16208   1.74137   1.20804  
 28  1.0563   1895.000020  x:  0.00000   0.17679   0.00869   0.01823   0.03176   0.04470   0.03112   0.06257   0.06259   0.05318   0.12465   0.00000   0.13207   0.04872   0.01146   0.04228   0.08549   0.01806   0.05994   0.05425   0.03649   0.19590   0.31052   7.87487   1.80773   1.16062   1.73999   1.21129  
 29  0.3909   1894.959967  x:  0.00000   0.17701   0.01078   0.01917   0.03146   0.04420   0.03056   0.06299   0.06213   0.05241   0.12469   0.00000   0.13234   0.04806   0.01140   0.04147   0.08708   0.01825   0.05989   0.05391   0.03636   0.19602   0.31217   7.79400   1.79847   1.15617   1.73236   1.20621  
 30  0.1574   1894.951685  x:  0.00000   0.17739   0.01031   0.01954   0.03152   0.04411   0.03102   0.06319   0.06220   0.05259   0.12514   0.00000   0.13276   0.04803   0.01128   0.04175   0.08840   0.01832   0.05970   0.05398   0.03682   0.19615   0.31251   7.72249   1.78888   1.15129   1.72336   1.19936  
 31  0.0827   1894.951173  x:  0.00000   0.17744   0.01034   0.01927   0.03152   0.04421   0.03103   0.06318   0.06233   0.05265   0.12510   0.00000   0.13279   0.04818   0.01124   0.04168   0.08856   0.01832   0.05967   0.05409   0.03677   0.19615   0.31227   7.70876   1.78974   1.15179   1.72348   1.19856  
 32  0.0188   1894.951123  x:  0.00000   0.17743   0.01032   0.01932   0.03153   0.04425   0.03101   0.06316   0.06233   0.05264   0.12504   0.00000   0.13277   0.04817   0.01124   0.04169   0.08857   0.01831   0.05967   0.05409   0.03675   0.19614   0.31211   7.70461   1.79083   1.15239   1.72411   1.19853  
 33  0.0050   1894.951122  x:  0.00000   0.17742   0.01032   0.01931   0.03153   0.04424   0.03101   0.06315   0.06232   0.05263   0.12505   0.00000   0.13277   0.04816   0.01123   0.04170   0.08855   0.01831   0.05967   0.05409   0.03675   0.19614   0.31209   7.70397   1.79084   1.15241   1.72412   1.19854  
 34  0.0007   1894.951122  x:  0.00000   0.17742   0.01032   0.01932   0.03153   0.04424   0.03101   0.06315   0.06232   0.05264   0.12505   0.00000   0.13277   0.04817   0.01123   0.04170   0.08855   0.01831   0.05967   0.05409   0.03675   0.19614   0.31209   7.70380   1.79081   1.15240   1.72410   1.19855  
 35  0.0002   1894.951122  x:  0.00000   0.17742   0.01032   0.01932   0.03153   0.04424   0.03101   0.06315   0.06232   0.05263   0.12505   0.00000   0.13277   0.04817   0.01123   0.04170   0.08855   0.01831   0.05967   0.05409   0.03675   0.19614   0.31209   7.70377   1.79081   1.15240   1.72410   1.19855  
 36  0.0000   1894.951122  x:  0.00000   0.17742   0.01032   0.01932   0.03153   0.04424   0.03101   0.06315   0.06232   0.05263   0.12505   0.00000   0.13277   0.04817   0.01123   0.04170   0.08855   0.01831   0.05967   0.05409   0.03675   0.19614   0.31209   7.70377   1.79081   1.15240   1.72410   1.19854  
 37  0.0000   1894.951122  x:  0.00000   0.17742   0.01032   0.01932   0.03153   0.04424   0.03101   0.06315   0.06232   0.05263   0.12505   0.00000   0.13277   0.04817   0.01123   0.04170   0.08855   0.01831   0.05967   0.05409   0.03675   0.19614   0.31209   7.70377   1.79081   1.15240   1.72410   1.19854  

TREE # 2

  0  0.0000   2264.292812  x:  0.00000   0.17742   0.01032   0.01932   0.03153   0.04424   0.03101   0.06315   0.06232   0.05263   0.12505   0.00000   0.13277   0.04817   0.01123   0.04170   0.08855   0.01831   0.05967   0.05409   0.03675   0.19614   0.31209   7.70377   1.75501   1.04541   1.56614   1.19854  
  1 99.0000   2037.581433  x:  0.46010   0.18039   0.08790   0.06007   0.03295   0.04494   0.03487   0.05888   0.06210   0.05328   0.12427   0.13913   0.14013   0.05712   0.07395   0.04302   0.08520   0.02952   0.05663   0.05492   0.03452   0.19231   0.30760   7.70377   1.75489   1.04540   1.56638   1.19843  
  2 14233.6626   1966.463207  x:  0.44780   0.11456   0.17926   0.14934   0.04339   0.04972   0.07510   0.00000   0.05834   0.03321   0.10342   0.07868   0.08042   0.12928   0.16898   0.04256   0.03349   0.10225   0.01326   0.06545   0.00550   0.13943   0.24523   7.70395   1.75221   1.05135   1.56764   1.19839  
  3 533.2776   1956.853753  x:  0.44554   0.09017   0.20617   0.17452   0.04546   0.05173   0.08545   0.02417   0.05779   0.02948   0.09666   0.05768   0.05834   0.14930   0.19671   0.04263   0.01614   0.12063   0.00325   0.06826   0.00366   0.12096   0.22258   7.70402   1.75120   1.05352   1.56813   1.19839  
  4 1586.6565   1943.280383  x:  0.44544   0.05787   0.23221   0.19718   0.04560   0.05272   0.09180   0.03695   0.05744   0.02929   0.08944   0.03248   0.02898   0.16688   0.22321   0.04410   0.00000   0.13406   0.03288   0.07033   0.01989   0.09877   0.19347   7.70411   1.74986   1.05640   1.56876   1.19836  
  5 1329.3254   1931.589564  x:  0.44741   0.02646   0.24758   0.20841   0.04336   0.05222   0.09103   0.04206   0.05765   0.03374   0.08483   0.01339   0.00000   0.17508   0.23875   0.04922   0.02184   0.13668   0.04058   0.07046   0.03023   0.07874   0.16546   7.70419   1.74853   1.05916   1.56936   1.19829  
  6 896.4319   1923.271482  x:  0.44772   0.00000   0.25214   0.20911   0.04026   0.05085   0.08535   0.04129   0.05812   0.03876   0.08337   0.01124   0.00000   0.17493   0.24282   0.05125   0.01989   0.13059   0.03832   0.06916   0.03462   0.06436   0.14238   7.70425   1.74741   1.06140   1.56986   1.19822  
  7 535.6522   1915.750539  x:  0.43727   0.00000   0.26895   0.21415   0.04057   0.05064   0.07325   0.04339   0.05755   0.02999   0.08054   0.03733   0.00000   0.17777   0.25851   0.05418   0.02429   0.11428   0.04140   0.06775   0.04104   0.02902   0.05759   7.70445   1.74353   1.06895   1.57212   1.19801  
  8 571.6696   1913.795375  x:  0.43765   0.00000   0.27346   0.21395   0.04247   0.05158   0.07025   0.04349   0.05753   0.02757   0.08148   0.03438   0.00000   0.17695   0.26236   0.05278   0.02407   0.10696   0.04212   0.06776   0.03908   0.03814   0.02780   7.70452   1.74195   1.07184   1.57328   1.19791  
  9 205.3376   1913.467632  x:  0.43604   0.00000   0.28214   0.21199   0.04707   0.05442   0.06961   0.04376   0.05779   0.02860   0.08482   0.03302   0.00000   0.17429   0.26951   0.04893   0.02455   0.09261   0.04477   0.06924   0.03191   0.03659   0.02915   7.70473   1.73791   1.07898   1.57689   1.19770  
 10 25.8166   1913.268664  x:  0.43386   0.00000   0.29027   0.20963   0.04552   0.05363   0.06988   0.04321   0.05782   0.02565   0.08538   0.03358   0.00000   0.17162   0.27612   0.05031   0.02434   0.08329   0.04278   0.06960   0.03626   0.03929   0.03173   7.70497   1.73339   1.08696   1.58119   1.19749  
 11 33.7858   1913.164933  x:  0.43191   0.00000   0.29461   0.20712   0.04429   0.05296   0.07113   0.04324   0.05790   0.02995   0.08486   0.03611   0.00000   0.16954   0.27939   0.05139   0.02456   0.08297   0.04275   0.06930   0.03673   0.04175   0.03219   7.70519   1.72972   1.09344   1.58508   1.19731  
 12 27.4888   1912.791761  x:  0.43033   0.00000   0.30302   0.19068   0.04057   0.05029   0.07283   0.04336   0.05746   0.02735   0.08264   0.03512   0.00000   0.15713   0.28317   0.05223   0.02448   0.09141   0.04412   0.06629   0.03214   0.04107   0.03216   7.70620   1.71407   1.12126   1.60289   1.19657  
 13 32.0469   1912.559505  x:  0.42985   0.00000   0.30444   0.18301   0.04793   0.05432   0.07252   0.04246   0.05779   0.02773   0.08408   0.03453   0.00000   0.15389   0.28201   0.04956   0.02435   0.09697   0.04168   0.06859   0.03719   0.04019   0.03182   7.70698   1.70415   1.13949   1.61626   1.19608  
 14 39.7054   1911.780050  x:  0.42905   0.00000   0.29069   0.18775   0.04250   0.05562   0.06444   0.04172   0.06032   0.02742   0.09096   0.03432   0.00000   0.17730   0.26344   0.05400   0.02407   0.09578   0.04124   0.07807   0.03479   0.04053   0.03203   7.71014   1.67810   1.19363   1.66680   1.19465  
 15 24.1461   1911.274444  x:  0.42850   0.00000   0.27991   0.19537   0.04523   0.05169   0.07061   0.04075   0.05635   0.02808   0.08290   0.03393   0.00000   0.18616   0.25149   0.04806   0.02454   0.08919   0.03982   0.06583   0.03578   0.04005   0.03164   7.71228   1.66930   1.21923   1.69749   1.19390  
 16 45.5030   1910.390142  x:  0.42452   0.00000   0.26417   0.21061   0.04937   0.05963   0.08119   0.03853   0.06553   0.02760   0.07853   0.03224   0.00000   0.16706   0.24220   0.06416   0.02268   0.08223   0.03808   0.06373   0.03374   0.03801   0.02983   7.71674   1.68547   1.23134   1.74764   1.19311  
 17 19.1739   1907.803162  x:  0.40943   0.00000   0.23296   0.24306   0.03832   0.05482   0.07649   0.03346   0.05626   0.02945   0.08758   0.03132   0.00000   0.11730   0.23295   0.05014   0.02349   0.07800   0.03116   0.07552   0.03607   0.03637   0.02790   7.72887   1.74618   1.24603   1.87352   1.19124  
 18 86.9278   1905.599788  x:  0.39622   0.00000   0.21905   0.23251   0.04756   0.04750   0.04466   0.03011   0.06155   0.02964   0.08503   0.03106   0.00000   0.11312   0.23541   0.05373   0.02280   0.07772   0.02680   0.06093   0.03431   0.03972   0.03112   7.73885   1.80875   1.24754   1.96339   1.18957  
 19 83.1713   1901.038490  x:  0.37388   0.00000   0.19317   0.15035   0.03594   0.05563   0.05306   0.02052   0.06111   0.03146   0.08681   0.02720   0.00000   0.14151   0.22861   0.05027   0.02167   0.06234   0.01532   0.05787   0.03527   0.03554   0.02683   7.76031   1.95650   1.24221   2.13679   1.18576  
 20 142.0907   1900.541167  x:  0.37132   0.00000   0.20005   0.14213   0.04232   0.04473   0.05482   0.01971   0.05611   0.03212   0.08295   0.02614   0.00000   0.14332   0.21522   0.05490   0.02108   0.05959   0.01428   0.06622   0.03413   0.03476   0.02623   7.76289   1.97543   1.24467   2.14797   1.18534  
 21 46.3986   1899.865136  x:  0.36623   0.00000   0.22526   0.13897   0.03870   0.05059   0.05142   0.01814   0.05810   0.03212   0.08133   0.02603   0.00000   0.14324   0.18128   0.05249   0.02151   0.05901   0.01245   0.06393   0.03426   0.03522   0.02653   7.76652   2.00330   1.25553   2.14503   1.18489  
 22 36.0558   1899.603451  x:  0.36461   0.00000   0.22407   0.13951   0.04023   0.04574   0.05462   0.01772   0.06089   0.03235   0.09307   0.02578   0.00000   0.14232   0.17702   0.05361   0.02145   0.05942   0.01167   0.05863   0.03501   0.03464   0.02608   7.76815   2.01426   1.26921   2.12547   1.18518  
 23 17.4882   1898.581791  x:  0.35921   0.00000   0.19939   0.14211   0.04034   0.05138   0.05165   0.01560   0.05305   0.03290   0.08919   0.02554   0.00000   0.13638   0.17826   0.05726   0.02092   0.05710   0.00929   0.06009   0.03370   0.03582   0.02710   7.77452   2.05331   1.33318   2.02598   1.18722  
 24 46.1390   1898.467446  x:  0.35857   0.00000   0.19617   0.14228   0.03992   0.04930   0.05189   0.01529   0.05982   0.03277   0.08600   0.02573   0.00000   0.13567   0.17865   0.05396   0.02123   0.05663   0.00894   0.06259   0.03378   0.03597   0.02714   7.77528   2.05642   1.33978   2.01364   1.18769  
 25 40.7764   1897.370220  x:  0.35151   0.00000   0.18886   0.13626   0.03965   0.04967   0.05103   0.01308   0.06024   0.03363   0.08821   0.02441   0.00000   0.12717   0.17279   0.05535   0.02078   0.05511   0.00731   0.06166   0.03205   0.03688   0.02787   7.78365   1.79974   1.19363   1.82485   1.23689  
 26  4.4878   1896.855710  x:  0.35163   0.00000   0.18798   0.13365   0.03930   0.04970   0.05198   0.01356   0.06057   0.03427   0.08901   0.02319   0.00000   0.12493   0.17162   0.05519   0.02046   0.05742   0.00950   0.06209   0.02933   0.03843   0.02917   7.79016   1.75041   1.16116   1.76060   1.10568  
 27  1.4032   1896.212097  x:  0.35365   0.00000   0.19102   0.12794   0.03874   0.04969   0.05397   0.01474   0.06102   0.03538   0.08975   0.02103   0.00000   0.12426   0.17002   0.05428   0.02007   0.06181   0.01376   0.06288   0.02491   0.04113   0.03121   7.79004   1.75602   1.16238   1.70704   1.22912  
 28  1.5375   1895.622330  x:  0.35175   0.00000   0.20363   0.12952   0.03481   0.04744   0.05382   0.01436   0.05963   0.04001   0.08920   0.01589   0.00000   0.12032   0.18311   0.05203   0.01497   0.06306   0.01424   0.06328   0.03042   0.04463   0.03103   7.73415   1.79025   1.15087   1.70217   1.20501  
 29  0.0694   1895.242639  x:  0.33746   0.00000   0.19624   0.13754   0.03557   0.04637   0.05423   0.01232   0.05843   0.04493   0.08815   0.01932   0.00000   0.12639   0.17430   0.05166   0.01182   0.06278   0.01617   0.06393   0.03125   0.04769   0.03237   7.70005   1.81178   1.14140   1.73574   1.19324  
 30  0.0476   1895.078688  x:  0.32641   0.00000   0.19745   0.13105   0.03682   0.04809   0.05267   0.01089   0.05965   0.04600   0.08837   0.01979   0.00000   0.12507   0.17843   0.05280   0.00990   0.05933   0.01765   0.06250   0.03080   0.04573   0.02989   7.68903   1.79920   1.14656   1.72183   1.19310  
 31  0.0329   1895.004873  x:  0.32104   0.00000   0.19398   0.13054   0.03758   0.04879   0.05404   0.01030   0.05999   0.04449   0.08851   0.01814   0.00000   0.12437   0.17601   0.05287   0.00950   0.06355   0.01827   0.06302   0.03101   0.04411   0.03098   7.69802   1.79122   1.15280   1.72553   1.19822  
 32  0.0190   1894.969107  x:  0.31735   0.00000   0.19551   0.13403   0.03676   0.04828   0.05438   0.01068   0.05992   0.04273   0.08898   0.01847   0.00000   0.12425   0.17688   0.05248   0.01041   0.06228   0.01916   0.06323   0.03140   0.04326   0.03106   7.71129   1.77891   1.15435   1.71587   1.20493  
 33  0.0270   1894.955930  x:  0.31411   0.00000   0.19683   0.13206   0.03659   0.04806   0.05435   0.01074   0.05974   0.04179   0.08884   0.01848   0.00000   0.12505   0.17760   0.05245   0.01061   0.06234   0.01949   0.06313   0.03141   0.04406   0.03131   7.71322   1.79179   1.15594   1.72886   1.20080  
 34  0.0207   1894.952863  x:  0.31334   0.00000   0.19659   0.13303   0.03678   0.04809   0.05406   0.01089   0.05965   0.04162   0.08855   0.01821   0.00000   0.12535   0.17755   0.05271   0.01035   0.06233   0.01963   0.06315   0.03156   0.04434   0.03096   7.70815   1.79119   1.15268   1.72477   1.19838  
 35  0.0092   1894.952006  x:  0.31282   0.00000   0.19619   0.13275   0.03676   0.04820   0.05408   0.01104   0.05966   0.04163   0.08846   0.01844   0.00000   0.12496   0.17766   0.05274   0.01036   0.06253   0.01956   0.06315   0.03165   0.04430   0.03098   7.70393   1.79049   1.15146   1.72217   1.19771  
 36  0.0037   1894.951350  x:  0.31245   0.00000   0.19588   0.13267   0.03674   0.04822   0.05410   0.01120   0.05966   0.04163   0.08853   0.01831   0.00000   0.12488   0.17733   0.05260   0.01032   0.06221   0.01946   0.06316   0.03151   0.04421   0.03105   7.70078   1.79097   1.15180   1.72381   1.19792  
 37  0.0028   1894.951169  x:  0.31229   0.00000   0.19614   0.13268   0.03675   0.04814   0.05404   0.01126   0.05967   0.04167   0.08857   0.01832   0.00000   0.12507   0.17731   0.05262   0.01031   0.06234   0.01938   0.06315   0.03155   0.04422   0.03100   7.70261   1.79089   1.15258   1.72431   1.19853  
 38  0.0017   1894.951130  x:  0.31212   0.00000   0.19616   0.13278   0.03677   0.04816   0.05410   0.01125   0.05967   0.04170   0.08856   0.01832   0.00000   0.12501   0.17742   0.05265   0.01031   0.06232   0.01933   0.06315   0.03154   0.04426   0.03102   7.70396   1.79082   1.15252   1.72425   1.19855  
 39  0.0011   1894.951122  x:  0.31208   0.00000   0.19613   0.13276   0.03675   0.04816   0.05409   0.01123   0.05967   0.04170   0.08855   0.01831   0.00000   0.12505   0.17742   0.05263   0.01032   0.06233   0.01932   0.06316   0.03153   0.04425   0.03101   7.70407   1.79075   1.15240   1.72408   1.19853  
 40  0.0003   1894.951122  x:  0.31209   0.00000   0.19614   0.13276   0.03675   0.04817   0.05409   0.01123   0.05967   0.04170   0.08855   0.01831   0.00000   0.12505   0.17742   0.05264   0.01032   0.06232   0.01932   0.06315   0.03153   0.04424   0.03101   7.70388   1.79081   1.15240   1.72410   1.19854  
 41  0.0002   1894.951122  x:  0.31209   0.00000   0.19614   0.13277   0.03675   0.04817   0.05409   0.01123   0.05967   0.04170   0.08855   0.01831   0.00000   0.12505   0.17742   0.05264   0.01032   0.06232   0.01932   0.06315   0.03153   0.04424   0.03101   7.70379   1.79081   1.15240   1.72410   1.19854  
 42  0.0001   1894.951122  x:  0.31209   0.00000   0.19614   0.13277   0.03675   0.04817   0.05409   0.01123   0.05967   0.04170   0.08855   0.01831   0.00000   0.12505   0.17742   0.05263   0.01032   0.06232   0.01932   0.06315   0.03153   0.04424   0.03101   7.70376   1.79081   1.15240   1.72410   1.19854  
 43  0.0000   1894.951122  x:  0.31209   0.00000   0.19614   0.13277   0.03675   0.04817   0.05409   0.01123   0.05967   0.04170   0.08855   0.01831   0.00000   0.12505   0.17742   0.05264   0.01032   0.06232   0.01932   0.06315   0.03153   0.04424   0.03101   7.70377   1.79081   1.15240   1.72410   1.19854  
 44  0.0000   1894.951122  x:  0.31209   0.00000   0.19614   0.13277   0.03675   0.04817   0.05409   0.01123   0.05967   0.04170   0.08855   0.01831   0.00000   0.12505   0.17742   0.05264   0.01032   0.06232   0.01932   0.06315   0.03153   0.04424   0.03101   7.70377   1.79081   1.15240   1.72410   1.19854  
 45  0.0000   1894.951122  x:  0.31209   0.00000   0.19614   0.13277   0.03675   0.04817   0.05409   0.01123   0.05967   0.04170   0.08855   0.01831   0.00000   0.12505   0.17742   0.05264   0.01032   0.06232   0.01932   0.06315   0.03153   0.04424   0.03101   7.70377   1.79081   1.15240   1.72410   1.19854  
 46  0.0000   1894.951122  x:  0.31209   0.00000   0.19614   0.13277   0.03675   0.04817   0.05409   0.01123   0.05967   0.04170   0.08855   0.01831   0.00000   0.12505   0.17742   0.05264   0.01032   0.06232   0.01932   0.06315   0.03153   0.04424   0.03101   7.70377   1.79081   1.15240   1.72410   1.19854  