

TREE # 1

  0  0.0000   2251.689828  x:  0.01972   0.20925   0.02571   0.03211   0.02495   0.05815   0.02188   0.05666   0.08536   0.02661   0.17168   0.01972   0.20925   0.02571   0.03211   0.02495   0.05815   0.02188   0.05666   0.08536   0.02661   0.17168   0.21568   8.40433   1.53542   1.05009   1.41074   1.00000  
  1 99.0000   2188.042628  x:  0.00000   0.21150   0.02113   0.04373   0.02542   0.08687   0.01111   0.06780   0.09290   0.04422   0.16673   0.03533   0.20565   0.01466   0.04692   0.02153   0.04672   0.01802   0.06934   0.20272   0.03986   0.16540   0.21815   8.40450   1.53530   1.04992   1.41187   0.99596  
  2 834.7508   2185.774346  x:  0.00000   0.21390   0.01789   0.04086   0.02534   0.09248   0.02119   0.07202   0.09893   0.03772   0.16022   0.03522   0.20044   0.00000   0.04260   0.01399   0.03650   0.02184   0.07648   0.20528   0.03196   0.15508   0.22088   8.40475   1.53507   1.05013   1.41331   0.98987  
  3 140.2254   2184.796426  x:  0.00000   0.21657   0.01725   0.03863   0.02493   0.09689   0.02322   0.07557   0.10485   0.03314   0.15283   0.03559   0.19475   0.00777   0.04056   0.00994   0.02796   0.02279   0.08336   0.20573   0.02730   0.14265   0.22418   8.40506   1.53479   1.05040   1.41514   0.98213  
  4 143.7406   2183.639394  x:  0.00000   0.22157   0.02120   0.03807   0.02442   0.10082   0.01630   0.07898   0.11291   0.03411   0.13957   0.03714   0.18474   0.00644   0.03811   0.01893   0.02604   0.01995   0.09203   0.20316   0.02340   0.12013   0.23001   8.40571   1.53428   1.05079   1.41899   0.96617  
  5 131.7240   2182.845659  x:  0.00000   0.22581   0.02070   0.03907   0.02510   0.10131   0.01322   0.07947   0.11720   0.03682   0.12922   0.03938   0.17622   0.00488   0.03817   0.01320   0.03241   0.01968   0.09473   0.20048   0.03043   0.10233   0.23487   8.40640   1.53377   1.05116   1.42299   0.94955  
  6 128.7289   2182.413766  x:  0.00000   0.22882   0.01798   0.04036   0.02559   0.09821   0.02001   0.07661   0.11619   0.03792   0.12462   0.04207   0.16987   0.00578   0.04447   0.01653   0.03388   0.02122   0.09049   0.20098   0.03112   0.09460   0.23846   8.40722   1.53319   1.05157   1.42780   0.92960  
  7 63.6607   2181.500957  x:  0.00000   0.23444   0.01991   0.04006   0.02323   0.09128   0.01513   0.07061   0.11004   0.03507   0.12127   0.04412   0.15738   0.00368   0.04821   0.01342   0.02685   0.01934   0.07765   0.20306   0.02898   0.09142   0.24519   8.40947   1.53160   1.05279   1.44083   0.87531  
  8 88.4843   2179.940738  x:  0.00000   0.24225   0.02113   0.03754   0.02855   0.09311   0.01687   0.07314   0.10317   0.03179   0.12340   0.03997   0.14303   0.00545   0.03592   0.01733   0.03058   0.02403   0.07475   0.20656   0.03203   0.10069   0.25435   8.41410   1.52870   1.05492   1.46743   0.76535  
  9 142.5055   2179.006620  x:  0.00000   0.24455   0.01922   0.04029   0.02379   0.09751   0.01809   0.07721   0.10410   0.03806   0.12791   0.03976   0.14424   0.00502   0.04153   0.01467   0.03172   0.01822   0.08233   0.20294   0.02942   0.10812   0.25701   8.41726   1.52695   1.05624   1.48520   0.69396  
 10 179.7048   2178.753692  x:  0.00000   0.24315   0.01936   0.04064   0.02482   0.09733   0.01540   0.07650   0.10723   0.03567   0.12956   0.04174   0.15133   0.00403   0.04545   0.01524   0.03021   0.02312   0.08496   0.20189   0.03132   0.10785   0.25551   8.41841   1.52658   1.05656   1.49134   0.67276  
 11 73.5890   2178.617935  x:  0.00000   0.24055   0.02092   0.03955   0.02631   0.09578   0.01693   0.07453   0.10998   0.03381   0.13002   0.04187   0.15889   0.00393   0.04416   0.01533   0.03007   0.01981   0.08430   0.20301   0.03232   0.10494   0.25266   8.41930   1.52652   1.05673   1.49572   0.66160  
 12 40.6354   2178.555669  x:  0.00000   0.23826   0.02007   0.03926   0.02492   0.09487   0.01685   0.07378   0.11077   0.03567   0.12969   0.04083   0.16302   0.00439   0.04185   0.01494   0.03081   0.02103   0.08258   0.20405   0.03020   0.10248   0.25015   8.41997   1.52662   1.05683   1.49878   0.65678  
 13 26.7349   2178.525348  x:  0.00000   0.23555   0.01878   0.04055   0.02622   0.09568   0.01630   0.07558   0.10893   0.03532   0.12825   0.04081   0.16348   0.00437   0.04182   0.01496   0.03057   0.02059   0.08163   0.20382   0.02973   0.10164   0.24723   8.42098   1.52705   1.05689   1.50297   0.65583  
 14  7.6409   2178.483507  x:  0.00000   0.23177   0.02086   0.04031   0.02502   0.09672   0.01702   0.07713   0.10653   0.03533   0.12627   0.04127   0.16292   0.00434   0.04220   0.01494   0.03026   0.02107   0.08146   0.20371   0.03051   0.10114   0.24309   8.42278   1.52792   1.05704   1.51027   0.65537  
 15 18.9383   2178.418135  x:  0.00000   0.22796   0.01909   0.03739   0.02422   0.09640   0.01641   0.07516   0.10631   0.03472   0.12517   0.04175   0.16031   0.00425   0.04267   0.01526   0.03087   0.02058   0.08347   0.20426   0.03071   0.10175   0.23859   8.42617   1.52983   1.05756   1.52336   0.65613  
 16 17.9106   2178.318110  x:  0.00000   0.22456   0.02024   0.03901   0.02679   0.09497   0.01653   0.07169   0.10882   0.03660   0.12547   0.04152   0.15653   0.00437   0.04258   0.01448   0.03026   0.02101   0.08570   0.20479   0.02981   0.10284   0.23426   8.43190   1.53341   1.05877   1.54472   0.65829  
 17 40.2283   2178.141537  x:  0.00000   0.22480   0.01936   0.04331   0.02322   0.09415   0.01673   0.07311   0.11434   0.03404   0.12882   0.04074   0.15470   0.00440   0.04170   0.01539   0.03052   0.02069   0.08394   0.20572   0.03133   0.10319   0.23359   8.44263   1.54113   1.06214   1.58222   0.66340  
 18 40.4426   2177.861622  x:  0.00000   0.22960   0.02005   0.03795   0.02567   0.09581   0.01626   0.07869   0.11744   0.03633   0.13357   0.04140   0.15741   0.00425   0.04374   0.01485   0.03092   0.02068   0.07924   0.20653   0.03055   0.10253   0.23800   8.46029   1.55515   1.06941   1.64033   0.67207  
 19 80.9151   2177.583561  x:  0.00000   0.23660   0.01899   0.03963   0.02510   0.09791   0.01639   0.07387   0.10710   0.03704   0.13139   0.04115   0.16661   0.00421   0.04166   0.01477   0.02912   0.02047   0.08381   0.20774   0.03118   0.10176   0.24722   8.47862   1.57287   1.08145   1.69118   0.68006  
 20 50.2705   2177.512125  x:  0.00000   0.23737   0.02032   0.04029   0.02520   0.09723   0.01614   0.07374   0.10581   0.03483   0.12961   0.04066   0.16822   0.00440   0.04269   0.01384   0.03209   0.02062   0.08496   0.20908   0.02850   0.10245   0.24898   8.48369   1.57918   1.08671   1.70081   0.68151  
 21 33.1029   2177.068931  x:  0.00000   0.23516   0.01942   0.03971   0.02523   0.08772   0.01623   0.07932   0.10955   0.03693   0.11685   0.03837   0.17221   0.00418   0.04310   0.01407   0.03052   0.02049   0.08654   0.21293   0.03015   0.11052   0.25292   8.51691   1.62857   1.13142   1.73829   0.68654  
 22 31.2574   2176.096275  x:  0.00000   0.22695   0.01898   0.04098   0.02477   0.10301   0.01594   0.07280   0.11600   0.03779   0.11682   0.04846   0.17217   0.00436   0.04103   0.01429   0.03187   0.02012   0.07990   0.21608   0.02961   0.11420   0.25263   8.59501   1.74765   1.23770   1.81100   0.69572  
 23 104.1153   2175.534699  x:  0.00000   0.22457   0.01944   0.04022   0.02526   0.10460   0.01524   0.07280   0.11213   0.03746   0.13001   0.03710   0.16929   0.00349   0.04550   0.01452   0.03091   0.02026   0.08240   0.22016   0.03178   0.10600   0.24775   8.63778   1.81179   1.29181   1.84614   0.70006  
 24 136.0483   2175.357690  x:  0.00000   0.22608   0.01936   0.04064   0.02518   0.09912   0.01530   0.07614   0.10859   0.03763   0.13726   0.04282   0.16802   0.00359   0.04347   0.01413   0.03105   0.02018   0.08604   0.22192   0.03086   0.10230   0.24411   8.65211   1.83140   1.30484   1.85498   0.70117  
 25 52.4988   2174.636111  x:  0.00000   0.25897   0.01933   0.04128   0.02508   0.10152   0.01492   0.07524   0.10910   0.03761   0.13091   0.04264   0.17044   0.00394   0.04413   0.01389   0.03113   0.01998   0.08520   0.22681   0.03054   0.10582   0.21394   8.71580   1.88436   1.27974   1.85337   0.70141  
 26 10.2892   2171.862940  x:  0.00000   0.22575   0.01882   0.04196   0.02482   0.10351   0.01322   0.07633   0.10966   0.03963   0.13246   0.04291   0.17265   0.00339   0.04569   0.01281   0.03124   0.01923   0.08694   0.24639   0.03053   0.10829   0.23911   8.96118   2.02887   1.13202   1.81517   0.70119  
 27 33.6364   2155.233294  x:  0.00000   0.21700   0.01761   0.04996   0.02502   0.12499   0.00530   0.08514   0.11674   0.05159   0.13964   0.05055   0.20094   0.00000   0.05542   0.01331   0.03476   0.01614   0.09637   0.37027   0.03888   0.12782   0.22190  10.52037   1.38311   1.04823   1.41247   0.75674  
 28 18.0719   2149.645233  x:  0.00000   0.23273   0.01721   0.05012   0.02569   0.13589   0.02796   0.08767   0.11431   0.05340   0.13742   0.05138   0.18272   0.00000   0.05700   0.00956   0.03215   0.01956   0.10133   0.45734   0.03934   0.11614   0.24346  10.80371   1.64486   1.12421   1.60670   0.69494  
 29  0.4072   2146.782599  x:  0.00000   0.23880   0.01866   0.04799   0.02499   0.13298   0.01302   0.08110   0.11137   0.05128   0.13085   0.05261   0.16731   0.00000   0.05517   0.01760   0.02996   0.01840   0.09261   0.55514   0.03431   0.10198   0.24924  10.29614   1.61463   1.07413   1.54329   0.65506  
 30  0.2387   2146.171294  x:  0.00000   0.23102   0.01747   0.04767   0.02528   0.13075   0.01022   0.08271   0.11454   0.05062   0.13307   0.05190   0.17847   0.00000   0.05444   0.01298   0.03082   0.01873   0.09472   0.58274   0.03240   0.10825   0.24207  10.09619   1.55713   1.09021   1.53332   0.68840  
 31  0.1995   2146.125677  x:  0.00000   0.23114   0.01760   0.04792   0.02550   0.13004   0.01208   0.08372   0.11468   0.05019   0.13365   0.05154   0.17896   0.00000   0.05493   0.01165   0.03123   0.01854   0.09571   0.58637   0.03355   0.11094   0.24047  10.02556   1.56205   1.08805   1.53302   0.68676  
 32  0.0764   2146.115303  x:  0.00000   0.23164   0.01772   0.04798   0.02554   0.12934   0.01147   0.08388   0.11444   0.04980   0.13370   0.05133   0.17839   0.00000   0.05507   0.01172   0.03130   0.01856   0.09582   0.59011   0.03402   0.11141   0.24054   9.95763   1.57328   1.09023   1.54035   0.68390  
 33  0.0864   2146.113829  x:  0.00000   0.23186   0.01774   0.04800   0.02550   0.12911   0.01158   0.08381   0.11443   0.04967   0.13352   0.05129   0.17824   0.00000   0.05499   0.01203   0.03125   0.01864   0.09577   0.59164   0.03410   0.11106   0.24083   9.92985   1.57009   1.08997   1.53782   0.68333  
 34  0.0297   2146.113748  x:  0.00000   0.23176   0.01772   0.04800   0.02548   0.12906   0.01158   0.08377   0.11445   0.04965   0.13348   0.05129   0.17835   0.00000   0.05492   0.01197   0.03123   0.01862   0.09579   0.59191   0.03403   0.11092   0.24087   9.92443   1.57019   1.08989   1.53784   0.68352  
 35  0.0059   2146.113746  x:  0.00000   0.23175   0.01772   0.04800   0.02548   0.12906   0.01158   0.08376   0.11444   0.04965   0.13349   0.05129   0.17836   0.00000   0.05491   0.01197   0.03123   0.01862   0.09579   0.59187   0.03403   0.11093   0.24088   9.92398   1.57030   1.08996   1.53801   0.68353  
 36  0.0005   2146.113746  x:  0.00000   0.23176   0.01772   0.04800   0.02548   0.12906   0.01158   0.08376   0.11444   0.04965   0.13349   0.05129   0.17836   0.00000   0.05491   0.01197   0.03123   0.01862   0.09578   0.59186   0.03403   0.11093   0.24088   9.92356   1.57028   1.08994   1.53797   0.68352  
 37  0.0003   2146.113746  x:  0.00000   0.23176   0.01772   0.04800   0.02548   0.12906   0.01158   0.08376   0.11444   0.04965   0.13349   0.05130   0.17836   0.00000   0.05491   0.01197   0.03123   0.01862   0.09578   0.59186   0.03403   0.11093   0.24088   9.92340   1.57028   1.08994   1.53798   0.68352  
 38  0.0001   2146.113746  x:  0.00000   0.23176   0.01772   0.04800   0.02548   0.12906   0.01158   0.08376   0.11444   0.04965   0.13349   0.05130   0.17836   0.00000   0.05491   0.01197   0.03123   0.01862   0.09578   0.59186   0.03403   0.11093   0.24088   9.92339   1.57028   1.08994   1.53798   0.68352  
 39  0.0000   2146.113746  x:  0.00000   0.23176   0.01772   0.04800   0.02548   0.12906   0.01158   0.08376   0.11444   0.04965   0.13349   0.05129   0.17836   0.00000   0.05491   0.01197   0.03123   0.01862   0.09578   0.59186   0.03403   0.11093   0.24088   9.92339   1.57028   1.08994   1.53798   0.68352  
 40  0.0000   2146.113746  x:  0.00000   0.23176   0.01772   0.04800   0.02548   0.12906   0.01158   0.08376   0.11444   0.04965   0.13349   0.05129   0.17836   0.00000   0.05491   0.01197   0.03123   0.01862   0.09578   0.59186   0.03403   0.11093   0.24088   9.92339   1.57028   1.08994   1.53798   0.68352  
 41  0.0000   2146.113746  x:  0.00000   0.23176   0.01772   0.04800   0.02548   0.12906   0.01158   0.08376   0.11444   0.04965   0.13349   0.05129   0.17836   0.00000   0.05491   0.01197   0.03123   0.01862   0.09578   0.59186   0.03403   0.11093   0.24088   9.92339   1.57028   1.08994   1.53798   0.68352  

TREE # 2

  0  0.0000   2695.116340  x:  0.00000   0.23176   0.01772   0.04800   0.02548   0.12906   0.01158   0.08376   0.11444   0.04965   0.13349   0.05129   0.17836   0.00000   0.05491   0.01197   0.03123   0.01862   0.09578   0.59186   0.03403   0.11093   0.24088   9.92339   1.54144   0.99641   1.40774   0.68352  
  1 99.0000   2407.869309  x:  0.24973   0.23315   0.04174   0.05086   0.04640   0.12795   0.14718   0.09131   0.11284   0.04840   0.12969   0.04809   0.18309   0.75292   0.08169   0.02816   0.03023   0.04017   0.09417   0.58824   0.03219   0.11166   0.23636   9.92338   1.54122   0.99672   1.40802   0.68383  
  2 24944.3249   2315.399544  x:  0.25115   0.18758   0.15386   0.13970   0.11123   0.07082   0.29987   0.09520   0.09416   0.01417   0.07496   0.00283   0.14166   0.71993   0.14355   0.07288   0.01075   0.16043   0.06645   0.53578   0.00593   0.12179   0.17085   9.92369   1.53645   1.00642   1.40966   0.67828  
  3 649.2625   2292.768035  x:  0.25429   0.15189   0.20804   0.18558   0.13681   0.02515   0.39461   0.09277   0.08395   0.00000   0.03487   0.08517   0.10680   0.70001   0.18187   0.09101   0.00744   0.21836   0.04932   0.49411   0.00693   0.12881   0.11896   9.92392   1.53291   1.01393   1.41080   0.67407  
  4 1531.1590   2278.876686  x:  0.25728   0.13241   0.21966   0.19766   0.13647   0.00000   0.43095   0.08933   0.08435   0.03840   0.02186   0.09788   0.08554   0.69258   0.19581   0.09162   0.01570   0.23094   0.04498   0.47050   0.01956   0.13142   0.09001   9.92406   1.53116   1.01799   1.41128   0.67180  
  5 902.4219   2241.543660  x:  0.27000   0.07387   0.20771   0.19880   0.10163   0.00000   0.49823   0.06816   0.08563   0.03201   0.03021   0.09308   0.01349   0.67965   0.21797   0.06855   0.02208   0.21902   0.03975   0.39534   0.03495   0.13412   0.00000   9.92444   1.52580   1.03056   1.41227   0.66508  
  6 500.0524   2235.800288  x:  0.27234   0.06345   0.20548   0.19915   0.09520   0.00000   0.51044   0.06449   0.08590   0.03086   0.03084   0.09222   0.00000   0.67728   0.22198   0.06464   0.02283   0.21679   0.03901   0.38136   0.03785   0.13478   0.00084   9.92451   1.52485   1.03281   1.41246   0.66389  
  7 756.2120   2227.031373  x:  0.28113   0.04682   0.19079   0.20210   0.06821   0.00000   0.54400   0.06164   0.08936   0.03195   0.00792   0.08955   0.00000   0.67031   0.23245   0.06318   0.01298   0.20121   0.04268   0.32390   0.02316   0.13471   0.00086   9.92474   1.52219   1.03884   1.41407   0.66110  
  8 492.1734   2220.892975  x:  0.28825   0.04298   0.18049   0.20878   0.04844   0.00000   0.57208   0.06418   0.09240   0.03714   0.01354   0.09111   0.00000   0.66414   0.24124   0.06963   0.00512   0.18997   0.04761   0.27220   0.00511   0.13376   0.00159   9.92493   1.52026   1.04302   1.41589   0.65936  
  9 789.6669   2209.439579  x:  0.30349   0.06131   0.15725   0.22900   0.01282   0.00000   0.62661   0.07947   0.09856   0.03179   0.01472   0.08852   0.00000   0.65132   0.25723   0.09903   0.01219   0.16407   0.06701   0.15043   0.01053   0.12751   0.00161   9.92531   1.51691   1.04980   1.42100   0.65712  
 10 706.7628   2204.746985  x:  0.31166   0.06946   0.13826   0.23452   0.02904   0.00000   0.65118   0.08338   0.10228   0.03135   0.01539   0.08750   0.00000   0.64495   0.26224   0.10618   0.00616   0.14325   0.07056   0.08306   0.01521   0.12416   0.00154   9.92554   1.51527   1.05332   1.42408   0.65596  
 11 482.1212   2204.490385  x:  0.31247   0.07122   0.13637   0.23481   0.03059   0.00000   0.65361   0.08266   0.10193   0.03104   0.01494   0.08733   0.00000   0.64435   0.26194   0.10579   0.01109   0.14143   0.06746   0.07896   0.01269   0.12407   0.00170   9.92558   1.51518   1.05352   1.42472   0.65599  
 12 91.3950   2203.900992  x:  0.31557   0.08337   0.13103   0.23717   0.02779   0.00000   0.66389   0.07879   0.09855   0.03135   0.01473   0.08651   0.00000   0.64202   0.25838   0.10331   0.01019   0.13714   0.04777   0.07425   0.01393   0.12392   0.00183   9.92577   1.51506   1.05361   1.42848   0.65669  
 13 55.8570   2203.393184  x:  0.32376   0.09878   0.11722   0.23980   0.02931   0.00000   0.69432   0.07051   0.09637   0.03118   0.01451   0.08571   0.00000   0.63509   0.24700   0.09566   0.01040   0.13039   0.05439   0.08497   0.01310   0.12530   0.00187   9.92643   1.51484   1.05390   1.44084   0.65889  
 14 23.4877   2202.976544  x:  0.32875   0.09755   0.11835   0.22855   0.02914   0.00000   0.71215   0.08623   0.10578   0.02999   0.01479   0.08547   0.00000   0.63093   0.22752   0.08623   0.01123   0.13112   0.05257   0.08561   0.01335   0.12339   0.00179   9.92775   1.51698   1.05244   1.46183   0.66269  
 15 13.7008   2202.042637  x:  0.33231   0.08770   0.12773   0.20191   0.02802   0.00000   0.72591   0.07376   0.09010   0.03087   0.01555   0.08478   0.00000   0.62763   0.20715   0.08986   0.01126   0.13176   0.05485   0.07683   0.01394   0.12299   0.00130   9.93154   1.52572   1.04964   1.51353   0.67091  
 16 18.3025   2200.639281  x:  0.33353   0.06952   0.11901   0.19203   0.02835   0.00000   0.73841   0.06138   0.10846   0.02834   0.01761   0.08256   0.00000   0.62444   0.23267   0.09356   0.01265   0.12194   0.04837   0.08073   0.01622   0.12173   0.00053   9.93819   1.54148   1.05514   1.58687   0.67782  
 17 30.5946   2199.948265  x:  0.33178   0.06548   0.11386   0.19815   0.02770   0.00000   0.73924   0.06987   0.09452   0.02830   0.01838   0.08145   0.00000   0.62464   0.24892   0.07186   0.01340   0.12058   0.05043   0.07916   0.01666   0.12050   0.00020   9.94184   1.55013   1.06725   1.61243   0.67494  
 18 32.8332   2199.584932  x:  0.32951   0.06882   0.12057   0.20041   0.02676   0.00000   0.73880   0.06113   0.10151   0.02801   0.01858   0.08142   0.00000   0.62554   0.24405   0.06116   0.01349   0.12112   0.05277   0.07567   0.01641   0.11544   0.00014   9.94482   1.55647   1.09345   1.60544   0.66016  
 19 13.5388   2199.079020  x:  0.32861   0.06338   0.11763   0.19793   0.02761   0.00000   0.74295   0.06309   0.09916   0.02768   0.01914   0.08076   0.00000   0.62511   0.23703   0.06672   0.01404   0.11695   0.05062   0.07884   0.01708   0.11651   0.00000   9.94855   1.56428   1.12796   1.58978   0.63996  
 20 32.3204   2198.876809  x:  0.33167   0.06813   0.11248   0.18105   0.02788   0.00000   0.74579   0.06354   0.09927   0.02749   0.01925   0.08029   0.00000   0.62302   0.24400   0.06565   0.01393   0.12602   0.05074   0.07856   0.01715   0.11849   0.00001   9.95125   1.57233   1.13741   1.57775   0.63622  
 21 10.2955   2198.341737  x:  0.34377   0.06857   0.12515   0.16727   0.02854   0.00000   0.75030   0.06577   0.09644   0.02681   0.01963   0.07877   0.00000   0.61703   0.25286   0.06155   0.01433   0.10905   0.05107   0.08215   0.01732   0.11398   0.00012   9.96010   1.60091   1.13490   1.54443   0.64769  
 22  8.6908   2197.554286  x:  0.35142   0.06284   0.12024   0.17098   0.02815   0.00000   0.74669   0.06353   0.09761   0.02601   0.02016   0.07771   0.00000   0.61455   0.24683   0.05835   0.01464   0.11005   0.05071   0.08040   0.01792   0.12066   0.00000   9.96867   1.62514   1.12748   1.51720   0.66121  
 23 29.3876   2197.113141  x:  0.34897   0.05614   0.11054   0.17324   0.02816   0.00000   0.74439   0.06181   0.09566   0.02580   0.02050   0.07693   0.00000   0.61518   0.24260   0.05831   0.01492   0.11421   0.04970   0.08081   0.01802   0.10226   0.00026   9.97667   1.63164   1.12586   1.50657   0.66742  
 24 18.2546   2193.829183  x:  0.27462   0.04449   0.09621   0.16723   0.02795   0.00000   0.72243   0.05900   0.09532   0.02113   0.02262   0.06855   0.00000   0.63756   0.23335   0.04093   0.01653   0.09630   0.04963   0.07909   0.02004   0.12407   0.00103  10.04162   1.57545   1.15437   1.51670   0.66588  
 25 12.3359   2192.535309  x:  0.34004   0.03547   0.09706   0.17433   0.02914   0.00000   0.68374   0.05706   0.09363   0.01971   0.02371   0.06588   0.00000   0.61954   0.23252   0.03564   0.01751   0.09760   0.04848   0.08066   0.02116   0.13005   0.00140  10.06990   1.53329   1.17304   1.54349   0.63488  
 26 21.3033   2192.427329  x:  0.33817   0.03572   0.09642   0.17468   0.02908   0.00000   0.68230   0.05683   0.09377   0.01941   0.02376   0.06547   0.00000   0.62010   0.23212   0.03531   0.01754   0.09702   0.04862   0.08070   0.02117   0.13035   0.00143  10.07535   1.55132   1.16143   1.55270   0.60726  
 27  3.2295   2191.072235  x:  0.34283   0.04145   0.09593   0.17914   0.03108   0.00000   0.62739   0.05276   0.09463   0.01538   0.02507   0.05915   0.00000   0.62126   0.22754   0.04489   0.01791   0.10002   0.04856   0.08375   0.02302   0.13738   0.00175  10.18995   1.74813   1.28724   1.68130   0.64232  
 28  1.8365   2188.709571  x:  0.34155   0.04852   0.09481   0.16268   0.03443   0.00000   0.57333   0.04278   0.09722   0.00858   0.02823   0.04717   0.00000   0.62012   0.21721   0.05467   0.01975   0.10090   0.04776   0.08808   0.02681   0.14029   0.00183  10.40093   1.55352   1.12151   1.51813   0.63791  
 29  2.6183   2185.667303  x:  0.32359   0.04510   0.11098   0.16160   0.03768   0.00000   0.58624   0.07254   0.09898   0.00392   0.03480   0.02655   0.00000   0.60896   0.21989   0.04487   0.02200   0.11437   0.04874   0.09068   0.03306   0.13812   0.00250  10.71470   1.57896   1.05803   1.46480   0.68188  
 30  0.2079   2182.699295  x:  0.33021   0.04816   0.10824   0.17410   0.03694   0.00000   0.65803   0.07182   0.09570   0.01251   0.03923   0.01100   0.00000   0.57944   0.23162   0.05100   0.01970   0.11004   0.05195   0.07899   0.03473   0.13216   0.00369  10.84769   1.56403   1.06536   1.45857   0.68514  
 31  0.1579   2179.901410  x:  0.32510   0.04332   0.12245   0.19174   0.03597   0.00000   0.73667   0.05103   0.09154   0.02096   0.04068   0.02671   0.00000   0.54328   0.23881   0.05160   0.01766   0.12326   0.04706   0.08094   0.03254   0.12519   0.00498  10.75342   1.59010   1.14666   1.54297   0.66456  
 32  0.1621   2171.218665  x:  0.34924   0.04048   0.08920   0.18525   0.02693   0.00000   0.73390   0.02451   0.10791   0.01624   0.04373   0.01293   0.00000   0.39031   0.23299   0.04796   0.00943   0.09972   0.05242   0.06971   0.02500   0.10392   0.01022  10.70444   1.66600   1.29304   1.77067   0.65104  
 33  0.1445   2171.176544  x:  0.34969   0.04043   0.08858   0.18513   0.02676   0.00351   0.73384   0.02402   0.10821   0.01615   0.04379   0.01267   0.00000   0.38742   0.23288   0.04789   0.00927   0.09928   0.05252   0.06950   0.02486   0.10352   0.01032  10.70352   1.66740   1.29577   1.77492   0.65078  
 34 51.7001   2167.538220  x:  0.34868   0.04157   0.08850   0.18435   0.02681   0.00000   0.72437   0.03059   0.10913   0.01621   0.04487   0.01157   0.00000   0.35324   0.22991   0.04834   0.00880   0.09985   0.05153   0.07172   0.02380   0.10327   0.01152  10.69317   1.65404   1.29657   1.78078   0.64557  
 35  0.2442   2153.190520  x:  0.31350   0.04350   0.10443   0.18123   0.03134   0.00000   0.67083   0.03092   0.10190   0.01890   0.05267   0.01037   0.00000   0.13213   0.21958   0.04672   0.01001   0.11265   0.04463   0.08890   0.01860   0.11042   0.01917  10.53296   1.59280   1.24544   1.75123   0.64036  
 36  0.7928   2153.186649  x:  0.31347   0.04350   0.10444   0.18122   0.03134   0.00100   0.67080   0.03093   0.10189   0.01890   0.05268   0.01037   0.00000   0.13207   0.21958   0.04673   0.01001   0.11266   0.04463   0.08890   0.01860   0.11042   0.01917  10.53286   1.59277   1.24539   1.75118   0.64037  
 37  5.2792   2152.188626  x:  0.30636   0.04377   0.10487   0.18110   0.03174   0.00000   0.66298   0.03318   0.10141   0.01867   0.05240   0.01138   0.00000   0.13346   0.22035   0.04721   0.01044   0.11274   0.04522   0.08850   0.01869   0.11210   0.01916  10.51158   1.58844   1.23322   1.73518   0.64258  
 38  0.6591   2147.936186  x:  0.22947   0.05254   0.11111   0.17838   0.03627   0.00000   0.58129   0.04674   0.09291   0.01362   0.04979   0.00956   0.00000   0.13855   0.22785   0.04470   0.01529   0.11654   0.04411   0.08977   0.02199   0.12715   0.01936  10.23139   1.57811   1.11317   1.57389   0.68071  
 39  0.5229   2147.019328  x:  0.23991   0.05348   0.10590   0.17841   0.03530   0.00000   0.58915   0.05339   0.09646   0.01213   0.04693   0.01654   0.00000   0.12548   0.23158   0.05109   0.01522   0.11063   0.04937   0.08193   0.02199   0.13018   0.01932  10.06173   1.55343   1.07223   1.51037   0.68238  
 40  0.3649   2146.777538  x:  0.24478   0.05138   0.10919   0.17648   0.03498   0.00000   0.59140   0.05476   0.09660   0.01189   0.04402   0.01853   0.00000   0.14460   0.23164   0.05085   0.01595   0.11259   0.04853   0.08268   0.02263   0.13012   0.01855   9.99188   1.56520   1.07746   1.51556   0.68411  
 41  0.1169   2146.535721  x:  0.24098   0.05028   0.11372   0.17518   0.03403   0.00000   0.58810   0.05727   0.09499   0.01137   0.03818   0.02109   0.00000   0.13610   0.23134   0.04753   0.01750   0.11642   0.04669   0.08539   0.02301   0.12896   0.01865   9.83004   1.59268   1.10514   1.55905   0.68963  
 42  0.1048   2146.393753  x:  0.24103   0.05133   0.11151   0.17937   0.03326   0.00000   0.59262   0.05804   0.09516   0.01068   0.03260   0.02124   0.00000   0.13493   0.23136   0.05067   0.01827   0.11457   0.04844   0.08399   0.02418   0.12959   0.01844   9.80261   1.55830   1.08513   1.53867   0.68219  
 43  0.0349   2146.330214  x:  0.24419   0.05154   0.10997   0.17837   0.03368   0.00000   0.59547   0.05582   0.09635   0.01198   0.03096   0.01931   0.00000   0.13444   0.23206   0.04974   0.01784   0.11425   0.04846   0.08350   0.02492   0.12905   0.01829   9.93754   1.57040   1.09029   1.52859   0.68264  
 44  0.0736   2146.319522  x:  0.24143   0.05065   0.11077   0.17754   0.03394   0.00000   0.59257   0.05490   0.09599   0.01222   0.03086   0.01870   0.00000   0.13495   0.23192   0.04979   0.01770   0.11427   0.04805   0.08381   0.02510   0.12873   0.01824   9.95584   1.56751   1.08677   1.53384   0.68342  
 45  0.0192   2146.315724  x:  0.24154   0.05185   0.11071   0.17808   0.03410   0.00000   0.59181   0.05464   0.09558   0.01204   0.03081   0.01855   0.00000   0.13529   0.23157   0.04923   0.01775   0.11411   0.04784   0.08397   0.02532   0.12884   0.01817   9.94617   1.56918   1.08930   1.53834   0.68418  
 46  0.0108   2146.307753  x:  0.24178   0.05087   0.11119   0.17814   0.03423   0.00000   0.59222   0.05464   0.09556   0.01147   0.03077   0.01832   0.00000   0.13510   0.23158   0.04980   0.01784   0.11445   0.04818   0.08349   0.02587   0.12927   0.01791   9.89472   1.57643   1.09601   1.54467   0.68521  
 47  0.0202   2146.263991  x:  0.24131   0.05116   0.11112   0.17897   0.03444   0.00000   0.59781   0.05401   0.09574   0.01154   0.03127   0.01856   0.00000   0.13432   0.23119   0.04986   0.01771   0.11684   0.04685   0.08388   0.02742   0.12799   0.01629   9.71209   1.55913   1.08095   1.52689   0.68273  
 48  0.0313   2146.178996  x:  0.24252   0.05139   0.11037   0.17731   0.03371   0.00000   0.58606   0.05345   0.09631   0.01215   0.03127   0.01879   0.00000   0.13425   0.23245   0.04926   0.01677   0.11335   0.04925   0.08293   0.02763   0.12593   0.01317   9.66776   1.56382   1.08630   1.52968   0.67975  
 49  0.0163   2146.127605  x:  0.24020   0.05123   0.10964   0.17760   0.03364   0.00000   0.59187   0.05436   0.09571   0.01246   0.03142   0.01922   0.00000   0.13339   0.23077   0.04985   0.01727   0.11271   0.04758   0.08413   0.02666   0.12880   0.01169   9.88416   1.57765   1.09500   1.54351   0.68268  
 50  0.1152   2146.116132  x:  0.24119   0.05133   0.11103   0.17813   0.03398   0.00000   0.59106   0.05489   0.09579   0.01214   0.03133   0.01893   0.00000   0.13331   0.23188   0.04966   0.01779   0.11452   0.04817   0.08383   0.02602   0.12963   0.01174   9.96103   1.57069   1.08974   1.53933   0.68408  
 51  0.0583   2146.114203  x:  0.24062   0.05130   0.11089   0.17844   0.03402   0.00000   0.59186   0.05490   0.09587   0.01194   0.03127   0.01867   0.00000   0.13360   0.23184   0.04964   0.01782   0.11443   0.04800   0.08358   0.02575   0.12899   0.01150   9.94193   1.56962   1.08964   1.53718   0.68380  
 52  0.0131   2146.113801  x:  0.24092   0.05126   0.11090   0.17835   0.03401   0.00000   0.59187   0.05492   0.09574   0.01195   0.03124   0.01862   0.00000   0.13348   0.23173   0.04964   0.01778   0.11440   0.04796   0.08375   0.02550   0.12892   0.01162   9.92939   1.57028   1.09004   1.53794   0.68353  
 53  0.0095   2146.113751  x:  0.24089   0.05130   0.11094   0.17833   0.03401   0.00000   0.59185   0.05491   0.09578   0.01197   0.03123   0.01862   0.00000   0.13347   0.23174   0.04965   0.01774   0.11445   0.04801   0.08378   0.02548   0.12902   0.01158   9.92308   1.57036   1.08998   1.53807   0.68348  
 54  0.0054   2146.113746  x:  0.24087   0.05130   0.11093   0.17836   0.03402   0.00000   0.59185   0.05491   0.09579   0.01197   0.03123   0.01862   0.00000   0.13349   0.23176   0.04966   0.01773   0.11444   0.04800   0.08376   0.02548   0.12907   0.01159   9.92302   1.57030   1.08993   1.53798   0.68352  
 55  0.0001   2146.113746  x:  0.24088   0.05129   0.11093   0.17835   0.03403   0.00000   0.59186   0.05491   0.09578   0.01197   0.03123   0.01862   0.00000   0.13349   0.23175   0.04965   0.01772   0.11444   0.04800   0.08376   0.02548   0.12906   0.01158   9.92324   1.57027   1.08994   1.53797   0.68353  
 56  0.0001   2146.113746  x:  0.24088   0.05129   0.11093   0.17836   0.03403   0.00000   0.59186   0.05491   0.09578   0.01197   0.03123   0.01862   0.00000   0.13349   0.23176   0.04965   0.01772   0.11444   0.04800   0.08376   0.02548   0.12906   0.01158   9.92336   1.57028   1.08994   1.53797   0.68352  
 57  0.0001   2146.113746  x:  0.24088   0.05129   0.11093   0.17836   0.03403   0.00000   0.59186   0.05491   0.09578   0.01197   0.03123   0.01862   0.00000   0.13349   0.23176   0.04965   0.01772   0.11444   0.04800   0.08376   0.02548   0.12906   0.01158   9.92338   1.57028   1.08994   1.53798   0.68352  
 58  0.0000   2146.113746  x:  0.24088   0.05129   0.11093   0.17836   0.03403   0.00000   0.59186   0.05491   0.09578   0.01197   0.03123   0.01862   0.00000   0.13349   0.23176   0.04965   0.01772   0.11444   0.04800   0.08376   0.02548   0.12906   0.01158   9.92339   1.57028   1.08994   1.53798   0.68352  
 59  0.0000   2146.113746  x:  0.24088   0.05129   0.11093   0.17836   0.03403   0.00000   0.59186   0.05491   0.09578   0.01197   0.03123   0.01862   0.00000   0.13349   0.23176   0.04965   0.01772   0.11444   0.04800   0.08376   0.02548   0.12906   0.01158   9.92339   1.57028   1.08994   1.53798   0.68352  