

TREE # 1

  0  0.0000   2159.925763  x:  0.01972   0.20925   0.02571   0.03211   0.02495   0.05815   0.02188   0.05666   0.08536   0.02661   0.17168   0.01972   0.20925   0.02571   0.03211   0.02495   0.05815   0.02188   0.05666   0.08536   0.02661   0.17168   0.21568   8.40433   1.23355   0.96773   1.29458   1.00000  
  1 99.0000   2120.134841  x:  0.00415   0.20545   0.08172   0.02944   0.02219   0.06968   0.01426   0.06183   0.09196   0.05370   0.17179   0.00000   0.20002   0.12147   0.02464   0.02543   0.06043   0.03200   0.06490   0.09013   0.06807   0.17662   0.22001   8.40419   1.23390   0.96727   1.29595   1.00128  
  2 842.1379   2119.177493  x:  0.00000   0.20440   0.08204   0.02853   0.02171   0.07129   0.01412   0.06262   0.09316   0.05357   0.17188   0.00000   0.19755   0.12147   0.02249   0.02536   0.06077   0.03171   0.06599   0.09083   0.06730   0.17788   0.22119   8.40416   1.23397   0.96720   1.29634   1.00163  
  3 159.6202   2115.995381  x:  0.00000   0.17973   0.08554   0.03289   0.03808   0.07290   0.02360   0.06302   0.10633   0.05371   0.18006   0.00000   0.13814   0.12725   0.02852   0.02882   0.06132   0.03683   0.06654   0.10169   0.04836   0.20690   0.24932   8.40318   1.23553   0.96548   1.30727   1.01018  
  4 131.0135   2114.751606  x:  0.00000   0.16755   0.08273   0.03203   0.03233   0.06740   0.01160   0.05999   0.10572   0.05336   0.18528   0.00000   0.11030   0.12710   0.03315   0.02541   0.06013   0.03408   0.06307   0.10158   0.05194   0.21862   0.26107   8.40256   1.23663   0.96458   1.31397   1.01543  
  5 120.0144   2114.421947  x:  0.00000   0.16206   0.08074   0.03095   0.02638   0.06624   0.01754   0.05879   0.10269   0.05420   0.18849   0.00000   0.10102   0.12603   0.03392   0.02540   0.05970   0.03275   0.06219   0.09889   0.05787   0.22259   0.26509   8.40217   1.23739   0.96415   1.31813   1.01871  
  6 73.7113   2114.270179  x:  0.00000   0.15695   0.07999   0.03104   0.02789   0.06845   0.01645   0.06097   0.09774   0.05638   0.19332   0.00000   0.09987   0.12405   0.03364   0.02913   0.06012   0.03549   0.06388   0.09408   0.06075   0.22492   0.26717   8.40151   1.23879   0.96363   1.32472   1.02391  
  7 26.9131   2114.150813  x:  0.00000   0.15219   0.08099   0.03161   0.02924   0.06955   0.01672   0.06158   0.09520   0.05753   0.19898   0.00000   0.10211   0.12380   0.03323   0.02444   0.06039   0.03408   0.06445   0.09113   0.05991   0.22677   0.26844   8.40050   1.24101   0.96316   1.33442   1.03165  
  8 26.9181   2113.963537  x:  0.00000   0.14658   0.08264   0.03104   0.02587   0.06792   0.01648   0.05951   0.09667   0.05602   0.20786   0.00000   0.10757   0.12523   0.03267   0.02782   0.06020   0.03176   0.06330   0.09177   0.05655   0.22881   0.26920   8.39811   1.24650   0.96276   1.35641   1.04942  
  9 35.1244   2113.768344  x:  0.00000   0.14745   0.08038   0.02939   0.02627   0.06655   0.01667   0.05979   0.10059   0.05377   0.21165   0.00000   0.10914   0.12489   0.03174   0.02578   0.05966   0.03766   0.06255   0.09641   0.06002   0.22840   0.26797   8.39482   1.25456   0.96377   1.38442   1.07253  
 10 41.6118   2113.522843  x:  0.00000   0.15462   0.07871   0.03116   0.02951   0.06790   0.01652   0.06128   0.10189   0.05651   0.20873   0.00000   0.10571   0.12406   0.03243   0.02706   0.05965   0.03186   0.06366   0.09920   0.06318   0.22525   0.26470   8.39010   1.26676   0.96758   1.42111   1.10350  
 11 57.4071   2113.363586  x:  0.00000   0.15967   0.08096   0.03135   0.02632   0.06913   0.01646   0.06008   0.09879   0.05780   0.20157   0.00000   0.10194   0.12440   0.03317   0.02643   0.06036   0.03451   0.06409   0.09579   0.05832   0.22252   0.26243   8.38652   1.27672   0.97310   1.44484   1.12437  
 12 50.4242   2113.303354  x:  0.00000   0.15846   0.08190   0.02973   0.02802   0.06759   0.01676   0.06071   0.09754   0.05383   0.19589   0.00000   0.10200   0.12537   0.03200   0.02676   0.05986   0.03384   0.06330   0.09319   0.05831   0.22245   0.26304   8.38458   1.28300   0.97898   1.45254   1.13217  
 13 19.7858   2113.231595  x:  0.00000   0.15403   0.08121   0.03328   0.02684   0.06796   0.01652   0.06103   0.09858   0.05434   0.18876   0.00000   0.10489   0.12501   0.03243   0.02663   0.05983   0.03415   0.06372   0.09375   0.05937   0.22369   0.26592   8.38123   1.29476   0.99187   1.45968   1.14100  
 14 17.2206   2113.170571  x:  0.00000   0.15281   0.08059   0.02909   0.02748   0.06855   0.01650   0.05953   0.09823   0.05742   0.18745   0.00000   0.10636   0.12459   0.03381   0.02661   0.06018   0.03395   0.06351   0.09541   0.05933   0.22419   0.26793   8.37771   1.30724   1.00587   1.46415   1.14739  
 15 20.9766   2113.044496  x:  0.00000   0.15712   0.08166   0.03034   0.02675   0.06733   0.01659   0.06218   0.09842   0.05624   0.19621   0.00000   0.10430   0.12473   0.03230   0.02665   0.05983   0.03400   0.06366   0.09490   0.05888   0.22291   0.26859   8.36874   1.33809   1.03972   1.47168   1.15837  
 16 23.3149   2113.031345  x:  0.00000   0.15710   0.08138   0.03088   0.02719   0.06881   0.01645   0.06005   0.09856   0.05516   0.19703   0.00000   0.10384   0.12498   0.03208   0.02668   0.06014   0.03399   0.06382   0.09460   0.05929   0.22292   0.26761   8.36744   1.34156   1.04239   1.47275   1.15853  
 17  9.9608   2112.984559  x:  0.00000   0.15309   0.07998   0.03035   0.02719   0.06858   0.01650   0.06097   0.09974   0.05597   0.19696   0.00000   0.10195   0.12593   0.03202   0.02664   0.06028   0.03397   0.06412   0.09434   0.05864   0.22475   0.25809   8.35959   1.35576   1.04446   1.47974   1.15115  
 18  4.5984   2112.923976  x:  0.00000   0.15323   0.08501   0.03061   0.02725   0.06857   0.01644   0.06047   0.09838   0.05599   0.19615   0.00000   0.10183   0.12274   0.03058   0.02672   0.05917   0.03406   0.06308   0.09655   0.05976   0.22686   0.25753   8.34738   1.37280   1.04380   1.49108   1.13776  
 19 10.0411   2112.810965  x:  0.00000   0.15656   0.08282   0.02982   0.02595   0.06908   0.01639   0.06170   0.09769   0.05395   0.19515   0.00000   0.10340   0.12497   0.03134   0.02645   0.06175   0.03353   0.06600   0.09623   0.05937   0.22792   0.26471   8.32347   1.40128   1.04202   1.51311   1.11162  
 20 28.1073   2112.773301  x:  0.00000   0.15693   0.08091   0.02998   0.02623   0.06949   0.01632   0.06125   0.09899   0.05555   0.19492   0.00000   0.10346   0.12611   0.02895   0.02654   0.05959   0.03368   0.06380   0.09450   0.05881   0.22623   0.26741   8.31513   1.40811   1.04241   1.52019   1.10346  
 21 22.6670   2112.702680  x:  0.00000   0.15271   0.08267   0.02939   0.02666   0.06821   0.01627   0.06045   0.10161   0.05627   0.19517   0.00000   0.10159   0.12502   0.02805   0.02650   0.06091   0.03371   0.06598   0.09404   0.05915   0.21708   0.26922   8.29727   1.40829   1.04873   1.53200   1.09124  
 22  8.3781   2112.630420  x:  0.00000   0.15030   0.08312   0.02868   0.02558   0.07225   0.01611   0.06310   0.10068   0.05445   0.19536   0.00000   0.10065   0.12556   0.02955   0.02640   0.05996   0.03334   0.06382   0.09633   0.05891   0.21358   0.26922   8.27765   1.40435   1.05689   1.54317   1.08030  
 23 22.1332   2112.412310  x:  0.00000   0.15154   0.08136   0.02906   0.02525   0.07086   0.01584   0.06202   0.09670   0.05515   0.19475   0.00000   0.10076   0.12764   0.02323   0.02633   0.05974   0.03320   0.06628   0.10005   0.05845   0.22206   0.26633   8.21872   1.38693   1.08174   1.57190   1.05340  
 24 31.8325   2112.322081  x:  0.00000   0.15373   0.08357   0.02751   0.02473   0.07212   0.01560   0.06268   0.10270   0.05570   0.19448   0.00000   0.10154   0.12586   0.02457   0.02625   0.06112   0.03301   0.06561   0.09531   0.05996   0.22808   0.26533   8.19315   1.38029   1.08976   1.58061   1.04544  
 25 30.6837   2112.095869  x:  0.00000   0.15334   0.08478   0.02548   0.02345   0.07381   0.01527   0.06269   0.10510   0.05484   0.19421   0.00000   0.10123   0.12611   0.02505   0.02584   0.05195   0.03265   0.07270   0.09464   0.06013   0.22939   0.26598   8.12629   1.37655   1.08525   1.57231   1.05378  
 26  9.2136   2110.645746  x:  0.00000   0.14849   0.08794   0.02123   0.01972   0.08003   0.01375   0.06667   0.10987   0.05537   0.19216   0.00000   0.09759   0.12922   0.00958   0.02517   0.05813   0.03095   0.07325   0.09827   0.06146   0.23149   0.27062   7.74745   1.35912   1.05292   1.51716   1.10873  
 27 168.5346   2110.207570  x:  0.00000   0.14554   0.09013   0.02019   0.01907   0.08596   0.01296   0.06953   0.11295   0.05684   0.18964   0.00000   0.09611   0.13334   0.01631   0.02490   0.06311   0.03018   0.07596   0.10159   0.06251   0.23350   0.27311   7.44556   1.33849   1.02738   1.47113   1.14355  
 28  0.4794   2110.036795  x:  0.00000   0.14710   0.09314   0.02276   0.02199   0.09002   0.01356   0.07057   0.11475   0.05808   0.18800   0.00000   0.09930   0.14100   0.01325   0.02538   0.06454   0.03114   0.07756   0.10334   0.06335   0.23231   0.27214   7.30485   1.32935   1.02075   1.45671   1.14738  
 29  0.1221   2109.930868  x:  0.00000   0.14845   0.09577   0.02092   0.01919   0.09045   0.01311   0.06985   0.11349   0.05923   0.18845   0.00000   0.09921   0.14948   0.01221   0.02544   0.06454   0.03133   0.07708   0.10245   0.06548   0.23070   0.27066   7.39649   1.33515   1.02916   1.46980   1.13736  
 30  0.0650   2109.907568  x:  0.00000   0.14735   0.09685   0.02103   0.02052   0.08910   0.01323   0.06937   0.11314   0.05905   0.18918   0.00000   0.09777   0.15222   0.01326   0.02522   0.06375   0.03115   0.07645   0.10205   0.06583   0.23165   0.27170   7.47011   1.33720   1.02998   1.47181   1.13703  
 31  0.0678   2109.905296  x:  0.00000   0.14719   0.09725   0.02146   0.02015   0.08855   0.01325   0.06944   0.11323   0.05902   0.18902   0.00000   0.09798   0.15298   0.01332   0.02525   0.06358   0.03122   0.07640   0.10219   0.06584   0.23188   0.27195   7.45280   1.33587   1.02811   1.46877   1.13905  
 32  0.0184   2109.905023  x:  0.00000   0.14728   0.09732   0.02125   0.02022   0.08833   0.01326   0.06949   0.11329   0.05904   0.18896   0.00000   0.09811   0.15316   0.01328   0.02527   0.06358   0.03124   0.07641   0.10226   0.06583   0.23186   0.27193   7.44331   1.33556   1.02789   1.46837   1.13952  
 33  0.0117   2109.905005  x:  0.00000   0.14732   0.09731   0.02127   0.02022   0.08825   0.01324   0.06950   0.11330   0.05904   0.18896   0.00000   0.09810   0.15313   0.01326   0.02527   0.06359   0.03123   0.07642   0.10225   0.06582   0.23182   0.27188   7.44279   1.33570   1.02812   1.46876   1.13944  
 34  0.0007   2109.905004  x:  0.00000   0.14732   0.09730   0.02127   0.02022   0.08823   0.01325   0.06951   0.11330   0.05904   0.18897   0.00000   0.09810   0.15312   0.01326   0.02527   0.06360   0.03124   0.07642   0.10225   0.06582   0.23182   0.27187   7.44314   1.33571   1.02810   1.46874   1.13941  
 35  0.0004   2109.905004  x:  0.00000   0.14732   0.09730   0.02127   0.02022   0.08823   0.01324   0.06951   0.11330   0.05904   0.18897   0.00000   0.09810   0.15312   0.01326   0.02527   0.06360   0.03124   0.07642   0.10225   0.06582   0.23182   0.27188   7.44316   1.33571   1.02809   1.46873   1.13941  
 36  0.0000   2109.905004  x:  0.00000   0.14732   0.09730   0.02127   0.02022   0.08823   0.01324   0.06951   0.11330   0.05904   0.18897   0.00000   0.09810   0.15312   0.01326   0.02527   0.06360   0.03124   0.07642   0.10225   0.06582   0.23182   0.27188   7.44316   1.33571   1.02809   1.46873   1.13941  
 37  0.0000   2109.905004  x:  0.00000   0.14732   0.09730   0.02127   0.02022   0.08823   0.01324   0.06951   0.11330   0.05904   0.18897   0.00000   0.09810   0.15312   0.01326   0.02527   0.06360   0.03124   0.07642   0.10225   0.06582   0.23182   0.27188   7.44316   1.33571   1.02809   1.46873   1.13941  

TREE # 2

  0  0.0000   2420.650718  x:  0.00000   0.14732   0.09730   0.02127   0.02022   0.08823   0.01324   0.06951   0.11330   0.05904   0.18897   0.00000   0.09810   0.15312   0.01326   0.02527   0.06360   0.03124   0.07642   0.10225   0.06582   0.23182   0.27188   7.44316   1.31287   0.94558   1.35242   1.13941  
  1 99.0000   2253.534317  x:  0.44560   0.14978   0.10224   0.03424   0.03060   0.09097   0.03295   0.06773   0.11212   0.05884   0.18712   0.03468   0.10452   0.15450   0.04532   0.03056   0.06578   0.03964   0.07420   0.10111   0.06306   0.22953   0.26842   7.44317   1.31288   0.94564   1.35249   1.13946  
  2 18194.2868   2171.756097  x:  0.43357   0.08056   0.21157   0.11778   0.14408   0.13821   0.17009   0.02241   0.08701   0.01562   0.13653   0.02273   0.04266   0.18219   0.17420   0.09470   0.10292   0.16610   0.02603   0.07804   0.00618   0.18190   0.19630   7.44332   1.31127   0.94885   1.35427   1.14038  
  3 676.1465   2149.579010  x:  0.43300   0.03216   0.22793   0.12228   0.13824   0.14599   0.17060   0.00166   0.07856   0.03594   0.10640   0.03985   0.00000   0.18508   0.18637   0.08796   0.10389   0.16848   0.00853   0.07172   0.02902   0.15463   0.14763   7.44342   1.30912   0.95228   1.35553   1.14103  
  4 355.7494   2139.032022  x:  0.43310   0.00000   0.23735   0.12424   0.13294   0.15087   0.16981   0.01113   0.07397   0.04227   0.08767   0.04590   0.00000   0.18679   0.19271   0.08311   0.10444   0.16897   0.00419   0.06834   0.03561   0.13703   0.11529   7.44348   1.30772   0.95451   1.35641   1.14142  
  5 1245.5572   2125.614712  x:  0.43473   0.00000   0.26016   0.12666   0.11343   0.16263   0.16291   0.01045   0.06450   0.04333   0.03932   0.05004   0.00000   0.19108   0.20584   0.06852   0.10647   0.16770   0.02677   0.06191   0.03667   0.08839   0.02042   7.44366   1.30371   0.96091   1.35913   1.14243  
  6 1088.1876   2124.405852  x:  0.43517   0.00000   0.26266   0.12623   0.10954   0.16376   0.16088   0.00918   0.06517   0.04030   0.04136   0.04788   0.00000   0.19149   0.20672   0.06672   0.10607   0.16625   0.02168   0.06195   0.03361   0.08372   0.00807   7.44369   1.30304   0.96197   1.35969   1.14259  
  7 215.8209   2123.625008  x:  0.43574   0.00000   0.27268   0.12587   0.09785   0.16838   0.15560   0.00705   0.06541   0.03421   0.03846   0.04371   0.00000   0.19323   0.21103   0.06219   0.10604   0.16338   0.01520   0.06090   0.02915   0.06905   0.01169   7.44380   1.30065   0.96570   1.36169   1.14318  
  8 71.8348   2123.226586  x:  0.43558   0.00000   0.28780   0.12676   0.08648   0.17468   0.15160   0.00770   0.06587   0.03554   0.04706   0.04348   0.00000   0.19572   0.21841   0.06194   0.10805   0.16232   0.01826   0.06176   0.03183   0.06616   0.01233   7.44398   1.29719   0.97114   1.36497   1.14411  
  9 48.2462   2122.952356  x:  0.43563   0.00000   0.30193   0.12619   0.07736   0.17939   0.14646   0.00734   0.06746   0.03522   0.04419   0.04240   0.00000   0.19754   0.22378   0.06230   0.10910   0.15949   0.01731   0.06349   0.03033   0.07576   0.01212   7.44422   1.29318   0.97760   1.36911   1.14528  
 10 46.4085   2122.806792  x:  0.43569   0.00000   0.31419   0.12148   0.08647   0.17827   0.14034   0.00730   0.06622   0.03432   0.04507   0.04435   0.00000   0.19709   0.22190   0.06257   0.10736   0.15283   0.01774   0.06107   0.02880   0.07661   0.01224   7.44481   1.28649   0.98926   1.37768   1.14779  
 11 13.3504   2122.747597  x:  0.43600   0.00000   0.31804   0.11972   0.08872   0.17595   0.14103   0.00743   0.06807   0.03484   0.04446   0.04113   0.00000   0.19737   0.21898   0.06401   0.10682   0.15205   0.01765   0.06459   0.03071   0.07567   0.01215   7.44525   1.28307   0.99601   1.38357   1.14956  
 12 15.3008   2122.631389  x:  0.43596   0.00000   0.32101   0.11787   0.08499   0.16979   0.14797   0.00733   0.06736   0.03622   0.04460   0.04301   0.00000   0.19959   0.20920   0.06538   0.10642   0.15573   0.01737   0.06356   0.02827   0.07528   0.01213   7.44660   1.27643   1.01199   1.39983   1.15461  
 13 14.8778   2122.591265  x:  0.43595   0.00000   0.32010   0.11837   0.08457   0.17050   0.14884   0.00736   0.06676   0.03309   0.04464   0.04271   0.00000   0.20063   0.20671   0.06442   0.10684   0.15746   0.01724   0.06191   0.03099   0.07610   0.01197   7.44725   1.27569   1.01694   1.40646   1.15678  
 14 13.5828   2122.463315  x:  0.43560   0.00000   0.31185   0.12198   0.08676   0.18061   0.14526   0.00720   0.06740   0.03572   0.04505   0.04065   0.00000   0.20343   0.20370   0.06110   0.10883   0.16217   0.01683   0.06189   0.02935   0.07651   0.01206   7.44998   1.27945   1.03004   1.43005   1.16486  
 15 13.6314   2122.347800  x:  0.43449   0.00000   0.30438   0.12240   0.08636   0.18460   0.14238   0.00717   0.06764   0.03306   0.04485   0.04493   0.00000   0.20251   0.20630   0.06687   0.10928   0.16207   0.01649   0.06561   0.02870   0.07533   0.01204   7.45281   1.28781   1.03906   1.45060   1.17229  
 16 20.6480   2122.067268  x:  0.43247   0.00000   0.29257   0.12055   0.08402   0.18087   0.14235   0.00722   0.06622   0.03470   0.04527   0.03895   0.00000   0.19537   0.22021   0.07220   0.10614   0.15673   0.01661   0.05959   0.02882   0.07555   0.01195   7.46007   1.31595   1.05535   1.49517   1.18914  
 17 28.9673   2121.797872  x:  0.42984   0.00000   0.28787   0.12187   0.08446   0.17288   0.14561   0.00740   0.06864   0.03283   0.04670   0.04144   0.00000   0.18995   0.23125   0.06088   0.10346   0.15269   0.01723   0.06406   0.02775   0.07686   0.01242   7.46736   1.34714   1.06844   1.53299   1.20388  
 18 47.3590   2121.398952  x:  0.42791   0.00000   0.29694   0.13052   0.08521   0.16296   0.14133   0.00744   0.06550   0.03208   0.04762   0.03926   0.00000   0.19493   0.21662   0.06223   0.11813   0.14693   0.01577   0.06521   0.02617   0.07733   0.01251   7.47964   1.40601   1.08112   1.56608   1.21825  
 19 17.8632   2121.033745  x:  0.42609   0.00000   0.30762   0.12506   0.08566   0.16616   0.14110   0.00757   0.07713   0.03098   0.04804   0.04023   0.00000   0.19924   0.19964   0.06623   0.10991   0.15104   0.01592   0.06051   0.02560   0.07726   0.01249   7.49150   1.45865   1.09311   1.58518   1.22701  
 20 35.0681   2120.757619  x:  0.42496   0.00000   0.31375   0.11532   0.08553   0.17157   0.14237   0.00735   0.06856   0.03026   0.04924   0.03786   0.00000   0.20171   0.18865   0.06720   0.10014   0.15579   0.01541   0.06445   0.02486   0.07851   0.01264   7.50038   1.49316   1.10317   1.59396   1.23096  
 21 49.7695   2120.419677  x:  0.42242   0.00000   0.30760   0.09685   0.08608   0.17530   0.14651   0.00731   0.07028   0.02927   0.05032   0.03737   0.00000   0.20315   0.18913   0.06488   0.11286   0.15622   0.01440   0.06462   0.02374   0.07922   0.01281   7.51248   1.51009   1.12348   1.58458   1.22442  
 22  9.8396   2119.033274  x:  0.41024   0.00000   0.27272   0.11706   0.08451   0.16896   0.14275   0.00761   0.07329   0.02484   0.05524   0.03302   0.00000   0.20798   0.19536   0.06756   0.10397   0.14373   0.01412   0.06563   0.01945   0.08244   0.01357   7.56465   1.53558   1.20808   1.52448   1.18142  
 23 21.0253   2118.315362  x:  0.40490   0.00000   0.26953   0.12015   0.08239   0.16196   0.12741   0.00801   0.07457   0.02252   0.05744   0.03051   0.00000   0.17552   0.18831   0.06786   0.10798   0.16211   0.01261   0.06606   0.01735   0.08364   0.01379   7.59175   1.51470   1.19634   1.51596   1.15513  
 24 12.0605   2116.069951  x:  0.38737   0.00000   0.25750   0.11193   0.08216   0.16295   0.13471   0.00807   0.07834   0.01601   0.06413   0.02438   0.00000   0.18806   0.16770   0.07021   0.10523   0.13955   0.01130   0.06782   0.01056   0.08781   0.01481   7.67418   1.41050   1.08133   1.52407   1.07662  
 25 26.1837   2115.985119  x:  0.38664   0.00000   0.25616   0.10891   0.08272   0.15653   0.12811   0.00830   0.07851   0.01582   0.06438   0.02405   0.00000   0.19657   0.17033   0.07041   0.10413   0.14553   0.01114   0.06782   0.01053   0.08796   0.01484   7.67723   1.40530   1.07594   1.52224   1.08031  
 26  9.4139   2115.488319  x:  0.38125   0.00000   0.25315   0.10796   0.08204   0.15740   0.12818   0.00853   0.07943   0.01486   0.06595   0.02291   0.00000   0.19427   0.16482   0.07052   0.10456   0.14165   0.01174   0.06838   0.00995   0.08915   0.01508   7.69179   1.36085   1.04256   1.47115   1.21187  
 27  4.9811   2111.440738  x:  0.32427   0.00000   0.22789   0.09772   0.07275   0.15126   0.11105   0.01411   0.08155   0.02266   0.07213   0.02512   0.00000   0.19597   0.13782   0.06747   0.09876   0.11568   0.02522   0.07082   0.02391   0.09455   0.01603   7.78536   1.26898   0.96012   1.44450   1.15416  
 28  0.3984   2110.324287  x:  0.29715   0.00000   0.23122   0.09523   0.06202   0.15269   0.09598   0.01529   0.07892   0.02520   0.06951   0.03278   0.00000   0.19315   0.14453   0.05936   0.09659   0.10759   0.02830   0.07087   0.01907   0.09115   0.01413   7.66070   1.33369   1.02339   1.46731   1.15055  
 29  0.2644   2109.990607  x:  0.28039   0.00000   0.22748   0.09638   0.06521   0.15249   0.10356   0.01454   0.07638   0.02528   0.06596   0.03078   0.00000   0.18656   0.14520   0.05551   0.09751   0.11363   0.02317   0.06986   0.02079   0.08818   0.01233   7.40701   1.35193   1.04242   1.47514   1.13939  
 30  0.2026   2109.917069  x:  0.27386   0.00000   0.23227   0.09782   0.06633   0.15287   0.10150   0.01406   0.07606   0.02562   0.06442   0.03136   0.00000   0.18724   0.14810   0.05880   0.09709   0.11280   0.02083   0.06949   0.02056   0.08771   0.01263   7.38349   1.33436   1.02766   1.46914   1.13798  
 31  0.0379   2109.907450  x:  0.27195   0.00000   0.23185   0.09812   0.06564   0.15311   0.10218   0.01389   0.07625   0.02535   0.06387   0.03144   0.00000   0.18924   0.14655   0.05938   0.09738   0.11361   0.02103   0.06945   0.02030   0.08810   0.01323   7.43276   1.33578   1.02806   1.46886   1.13874  
 32  0.0526   2109.906048  x:  0.27176   0.00000   0.23181   0.09813   0.06580   0.15320   0.10223   0.01373   0.07640   0.02523   0.06362   0.03116   0.00000   0.18917   0.14765   0.05906   0.09727   0.11311   0.02123   0.06947   0.02025   0.08819   0.01332   7.44804   1.33594   1.02827   1.46887   1.13924  
 33  0.0173   2109.905382  x:  0.27192   0.00000   0.23207   0.09805   0.06601   0.15311   0.10218   0.01349   0.07648   0.02524   0.06346   0.03122   0.00000   0.18894   0.14733   0.05894   0.09731   0.11352   0.02125   0.06950   0.02012   0.08823   0.01327   7.44872   1.33542   1.02789   1.46853   1.13990  
 34  0.0010   2109.905072  x:  0.27190   0.00000   0.23179   0.09811   0.06578   0.15311   0.10232   0.01331   0.07646   0.02519   0.06349   0.03123   0.00000   0.18886   0.14731   0.05907   0.09730   0.11332   0.02124   0.06952   0.02018   0.08825   0.01321   7.44288   1.33559   1.02806   1.46867   1.13961  
 35  0.0049   2109.905014  x:  0.27190   0.00000   0.23176   0.09809   0.06583   0.15312   0.10223   0.01327   0.07642   0.02527   0.06357   0.03121   0.00000   0.18898   0.14728   0.05906   0.09731   0.11328   0.02126   0.06952   0.02020   0.08826   0.01324   7.44215   1.33575   1.02812   1.46873   1.13939  
 36  0.0008   2109.905005  x:  0.27190   0.00000   0.23182   0.09809   0.06581   0.15312   0.10224   0.01326   0.07641   0.02526   0.06359   0.03124   0.00000   0.18898   0.14731   0.05904   0.09730   0.11330   0.02127   0.06951   0.02022   0.08825   0.01325   7.44284   1.33569   1.02806   1.46872   1.13937  
 37  0.0008   2109.905004  x:  0.27188   0.00000   0.23182   0.09810   0.06582   0.15312   0.10225   0.01326   0.07642   0.02527   0.06359   0.03124   0.00000   0.18897   0.14732   0.05904   0.09730   0.11330   0.02127   0.06951   0.02022   0.08824   0.01325   7.44317   1.33570   1.02809   1.46873   1.13941  
 38  0.0003   2109.905004  x:  0.27188   0.00000   0.23182   0.09810   0.06582   0.15312   0.10225   0.01326   0.07642   0.02527   0.06360   0.03124   0.00000   0.18897   0.14731   0.05904   0.09730   0.11330   0.02127   0.06951   0.02022   0.08823   0.01325   7.44319   1.33571   1.02810   1.46873   1.13941  
 39  0.0000   2109.905004  x:  0.27188   0.00000   0.23182   0.09810   0.06582   0.15312   0.10225   0.01326   0.07642   0.02527   0.06360   0.03124   0.00000   0.18897   0.14732   0.05904   0.09730   0.11330   0.02127   0.06951   0.02022   0.08823   0.01324   7.44317   1.33570   1.02809   1.46873   1.13941  
 40  0.0000   2109.905004  x:  0.27188   0.00000   0.23182   0.09810   0.06582   0.15312   0.10225   0.01326   0.07642   0.02527   0.06360   0.03124   0.00000   0.18897   0.14732   0.05904   0.09730   0.11330   0.02127   0.06951   0.02022   0.08823   0.01324   7.44316   1.33571   1.02809   1.46873   1.13941  
 41  0.0000   2109.905004  x:  0.27188   0.00000   0.23182   0.09810   0.06582   0.15312   0.10225   0.01326   0.07642   0.02527   0.06360   0.03124   0.00000   0.18897   0.14732   0.05904   0.09730   0.11330   0.02127   0.06951   0.02022   0.08823   0.01324   7.44316   1.33571   1.02809   1.46873   1.13941  