

TREE # 1

  0  0.0000   2245.091309  x:  0.07709   0.00000   0.11878   0.01729   0.08739   0.07777   0.08345   0.03970   0.08789   0.07185   0.06461   0.10769   0.00781   0.06474   0.01160   0.05480   0.06129   0.05163   0.05697   0.05748   0.11805   0.06090   0.13130   0.09571   2.00000   1.64219   1.14150   1.78569   0.40000  
  1 99.0000   2245.089958  x:  0.07709   0.00000   0.11878   0.01729   0.08739   0.07777   0.08345   0.03970   0.08789   0.07185   0.06461   0.10769   0.00782   0.06475   0.01160   0.05480   0.06129   0.05163   0.05697   0.05748   0.11805   0.06090   0.13130   0.09571   2.00000   1.64219   1.14150   1.78569   0.40000  
  2 481.3014   2239.457059  x:  0.08132   0.00000   0.12523   0.01207   0.08585   0.07468   0.08744   0.03522   0.08613   0.07656   0.05901   0.11045   0.00000   0.07008   0.01017   0.04638   0.05674   0.05480   0.05149   0.05900   0.11966   0.05984   0.13740   0.09993   2.00305   1.64183   1.14179   1.78544   0.40851  
  3 615.5477   2235.620102  x:  0.08498   0.00000   0.13136   0.00341   0.08412   0.07158   0.09097   0.03092   0.08438   0.08027   0.05301   0.11303   0.00201   0.07100   0.00768   0.03731   0.05212   0.05673   0.04590   0.06023   0.12130   0.05860   0.14337   0.10359   2.00640   1.64142   1.14210   1.78515   0.41740  
  4 1225.4282   2228.339201  x:  0.09107   0.00000   0.14442   0.00701   0.07970   0.06442   0.09710   0.02206   0.08059   0.08536   0.03861   0.11813   0.00304   0.05576   0.00128   0.01389   0.04138   0.05628   0.03282   0.06194   0.12524   0.05518   0.15585   0.10966   2.01538   1.64034   1.14291   1.78433   0.43944  
  5 728.4795   2225.848278  x:  0.09350   0.00000   0.14995   0.00780   0.07772   0.06133   0.09957   0.01849   0.07898   0.08724   0.03227   0.12027   0.00336   0.04856   0.00487   0.00375   0.03679   0.05570   0.02733   0.06261   0.12700   0.05375   0.16115   0.11207   2.01948   1.63984   1.14328   1.78395   0.44926  
  6 2635.1363   2224.001078  x:  0.09491   0.00000   0.15840   0.00874   0.07302   0.05626   0.10130   0.02066   0.07680   0.08613   0.02076   0.12351   0.00360   0.04302   0.00673   0.01684   0.03130   0.05071   0.02264   0.06244   0.13118   0.05190   0.16964   0.11344   2.03166   1.63841   1.14435   1.78282   0.47342  
  7 184.4720   2220.325505  x:  0.08765   0.00000   0.16697   0.00891   0.06332   0.05127   0.09511   0.03678   0.07564   0.07078   0.01724   0.12628   0.00324   0.04960   0.00598   0.01112   0.03438   0.03541   0.03623   0.05761   0.13925   0.05198   0.17978   0.10606   2.07011   1.63413   1.14757   1.77914   0.53617  
  8 179.8355   2217.266830  x:  0.07935   0.00000   0.16857   0.00879   0.06121   0.05351   0.08740   0.04004   0.07670   0.06543   0.03486   0.12538   0.00346   0.04473   0.00646   0.01279   0.04071   0.05633   0.04060   0.05628   0.14544   0.05376   0.18299   0.09760   2.12171   1.62866   1.15189   1.77411   0.60584  
  9 236.2795   2213.374675  x:  0.07369   0.00000   0.14617   0.00837   0.07902   0.07019   0.08055   0.02381   0.08292   0.08271   0.04082   0.11381   0.00359   0.04798   0.00651   0.01426   0.04622   0.04353   0.03022   0.06010   0.14233   0.05735   0.16224   0.09164   2.20828   1.61997   1.15945   1.76536   0.68288  
 10 173.4685   2210.889443  x:  0.08531   0.00000   0.12460   0.00882   0.08505   0.07322   0.09239   0.02884   0.08503   0.07532   0.02812   0.10679   0.00388   0.04787   0.00631   0.01270   0.04091   0.05263   0.03582   0.05950   0.13072   0.05538   0.13750   0.10296   2.29021   1.61251   1.16646   1.75693   0.71391  
 11 135.6700   2203.642496  x:  0.09623   0.00000   0.13203   0.00831   0.06824   0.04811   0.10148   0.02003   0.07528   0.06534   0.06000   0.12390   0.00397   0.04934   0.00714   0.01651   0.03416   0.03792   0.02620   0.05672   0.09319   0.05045   0.12144   0.11258   2.63241   1.58455   1.19295   1.72179   0.71084  
 12 120.7334   2184.594444  x:  0.08390   0.00000   0.15905   0.00775   0.06732   0.05685   0.08700   0.05847   0.07315   0.12240   0.02906   0.14371   0.00336   0.03997   0.00684   0.01162   0.05286   0.05195   0.04751   0.06423   0.09274   0.06122   0.16137   0.09602   3.71806   1.49842   1.26894   1.61386   0.64207  
 13 591.2579   2176.327217  x:  0.07817   0.00000   0.16045   0.00809   0.07971   0.07167   0.08056   0.03953   0.08306   0.07969   0.01934   0.12765   0.00250   0.05101   0.00653   0.01055   0.04175   0.05685   0.02802   0.05732   0.15043   0.05457   0.18371   0.08856   4.13992   1.46846   1.28732   1.57713   0.60663  
 14 627.2226   2175.314624  x:  0.08647   0.00000   0.16058   0.00807   0.08136   0.07310   0.08914   0.03366   0.08410   0.08015   0.02776   0.11883   0.00255   0.04799   0.00672   0.01250   0.04089   0.05164   0.03960   0.06146   0.16599   0.05597   0.19151   0.09658   4.19481   1.46743   1.28061   1.57710   0.60310  
 15 142.9979   2174.146212  x:  0.08697   0.00000   0.15198   0.00815   0.06738   0.05662   0.08980   0.03096   0.07873   0.08520   0.02475   0.10617   0.00246   0.04859   0.00658   0.01223   0.05257   0.05260   0.03600   0.06080   0.17724   0.06067   0.18996   0.09643   4.25659   1.48234   1.22418   1.60239   0.60063  
 16 39.1500   2171.555264  x:  0.08593   0.00000   0.15347   0.00786   0.07233   0.06159   0.08853   0.03864   0.07986   0.08929   0.02816   0.11890   0.00232   0.04942   0.00649   0.01151   0.03754   0.05229   0.03605   0.06214   0.18206   0.05212   0.18719   0.09372   4.39298   1.52503   1.07076   1.67340   0.59798  
 17 117.1724   2171.194407  x:  0.08740   0.00000   0.15909   0.00801   0.07557   0.06615   0.08832   0.03187   0.08103   0.08383   0.02407   0.12036   0.00229   0.04910   0.00657   0.01232   0.04382   0.05296   0.03872   0.06173   0.17542   0.05787   0.18966   0.09488   4.41199   1.53194   1.04944   1.68446   0.59815  
 18 65.8408   2171.043015  x:  0.08730   0.00000   0.16084   0.00804   0.07550   0.06921   0.08954   0.03344   0.08255   0.08274   0.02457   0.11062   0.00223   0.04965   0.00664   0.01225   0.04302   0.05298   0.03681   0.06054   0.16761   0.05585   0.19599   0.09444   4.41760   1.53611   1.04681   1.68991   0.59865  
 19 11.8654   2170.404977  x:  0.08642   0.00000   0.15086   0.00833   0.07566   0.06410   0.08304   0.02598   0.08163   0.08125   0.02234   0.10966   0.00206   0.05140   0.00668   0.01296   0.03394   0.05496   0.04349   0.06700   0.15952   0.05615   0.20796   0.09141   4.43217   1.55735   1.06149   1.71469   0.60192  
 20  8.3944   2166.192882  x:  0.10506   0.00000   0.11591   0.00951   0.08991   0.05964   0.09560   0.03311   0.08252   0.07872   0.02863   0.13626   0.00165   0.05748   0.00728   0.01285   0.04793   0.05550   0.02842   0.06472   0.14929   0.05807   0.25302   0.09475   4.52714   1.70518   1.17611   1.88571   0.62653  
 21 85.1786   2156.053495  x:  0.13172   0.00000   0.16207   0.01158   0.07781   0.06993   0.10382   0.01516   0.07919   0.10167   0.02446   0.13713   0.00269   0.07462   0.00860   0.01487   0.04180   0.06674   0.04056   0.03323   0.15624   0.04588   0.23153   0.08554   4.74465   2.04313   1.44828   2.27788   0.68109  
 22 262.7249   2151.151595  x:  0.14710   0.00000   0.20251   0.01270   0.07075   0.07646   0.10847   0.02242   0.07833   0.10242   0.02412   0.12998   0.00350   0.08552   0.00879   0.01351   0.03995   0.07171   0.03233   0.07472   0.16216   0.05382   0.20727   0.07945   4.87405   2.24249   1.60952   2.50961   0.71333  
 23 899.6855   2150.905751  x:  0.14721   0.00000   0.20633   0.01257   0.07962   0.06925   0.10864   0.02547   0.07835   0.10291   0.02522   0.12711   0.00354   0.08584   0.00872   0.01323   0.03589   0.07200   0.03140   0.07216   0.16245   0.06244   0.20594   0.07861   4.87878   2.24613   1.61293   2.51416   0.71478  
 24 27.5937   2150.608437  x:  0.14679   0.00000   0.20993   0.01256   0.08986   0.05984   0.10975   0.02476   0.07952   0.10307   0.02430   0.12573   0.00360   0.08639   0.00885   0.01337   0.04047   0.07277   0.03317   0.07430   0.16192   0.05387   0.20544   0.07698   4.88186   2.23535   1.60620   2.50286   0.71682  
 25 12.2457   2133.598747  x:  0.19975   0.00000   0.21152   0.01711   0.07732   0.04611   0.12989   0.01562   0.07606   0.12858   0.02701   0.14177   0.00487   0.11991   0.01101   0.01463   0.03510   0.08963   0.02486   0.07578   0.14365   0.05832   0.23700   0.06682   4.99675   1.44517   1.09082   1.65502   0.81720  
 26 37.3290   2133.532084  x:  0.20295   0.00000   0.21181   0.01714   0.07874   0.04697   0.12461   0.01671   0.07093   0.12846   0.02735   0.14092   0.00488   0.11999   0.01103   0.01457   0.03571   0.08961   0.02434   0.07547   0.14381   0.05729   0.23721   0.06973   4.99788   1.44644   1.08832   1.64798   0.81783  
 27 12.8363   2133.419356  x:  0.20641   0.00000   0.21232   0.01714   0.07768   0.04556   0.11972   0.01741   0.07766   0.12922   0.02751   0.14097   0.00488   0.12008   0.01104   0.01450   0.03595   0.08965   0.02385   0.07519   0.14390   0.05707   0.23723   0.07263   5.00196   1.46342   1.08356   1.62608   0.81938  
 28  9.8444   2133.239357  x:  0.20362   0.00000   0.21221   0.01723   0.07795   0.04632   0.12598   0.01640   0.07336   0.12931   0.02713   0.14125   0.00491   0.12070   0.01105   0.01459   0.03535   0.08993   0.02454   0.07578   0.14379   0.05757   0.23738   0.06893   5.00959   1.49513   1.07622   1.58892   0.82193  
 29 28.6763   2125.892976  x:  0.24011   0.00000   0.23276   0.02234   0.06493   0.06310   0.14099   0.02326   0.07436   0.14346   0.02007   0.14459   0.00536   0.15075   0.01241   0.00406   0.02330   0.09819   0.02220   0.07727   0.15136   0.05094   0.24440   0.04921   6.12107   1.78272   1.29340   1.92335   0.96842  
 30  1.0335   2121.989078  x:  0.26694   0.00000   0.24446   0.02784   0.07400   0.05694   0.13324   0.01359   0.07268   0.14548   0.02668   0.14364   0.00604   0.18022   0.01556   0.00856   0.04654   0.10095   0.02807   0.07573   0.15031   0.05470   0.24672   0.03304   7.11441   1.65199   1.23662   1.77701   1.07298  
 31  0.7372   2120.559152  x:  0.26294   0.00000   0.23906   0.03062   0.07394   0.05097   0.13870   0.02449   0.07458   0.14195   0.02391   0.14246   0.00594   0.19307   0.01669   0.00621   0.03809   0.09863   0.02608   0.06890   0.14640   0.05240   0.24375   0.01724   7.72243   1.54394   1.15658   1.65433   1.10955  
 32  0.5046   2119.509164  x:  0.25796   0.00000   0.23080   0.03221   0.07291   0.04987   0.12772   0.01902   0.07255   0.12984   0.02297   0.13938   0.00520   0.19857   0.01734   0.00580   0.02788   0.09187   0.02178   0.06670   0.14697   0.05245   0.23747   0.01187   8.30524   1.64405   1.20032   1.76684   1.12458  
 33  0.5471   2119.180847  x:  0.25647   0.00000   0.22409   0.03295   0.07094   0.05673   0.12430   0.01803   0.07482   0.12712   0.02029   0.14151   0.00463   0.19966   0.01777   0.00666   0.03182   0.08657   0.02740   0.06802   0.14383   0.05155   0.23755   0.01260   8.55776   1.66342   1.22025   1.79024   1.11898  
 34  0.2489   2118.972126  x:  0.25633   0.00000   0.22135   0.03309   0.07246   0.05459   0.12668   0.01710   0.07415   0.12447   0.02206   0.14453   0.00354   0.20045   0.01814   0.00710   0.03561   0.08105   0.02334   0.07032   0.14545   0.05168   0.23802   0.01408   8.83687   1.64129   1.21968   1.76857   1.10148  
 35  0.1586   2118.845978  x:  0.25817   0.00000   0.22046   0.03281   0.07336   0.05101   0.12837   0.01879   0.07307   0.12712   0.02190   0.14527   0.00241   0.19976   0.01826   0.00695   0.03261   0.07839   0.02639   0.07165   0.14493   0.05222   0.23836   0.01755   9.02148   1.62745   1.20873   1.75512   1.08038  
 36  0.1314   2118.767758  x:  0.25947   0.00000   0.22315   0.03216   0.07138   0.05453   0.13058   0.01890   0.07418   0.13022   0.02174   0.14429   0.00129   0.19776   0.01822   0.00650   0.03197   0.07924   0.02459   0.07193   0.14169   0.05208   0.23785   0.02094   9.11283   1.63564   1.20459   1.76180   1.06451  
 37  0.0571   2118.726547  x:  0.25847   0.00000   0.22562   0.03167   0.07216   0.05296   0.13007   0.01768   0.07334   0.13134   0.02221   0.14275   0.00036   0.19610   0.01822   0.00638   0.03296   0.08165   0.02490   0.07102   0.14384   0.05193   0.23585   0.02185   9.19932   1.64997   1.21472   1.77759   1.06012  
 38  0.0472   2118.710440  x:  0.25746   0.00000   0.22517   0.03163   0.07224   0.05339   0.12981   0.01780   0.07361   0.13102   0.02229   0.14305   0.00000   0.19576   0.01829   0.00657   0.03277   0.08239   0.02502   0.07047   0.14371   0.05192   0.23651   0.02146   9.24482   1.64429   1.21297   1.77217   1.06140  
 39  0.0551   2118.701721  x:  0.25612   0.00000   0.22416   0.03166   0.07228   0.05368   0.12914   0.01825   0.07385   0.13021   0.02204   0.14388   0.00000   0.19516   0.01834   0.00657   0.03283   0.08353   0.02508   0.07002   0.14348   0.05199   0.23859   0.02065   9.29109   1.63776   1.21002   1.76572   1.06733  
 40  0.0427   2118.698918  x:  0.25591   0.00000   0.22413   0.03167   0.07201   0.05373   0.12869   0.01814   0.07381   0.12995   0.02222   0.14401   0.00000   0.19388   0.01831   0.00668   0.03252   0.08361   0.02506   0.07091   0.14410   0.05199   0.23881   0.02132   9.28008   1.63958   1.21006   1.76654   1.07077  
 41  0.0039   2118.697316  x:  0.25548   0.00000   0.22439   0.03170   0.07222   0.05350   0.12910   0.01832   0.07374   0.13004   0.02204   0.14388   0.00000   0.19280   0.01831   0.00655   0.03281   0.08344   0.02498   0.07117   0.14360   0.05216   0.23874   0.02173   9.29475   1.64129   1.21144   1.76867   1.07231  
 42  0.0085   2118.696560  x:  0.25542   0.00000   0.22439   0.03179   0.07210   0.05359   0.12913   0.01816   0.07375   0.13017   0.02209   0.14384   0.00000   0.19223   0.01834   0.00652   0.03274   0.08323   0.02506   0.07087   0.14358   0.05206   0.23843   0.02209   9.31736   1.63912   1.21032   1.76690   1.07327  
 43  0.0121   2118.696337  x:  0.25539   0.00000   0.22443   0.03188   0.07207   0.05358   0.12923   0.01823   0.07374   0.13023   0.02214   0.14389   0.00000   0.19210   0.01836   0.00662   0.03274   0.08317   0.02505   0.07065   0.14359   0.05205   0.23836   0.02205   9.31156   1.64011   1.21082   1.76785   1.07371  
 44  0.0041   2118.696194  x:  0.25555   0.00000   0.22446   0.03201   0.07214   0.05358   0.12918   0.01819   0.07374   0.13019   0.02205   0.14397   0.00000   0.19210   0.01837   0.00658   0.03272   0.08313   0.02503   0.07059   0.14357   0.05202   0.23848   0.02199   9.29976   1.64001   1.21083   1.76741   1.07406  
 45  0.0051   2118.696040  x:  0.25555   0.00000   0.22449   0.03219   0.07203   0.05358   0.12920   0.01821   0.07373   0.13016   0.02210   0.14402   0.00000   0.19203   0.01841   0.00656   0.03274   0.08316   0.02505   0.07068   0.14359   0.05206   0.23866   0.02189   9.30150   1.63976   1.21071   1.76741   1.07295  
 46  0.0006   2118.696014  x:  0.25555   0.00000   0.22452   0.03223   0.07210   0.05359   0.12917   0.01820   0.07373   0.13017   0.02206   0.14393   0.00000   0.19203   0.01842   0.00657   0.03273   0.08322   0.02504   0.07069   0.14362   0.05203   0.23856   0.02185   9.30348   1.63990   1.21074   1.76755   1.07281  
 47  0.0015   2118.696011  x:  0.25557   0.00000   0.22449   0.03224   0.07209   0.05359   0.12916   0.01821   0.07373   0.13017   0.02206   0.14392   0.00000   0.19205   0.01842   0.00657   0.03273   0.08323   0.02504   0.07069   0.14361   0.05205   0.23851   0.02185   9.30334   1.63988   1.21072   1.76750   1.07290  
 48  0.0001   2118.696010  x:  0.25558   0.00000   0.22446   0.03224   0.07209   0.05359   0.12917   0.01821   0.07373   0.13017   0.02207   0.14393   0.00000   0.19205   0.01842   0.00657   0.03273   0.08323   0.02504   0.07069   0.14360   0.05204   0.23851   0.02185   9.30339   1.63988   1.21073   1.76751   1.07291  
 49  0.0000   2118.696010  x:  0.25558   0.00000   0.22446   0.03224   0.07209   0.05359   0.12917   0.01820   0.07373   0.13017   0.02207   0.14393   0.00000   0.19205   0.01842   0.00657   0.03273   0.08323   0.02504   0.07069   0.14360   0.05204   0.23851   0.02185   9.30338   1.63989   1.21073   1.76753   1.07290  
 50  0.0000   2118.696010  x:  0.25558   0.00000   0.22446   0.03224   0.07209   0.05359   0.12917   0.01820   0.07373   0.13017   0.02207   0.14393   0.00000   0.19205   0.01842   0.00657   0.03273   0.08323   0.02504   0.07069   0.14360   0.05204   0.23851   0.02185   9.30334   1.63990   1.21074   1.76753   1.07290  
 51  0.0000   2118.696010  x:  0.25558   0.00000   0.22446   0.03224   0.07209   0.05359   0.12917   0.01820   0.07373   0.13017   0.02207   0.14393   0.00000   0.19205   0.01842   0.00657   0.03273   0.08323   0.02504   0.07069   0.14360   0.05204   0.23851   0.02185   9.30334   1.63988   1.21073   1.76752   1.07289  
 52  0.0000   2118.696010  x:  0.25559   0.00000   0.22446   0.03224   0.07209   0.05359   0.12917   0.01820   0.07373   0.13017   0.02207   0.14393   0.00000   0.19205   0.01841   0.00657   0.03273   0.08323   0.02504   0.07069   0.14360   0.05204   0.23851   0.02184   9.30338   1.63989   1.21073   1.76753   1.07290  
 53  0.0000   2118.696010  x:  0.25559   0.00000   0.22446   0.03224   0.07209   0.05359   0.12917   0.01820   0.07373   0.13017   0.02207   0.14393   0.00000   0.19205   0.01841   0.00657   0.03273   0.08323   0.02504   0.07069   0.14360   0.05204   0.23851   0.02184   9.30341   1.63989   1.21074   1.76752   1.07290  
 54  0.0000   2118.696010  x:  0.25559   0.00000   0.22446   0.03224   0.07209   0.05359   0.12917   0.01820   0.07373   0.13017   0.02207   0.14393   0.00000   0.19205   0.01841   0.00657   0.03273   0.08323   0.02504   0.07069   0.14360   0.05204   0.23851   0.02184   9.30340   1.63989   1.21073   1.76752   1.07290  
 55  0.0000   2118.696010  x:  0.25559   0.00000   0.22446   0.03224   0.07209   0.05359   0.12917   0.01820   0.07373   0.13017   0.02207   0.14393   0.00000   0.19205   0.01841   0.00657   0.03273   0.08323   0.02504   0.07069   0.14360   0.05204   0.23851   0.02184   9.30339   1.63989   1.21073   1.76752   1.07290  