

TREE # 1

  0  0.0000   1999.495484  x:  0.01972   0.20925   0.02571   0.03211   0.02495   0.05815   0.02188   0.05666   0.08536   0.02661   0.17168   0.01972   0.20925   0.02571   0.03211   0.02495   0.05815   0.02188   0.05666   0.08536   0.02661   0.17168   0.21568   8.40433   1.46515   1.15297   1.40945   1.00000  
  1 99.0000   1988.988083  x:  0.01138   0.20637   0.02463   0.03645   0.01420   0.06593   0.03906   0.05644   0.08469   0.03715   0.16482   0.00000   0.20345   0.01943   0.03001   0.03663   0.06010   0.01097   0.05590   0.11254   0.03220   0.17581   0.22684   8.40443   1.46612   1.15076   1.41106   1.00204  
  2 302.9020   1985.107555  x:  0.01138   0.19694   0.02097   0.03790   0.01482   0.07507   0.02243   0.05671   0.08240   0.03575   0.14712   0.00000   0.18552   0.01568   0.02746   0.03107   0.06310   0.02939   0.05435   0.15299   0.03208   0.18778   0.25866   8.40474   1.46941   1.14359   1.41606   1.00871  
  3 157.3214   1983.707205  x:  0.01789   0.18917   0.02506   0.03463   0.02217   0.07342   0.02700   0.05699   0.08161   0.02887   0.13552   0.00000   0.17119   0.02522   0.03038   0.02481   0.06252   0.02250   0.05460   0.16061   0.02816   0.19605   0.28096   8.40506   1.47259   1.13686   1.42080   1.01515  
  4 113.8779   1982.741439  x:  0.01610   0.18064   0.02571   0.03269   0.01981   0.06766   0.02044   0.05689   0.08178   0.02866   0.12653   0.00000   0.15664   0.02354   0.03056   0.03036   0.06083   0.01453   0.05538   0.15294   0.02654   0.20346   0.30196   8.40549   1.47666   1.12838   1.42692   1.02351  
  5 96.5727   1982.043256  x:  0.01344   0.17260   0.02410   0.03371   0.01704   0.06380   0.02638   0.05680   0.08216   0.03098   0.12117   0.00000   0.14387   0.01933   0.02946   0.02938   0.05976   0.01955   0.05566   0.14101   0.02869   0.20982   0.32091   8.40600   1.48124   1.11893   1.43386   1.03300  
  6 124.7082   1981.767907  x:  0.01492   0.16935   0.02325   0.03810   0.01696   0.07029   0.02507   0.05667   0.08233   0.03424   0.12728   0.00000   0.14156   0.02129   0.03017   0.02791   0.06158   0.01797   0.05471   0.13625   0.03279   0.21169   0.32928   8.40656   1.48573   1.10998   1.44084   1.04259  
  7 39.9239   1981.428919  x:  0.01264   0.16623   0.02343   0.03604   0.01813   0.07659   0.02637   0.05663   0.08221   0.03047   0.13996   0.00000   0.14234   0.01923   0.03082   0.03072   0.06326   0.01839   0.05389   0.13415   0.02862   0.21276   0.33803   8.40764   1.49378   1.09442   1.45342   1.06014  
  8 54.8071   1981.119339  x:  0.01299   0.16522   0.02534   0.03146   0.01471   0.07092   0.02593   0.05653   0.08207   0.03247   0.14969   0.00000   0.14533   0.01986   0.02890   0.02788   0.06106   0.01809   0.05481   0.13692   0.02940   0.21228   0.34172   8.40904   1.50327   1.07709   1.46836   1.08142  
  9 55.9959   1980.900513  x:  0.01280   0.16548   0.02361   0.03501   0.01865   0.06420   0.02596   0.05654   0.08191   0.03274   0.15270   0.00000   0.14739   0.02003   0.02896   0.02965   0.05919   0.01833   0.05560   0.13959   0.03070   0.21122   0.34122   8.41033   1.51126   1.06345   1.48097   1.09983  
 10 77.9946   1980.630051  x:  0.01358   0.16779   0.02218   0.03900   0.01439   0.06412   0.02586   0.05631   0.08179   0.02968   0.14527   0.00000   0.14783   0.01985   0.03169   0.02807   0.06007   0.01783   0.05485   0.14019   0.02862   0.20873   0.33336   8.41247   1.52244   1.04716   1.49859   1.12686  
 11 49.5521   1980.330528  x:  0.01271   0.17071   0.02488   0.03582   0.01732   0.06847   0.02550   0.05605   0.08164   0.03232   0.13315   0.00000   0.14720   0.01939   0.03115   0.02839   0.06167   0.01827   0.05372   0.13955   0.02906   0.20575   0.32214   8.41522   1.53575   1.02969   1.51942   1.15974  
 12 114.5012   1980.301579  x:  0.01357   0.17079   0.02319   0.03469   0.01721   0.06924   0.02566   0.05614   0.08157   0.03148   0.13230   0.00000   0.14679   0.01998   0.02977   0.02919   0.06126   0.01831   0.05405   0.13947   0.03008   0.20570   0.32098   8.41567   1.53718   1.02944   1.52146   1.16372  
 13 23.6546   1980.238111  x:  0.01228   0.16962   0.02320   0.03581   0.01750   0.07046   0.02552   0.05666   0.08134   0.03119   0.13313   0.00000   0.14437   0.02009   0.02719   0.02798   0.05860   0.01759   0.05609   0.13977   0.02909   0.20707   0.31859   8.41784   1.54129   1.03791   1.52613   1.17739  
 14 11.9471   1980.091269  x:  0.01473   0.16669   0.02477   0.03581   0.01683   0.07080   0.02571   0.05700   0.08109   0.03224   0.13594   0.00000   0.13922   0.02027   0.02982   0.03013   0.05668   0.01913   0.05787   0.14079   0.02870   0.21071   0.31405   8.42362   1.55169   1.06202   1.53747   1.21218  
 15 62.7587   1979.959919  x:  0.01254   0.16466   0.02321   0.03431   0.01748   0.06919   0.02554   0.05641   0.08123   0.03147   0.13777   0.00000   0.13697   0.01962   0.03178   0.02860   0.06021   0.01805   0.05539   0.14156   0.03067   0.21336   0.31171   8.42901   1.56116   1.08457   1.54745   1.24306  
 16 93.4661   1979.903450  x:  0.01381   0.16511   0.02383   0.03521   0.01734   0.06829   0.02574   0.05596   0.08166   0.03179   0.13719   0.00000   0.13905   0.01968   0.02901   0.02909   0.06260   0.01803   0.05296   0.14129   0.02948   0.21340   0.31318   8.43168   1.56575   1.09495   1.55187   1.25626  
 17 39.8685   1979.844594  x:  0.01241   0.16769   0.02376   0.03522   0.01689   0.06885   0.02577   0.05611   0.08211   0.03195   0.13452   0.00000   0.14522   0.02147   0.02958   0.02968   0.06174   0.01863   0.05379   0.14041   0.02955   0.21133   0.31812   8.43519   1.57162   1.10671   1.55686   1.26990  
 18 26.9485   1979.824010  x:  0.01327   0.16897   0.02349   0.03505   0.01727   0.06926   0.02582   0.05624   0.08208   0.03195   0.13359   0.00000   0.14731   0.01974   0.03001   0.02913   0.06105   0.01804   0.05446   0.14016   0.02982   0.21011   0.32010   8.43660   1.57395   1.11081   1.55866   1.27435  
 19 32.1668   1979.811875  x:  0.01312   0.17102   0.02419   0.03521   0.01717   0.06920   0.02581   0.05621   0.08101   0.03135   0.13394   0.00000   0.14567   0.01968   0.02985   0.02928   0.06102   0.01808   0.05423   0.14024   0.03047   0.20686   0.32117   8.43882   1.57743   1.11308   1.56027   1.27500  
 20  4.0915   1979.803748  x:  0.01313   0.17204   0.02335   0.03500   0.01726   0.06914   0.02584   0.05619   0.08087   0.03212   0.13419   0.00000   0.14460   0.01994   0.03000   0.02917   0.06113   0.01803   0.05419   0.14034   0.02967   0.20496   0.32168   8.44063   1.58021   1.11451   1.56149   1.27493  
 21 11.7507   1979.761429  x:  0.01312   0.17125   0.02367   0.03507   0.01724   0.06917   0.02590   0.05638   0.08650   0.03177   0.13430   0.00000   0.14352   0.01986   0.02983   0.02925   0.06185   0.01794   0.05528   0.14111   0.02997   0.20257   0.32171   8.45342   1.59902   1.12094   1.56956   1.26997  
 22  6.8471   1979.611367  x:  0.01290   0.16589   0.02348   0.03514   0.01701   0.06987   0.02629   0.05543   0.08273   0.03211   0.13337   0.00000   0.14558   0.01969   0.03012   0.02950   0.05900   0.01731   0.05186   0.14245   0.03011   0.20425   0.32015   8.50051   1.66563   1.14271   1.59948   1.24982  
 23 33.6071   1979.578610  x:  0.01291   0.16649   0.02356   0.03524   0.01690   0.06958   0.02642   0.05627   0.08057   0.03228   0.13332   0.00000   0.14592   0.01972   0.02977   0.02962   0.06165   0.01719   0.05481   0.14257   0.03003   0.20617   0.31991   8.51127   1.67886   1.14729   1.60672   1.24532  
 24 36.5496   1979.543074  x:  0.01265   0.17323   0.02345   0.03521   0.01687   0.06969   0.02653   0.05619   0.08164   0.03236   0.13403   0.00000   0.14485   0.01967   0.02984   0.02971   0.06101   0.01701   0.05404   0.14266   0.03010   0.21177   0.32015   8.52473   1.68615   1.15160   1.61746   1.24050  
 25  9.2959   1979.353531  x:  0.01256   0.16964   0.02353   0.03540   0.01657   0.07013   0.02718   0.05107   0.08139   0.03264   0.13412   0.00000   0.14451   0.01952   0.02963   0.03022   0.06121   0.01610   0.05527   0.14500   0.03023   0.20949   0.32106   8.60625   1.68363   1.17165   1.68587   1.21758  
 26  8.3513   1979.300846  x:  0.01251   0.16831   0.02353   0.03538   0.01641   0.07013   0.02736   0.05623   0.08136   0.03282   0.13412   0.00000   0.14448   0.01945   0.02972   0.03039   0.06109   0.01580   0.05406   0.14566   0.03031   0.20858   0.32131   8.62968   1.68257   1.17694   1.70420   1.21156  
 27 69.6311   1977.791304  x:  0.01006   0.16848   0.02355   0.03729   0.01289   0.07369   0.03353   0.05573   0.08165   0.03700   0.13492   0.00000   0.14391   0.01792   0.02921   0.03538   0.06166   0.00762   0.05411   0.16606   0.03227   0.21047   0.33019   9.36368   1.63019   1.13223   1.61715   1.27393  
 28  4.2765   1977.452959  x:  0.00955   0.16861   0.02317   0.03789   0.01206   0.07516   0.03537   0.05576   0.08163   0.03875   0.13507   0.00000   0.14392   0.01698   0.02868   0.03732   0.06195   0.01301   0.05410   0.17560   0.03302   0.21128   0.33340   9.69524   1.61396   1.11959   1.59314   1.29143  
 29  0.6953   1977.407035  x:  0.01054   0.16842   0.02291   0.03783   0.01375   0.07517   0.03640   0.05591   0.08150   0.03924   0.13418   0.00000   0.14354   0.01716   0.02864   0.03759   0.06199   0.01245   0.05407   0.18034   0.03305   0.21188   0.33479   9.89586   1.61874   1.12375   1.60174   1.28962  
 30  0.2032   1977.399966  x:  0.01022   0.16829   0.02288   0.03780   0.01305   0.07484   0.03664   0.05594   0.08146   0.03934   0.13374   0.00000   0.14323   0.01718   0.02869   0.03751   0.06196   0.01203   0.05406   0.18134   0.03307   0.21204   0.33507   9.98168   1.62141   1.12576   1.60546   1.28784  
 31  0.0862   1977.399332  x:  0.01017   0.16829   0.02293   0.03776   0.01311   0.07474   0.03653   0.05589   0.08152   0.03919   0.13410   0.00000   0.14333   0.01714   0.02870   0.03732   0.06193   0.01192   0.05408   0.18089   0.03301   0.21198   0.33500  10.00062   1.62026   1.12499   1.60321   1.28818  
 32  0.0135   1977.399258  x:  0.01024   0.16830   0.02292   0.03777   0.01309   0.07477   0.03649   0.05590   0.08150   0.03917   0.13401   0.00000   0.14333   0.01718   0.02869   0.03729   0.06193   0.01194   0.05407   0.18072   0.03301   0.21198   0.33494  10.00860   1.62054   1.12523   1.60390   1.28838  
 33  0.0064   1977.399248  x:  0.01021   0.16830   0.02292   0.03777   0.01311   0.07478   0.03648   0.05591   0.08150   0.03917   0.13400   0.00000   0.14332   0.01717   0.02869   0.03730   0.06194   0.01195   0.05407   0.18070   0.03301   0.21199   0.33496  10.01185   1.62064   1.12524   1.60404   1.28845  
 34  0.0033   1977.399247  x:  0.01021   0.16830   0.02292   0.03777   0.01310   0.07478   0.03648   0.05590   0.08150   0.03918   0.13401   0.00000   0.14331   0.01717   0.02869   0.03731   0.06194   0.01195   0.05407   0.18071   0.03301   0.21199   0.33497  10.01263   1.62061   1.12519   1.60395   1.28847  
 35  0.0008   1977.399247  x:  0.01021   0.16830   0.02292   0.03777   0.01310   0.07478   0.03648   0.05590   0.08150   0.03918   0.13401   0.00000   0.14332   0.01717   0.02869   0.03731   0.06194   0.01195   0.05407   0.18071   0.03301   0.21199   0.33497  10.01264   1.62060   1.12520   1.60395   1.28846  
 36  0.0000   1977.399247  x:  0.01021   0.16830   0.02292   0.03777   0.01310   0.07478   0.03648   0.05590   0.08150   0.03918   0.13401   0.00000   0.14332   0.01717   0.02869   0.03731   0.06194   0.01195   0.05407   0.18071   0.03301   0.21199   0.33497  10.01262   1.62060   1.12520   1.60395   1.28846  
 37  0.0000   1977.399247  x:  0.01021   0.16830   0.02292   0.03777   0.01310   0.07478   0.03648   0.05590   0.08150   0.03918   0.13401   0.00000   0.14332   0.01717   0.02869   0.03731   0.06194   0.01195   0.05407   0.18071   0.03301   0.21199   0.33497  10.01262   1.62060   1.12520   1.60395   1.28846  
 38  0.0000   1977.399247  x:  0.01021   0.16830   0.02292   0.03777   0.01310   0.07478   0.03648   0.05590   0.08150   0.03918   0.13401   0.00000   0.14332   0.01717   0.02869   0.03731   0.06194   0.01195   0.05407   0.18071   0.03301   0.21199   0.33497  10.01262   1.62060   1.12520   1.60395   1.28846  

TREE # 2

  0  0.0000   2295.219244  x:  0.01021   0.16830   0.02292   0.03777   0.01310   0.07478   0.03648   0.05590   0.08150   0.03918   0.13401   0.00000   0.14332   0.01717   0.02869   0.03731   0.06194   0.01195   0.05407   0.18071   0.03301   0.21199   0.33497  10.01262   1.58998   1.02607   1.46451   1.28846  
  1 99.0000   2150.931414  x:  0.20406   0.16481   0.10310   0.08136   0.03777   0.06671   0.08013   0.05247   0.07740   0.04198   0.12843   0.41191   0.14244   0.07086   0.09900   0.04058   0.05652   0.07068   0.05152   0.17280   0.02561   0.20386   0.32471  10.01263   1.58942   1.02681   1.46491   1.28851  
  2 6051.9537   2098.974154  x:  0.22943   0.12477   0.15091   0.12122   0.03942   0.03207   0.13781   0.03523   0.06191   0.02883   0.10411   0.37689   0.10529   0.09969   0.14171   0.04042   0.02945   0.07722   0.03706   0.13995   0.00000   0.17197   0.28220  10.01268   1.58607   1.03276   1.46529   1.28820  
  3 467.8419   2073.100357  x:  0.25460   0.08532   0.19388   0.15653   0.04003   0.00000   0.18843   0.01946   0.04800   0.01826   0.08116   0.34477   0.06887   0.12515   0.17998   0.04028   0.00548   0.08344   0.02534   0.10819   0.02453   0.14158   0.24070  10.01272   1.58282   1.03847   1.46572   1.28792  
  4 3709.0199   2048.159540  x:  0.29788   0.01677   0.25618   0.20696   0.04364   0.04893   0.25943   0.00918   0.03100   0.01422   0.04670   0.29529   0.00668   0.16061   0.23522   0.04231   0.00572   0.09319   0.01748   0.05594   0.05299   0.09114   0.16889  10.01279   1.57744   1.04785   1.46664   1.28741  
  5 1540.8673   2041.532380  x:  0.30624   0.00292   0.26403   0.21231   0.04233   0.04723   0.26748   0.01497   0.03378   0.02191   0.04507   0.28797   0.00000   0.16460   0.24195   0.04294   0.01548   0.09443   0.02358   0.04930   0.05508   0.08337   0.15471  10.01280   1.57649   1.04952   1.46687   1.28731  
  6 785.6871   2040.033126  x:  0.30799   0.00000   0.26554   0.21329   0.04205   0.04726   0.26897   0.01582   0.03435   0.02313   0.04482   0.28646   0.00143   0.16538   0.24323   0.04298   0.01665   0.09467   0.02454   0.04807   0.05553   0.08183   0.15170  10.01280   1.57630   1.04987   1.46692   1.28729  
  7 1414.8483   2034.354913  x:  0.33931   0.00000   0.27312   0.21132   0.03301   0.05191   0.26861   0.01948   0.05424   0.03231   0.05736   0.27158   0.00050   0.16597   0.24639   0.03724   0.00000   0.09591   0.03347   0.04769   0.05619   0.06719   0.09772  10.01285   1.57314   1.05543   1.46812   1.28693  
  8 301.6758   2028.018170  x:  0.37376   0.00000   0.27898   0.20647   0.02408   0.05228   0.26452   0.00929   0.06971   0.02630   0.07054   0.25666   0.00045   0.16515   0.24744   0.03323   0.00457   0.09717   0.03139   0.05238   0.05645   0.05567   0.03825  10.01290   1.56969   1.06150   1.46952   1.28653  
  9 782.5635   2026.805968  x:  0.38703   0.00000   0.28020   0.20352   0.02778   0.05162   0.26159   0.01754   0.06654   0.02263   0.07021   0.25108   0.00048   0.16436   0.24649   0.03497   0.00428   0.09731   0.02765   0.05359   0.05644   0.05878   0.02431  10.01293   1.56831   1.06395   1.47023   1.28635  
 10 187.6253   2023.994877  x:  0.45316   0.00000   0.28701   0.18955   0.03698   0.05042   0.24720   0.00890   0.05028   0.03266   0.06583   0.22288   0.00059   0.16143   0.24225   0.04094   0.00266   0.09753   0.03356   0.05346   0.05477   0.07224   0.01715  10.01307   1.56135   1.07619   1.47400   1.28552  
 11 117.9752   2017.514640  x:  0.66588   0.00000   0.31319   0.15011   0.02776   0.04841   0.20869   0.01878   0.03936   0.02410   0.06357   0.13188   0.00061   0.15754   0.23311   0.03871   0.00410   0.09987   0.02916   0.05564   0.05189   0.07940   0.04275  10.01354   1.53906   1.11566   1.48631   1.28290  
 12 374.1853   2017.038916  x:  0.68123   0.00000   0.31202   0.14910   0.03726   0.04769   0.20649   0.01784   0.04815   0.02521   0.05846   0.12552   0.00057   0.16076   0.22744   0.03895   0.00457   0.09863   0.02504   0.05467   0.05171   0.07772   0.04512  10.01365   1.53773   1.11835   1.48826   1.28280  
 13 79.0936   2016.820353  x:  0.68889   0.00000   0.30735   0.15114   0.03832   0.04726   0.20702   0.01787   0.04833   0.02189   0.05365   0.12354   0.00054   0.16723   0.21774   0.03876   0.00452   0.09649   0.02942   0.05434   0.05139   0.07481   0.04512  10.01382   1.53761   1.11933   1.49087   1.28291  
 14 36.7419   2016.521649  x:  0.69981   0.00000   0.29899   0.15552   0.03553   0.04683   0.20984   0.01824   0.04500   0.02518   0.05068   0.12102   0.00052   0.17907   0.20055   0.03803   0.00475   0.09361   0.02611   0.05376   0.05104   0.07061   0.04492  10.01416   1.53786   1.12044   1.49584   1.28322  
 15 70.0006   2016.407362  x:  0.70426   0.00000   0.29626   0.15811   0.03693   0.04709   0.21495   0.01830   0.04520   0.02446   0.05658   0.11900   0.00051   0.18518   0.19330   0.03848   0.00499   0.09438   0.02657   0.05233   0.05139   0.07349   0.04572  10.01445   1.53860   1.12054   1.49969   1.28359  
 16 27.5214   2016.352854  x:  0.70583   0.00000   0.29585   0.15695   0.03555   0.04747   0.22002   0.01833   0.04679   0.02493   0.05479   0.11790   0.00051   0.18669   0.19091   0.03723   0.00516   0.09691   0.02681   0.05482   0.05165   0.07728   0.04560  10.01485   1.54019   1.12001   1.50453   1.28422  
 17 10.8714   2016.189775  x:  0.70855   0.00000   0.29532   0.14458   0.03608   0.04734   0.23119   0.01846   0.04634   0.02535   0.05416   0.11682   0.00050   0.18368   0.18602   0.04055   0.00498   0.10075   0.02731   0.05276   0.05162   0.07338   0.04580  10.01685   1.54846   1.11743   1.52699   1.28739  
 18 11.1461   2016.073824  x:  0.70983   0.00000   0.29701   0.14080   0.03825   0.04722   0.23377   0.01878   0.04488   0.02602   0.05470   0.11609   0.00046   0.18299   0.18548   0.03460   0.00562   0.09770   0.02801   0.05181   0.05171   0.07243   0.04573  10.01849   1.55510   1.11630   1.54385   1.28996  
 19 23.6794   2015.711453  x:  0.71281   0.00000   0.30632   0.14215   0.03604   0.04770   0.23034   0.01972   0.04744   0.02779   0.05424   0.11308   0.00023   0.18497   0.18802   0.03891   0.00581   0.08397   0.02927   0.05166   0.05219   0.07530   0.04575  10.02424   1.57775   1.11529   1.59880   1.29879  
 20 38.2599   2015.371001  x:  0.71308   0.00000   0.31225   0.15024   0.03737   0.04745   0.21731   0.02076   0.04679   0.02964   0.05419   0.10847   0.00000   0.18790   0.18987   0.03904   0.00600   0.09553   0.03113   0.05197   0.05219   0.07279   0.04588  10.02971   1.59820   1.11972   1.64336   1.30671  
 21 40.2989   2015.371001  x:  0.71308   0.00000   0.31225   0.15024   0.03737   0.04745   0.21731   0.02076   0.04679   0.02964   0.05419   0.10847   0.00000   0.18790   0.18987   0.03904   0.00600   0.09553   0.03113   0.05197   0.05219   0.07279   0.04588  10.02971   1.59820   1.11972   1.64336   1.30671  
 22 10.8163   2011.402647  x:  0.70957   0.00000   0.31018   0.14867   0.03584   0.04240   0.21592   0.02273   0.04826   0.03178   0.05552   0.10037   0.03231   0.18678   0.18856   0.04002   0.02115   0.09443   0.03335   0.05249   0.04573   0.07305   0.04390  10.02973   1.59824   1.12005   1.64307   1.30672  
 23 653.6247   1998.169520  x:  0.68719   0.00000   0.29696   0.13901   0.02822   0.01224   0.20730   0.03103   0.05566   0.04125   0.06239   0.04921   0.02579   0.17702   0.17703   0.03907   0.03472   0.08725   0.04099   0.05534   0.00621   0.07450   0.03312  10.02984   1.59812   1.12236   1.64126   1.30660  
 24 254.6039   1993.353923  x:  0.66941   0.00000   0.28702   0.13253   0.02899   0.00699   0.20107   0.03350   0.05803   0.04291   0.06491   0.01075   0.02442   0.17022   0.16865   0.03872   0.03820   0.08279   0.04244   0.05679   0.01453   0.07519   0.03113  10.02993   1.59812   1.12395   1.63996   1.30653  
 25 318.4446   1992.800617  x:  0.66465   0.00000   0.28453   0.13115   0.02981   0.01116   0.19962   0.03372   0.05813   0.04272   0.06516   0.00595   0.02451   0.16867   0.16669   0.03866   0.03819   0.08200   0.04223   0.05693   0.01292   0.07528   0.03154  10.02995   1.59814   1.12433   1.63965   1.30652  
 26 226.7658   1986.736603  x:  0.55281   0.00000   0.22649   0.09911   0.04123   0.01558   0.16543   0.03248   0.06017   0.03983   0.07143   0.01188   0.02625   0.13294   0.12141   0.03763   0.03764   0.06434   0.03790   0.06019   0.01261   0.07737   0.03896  10.03048   1.59865   1.13307   1.63229   1.30618  
 27 148.3558   1983.138199  x:  0.45179   0.00000   0.19500   0.10709   0.02458   0.01440   0.15494   0.02633   0.05065   0.03378   0.06012   0.01020   0.03193   0.12976   0.11796   0.04152   0.02349   0.08530   0.03785   0.05415   0.01130   0.07452   0.03216  10.03088   1.60029   1.13837   1.62694   1.30595  
 28 143.1231   1980.258769  x:  0.34832   0.00000   0.17744   0.12790   0.03781   0.01476   0.15705   0.03336   0.05241   0.04259   0.05701   0.01135   0.02780   0.13374   0.13538   0.04049   0.03287   0.09483   0.04181   0.05371   0.01244   0.07327   0.03443  10.03127   1.60276   1.14240   1.62189   1.30567  
 29 201.2775   1979.433574  x:  0.31425   0.00000   0.18104   0.13385   0.03171   0.01453   0.16314   0.02868   0.05622   0.03694   0.06496   0.01084   0.02850   0.13094   0.14687   0.03774   0.03156   0.08349   0.03700   0.05751   0.01199   0.07507   0.03771  10.03140   1.60426   1.14323   1.61971   1.30540  
 30 87.7827   1979.324943  x:  0.30895   0.00000   0.18453   0.13335   0.03134   0.01531   0.16520   0.02947   0.05522   0.03816   0.06410   0.01126   0.02897   0.12749   0.14864   0.03984   0.02993   0.07949   0.03912   0.05660   0.01244   0.07528   0.03372  10.03143   1.60501   1.14323   1.61880   1.30519  
 31 28.0617   1979.296632  x:  0.30734   0.00000   0.18705   0.13259   0.03226   0.01458   0.16625   0.02924   0.05401   0.03814   0.06233   0.01092   0.02929   0.12513   0.14896   0.04014   0.02922   0.07933   0.03919   0.05572   0.01198   0.07511   0.03526  10.03146   1.60572   1.14309   1.61798   1.30498  
 32 14.3127   1979.285291  x:  0.30661   0.00000   0.18891   0.13182   0.03153   0.01487   0.16673   0.02972   0.05418   0.03816   0.06191   0.01106   0.02893   0.12350   0.14863   0.03945   0.03026   0.08056   0.03881   0.05580   0.01220   0.07490   0.03525  10.03149   1.60667   1.14288   1.61690   1.30468  
 33  7.6825   1979.279324  x:  0.30631   0.00000   0.19004   0.13150   0.03227   0.01481   0.16681   0.02912   0.05461   0.03795   0.06256   0.01103   0.02902   0.12326   0.14820   0.03948   0.03005   0.08158   0.03877   0.05617   0.01213   0.07485   0.03469  10.03154   1.60798   1.14256   1.61540   1.30425  
 34  4.5884   1979.265339  x:  0.30602   0.00000   0.19172   0.13123   0.03187   0.01489   0.16647   0.02987   0.05495   0.03859   0.06368   0.01108   0.02922   0.12443   0.14711   0.04026   0.02927   0.08208   0.03943   0.05634   0.01221   0.07505   0.03563  10.03172   1.61253   1.14143   1.61012   1.30269  
 35  5.9691   1979.233492  x:  0.30608   0.00000   0.19336   0.13123   0.03200   0.01493   0.16572   0.02949   0.05387   0.03799   0.06257   0.01110   0.02883   0.12759   0.14585   0.03959   0.03026   0.08063   0.03871   0.05559   0.01218   0.07521   0.03506  10.03218   1.62359   1.13869   1.59711   1.29877  
 36 15.7507   1979.210261  x:  0.30755   0.00000   0.19063   0.13164   0.03190   0.01501   0.16666   0.02921   0.05528   0.03823   0.06120   0.01116   0.02903   0.12580   0.14842   0.03928   0.02955   0.08056   0.03916   0.05688   0.01218   0.07450   0.03518  10.03258   1.63097   1.13669   1.58784   1.29563  
 37  8.9557   1979.198641  x:  0.30848   0.00000   0.18894   0.13230   0.03199   0.01501   0.16732   0.02948   0.05436   0.03789   0.06246   0.01118   0.02885   0.12410   0.14995   0.04010   0.02990   0.08101   0.03868   0.05599   0.01220   0.07474   0.03519  10.03280   1.63391   1.13577   1.58373   1.29399  
 38 10.3788   1979.192301  x:  0.30885   0.00000   0.18879   0.13317   0.03197   0.01508   0.16738   0.02922   0.05381   0.03839   0.06298   0.01120   0.02898   0.12349   0.14998   0.03885   0.02961   0.08107   0.03921   0.05562   0.01224   0.07537   0.03519  10.03296   1.63385   1.13546   1.58272   1.29302  
 39  2.3011   1979.119871  x:  0.31196   0.00000   0.19108   0.14171   0.03214   0.01528   0.16687   0.02944   0.05489   0.03736   0.06149   0.01142   0.02885   0.12083   0.14794   0.04009   0.02956   0.08058   0.03856   0.05684   0.01227   0.07831   0.03535  10.03504   1.62547   1.13269   1.57674   1.28154  
 40  3.7756   1978.864841  x:  0.32038   0.00000   0.19805   0.14591   0.03171   0.01669   0.16898   0.02648   0.05438   0.03932   0.06283   0.01214   0.02808   0.12320   0.15195   0.04064   0.02954   0.07998   0.03779   0.05521   0.01273   0.06864   0.03651  10.04217   1.59351   1.12319   1.55995   1.24331  
 41 19.2272   1978.678212  x:  0.32615   0.00000   0.20241   0.14226   0.03320   0.01701   0.17264   0.03050   0.05355   0.03510   0.06248   0.01270   0.02833   0.12782   0.15819   0.03863   0.02727   0.08135   0.03812   0.05569   0.01275   0.07111   0.03622  10.04749   1.56982   1.11541   1.54845   1.21581  
 42 58.8432   1978.617081  x:  0.32792   0.00000   0.20352   0.13962   0.03264   0.01761   0.17454   0.02807   0.05340   0.03683   0.06162   0.01291   0.02774   0.12978   0.16061   0.03991   0.02809   0.08222   0.03791   0.05610   0.01297   0.07548   0.03670  10.04922   1.56257   1.11223   1.54533   1.20778  
 43 33.8905   1978.584491  x:  0.32861   0.00000   0.20333   0.13971   0.03279   0.01760   0.17814   0.02832   0.05529   0.03752   0.06137   0.01294   0.02798   0.13054   0.15935   0.03954   0.02725   0.08214   0.03633   0.05383   0.01298   0.07576   0.03647  10.04997   1.56428   1.10534   1.54910   1.21287  
 44  3.2343   1978.520694  x:  0.32999   0.00000   0.20338   0.14025   0.03258   0.01792   0.18334   0.02753   0.05429   0.03577   0.06143   0.01312   0.02731   0.13154   0.15752   0.03982   0.02826   0.08200   0.03881   0.05469   0.01310   0.07505   0.03702  10.05141   1.56899   1.09109   1.55773   1.22534  
 45 23.8372   1978.484030  x:  0.33090   0.00000   0.20431   0.14056   0.03277   0.01788   0.18257   0.02818   0.05210   0.03699   0.06150   0.01313   0.02744   0.13166   0.15850   0.03970   0.02757   0.08197   0.03694   0.05720   0.01303   0.07473   0.03672  10.05220   1.57233   1.08376   1.56299   1.23381  
 46 20.5961   1978.434232  x:  0.33239   0.00000   0.20691   0.14068   0.03278   0.01817   0.17580   0.02784   0.05331   0.03639   0.06126   0.01327   0.02717   0.13107   0.16291   0.03968   0.02753   0.08208   0.03743   0.05551   0.01310   0.07514   0.03690  10.05322   1.57769   1.07651   1.57021   1.24738  
 47 16.5729   1978.291938  x:  0.33941   0.00000   0.21130   0.14196   0.03295   0.01880   0.17990   0.02755   0.05307   0.03613   0.06117   0.01368   0.02659   0.13354   0.16529   0.03972   0.02712   0.08232   0.03722   0.05564   0.01330   0.07533   0.03727  10.05553   1.60046   1.11706   1.58442   1.30991  
 48  4.3205   1978.239653  x:  0.34050   0.00000   0.21224   0.14214   0.03292   0.01870   0.18021   0.02765   0.05314   0.03623   0.06123   0.01358   0.02591   0.13378   0.16598   0.03960   0.02722   0.08209   0.03722   0.05562   0.01327   0.07524   0.03716  10.05469   1.64107   1.13958   1.62847   1.28469  
 49  0.8730   1977.747970  x:  0.34189   0.00000   0.21856   0.14709   0.03273   0.01538   0.18522   0.03080   0.05615   0.03970   0.06377   0.01095   0.01494   0.13491   0.17391   0.03865   0.03021   0.08009   0.03917   0.05654   0.01243   0.07444   0.03533  10.02253   1.62224   1.12489   1.60516   1.28480  
 50  0.0529   1977.461459  x:  0.33168   0.00000   0.21530   0.14781   0.03348   0.01670   0.18413   0.02929   0.05470   0.03832   0.06219   0.01150   0.00911   0.13481   0.17495   0.03905   0.02494   0.08175   0.03839   0.05607   0.01362   0.07433   0.03634   9.98694   1.62046   1.12387   1.60247   1.28425  
 51  0.0346   1977.410026  x:  0.33219   0.00000   0.21290   0.14512   0.03327   0.01718   0.18195   0.02864   0.05415   0.03748   0.06191   0.01185   0.01079   0.13411   0.17134   0.03918   0.02236   0.08162   0.03792   0.05597   0.01344   0.07466   0.03654   9.99112   1.61970   1.12452   1.60236   1.28639  
 52  0.0125   1977.399477  x:  0.33493   0.00000   0.21205   0.14315   0.03299   0.01723   0.18071   0.02863   0.05402   0.03720   0.06196   0.01191   0.01022   0.13389   0.16866   0.03920   0.02291   0.08136   0.03768   0.05590   0.01306   0.07484   0.03650   9.99803   1.62023   1.12519   1.60356   1.28805  
 53  0.0101   1977.399270  x:  0.33497   0.00000   0.21196   0.14331   0.03302   0.01720   0.18070   0.02870   0.05407   0.03732   0.06192   0.01193   0.01022   0.13401   0.16829   0.03918   0.02293   0.08152   0.03778   0.05590   0.01310   0.07477   0.03648  10.00431   1.62057   1.12519   1.60391   1.28835  
 54  0.0058   1977.399250  x:  0.33497   0.00000   0.21200   0.14333   0.03301   0.01717   0.18071   0.02869   0.05408   0.03731   0.06195   0.01195   0.01021   0.13402   0.16827   0.03917   0.02292   0.08149   0.03776   0.05591   0.01311   0.07478   0.03648  10.01087   1.62063   1.12518   1.60397   1.28845  
 55  0.0036   1977.399247  x:  0.33496   0.00000   0.21200   0.14332   0.03301   0.01717   0.18071   0.02869   0.05407   0.03731   0.06194   0.01195   0.01022   0.13401   0.16830   0.03918   0.02293   0.08150   0.03777   0.05590   0.01310   0.07478   0.03648  10.01234   1.62061   1.12519   1.60395   1.28846  
 56  0.0014   1977.399247  x:  0.33497   0.00000   0.21199   0.14332   0.03301   0.01717   0.18071   0.02869   0.05407   0.03731   0.06193   0.01195   0.01021   0.13401   0.16830   0.03918   0.02292   0.08150   0.03777   0.05590   0.01310   0.07478   0.03648  10.01250   1.62060   1.12520   1.60395   1.28846  
 57  0.0002   1977.399247  x:  0.33497   0.00000   0.21199   0.14332   0.03301   0.01717   0.18071   0.02869   0.05407   0.03731   0.06194   0.01195   0.01021   0.13401   0.16830   0.03918   0.02292   0.08150   0.03777   0.05590   0.01310   0.07478   0.03648  10.01259   1.62060   1.12520   1.60395   1.28846  
 58  0.0001   1977.399247  x:  0.33497   0.00000   0.21199   0.14332   0.03301   0.01717   0.18071   0.02869   0.05407   0.03731   0.06194   0.01195   0.01021   0.13401   0.16830   0.03918   0.02292   0.08150   0.03777   0.05590   0.01310   0.07478   0.03648  10.01262   1.62060   1.12520   1.60395   1.28846  
 59  0.0000   1977.399247  x:  0.33497   0.00000   0.21199   0.14332   0.03301   0.01717   0.18071   0.02869   0.05407   0.03731   0.06194   0.01195   0.01021   0.13401   0.16830   0.03918   0.02292   0.08150   0.03777   0.05590   0.01310   0.07478   0.03648  10.01262   1.62060   1.12520   1.60395   1.28846  