

TREE # 1

  0  0.0000   2108.401234  x:  0.20925   0.02571   0.03211   0.02495   0.05815   0.02188   0.05666   0.08536   0.02661   0.17168   0.20925   0.02571   0.03211   0.02495   0.05815   0.02188   0.05666   0.08536   0.02661   0.17168   0.21568   8.40433   1.93464   1.13608   1.47774   1.00000  
  1 99.0000   2093.946378  x:  0.20843   0.01577   0.02525   0.06478   0.05689   0.05089   0.07725   0.13640   0.02912   0.17607   0.22146   0.02340   0.03266   0.00735   0.06559   0.00580   0.06503   0.07874   0.00961   0.17613   0.22574   8.40388   1.93339   1.13179   1.48198   0.99921  
  2 359.7396   2091.489110  x:  0.20807   0.01109   0.02116   0.07270   0.05563   0.05412   0.08433   0.15994   0.02803   0.17893   0.22980   0.02474   0.03372   0.01560   0.06880   0.02420   0.06865   0.07472   0.00974   0.17903   0.23262   8.40353   1.93242   1.12864   1.48513   0.99854  
  3 290.0255   2088.702962  x:  0.20780   0.01771   0.01758   0.06162   0.05234   0.03598   0.08796   0.19645   0.02183   0.18564   0.25084   0.02955   0.03479   0.01591   0.07194   0.01875   0.07187   0.06677   0.02553   0.18585   0.25008   8.40248   1.92951   1.11987   1.49404   0.99634  
  4 144.3900   2087.478943  x:  0.20812   0.01230   0.02210   0.04838   0.05269   0.02800   0.08490   0.21052   0.02439   0.18935   0.26477   0.02480   0.03393   0.01615   0.07128   0.01692   0.07100   0.06515   0.01501   0.18963   0.26191   8.40155   1.92687   1.11255   1.50165   0.99430  
  5 116.4744   2087.030773  x:  0.20854   0.01746   0.02178   0.04257   0.05469   0.03478   0.07920   0.21291   0.02648   0.19118   0.27525   0.02626   0.03399   0.01582   0.06930   0.01774   0.06876   0.06676   0.01247   0.19149   0.27087   8.40056   1.92408   1.10511   1.50944   0.99206  
  6 66.8625   2086.510799  x:  0.20947   0.01098   0.02004   0.04604   0.05684   0.03683   0.07218   0.20804   0.02545   0.19230   0.29060   0.02793   0.03398   0.01493   0.06638   0.01727   0.06559   0.07042   0.01560   0.19267   0.28402   8.39859   1.91856   1.09117   1.52425   0.98760  
  7 65.5732   2086.089038  x:  0.21086   0.01534   0.02188   0.05467   0.05652   0.03292   0.07101   0.20069   0.02423   0.19170   0.30430   0.02572   0.03368   0.01610   0.06590   0.01772   0.06523   0.07209   0.01332   0.19211   0.29575   8.39622   1.91199   1.07525   1.54133   0.98220  
  8 94.2311   2085.583899  x:  0.21431   0.01444   0.01966   0.05177   0.05186   0.03508   0.08341   0.18916   0.02543   0.18573   0.31587   0.02624   0.03391   0.01443   0.07134   0.01804   0.07136   0.06715   0.01279   0.18613   0.30532   8.39190   1.90039   1.04946   1.56963   0.97240  
  9 56.9901   2085.348171  x:  0.21711   0.01382   0.02431   0.05098   0.05457   0.03693   0.08549   0.19092   0.02420   0.17900   0.31453   0.02645   0.03411   0.01880   0.07017   0.01574   0.06988   0.06600   0.01428   0.17935   0.30357   8.38848   1.89164   1.03340   1.58848   0.96489  
 10 39.1913   2084.943874  x:  0.22219   0.01465   0.02106   0.05023   0.05786   0.03422   0.08334   0.19685   0.02407   0.16711   0.30820   0.02583   0.03356   0.01463   0.06680   0.01799   0.06582   0.06630   0.01372   0.16733   0.29698   8.38199   1.87545   1.00578   1.62185   0.95088  
 11 98.6314   2084.853904  x:  0.22321   0.01449   0.01956   0.05054   0.05391   0.03396   0.07950   0.19846   0.02561   0.16668   0.30527   0.02637   0.03393   0.01662   0.06807   0.01680   0.06761   0.06759   0.01322   0.16688   0.29428   8.37974   1.87060   0.99958   1.63048   0.94649  
 12 33.4278   2084.807785  x:  0.22333   0.01434   0.02165   0.05048   0.05194   0.03447   0.07748   0.19909   0.02454   0.16834   0.30308   0.02629   0.03373   0.01517   0.06923   0.01763   0.06909   0.06805   0.01369   0.16854   0.29240   8.37798   1.86729   0.99666   1.63552   0.94336  
 13 27.7549   2084.727430  x:  0.22191   0.01442   0.02023   0.05013   0.05439   0.03471   0.07741   0.19879   0.02254   0.17588   0.29790   0.02512   0.03330   0.01575   0.07005   0.01726   0.06991   0.06730   0.01327   0.17614   0.28830   8.37318   1.85935   0.99295   1.64548   0.93557  
 14 20.3614   2084.687096  x:  0.22037   0.01442   0.02089   0.05047   0.05518   0.03415   0.07843   0.19866   0.02520   0.18002   0.29526   0.02603   0.03361   0.01544   0.06946   0.01743   0.06913   0.06698   0.01377   0.18031   0.28631   8.37016   1.85469   0.99164   1.65070   0.93097  
 15 37.6161   2084.666594  x:  0.21758   0.01441   0.02083   0.05028   0.05332   0.03424   0.07966   0.19865   0.02444   0.18126   0.29434   0.02669   0.03404   0.01554   0.06790   0.01737   0.06738   0.06742   0.01326   0.18156   0.28584   8.36753   1.85134   0.99248   1.65316   0.92764  
 16 11.7298   2084.646210  x:  0.21337   0.01448   0.02071   0.05013   0.05295   0.03461   0.07980   0.19878   0.02501   0.18118   0.29409   0.02495   0.03314   0.01563   0.06778   0.01737   0.06737   0.06777   0.01412   0.18148   0.28607   8.36340   1.84683   0.99513   1.65530   0.92314  
 17 11.0213   2084.621256  x:  0.20865   0.01442   0.02087   0.05020   0.05424   0.03424   0.07917   0.19878   0.02489   0.18046   0.29410   0.02632   0.03359   0.01552   0.06887   0.01736   0.06865   0.06780   0.01351   0.18075   0.28662   8.35721   1.84063   0.99940   1.65764   0.91695  
 18 21.1194   2084.588131  x:  0.21315   0.01439   0.02085   0.05052   0.05391   0.03454   0.07849   0.19858   0.02485   0.17966   0.29540   0.02558   0.03544   0.01541   0.06899   0.01740   0.06803   0.06565   0.01363   0.17990   0.28770   8.34406   1.83098   1.00753   1.65893   0.90710  
 19  7.6495   2084.568031  x:  0.21660   0.01440   0.02087   0.05056   0.05382   0.03449   0.07900   0.19863   0.02475   0.17927   0.29627   0.02641   0.03322   0.01557   0.06883   0.01735   0.06813   0.06643   0.01344   0.17949   0.28825   8.33533   1.82536   1.01213   1.65934   0.90131  
 20 26.7231   2084.561236  x:  0.21758   0.01444   0.02087   0.05035   0.05409   0.03444   0.07970   0.19879   0.02473   0.17920   0.29658   0.02614   0.03392   0.01551   0.06876   0.01736   0.06864   0.06834   0.01358   0.17943   0.28828   8.33122   1.82385   1.01296   1.65903   0.89970  
 21  8.6304   2084.037836  x:  0.21487   0.01379   0.02106   0.05193   0.05427   0.03527   0.07994   0.20108   0.02504   0.17833   0.31465   0.02602   0.03376   0.01512   0.07122   0.01666   0.06675   0.06823   0.01263   0.18136   0.26935   7.87722   1.77619   0.96139   1.57383   0.84150  
 22  5.6151   2083.832942  x:  0.21481   0.01353   0.02109   0.05263   0.05439   0.03563   0.07960   0.20217   0.02512   0.17994   0.30750   0.02592   0.03389   0.01485   0.06312   0.01642   0.07327   0.06628   0.01233   0.17999   0.27795   7.69459   1.75604   0.94328   1.54441   0.82696  
 23 106.0989   2083.572314  x:  0.21526   0.01327   0.02115   0.05317   0.05449   0.03597   0.08021   0.20400   0.02523   0.18189   0.29298   0.02572   0.03379   0.01468   0.06981   0.01605   0.06806   0.06807   0.01212   0.17835   0.29491   7.45708   1.72880   0.92260   1.51073   0.81532  
 24 198.0711   2082.957861  x:  0.21445   0.01273   0.02124   0.05463   0.05466   0.03703   0.08108   0.20711   0.02563   0.16816   0.29392   0.02530   0.03384   0.01399   0.06916   0.01525   0.06886   0.06807   0.01131   0.19465   0.29210   6.89294   1.65385   0.91217   1.48433   0.86214  
 25 49.2939   2082.706752  x:  0.21382   0.01251   0.02128   0.05523   0.05472   0.03748   0.08149   0.20834   0.02581   0.18288   0.29791   0.02513   0.03385   0.01371   0.06922   0.01491   0.06893   0.06815   0.01094   0.18121   0.28670   6.65742   1.62791   0.91151   1.47893   0.88286  
 26 128.6519   2081.994001  x:  0.21371   0.01185   0.02115   0.05707   0.05461   0.03852   0.08177   0.21328   0.02604   0.18032   0.29481   0.02480   0.03368   0.01287   0.06921   0.01389   0.06899   0.06814   0.00993   0.18179   0.28638   5.97198   1.75806   0.97083   1.56743   0.85841  
 27 14.7979   2081.827708  x:  0.21363   0.01324   0.02033   0.05791   0.05417   0.03909   0.08225   0.21612   0.02535   0.18118   0.29384   0.02548   0.03376   0.01255   0.06933   0.01275   0.06905   0.06771   0.01248   0.18057   0.28592   6.23884   1.80497   1.00072   1.61189   0.87341  
 28  0.3277   2081.812151  x:  0.21368   0.01293   0.02056   0.05896   0.05414   0.03943   0.08262   0.21831   0.02543   0.18081   0.29453   0.02528   0.03372   0.01229   0.06942   0.01227   0.06916   0.06764   0.01130   0.18082   0.28585   6.26157   1.81324   1.00596   1.62024   0.87609  
 29  0.0265   2081.809046  x:  0.21372   0.01306   0.02045   0.05956   0.05410   0.03971   0.08284   0.21957   0.02531   0.18061   0.29491   0.02536   0.03374   0.01211   0.06946   0.01211   0.06922   0.06758   0.01153   0.18107   0.28596   6.22652   1.81026   1.00429   1.61748   0.87515  
 30  0.0386   2081.808621  x:  0.21377   0.01302   0.02045   0.05978   0.05412   0.03981   0.08288   0.21999   0.02533   0.18070   0.29489   0.02534   0.03373   0.01219   0.06947   0.01221   0.06923   0.06761   0.01152   0.18096   0.28616   6.23605   1.80841   1.00295   1.61572   0.87460  
 31  0.0084   2081.808614  x:  0.21376   0.01301   0.02043   0.05977   0.05411   0.03979   0.08288   0.22006   0.02533   0.18073   0.29494   0.02535   0.03374   0.01218   0.06948   0.01220   0.06924   0.06759   0.01152   0.18098   0.28618   6.23744   1.80836   1.00297   1.61579   0.87465  
 32  0.0012   2081.808613  x:  0.21377   0.01301   0.02044   0.05976   0.05412   0.03979   0.08288   0.22008   0.02532   0.18073   0.29494   0.02535   0.03374   0.01218   0.06948   0.01220   0.06924   0.06759   0.01152   0.18098   0.28618   6.23726   1.80837   1.00298   1.61581   0.87466  
 33  0.0002   2081.808613  x:  0.21377   0.01301   0.02044   0.05976   0.05412   0.03979   0.08288   0.22008   0.02532   0.18073   0.29494   0.02535   0.03374   0.01218   0.06948   0.01220   0.06924   0.06759   0.01152   0.18098   0.28618   6.23723   1.80838   1.00299   1.61581   0.87466  
 34  0.0000   2081.808613  x:  0.21377   0.01301   0.02044   0.05976   0.05412   0.03979   0.08288   0.22008   0.02532   0.18073   0.29494   0.02535   0.03374   0.01218   0.06948   0.01220   0.06924   0.06759   0.01152   0.18098   0.28618   6.23722   1.80838   1.00299   1.61581   0.87466  
 35  0.0000   2081.808613  x:  0.21377   0.01301   0.02044   0.05976   0.05412   0.03979   0.08288   0.22008   0.02532   0.18073   0.29494   0.02535   0.03374   0.01218   0.06948   0.01220   0.06924   0.06759   0.01152   0.18098   0.28618   6.23722   1.80838   1.00299   1.61581   0.87466  