

TREE # 1

  0  0.0000   1887.583515  x:  0.01972   0.20925   0.02571   0.03211   0.02495   0.05815   0.02188   0.05666   0.08536   0.02661   0.17168   0.01972   0.20925   0.02571   0.03211   0.02495   0.05815   0.02188   0.05666   0.08536   0.02661   0.17168   0.21568   8.40433   1.63621   1.02791   1.35680   1.00000  
  1 99.0000   1875.420654  x:  0.00179   0.20484   0.03059   0.03302   0.00811   0.05835   0.03633   0.06377   0.08471   0.01443   0.16741   0.00000   0.20487   0.02427   0.04322   0.03143   0.07476   0.03346   0.05230   0.08005   0.01612   0.16708   0.22226   8.40437   1.63564   1.02740   1.35887   0.99983  
  2 323.9205   1875.054647  x:  0.00000   0.20449   0.03061   0.03287   0.00775   0.05825   0.03593   0.06412   0.08467   0.01422   0.16700   0.00000   0.20451   0.02433   0.04323   0.03124   0.07521   0.03298   0.05206   0.07966   0.01595   0.16666   0.22288   8.40438   1.63558   1.02735   1.35907   0.99982  
  3 222.6659   1873.128987  x:  0.00000   0.18810   0.03271   0.03212   0.02506   0.05572   0.03496   0.07439   0.08309   0.01590   0.14866   0.00000   0.18814   0.02513   0.04600   0.03113   0.09014   0.02894   0.04444   0.06428   0.01629   0.14688   0.25260   8.40456   1.63290   1.02425   1.36947   0.99909  
  4 165.3837   1872.162072  x:  0.00000   0.17566   0.02743   0.03151   0.01901   0.05606   0.03688   0.06828   0.08307   0.01830   0.13410   0.00000   0.17584   0.02364   0.04126   0.03177   0.08206   0.03562   0.04986   0.06495   0.02071   0.13125   0.27660   8.40478   1.62996   1.02032   1.38189   0.99817  
  5 70.6361   1871.969470  x:  0.00000   0.17383   0.03219   0.03342   0.01903   0.05674   0.03762   0.06571   0.08345   0.01751   0.13162   0.00000   0.17412   0.02466   0.04292   0.03199   0.07759   0.03339   0.05045   0.06871   0.01711   0.12876   0.28328   8.40490   1.62862   1.01810   1.38837   0.99763  
  6 42.1945   1871.810482  x:  0.00000   0.17584   0.02897   0.03342   0.01983   0.05803   0.03698   0.06568   0.08404   0.01446   0.13270   0.00000   0.17630   0.02412   0.04625   0.03238   0.07711   0.03241   0.04801   0.07368   0.01827   0.13050   0.29084   8.40522   1.62573   1.01268   1.40394   0.99625  
  7 22.1742   1871.603403  x:  0.00000   0.18018   0.03009   0.03265   0.01802   0.05842   0.03650   0.06682   0.08446   0.01986   0.13537   0.00000   0.18075   0.02344   0.04541   0.03192   0.07953   0.03359   0.04650   0.07644   0.01807   0.13407   0.30009   8.40580   1.62089   1.00358   1.43090   0.99374  
  8 55.9338   1871.429946  x:  0.00000   0.18359   0.03136   0.03309   0.01861   0.05669   0.03781   0.06660   0.08390   0.01636   0.13708   0.00000   0.18419   0.02513   0.04076   0.03168   0.07987   0.03385   0.04988   0.07232   0.01807   0.13585   0.30329   8.40640   1.61659   0.99591   1.45616   0.99112  
  9 50.6776   1871.315348  x:  0.00000   0.18440   0.03043   0.03254   0.01846   0.05572   0.03751   0.06559   0.08307   0.01703   0.13637   0.00000   0.18482   0.02289   0.04416   0.03230   0.07750   0.03317   0.05125   0.06689   0.01681   0.13435   0.29924   8.40699   1.61366   0.99131   1.47609   0.98864  
 10 33.8645   1871.224800  x:  0.00000   0.18327   0.03092   0.03278   0.01787   0.05653   0.03746   0.06574   0.08282   0.01748   0.13416   0.00000   0.18354   0.02618   0.04538   0.03185   0.07699   0.03362   0.04912   0.06639   0.01869   0.13122   0.29177   8.40762   1.61156   0.98857   1.49409   0.98599  
 11 35.6498   1871.151258  x:  0.00000   0.18134   0.03069   0.03303   0.01860   0.05733   0.03742   0.06632   0.08303   0.01693   0.13196   0.00000   0.18151   0.02411   0.04302   0.03160   0.07812   0.03370   0.04747   0.06882   0.01756   0.12850   0.28455   8.40822   1.61032   0.98738   1.50904   0.98349  
 12 44.1825   1871.133478  x:  0.00000   0.17997   0.03069   0.03250   0.01878   0.05652   0.03737   0.06651   0.08339   0.01717   0.13190   0.00000   0.18013   0.02423   0.04348   0.03240   0.07949   0.03294   0.04952   0.07024   0.01795   0.12900   0.28306   8.40853   1.61091   0.98876   1.51319   0.98232  
 13 10.4690   1871.102684  x:  0.00000   0.17654   0.03040   0.03259   0.01910   0.05541   0.03741   0.06659   0.08379   0.01712   0.13367   0.00000   0.17668   0.02445   0.04403   0.03017   0.07940   0.03381   0.04978   0.07039   0.01741   0.13250   0.28219   8.40942   1.61425   0.99532   1.52106   0.97900  
 14  8.9259   1871.064320  x:  0.00000   0.17277   0.03086   0.03266   0.01875   0.05590   0.03743   0.06663   0.08377   0.01708   0.13638   0.00000   0.17287   0.02413   0.04327   0.03229   0.07844   0.03340   0.04831   0.06946   0.01804   0.13652   0.28173   8.41072   1.61955   1.00518   1.53125   0.97435  
 15 28.7789   1871.023929  x:  0.00000   0.17316   0.02979   0.03243   0.01880   0.05921   0.03832   0.06611   0.08250   0.01756   0.13819   0.00000   0.17313   0.02490   0.04314   0.03191   0.07920   0.03250   0.04919   0.06912   0.01707   0.13516   0.28221   8.41247   1.62805   1.01846   1.54204   0.96870  
 16 12.9297   1870.963344  x:  0.00000   0.17556   0.03160   0.03309   0.01858   0.05907   0.03676   0.06605   0.08179   0.01676   0.13904   0.00000   0.17541   0.02351   0.04382   0.03132   0.07981   0.03357   0.04970   0.06941   0.01865   0.13168   0.28313   8.41528   1.64227   1.03894   1.55812   0.96014  
 17 42.0527   1870.920762  x:  0.00000   0.17788   0.03050   0.03298   0.01852   0.05581   0.03700   0.06653   0.08285   0.01711   0.13753   0.00000   0.17769   0.02457   0.04347   0.03240   0.07928   0.03375   0.04867   0.06986   0.01739   0.12993   0.28371   8.41734   1.65328   1.05267   1.56910   0.95444  
 18 42.0989   1870.903931  x:  0.00000   0.17882   0.03079   0.03211   0.01827   0.05561   0.03865   0.06695   0.08384   0.01715   0.13514   0.00000   0.17870   0.02407   0.04342   0.03176   0.07891   0.03281   0.04839   0.06974   0.01811   0.13059   0.28383   8.41829   1.65890   1.05706   1.57327   0.95265  
 19 16.7504   1870.884150  x:  0.00000   0.17952   0.03091   0.03204   0.01843   0.05704   0.03751   0.06725   0.08430   0.01691   0.13139   0.00000   0.17958   0.02432   0.04352   0.03210   0.07894   0.03366   0.04892   0.06941   0.01762   0.13253   0.28383   8.41960   1.66740   1.06017   1.57780   0.95148  
 20 12.4690   1870.856382  x:  0.00000   0.17947   0.03035   0.03479   0.01789   0.05666   0.03766   0.06600   0.08271   0.01728   0.12982   0.00000   0.17972   0.02411   0.04357   0.03203   0.08001   0.03294   0.04869   0.06927   0.01795   0.13332   0.28374   8.42178   1.68217   1.06139   1.58369   0.95142  
 21 11.5771   1870.777203  x:  0.00000   0.17836   0.03103   0.03143   0.01781   0.05560   0.03773   0.06456   0.08000   0.01667   0.13098   0.00000   0.17897   0.02426   0.04353   0.03201   0.08042   0.03329   0.04765   0.06962   0.01759   0.13196   0.28349   8.42818   1.72517   1.06225   1.59962   0.95288  
 22 33.6932   1870.737952  x:  0.00000   0.17777   0.03080   0.03245   0.01738   0.05621   0.03788   0.06777   0.08243   0.01674   0.13301   0.00000   0.17826   0.02418   0.04360   0.03200   0.07925   0.03327   0.04851   0.06940   0.01756   0.13020   0.28339   8.43157   1.74655   1.06244   1.60753   0.95441  
 23 38.9083   1870.730016  x:  0.00000   0.17791   0.03082   0.03254   0.01732   0.05648   0.03766   0.06638   0.08458   0.01667   0.13341   0.00000   0.17797   0.02420   0.04361   0.03199   0.07997   0.03323   0.04827   0.06895   0.01754   0.12987   0.28339   8.43249   1.74902   1.06295   1.60879   0.95610  
 24  4.1552   1870.519725  x:  0.00000   0.18433   0.03106   0.03223   0.01526   0.05597   0.03820   0.06790   0.08305   0.01608   0.13221   0.00000   0.17128   0.02420   0.04396   0.03203   0.08079   0.03322   0.04798   0.06881   0.01720   0.12988   0.28418   8.46341   1.77101   1.08910   1.63490   1.03353  
 25  3.6888   1870.454096  x:  0.00000   0.17585   0.03108   0.03218   0.01452   0.05591   0.03823   0.06811   0.08319   0.01598   0.13215   0.00000   0.17959   0.02420   0.04408   0.03201   0.08120   0.03315   0.04787   0.06851   0.01701   0.12959   0.28438   8.47336   1.77521   1.09524   1.64080   1.05170  
 26 12.6226   1869.254288  x:  0.00000   0.17455   0.03196   0.03145   0.00362   0.05527   0.03924   0.07137   0.08273   0.01328   0.13014   0.00000   0.17549   0.02437   0.04590   0.03211   0.08738   0.03291   0.04630   0.06597   0.01498   0.12815   0.29169   8.63698   1.75040   1.08098   1.62972   1.02213  
 27  2.0761   1868.920751  x:  0.00000   0.17339   0.03287   0.03054   0.00636   0.05486   0.03945   0.07527   0.08238   0.00983   0.12933   0.00000   0.17225   0.02462   0.04812   0.03190   0.09468   0.03194   0.04473   0.06390   0.01236   0.12821   0.29501   8.75991   1.71552   1.06390   1.60881   0.98860  
 28  0.2810   1868.846618  x:  0.00000   0.17284   0.03302   0.03021   0.00519   0.05496   0.03924   0.07737   0.08231   0.01134   0.12923   0.00000   0.17102   0.02457   0.04953   0.03171   0.09918   0.03148   0.04422   0.06390   0.01263   0.12834   0.29569   8.85815   1.69689   1.05530   1.59567   0.97328  
 29  0.1393   1868.841258  x:  0.00000   0.17287   0.03293   0.03033   0.00491   0.05500   0.03911   0.07766   0.08241   0.01086   0.12938   0.00000   0.17149   0.02449   0.04963   0.03169   0.10028   0.03153   0.04451   0.06415   0.01301   0.12836   0.29533   8.90060   1.69904   1.05640   1.59612   0.97750  
 30  0.0558   1868.840177  x:  0.00000   0.17299   0.03283   0.03040   0.00502   0.05503   0.03905   0.07766   0.08246   0.01105   0.12944   0.00000   0.17176   0.02447   0.04959   0.03170   0.10069   0.03159   0.04462   0.06427   0.01290   0.12836   0.29506   8.92617   1.70128   1.05747   1.59686   0.98040  
 31  0.0309   1868.840052  x:  0.00000   0.17306   0.03283   0.03038   0.00503   0.05501   0.03909   0.07758   0.08245   0.01101   0.12941   0.00000   0.17170   0.02448   0.04952   0.03171   0.10073   0.03159   0.04455   0.06420   0.01287   0.12835   0.29507   8.94249   1.70131   1.05736   1.59682   0.97991  
 32  0.0117   1868.840041  x:  0.00000   0.17303   0.03284   0.03038   0.00503   0.05502   0.03908   0.07757   0.08245   0.01102   0.12941   0.00000   0.17170   0.02448   0.04952   0.03171   0.10067   0.03158   0.04457   0.06422   0.01290   0.12835   0.29510   8.94522   1.70120   1.05732   1.59682   0.97997  
 33  0.0027   1868.840040  x:  0.00000   0.17303   0.03284   0.03038   0.00503   0.05502   0.03908   0.07757   0.08245   0.01102   0.12941   0.00000   0.17171   0.02448   0.04953   0.03171   0.10065   0.03158   0.04458   0.06422   0.01289   0.12835   0.29511   8.94606   1.70120   1.05732   1.59685   0.98003  
 34  0.0010   1868.840039  x:  0.00000   0.17303   0.03284   0.03038   0.00503   0.05502   0.03908   0.07757   0.08245   0.01102   0.12941   0.00000   0.17171   0.02448   0.04953   0.03171   0.10065   0.03158   0.04457   0.06422   0.01289   0.12835   0.29511   8.94616   1.70122   1.05733   1.59686   0.98004  
 35  0.0001   1868.840039  x:  0.00000   0.17303   0.03284   0.03038   0.00503   0.05502   0.03908   0.07757   0.08245   0.01102   0.12941   0.00000   0.17171   0.02448   0.04953   0.03171   0.10065   0.03158   0.04457   0.06422   0.01289   0.12835   0.29511   8.94617   1.70122   1.05732   1.59685   0.98003  
 36  0.0000   1868.840039  x:  0.00000   0.17303   0.03284   0.03038   0.00503   0.05502   0.03908   0.07757   0.08245   0.01102   0.12941   0.00000   0.17171   0.02448   0.04953   0.03171   0.10065   0.03158   0.04457   0.06422   0.01289   0.12835   0.29511   8.94617   1.70122   1.05732   1.59685   0.98003  
 37  0.0000   1868.840039  x:  0.00000   0.17303   0.03284   0.03038   0.00503   0.05502   0.03908   0.07757   0.08245   0.01102   0.12941   0.00000   0.17171   0.02448   0.04953   0.03171   0.10065   0.03158   0.04457   0.06422   0.01289   0.12835   0.29511   8.94617   1.70122   1.05732   1.59685   0.98003  

TREE # 2

  0  0.0000   2146.939341  x:  0.00000   0.17303   0.03284   0.03038   0.00503   0.05502   0.03908   0.07757   0.08245   0.01102   0.12941   0.00000   0.17171   0.02448   0.04953   0.03171   0.10065   0.03158   0.04457   0.06422   0.01289   0.12835   0.29511   8.94617   1.66904   0.96409   1.45790   0.98003  
  1 99.0000   2049.770590  x:  0.10052   0.17361   0.03882   0.03605   0.00743   0.05421   0.04002   0.07717   0.08184   0.01738   0.12944   0.24534   0.17252   0.03281   0.05239   0.03091   0.09965   0.03385   0.04416   0.06456   0.01179   0.12747   0.29382   8.94617   1.66900   0.96415   1.45800   0.98002  
  2 26551.8642   1986.810837  x:  0.12226   0.16035   0.08754   0.08935   0.01941   0.04541   0.04954   0.07090   0.07480   0.02448   0.12601   0.23541   0.16087   0.09051   0.08452   0.02230   0.08878   0.05601   0.03962   0.06822   0.00000   0.11788   0.27980   8.94619   1.66830   0.96549   1.45846   0.98001  
  3 1006.7766   1971.046620  x:  0.14719   0.13921   0.08872   0.08753   0.00145   0.03403   0.05465   0.06243   0.06528   0.02502   0.12079   0.22587   0.14107   0.08749   0.09412   0.01042   0.07227   0.06091   0.03268   0.07220   0.00000   0.10468   0.25805   8.94621   1.66698   0.96812   1.45900   0.98006  
  4 383.8210   1957.870913  x:  0.17190   0.11721   0.08743   0.08330   0.00480   0.02329   0.05917   0.05405   0.05583   0.02524   0.11550   0.21639   0.12043   0.08146   0.10239   0.00000   0.05552   0.06466   0.02595   0.07605   0.00000   0.09126   0.23556   8.94623   1.66564   0.97081   1.45958   0.98012  
  5 2289.6389   1938.338085  x:  0.22045   0.07283   0.08514   0.07583   0.00898   0.00350   0.06767   0.03796   0.03759   0.02580   0.10511   0.19777   0.07886   0.07014   0.11903   0.00811   0.02351   0.07181   0.01355   0.08346   0.00000   0.06477   0.19046   8.94628   1.66297   0.97610   1.46075   0.98026  
  6 4610.1933   1927.988734  x:  0.25141   0.04200   0.08338   0.07272   0.01047   0.01558   0.07239   0.03012   0.02799   0.02634   0.09865   0.18592   0.05014   0.06354   0.12897   0.01101   0.00633   0.07547   0.01087   0.08772   0.00000   0.04834   0.15985   8.94630   1.66122   0.97954   1.46162   0.98036  
  7 2127.4339   1910.921389  x:  0.28994   0.00000   0.08000   0.07091   0.01195   0.02055   0.07668   0.02438   0.02130   0.02711   0.09112   0.17121   0.01130   0.05599   0.14005   0.01262   0.01629   0.07850   0.01742   0.09231   0.00000   0.03031   0.11938   8.94634   1.65898   0.98387   1.46287   0.98047  
  8 1614.0739   1907.299923  x:  0.29905   0.00000   0.07807   0.07196   0.01214   0.02058   0.07672   0.02662   0.02455   0.02728   0.08988   0.16774   0.00000   0.05491   0.14169   0.01282   0.01592   0.07814   0.01905   0.09293   0.00000   0.03010   0.10846   8.94634   1.65843   0.98490   1.46328   0.98051  
  9 975.7466   1904.343737  x:  0.32118   0.00000   0.07074   0.07696   0.01253   0.02138   0.07466   0.02963   0.02464   0.02735   0.08844   0.15929   0.00000   0.05433   0.14307   0.01330   0.01674   0.07507   0.01849   0.09331   0.03204   0.03702   0.07969   8.94636   1.65710   0.98733   1.46452   0.98060  
 10 961.7377   1901.504981  x:  0.34709   0.00000   0.06019   0.08535   0.01289   0.02300   0.06920   0.03069   0.02043   0.02714   0.08929   0.14939   0.00000   0.05564   0.14136   0.01379   0.01948   0.06875   0.01209   0.09137   0.02918   0.04815   0.04299   8.94638   1.65551   0.99011   1.46641   0.98071  
 11 386.7435   1901.156547  x:  0.35268   0.00000   0.05928   0.08744   0.01289   0.02240   0.06637   0.02736   0.01928   0.02702   0.09152   0.14721   0.00000   0.05584   0.13901   0.01383   0.01791   0.06661   0.01730   0.08928   0.02872   0.05033   0.03872   8.94639   1.65520   0.99057   1.46724   0.98073  
 12 107.9674   1900.813269  x:  0.36172   0.00000   0.06154   0.08904   0.01295   0.02281   0.06149   0.02307   0.02239   0.02690   0.09678   0.14359   0.00000   0.05503   0.13409   0.01397   0.01841   0.06411   0.01582   0.08389   0.02892   0.04971   0.04065   8.94641   1.65476   0.99106   1.46916   0.98077  
 13 64.6356   1900.499462  x:  0.37341   0.00000   0.06379   0.08972   0.01307   0.02282   0.05699   0.02740   0.02007   0.02670   0.10262   0.13890   0.00000   0.05483   0.12837   0.01419   0.01835   0.06237   0.01601   0.07774   0.02887   0.04855   0.04453   8.94643   1.65419   0.99167   1.47193   0.98082  
 14 94.8091   1900.384003  x:  0.38058   0.00000   0.06139   0.08739   0.01331   0.02326   0.05963   0.02716   0.02038   0.02653   0.10443   0.13600   0.00000   0.05825   0.12578   0.01449   0.01877   0.06446   0.01641   0.07715   0.02855   0.05123   0.04757   8.94646   1.65381   0.99192   1.47495   0.98086  
 15 27.9673   1900.343370  x:  0.38306   0.00000   0.06336   0.08748   0.01341   0.02350   0.06133   0.02709   0.02017   0.02675   0.10419   0.13499   0.00000   0.05650   0.12473   0.01463   0.01906   0.06461   0.01656   0.07895   0.02830   0.05408   0.04825   8.94649   1.65361   0.99190   1.47832   0.98089  
 16 13.1733   1900.185039  x:  0.38390   0.00000   0.06255   0.08938   0.01341   0.02358   0.05898   0.02725   0.02038   0.02564   0.10028   0.13446   0.00000   0.05837   0.12237   0.01470   0.01920   0.05987   0.01653   0.08625   0.02818   0.05321   0.05092   8.94672   1.65302   0.99099   1.50326   0.98100  
 17 10.0339   1899.749429  x:  0.37676   0.00000   0.06223   0.08974   0.01337   0.02374   0.05404   0.02762   0.02084   0.03324   0.09863   0.13649   0.00000   0.05844   0.12074   0.01472   0.01956   0.06630   0.01673   0.08485   0.02810   0.05359   0.04925   8.94745   1.65265   0.98897   1.57879   0.98113  
 18 47.1198   1899.340133  x:  0.36904   0.00000   0.06433   0.08932   0.01336   0.02387   0.05705   0.02809   0.02136   0.02469   0.10044   0.13918   0.00000   0.05860   0.12240   0.01473   0.01993   0.06755   0.01703   0.07775   0.02812   0.05406   0.04622   8.94811   1.65362   0.98860   1.64357   0.98101  
 19 137.7658   1899.238813  x:  0.36685   0.00000   0.06452   0.08892   0.01336   0.02385   0.06106   0.02831   0.02141   0.02734   0.10314   0.13983   0.00000   0.05920   0.12465   0.01470   0.02002   0.06275   0.01709   0.07554   0.02815   0.05377   0.04590   8.94831   1.65579   0.99081   1.65772   0.98068  
 20 37.4605   1898.780430  x:  0.35932   0.00000   0.06004   0.09319   0.01351   0.02461   0.05760   0.02936   0.02193   0.02580   0.11928   0.14205   0.00000   0.05622   0.13694   0.01481   0.02109   0.06405   0.01748   0.08260   0.02768   0.05651   0.04839   8.94954   1.68934   1.02885   1.68961   0.97542  
 21 12.6950   1896.896629  x:  0.32149   0.00000   0.06920   0.09730   0.01346   0.02576   0.05979   0.03211   0.02522   0.02702   0.10539   0.15343   0.00000   0.06537   0.11755   0.01545   0.02372   0.06431   0.01936   0.07304   0.02680   0.06068   0.04590   8.95483   1.84690   1.19190   1.79242   0.95308  
 22 60.1607   1896.796023  x:  0.32102   0.00000   0.07233   0.09211   0.01353   0.02605   0.05611   0.03221   0.02540   0.02697   0.10384   0.15343   0.00000   0.06771   0.12051   0.01547   0.02405   0.06278   0.01960   0.07252   0.02662   0.06336   0.04520   8.95509   1.85657   1.19414   1.79536   0.95329  
 23 19.4183   1895.438255  x:  0.32046   0.00000   0.06649   0.10480   0.01376   0.02750   0.05520   0.03443   0.02785   0.02725   0.10007   0.15176   0.00000   0.06371   0.12983   0.01582   0.02640   0.06235   0.02141   0.06701   0.02542   0.06758   0.04580   8.95830   2.01222   1.10819   1.79178   0.98247  
 24 13.6388   1895.294387  x:  0.31769   0.00000   0.06979   0.10225   0.01372   0.02742   0.05610   0.03524   0.02843   0.02710   0.10683   0.15265   0.00000   0.06650   0.12426   0.01584   0.02645   0.06320   0.02131   0.07185   0.02561   0.06535   0.04201   8.95867   2.02384   1.09946   1.78985   0.98629  
 25 23.4436   1888.461487  x:  0.32189   0.00000   0.08461   0.12665   0.01340   0.03056   0.05435   0.04521   0.03896   0.02979   0.10330   0.15015   0.00000   0.08283   0.13977   0.01624   0.03326   0.06858   0.02685   0.07276   0.02025   0.07484   0.03952   8.98277   1.59646   0.99735   1.45687   1.27511  
 26  4.3380   1883.997359  x:  0.36980   0.00000   0.09105   0.14098   0.01309   0.03104   0.05674   0.04968   0.04362   0.03190   0.09922   0.13459   0.00000   0.08917   0.15549   0.01630   0.03510   0.07369   0.02895   0.07576   0.01742   0.07344   0.03608   9.00564   1.46398   0.91795   1.36715   0.90240  
 27  7.9253   1880.942649  x:  0.46449   0.00000   0.09587   0.15188   0.01215   0.02888   0.06435   0.05072   0.04459   0.03275   0.09166   0.10586   0.00000   0.09212   0.17587   0.01521   0.03303   0.08133   0.02870   0.08026   0.01502   0.06191   0.03247   9.01593   1.69004   1.05916   1.56052   0.99546  
 28  3.7277   1878.407388  x:  0.43666   0.00000   0.11172   0.17624   0.01128   0.02949   0.06371   0.05505   0.04949   0.03033   0.10817   0.10836   0.00000   0.11138   0.18410   0.01455   0.03753   0.08228   0.03369   0.07552   0.00421   0.06012   0.04618   9.14551   1.72185   1.04716   1.59918   0.94441  
 29  0.1037   1877.341469  x:  0.39810   0.00000   0.12026   0.18385   0.01110   0.02855   0.06142   0.05514   0.05162   0.03018   0.10047   0.11153   0.00000   0.12252   0.17541   0.01373   0.03823   0.07946   0.03493   0.07441   0.00166   0.05512   0.03661   9.19473   1.66541   1.04738   1.54759   1.02946  
 30  0.0720   1876.557059  x:  0.36788   0.00000   0.12495   0.18386   0.01129   0.02688   0.06030   0.05282   0.05200   0.03047   0.09334   0.11089   0.00000   0.12821   0.16533   0.01291   0.03690   0.07692   0.03474   0.07625   0.00762   0.04799   0.03265   9.19411   1.65105   1.05160   1.52803   1.05489  
 31  0.0631   1872.057488  x:  0.37675   0.00000   0.13535   0.19690   0.01459   0.02385   0.05941   0.04362   0.05258   0.03293   0.08886   0.04624   0.00000   0.14505   0.15491   0.01148   0.03537   0.07262   0.03517   0.08066   0.00959   0.06063   0.04265   9.10172   1.78422   1.08432   1.61978   0.91368  
 32  0.0714   1870.282220  x:  0.31603   0.00000   0.13862   0.19677   0.01609   0.02217   0.06310   0.04095   0.05106   0.03128   0.10840   0.02967   0.00000   0.15175   0.15645   0.01016   0.03433   0.07693   0.03449   0.07693   0.00981   0.06243   0.04073   9.03070   1.73347   1.07346   1.62781   0.98514  
 33  0.0982   1869.807194  x:  0.29002   0.00000   0.13525   0.19116   0.01579   0.02242   0.06464   0.04280   0.04949   0.03118   0.10893   0.04084   0.00000   0.14733   0.16276   0.01009   0.03404   0.08038   0.03359   0.07631   0.00863   0.06081   0.03894   8.99894   1.70441   1.06238   1.61433   0.99251  
 34  0.1007   1869.103509  x:  0.30625   0.00000   0.12464   0.18085   0.01561   0.02271   0.06672   0.04717   0.04606   0.03214   0.10161   0.03458   0.00000   0.13402   0.18011   0.01013   0.03203   0.08697   0.03056   0.07693   0.00611   0.05530   0.03519   8.93076   1.66728   1.04382   1.57205   0.99561  
 35  0.0893   1868.934162  x:  0.29327   0.00000   0.12446   0.17616   0.01569   0.02315   0.06494   0.04818   0.04473   0.03204   0.09877   0.03097   0.00000   0.13214   0.17814   0.01025   0.03187   0.08509   0.02984   0.07792   0.00507   0.05561   0.03937   8.92061   1.69458   1.05214   1.58582   0.97282  
 36  0.0374   1868.880498  x:  0.29769   0.00000   0.12553   0.17256   0.01515   0.02396   0.06357   0.04942   0.04444   0.03140   0.10132   0.03252   0.00000   0.13028   0.17397   0.01064   0.03231   0.08218   0.02974   0.07743   0.00480   0.05542   0.04009   8.94527   1.70732   1.05999   1.59955   0.97844  
 37  0.0247   1868.858348  x:  0.29476   0.00000   0.12834   0.17121   0.01444   0.02423   0.06405   0.05003   0.04464   0.03170   0.10073   0.03129   0.00000   0.13051   0.17117   0.01061   0.03262   0.08136   0.03002   0.07741   0.00494   0.05480   0.03852   8.95341   1.70277   1.05872   1.60145   0.98129  
 38  0.0062   1868.846855  x:  0.29553   0.00000   0.12937   0.17079   0.01355   0.02442   0.06473   0.05016   0.04465   0.03191   0.10017   0.03179   0.00000   0.12951   0.17231   0.01054   0.03282   0.08250   0.03033   0.07791   0.00505   0.05459   0.03936   8.95216   1.69810   1.05614   1.59448   0.98348  
 39  0.0050   1868.842950  x:  0.29520   0.00000   0.12924   0.17106   0.01318   0.02457   0.06433   0.04991   0.04461   0.03172   0.10083   0.03168   0.00000   0.12906   0.17304   0.01060   0.03299   0.08277   0.03045   0.07751   0.00507   0.05519   0.03897   8.94710   1.70117   1.05708   1.59606   0.97743  
 40  0.0062   1868.841111  x:  0.29519   0.00000   0.12862   0.17177   0.01299   0.02459   0.06400   0.04948   0.04456   0.03161   0.10067   0.03147   0.00000   0.12907   0.17327   0.01072   0.03300   0.08243   0.03046   0.07748   0.00505   0.05519   0.03918   8.94499   1.70200   1.05767   1.59756   0.98141  
 41  0.0023   1868.840461  x:  0.29510   0.00000   0.12827   0.17193   0.01291   0.02459   0.06419   0.04939   0.04455   0.03171   0.10058   0.03164   0.00000   0.12914   0.17316   0.01083   0.03296   0.08235   0.03043   0.07759   0.00500   0.05489   0.03904   8.94501   1.70143   1.05761   1.59735   0.97988  
 42  0.0011   1868.840195  x:  0.29523   0.00000   0.12817   0.17177   0.01291   0.02459   0.06431   0.04943   0.04456   0.03175   0.10068   0.03156   0.00000   0.12928   0.17292   0.01095   0.03294   0.08242   0.03042   0.07759   0.00503   0.05503   0.03907   8.94637   1.70093   1.05694   1.59620   0.98002  
 43  0.0009   1868.840069  x:  0.29503   0.00000   0.12828   0.17165   0.01290   0.02453   0.06422   0.04952   0.04456   0.03169   0.10066   0.03158   0.00000   0.12945   0.17294   0.01101   0.03288   0.08251   0.03041   0.07757   0.00503   0.05499   0.03911   8.94690   1.70113   1.05747   1.59709   0.97992  
 44  0.0005   1868.840047  x:  0.29511   0.00000   0.12831   0.17167   0.01289   0.02450   0.06421   0.04954   0.04457   0.03170   0.10063   0.03159   0.00000   0.12946   0.17303   0.01102   0.03286   0.08247   0.03040   0.07757   0.00503   0.05501   0.03907   8.94656   1.70140   1.05731   1.59690   0.98012  
 45  0.0004   1868.840041  x:  0.29512   0.00000   0.12834   0.17168   0.01289   0.02448   0.06422   0.04953   0.04457   0.03171   0.10065   0.03158   0.00000   0.12945   0.17305   0.01102   0.03285   0.08244   0.03039   0.07758   0.00503   0.05502   0.03908   8.94616   1.70119   1.05736   1.59685   0.98003  
 46  0.0003   1868.840040  x:  0.29509   0.00000   0.12835   0.17169   0.01289   0.02448   0.06422   0.04953   0.04457   0.03171   0.10065   0.03159   0.00000   0.12942   0.17303   0.01102   0.03284   0.08244   0.03038   0.07757   0.00503   0.05502   0.03908   8.94607   1.70121   1.05730   1.59684   0.98003  
 47  0.0001   1868.840039  x:  0.29511   0.00000   0.12835   0.17171   0.01289   0.02448   0.06422   0.04953   0.04457   0.03171   0.10065   0.03158   0.00000   0.12941   0.17303   0.01102   0.03284   0.08245   0.03038   0.07757   0.00503   0.05502   0.03908   8.94612   1.70121   1.05732   1.59685   0.98003  
 48  0.0000   1868.840039  x:  0.29511   0.00000   0.12835   0.17171   0.01289   0.02448   0.06422   0.04953   0.04457   0.03171   0.10065   0.03158   0.00000   0.12941   0.17303   0.01102   0.03284   0.08245   0.03038   0.07757   0.00503   0.05502   0.03908   8.94616   1.70122   1.05733   1.59685   0.98004  
 49  0.0000   1868.840039  x:  0.29511   0.00000   0.12835   0.17171   0.01289   0.02448   0.06422   0.04953   0.04457   0.03171   0.10065   0.03158   0.00000   0.12941   0.17303   0.01102   0.03284   0.08245   0.03038   0.07757   0.00503   0.05502   0.03908   8.94618   1.70122   1.05733   1.59686   0.98004  
 50  0.0000   1868.840039  x:  0.29511   0.00000   0.12835   0.17171   0.01289   0.02448   0.06422   0.04953   0.04457   0.03171   0.10065   0.03158   0.00000   0.12941   0.17303   0.01102   0.03284   0.08245   0.03038   0.07757   0.00503   0.05502   0.03908   8.94618   1.70122   1.05732   1.59685   0.98003  
 51  0.0000   1868.840039  x:  0.29511   0.00000   0.12835   0.17171   0.01289   0.02448   0.06422   0.04953   0.04457   0.03171   0.10065   0.03158   0.00000   0.12941   0.17303   0.01102   0.03284   0.08245   0.03038   0.07757   0.00503   0.05502   0.03908   8.94618   1.70122   1.05732   1.59685   0.98003  
 52  0.0000   1868.840039  x:  0.29511   0.00000   0.12835   0.17171   0.01289   0.02448   0.06422   0.04953   0.04457   0.03171   0.10065   0.03158   0.00000   0.12941   0.17303   0.01102   0.03284   0.08245   0.03038   0.07757   0.00503   0.05502   0.03908   8.94617   1.70122   1.05732   1.59685   0.98003  
 53  0.0000   1868.840039  x:  0.29511   0.00000   0.12835   0.17171   0.01289   0.02448   0.06422   0.04953   0.04457   0.03171   0.10065   0.03158   0.00000   0.12941   0.17303   0.01102   0.03284   0.08245   0.03038   0.07757   0.00503   0.05502   0.03908   8.94617   1.70122   1.05732   1.59685   0.98003  
 54  0.0000   1868.840039  x:  0.29511   0.00000   0.12835   0.17171   0.01289   0.02448   0.06422   0.04953   0.04457   0.03171   0.10065   0.03158   0.00000   0.12941   0.17303   0.01102   0.03284   0.08245   0.03038   0.07757   0.00503   0.05502   0.03908   8.94618   1.70122   1.05732   1.59685   0.98003  