

TREE # 1

  0  0.0000   2016.069725  x:  0.20925   0.02571   0.03211   0.02495   0.05815   0.02188   0.05666   0.08536   0.02661   0.17168   0.20925   0.02571   0.03211   0.02495   0.05815   0.02188   0.05666   0.08536   0.02661   0.17168   0.21568   8.40433   1.42588   1.15701   1.49163   1.00000  
  1 99.0000   2005.252929  x:  0.20679   0.00942   0.04587   0.01782   0.09481   0.04925   0.06454   0.08532   0.03753   0.17722   0.19774   0.06618   0.06775   0.02558   0.07257   0.01224   0.08353   0.08183   0.02614   0.18460   0.21170   8.40435   1.42465   1.15687   1.49460   1.00031  
  2 318.2690   2003.159529  x:  0.20166   0.01388   0.04404   0.01688   0.11413   0.03344   0.07200   0.08654   0.03801   0.18692   0.17469   0.05928   0.06926   0.02264   0.08508   0.02186   0.09594   0.07641   0.01890   0.20610   0.20403   8.40437   1.42218   1.15692   1.50046   1.00128  
  3 92.4610   2002.257719  x:  0.19774   0.00894   0.04340   0.01938   0.12050   0.02936   0.07276   0.08713   0.03592   0.19331   0.15815   0.05307   0.06589   0.02328   0.08769   0.01324   0.09933   0.07451   0.02561   0.21978   0.19862   8.40439   1.42012   1.15709   1.50532   1.00209  
  4 109.3301   2001.820642  x:  0.19397   0.01394   0.04487   0.01775   0.12042   0.03693   0.06980   0.08735   0.03637   0.19848   0.14358   0.05062   0.06298   0.02544   0.08553   0.01256   0.09750   0.07501   0.02687   0.23054   0.19395   8.40441   1.41775   1.15736   1.51099   1.00304  
  5 69.2960   2001.637428  x:  0.19178   0.01000   0.04513   0.01788   0.11807   0.03871   0.06781   0.08713   0.03614   0.20096   0.13669   0.05184   0.06252   0.02507   0.08309   0.01567   0.09495   0.07598   0.02534   0.23563   0.19168   8.40444   1.41606   1.15759   1.51512   1.00370  
  6 58.3592   2001.537946  x:  0.18998   0.01072   0.04485   0.01791   0.11490   0.03636   0.06729   0.08679   0.03717   0.20255   0.13324   0.05546   0.06396   0.02341   0.08084   0.01374   0.09280   0.07694   0.02334   0.23891   0.19034   8.40446   1.41410   1.15793   1.52010   1.00448  
  7 32.6887   2001.493404  x:  0.18876   0.01144   0.04466   0.01833   0.11296   0.03505   0.06796   0.08658   0.03743   0.20327   0.13311   0.05703   0.06558   0.02492   0.08056   0.01476   0.09222   0.07713   0.02548   0.24051   0.18991   8.40449   1.41210   1.15830   1.52546   1.00532  
  8 20.0135   2001.332892  x:  0.18412   0.01061   0.04414   0.01690   0.10752   0.03703   0.07146   0.08606   0.03606   0.20501   0.13834   0.05456   0.06855   0.02535   0.08329   0.01372   0.09274   0.07581   0.02405   0.24510   0.18967   8.40467   1.40117   1.16062   1.55571   1.01001  
  9 23.3890   2001.248616  x:  0.18331   0.01117   0.04437   0.01998   0.10851   0.03795   0.07051   0.08638   0.03715   0.20487   0.14048   0.05475   0.06708   0.02258   0.08342   0.01436   0.09323   0.07581   0.02482   0.24557   0.19006   8.40479   1.39494   1.16232   1.57442   1.01291  
 10 41.7022   2001.127217  x:  0.18418   0.01069   0.04437   0.01754   0.11289   0.03635   0.06668   0.08682   0.03864   0.20342   0.14185   0.05597   0.06311   0.02386   0.08174   0.01440   0.09369   0.07658   0.02488   0.24369   0.19104   8.40500   1.38635   1.16529   1.60271   1.01731  
 11 59.0366   2001.092659  x:  0.18589   0.01102   0.04475   0.01898   0.11433   0.03614   0.06690   0.08668   0.03678   0.20225   0.14012   0.05575   0.06380   0.02541   0.08082   0.01407   0.09322   0.07678   0.02371   0.24128   0.19127   8.40510   1.38474   1.16676   1.61166   1.01871  
 12 23.3077   2001.064414  x:  0.18811   0.01120   0.04503   0.01795   0.11485   0.03610   0.06797   0.08624   0.03558   0.20096   0.13740   0.05504   0.06516   0.02400   0.08049   0.01430   0.09248   0.07670   0.02463   0.23821   0.19130   8.40520   1.38441   1.16852   1.61938   1.01993  
 13 23.4275   2001.051960  x:  0.18941   0.01086   0.04476   0.01815   0.11405   0.03622   0.06857   0.08606   0.03750   0.20047   0.13574   0.05460   0.06529   0.02432   0.08144   0.01418   0.09254   0.07626   0.02451   0.23642   0.19102   8.40530   1.38576   1.17011   1.62328   1.02052  
 14 10.1750   2001.036543  x:  0.19015   0.01106   0.04403   0.01816   0.11257   0.03637   0.06786   0.08650   0.03644   0.20078   0.13479   0.05588   0.06429   0.02428   0.08327   0.01419   0.09392   0.07577   0.02451   0.23504   0.19008   8.40552   1.39141   1.17411   1.62896   1.02137  
 15  6.5257   2000.963994  x:  0.19004   0.01093   0.04789   0.01812   0.11201   0.03548   0.06749   0.08735   0.03672   0.20366   0.13594   0.05479   0.06454   0.02419   0.08152   0.01433   0.09601   0.07692   0.02441   0.23344   0.18658   8.40688   1.42735   1.19775   1.65786   1.02554  
 16 14.3940   2000.908268  x:  0.18938   0.01095   0.04364   0.01824   0.11411   0.03632   0.06793   0.08620   0.03706   0.20446   0.13704   0.05463   0.06522   0.02419   0.08028   0.01426   0.09407   0.07673   0.02449   0.23398   0.18626   8.40797   1.45535   1.21611   1.67974   1.02860  
 17 49.8173   2000.891025  x:  0.18884   0.01093   0.04486   0.01822   0.11453   0.03621   0.06827   0.08576   0.03689   0.20259   0.13677   0.05531   0.06448   0.02432   0.08178   0.01414   0.09181   0.07586   0.02448   0.23551   0.18900   8.40840   1.46439   1.22212   1.68663   1.02939  
 18 15.6980   2000.886798  x:  0.18875   0.01094   0.04466   0.01825   0.11408   0.03617   0.06769   0.08610   0.03695   0.20111   0.13633   0.05497   0.06498   0.02427   0.08163   0.01416   0.09266   0.07634   0.02450   0.23641   0.19075   8.40859   1.46663   1.22372   1.68835   1.02941  
 19  4.9961   2000.886568  x:  0.18878   0.01093   0.04464   0.01824   0.11402   0.03621   0.06797   0.08608   0.03694   0.20094   0.13630   0.05506   0.06479   0.02427   0.08140   0.01418   0.09285   0.07627   0.02449   0.23651   0.19083   8.40866   1.46671   1.22387   1.68844   1.02929  
 20  0.9239   2000.886259  x:  0.18909   0.01094   0.04467   0.01824   0.11397   0.03620   0.06785   0.08597   0.03693   0.20056   0.13643   0.05504   0.06484   0.02426   0.08138   0.01418   0.09283   0.07611   0.02450   0.23679   0.19043   8.40936   1.46650   1.22466   1.68863   1.02792  
 21  0.3073   2000.885957  x:  0.18910   0.01093   0.04464   0.01823   0.11399   0.03622   0.06800   0.08613   0.03692   0.20057   0.13644   0.05506   0.06477   0.02427   0.08149   0.01417   0.09275   0.07647   0.02450   0.23678   0.19040   8.41021   1.46626   1.22547   1.68884   1.02638  
 22  1.1697   2000.885609  x:  0.18881   0.01094   0.04464   0.01823   0.11397   0.03620   0.06793   0.08614   0.03692   0.20093   0.13634   0.05504   0.06481   0.02427   0.08140   0.01418   0.09279   0.07623   0.02450   0.23651   0.19074   8.41134   1.46602   1.22630   1.68912   1.02454  
 23  1.4976   2000.885525  x:  0.18877   0.01095   0.04466   0.01824   0.11396   0.03620   0.06791   0.08586   0.03691   0.20095   0.13633   0.05503   0.06478   0.02427   0.08143   0.01418   0.09284   0.07632   0.02450   0.23647   0.19077   8.41182   1.46609   1.22619   1.68925   1.02424  
 24  0.3054   2000.884419  x:  0.18871   0.01093   0.04462   0.01824   0.11381   0.03619   0.06790   0.08606   0.03690   0.20078   0.13640   0.05502   0.06477   0.02426   0.08136   0.01416   0.09272   0.07627   0.02451   0.23640   0.19066   8.41910   1.46767   1.22334   1.69118   1.02121  
 25  0.7628   2000.882176  x:  0.19040   0.01087   0.04462   0.01824   0.11326   0.03619   0.06786   0.08601   0.03684   0.20191   0.13680   0.05504   0.06471   0.02425   0.08123   0.01413   0.09254   0.07633   0.02453   0.23689   0.19145   8.43626   1.46792   1.22370   1.69265   1.02197  
 26  0.6325   2000.868361  x:  0.18848   0.01060   0.04441   0.01833   0.11111   0.03596   0.06764   0.08600   0.03673   0.20065   0.13768   0.05486   0.06429   0.02420   0.08071   0.01401   0.09170   0.07651   0.02463   0.23525   0.19081   8.54240   1.46844   1.22835   1.70048   1.02907  
 27 10.2042   2000.867359  x:  0.18858   0.01083   0.04436   0.01833   0.11126   0.03583   0.06770   0.08601   0.03666   0.20071   0.13746   0.05438   0.06399   0.02424   0.08079   0.01412   0.09167   0.07646   0.02459   0.23544   0.19079   8.56706   1.46828   1.22799   1.69947   1.02928  
 28  0.0221   2000.867339  x:  0.18860   0.01080   0.04436   0.01834   0.11127   0.03582   0.06768   0.08602   0.03666   0.20070   0.13742   0.05437   0.06397   0.02424   0.08077   0.01411   0.09165   0.07647   0.02462   0.23545   0.19080   8.56881   1.46824   1.22782   1.69890   1.02922  
 29  0.0018   2000.867338  x:  0.18860   0.01080   0.04436   0.01834   0.11127   0.03582   0.06768   0.08602   0.03666   0.20070   0.13743   0.05437   0.06398   0.02424   0.08078   0.01411   0.09165   0.07647   0.02462   0.23544   0.19080   8.56897   1.46824   1.22781   1.69885   1.02922  
 30  0.0002   2000.867338  x:  0.18860   0.01080   0.04436   0.01834   0.11127   0.03582   0.06768   0.08602   0.03666   0.20070   0.13743   0.05437   0.06398   0.02424   0.08078   0.01411   0.09165   0.07647   0.02462   0.23544   0.19080   8.56904   1.46824   1.22781   1.69885   1.02922  
 31  0.0000   2000.867338  x:  0.18860   0.01080   0.04436   0.01834   0.11127   0.03582   0.06768   0.08602   0.03666   0.20070   0.13743   0.05437   0.06398   0.02424   0.08078   0.01411   0.09165   0.07647   0.02462   0.23544   0.19080   8.56905   1.46824   1.22781   1.69885   1.02922  
 32  0.0000   2000.867338  x:  0.18860   0.01080   0.04436   0.01834   0.11127   0.03582   0.06768   0.08602   0.03666   0.20070   0.13743   0.05437   0.06398   0.02424   0.08078   0.01411   0.09165   0.07647   0.02462   0.23544   0.19080   8.56905   1.46824   1.22781   1.69885   1.02922  
 33  0.0000   2000.867338  x:  0.18860   0.01080   0.04436   0.01834   0.11127   0.03582   0.06768   0.08602   0.03666   0.20070   0.13743   0.05437   0.06398   0.02424   0.08078   0.01411   0.09165   0.07647   0.02462   0.23544   0.19080   8.56905   1.46824   1.22781   1.69885   1.02922  