

TREE # 1

  0  0.0000   2282.470263  x:  0.05360   0.00000   0.10366   0.01491   0.07346   0.07697   0.06268   0.05562   0.10236   0.05873   0.07301   0.11460   0.01541   0.06304   0.01566   0.07041   0.05993   0.05678   0.06566   0.05107   0.11347   0.06154   0.09191   0.07222   2.00000   1.72621   1.00807   1.47692   0.40000  
  1 99.0000   2282.427439  x:  0.05362   0.00000   0.10368   0.01491   0.07345   0.07695   0.06269   0.05562   0.10237   0.05875   0.07300   0.11461   0.01540   0.06308   0.01565   0.07040   0.05992   0.05679   0.06565   0.05107   0.11347   0.06154   0.09193   0.07224   2.00000   1.72620   1.00807   1.47692   0.40001  
  2 647.9711   2269.854043  x:  0.05918   0.00000   0.11744   0.01359   0.06251   0.06129   0.06849   0.05071   0.10568   0.06335   0.06527   0.12252   0.00000   0.05274   0.01121   0.06327   0.04563   0.06133   0.06044   0.05081   0.11588   0.05933   0.10022   0.07780   2.00429   1.72582   1.00774   1.47841   0.41384  
  3 466.0070   2256.885132  x:  0.05337   0.00000   0.12211   0.01605   0.03397   0.01372   0.06485   0.04180   0.11205   0.04464   0.04902   0.13183   0.00000   0.05905   0.02259   0.04723   0.00670   0.04891   0.05121   0.05152   0.12099   0.05779   0.10325   0.07199   2.01858   1.72466   1.00679   1.48329   0.44964  
  4 410.0259   2255.488256  x:  0.05207   0.00000   0.12052   0.01853   0.02940   0.00393   0.06372   0.04120   0.11357   0.04612   0.04649   0.13243   0.00000   0.05933   0.02376   0.04485   0.01186   0.04929   0.05050   0.05192   0.12191   0.05785   0.10219   0.07069   2.02308   1.72436   1.00642   1.48482   0.45851  
  5 213.4872   2252.963473  x:  0.04815   0.00000   0.11205   0.02949   0.01570   0.01153   0.05996   0.04083   0.12074   0.05306   0.03803   0.13342   0.00000   0.06000   0.02683   0.03651   0.01519   0.05309   0.04886   0.05321   0.12562   0.05857   0.09659   0.06677   2.04498   1.72299   1.00456   1.49220   0.49850  
  6 166.4803   2248.464374  x:  0.05217   0.00000   0.09396   0.03211   0.04673   0.00998   0.05974   0.04828   0.13504   0.05698   0.03915   0.12894   0.00000   0.06121   0.02576   0.03449   0.01177   0.05903   0.05241   0.05402   0.13232   0.06166   0.08506   0.07080   2.11175   1.71915   0.99942   1.51419   0.60033  
  7 207.1758   2245.344734  x:  0.05240   0.00000   0.10558   0.02059   0.04647   0.01649   0.06336   0.05010   0.13430   0.04286   0.04958   0.12260   0.00000   0.06490   0.02167   0.04784   0.02448   0.04939   0.05687   0.05253   0.13172   0.06237   0.09141   0.07102   2.16751   1.71656   0.99637   1.53118   0.66034  
  8 205.2926   2242.901997  x:  0.04543   0.00000   0.11000   0.01176   0.04141   0.01466   0.05820   0.05017   0.11809   0.05949   0.06336   0.11138   0.00000   0.06548   0.02198   0.06386   0.01835   0.04706   0.06260   0.05039   0.12246   0.06169   0.09464   0.06406   2.22954   1.71470   0.99516   1.54785   0.68845  
  9 148.6646   2239.451229  x:  0.05208   0.00000   0.11005   0.02908   0.03305   0.01101   0.05834   0.04956   0.08891   0.05556   0.07892   0.10339   0.00000   0.06690   0.02137   0.07919   0.01190   0.06276   0.06665   0.04967   0.10573   0.05894   0.09571   0.07071   2.33720   1.71261   0.99467   1.57491   0.70767  
 10 225.2855   2223.918716  x:  0.07208   0.00000   0.08832   0.01038   0.02658   0.01436   0.08472   0.04041   0.06440   0.06690   0.07489   0.15349   0.00000   0.07851   0.01547   0.06615   0.01653   0.04149   0.04580   0.06155   0.07208   0.04618   0.08886   0.09072   2.86293   1.70848   0.99907   1.69771   0.69968  
 11 249.5427   2191.630919  x:  0.05148   0.00000   0.13631   0.00000   0.04609   0.01637   0.07567   0.03882   0.11860   0.06341   0.05825   0.20547   0.00000   0.10289   0.02163   0.03985   0.01974   0.09243   0.03425   0.05926   0.09581   0.05162   0.11253   0.07015   3.99887   1.70540   1.01248   1.95644   0.64324  
 12 1211.2582   2185.804943  x:  0.04655   0.00000   0.16219   0.02786   0.05916   0.01584   0.07647   0.03882   0.14347   0.07305   0.05343   0.22110   0.00000   0.11241   0.01745   0.03544   0.01874   0.08025   0.03613   0.05572   0.11060   0.05453   0.12644   0.06523   4.40744   1.70561   1.01837   2.04781   0.62151  
 13 4150.6650   2179.193242  x:  0.07281   0.00000   0.16285   0.02588   0.04482   0.01276   0.06822   0.04487   0.16404   0.07985   0.03152   0.19283   0.00000   0.11614   0.00986   0.03894   0.01396   0.06652   0.06401   0.04452   0.14243   0.06310   0.12350   0.09150   4.64954   1.71317   1.02763   2.09252   0.60399  
 14 554.7919   2177.085307  x:  0.07686   0.00000   0.15906   0.02556   0.03832   0.01132   0.09256   0.04087   0.17459   0.08325   0.03936   0.15883   0.00000   0.11704   0.01268   0.03315   0.01188   0.06411   0.05076   0.05206   0.16021   0.06084   0.12293   0.09555   4.72286   1.72684   1.03925   2.09133   0.59921  
 15 134.7955   2176.532526  x:  0.07610   0.00000   0.15792   0.02582   0.03980   0.01138   0.09151   0.03839   0.17440   0.08259   0.03409   0.15259   0.00000   0.11845   0.00567   0.03472   0.01203   0.06398   0.04338   0.04996   0.16054   0.05769   0.12439   0.09479   4.73884   1.73809   1.04797   2.08020   0.60021  
 16 55.8580   2175.697731  x:  0.07825   0.00000   0.15973   0.02628   0.04393   0.01253   0.08954   0.03542   0.17333   0.08361   0.02561   0.14754   0.00000   0.11914   0.01303   0.03758   0.01396   0.06332   0.03542   0.04592   0.15895   0.05378   0.12917   0.09693   4.76602   1.76338   1.06703   2.05329   0.60376  
 17 145.8530   2171.203944  x:  0.08178   0.00000   0.16427   0.02606   0.04687   0.01365   0.08179   0.03644   0.17712   0.08535   0.03541   0.15166   0.00000   0.12496   0.01281   0.02016   0.01604   0.06417   0.04722   0.04736   0.14978   0.04632   0.14231   0.10047   4.90088   1.91123   1.17550   1.89041   0.62442  
 18 207.8913   2169.199923  x:  0.08116   0.00000   0.16311   0.02680   0.04285   0.01228   0.08893   0.04119   0.18538   0.08701   0.03621   0.16540   0.00000   0.12747   0.01134   0.03884   0.01355   0.06861   0.04955   0.05506   0.15006   0.05693   0.14004   0.09986   4.96916   1.98946   1.23024   1.80362   0.63455  
 19 424.1778   2168.943629  x:  0.08010   0.00000   0.16790   0.02657   0.04330   0.01237   0.09279   0.04145   0.18044   0.08728   0.03631   0.16729   0.00000   0.12793   0.01094   0.03669   0.01377   0.06857   0.04835   0.04705   0.15291   0.06306   0.13111   0.09880   4.97378   1.99888   1.23053   1.79323   0.63596  
 20 31.6081   2168.734494  x:  0.07970   0.00000   0.17446   0.02637   0.04546   0.01284   0.09203   0.03993   0.17270   0.08760   0.03347   0.16851   0.00000   0.12877   0.01080   0.03570   0.01425   0.06822   0.04881   0.05383   0.15952   0.06211   0.12364   0.09840   4.97250   2.00743   1.22079   1.78409   0.63736  
 21 19.4173   2168.084853  x:  0.08105   0.00000   0.17177   0.02593   0.04449   0.01297   0.08974   0.04353   0.16361   0.08918   0.03916   0.17738   0.00000   0.13084   0.01126   0.03790   0.01434   0.06880   0.04412   0.04980   0.17774   0.05264   0.12853   0.09975   4.95560   2.03330   1.16854   1.75591   0.64075  
 22 24.8096   2167.332874  x:  0.07980   0.00000   0.16773   0.02578   0.04665   0.01309   0.09558   0.03602   0.15909   0.08963   0.03398   0.17701   0.00000   0.13290   0.01033   0.03526   0.01449   0.07012   0.04905   0.05031   0.17580   0.06197   0.14210   0.09850   4.93100   2.05987   1.10460   1.72398   0.64467  
 23 68.5467   2166.730508  x:  0.08248   0.00000   0.17539   0.02618   0.04489   0.01214   0.09481   0.04621   0.16953   0.09091   0.03264   0.17141   0.00000   0.13509   0.00999   0.03394   0.01334   0.06980   0.04507   0.05251   0.15662   0.06226   0.13852   0.10118   4.90599   2.07428   1.05693   1.69950   0.64739  
 24 53.8601   2166.453291  x:  0.08422   0.00000   0.17853   0.02640   0.04418   0.01190   0.09407   0.03752   0.17778   0.09158   0.03531   0.17089   0.00000   0.13637   0.01031   0.03648   0.01296   0.07058   0.04617   0.05065   0.14921   0.05753   0.13251   0.10292   4.89225   2.07568   1.04101   1.68969   0.64880  
 25 44.2236   2165.163584  x:  0.08131   0.00000   0.18379   0.02624   0.04520   0.01141   0.11034   0.04199   0.17570   0.09339   0.02652   0.17402   0.00000   0.14298   0.01041   0.03839   0.01225   0.07496   0.05756   0.04610   0.14486   0.04124   0.13382   0.10003   4.79927   2.02073   1.03719   1.65793   0.66005  
 26 15.6005   2157.528107  x:  0.10053   0.00000   0.21527   0.02407   0.04824   0.01256   0.11424   0.03593   0.15733   0.11151   0.03391   0.19806   0.00000   0.17804   0.00702   0.03488   0.01356   0.08469   0.04223   0.05245   0.14011   0.05396   0.15946   0.11929   4.23079   1.67237   1.03549   1.47245   0.72990  
 27 268.2992   2155.913620  x:  0.10354   0.00000   0.22422   0.02336   0.04578   0.01172   0.11739   0.03531   0.15403   0.11532   0.03459   0.20375   0.00000   0.18592   0.00562   0.03579   0.01219   0.08789   0.04133   0.05254   0.13556   0.05613   0.16147   0.12230   4.08641   1.88505   1.13713   1.74141   0.74890  
 28  5.3330   2149.002793  x:  0.10743   0.00000   0.23915   0.02195   0.02020   0.00314   0.10942   0.03557   0.14141   0.11234   0.03427   0.17975   0.00000   0.19783   0.00708   0.03633   0.00370   0.10053   0.04539   0.04873   0.15263   0.05900   0.16550   0.12620   4.97610   1.86875   1.11031   1.74905   0.86050  
 29  1.1065   2146.309143  x:  0.11130   0.00000   0.25499   0.02019   0.01703   0.00976   0.10632   0.03682   0.12722   0.11277   0.03574   0.16236   0.00000   0.20860   0.00713   0.03851   0.01685   0.10999   0.04935   0.04658   0.15299   0.05954   0.17014   0.13007   5.59714   1.85650   1.08939   1.75391   0.93296  
 30  1.3467   2144.823023  x:  0.10983   0.00000   0.26793   0.01968   0.03440   0.01032   0.10622   0.03384   0.13239   0.11730   0.03364   0.17682   0.00000   0.22037   0.00606   0.03848   0.01571   0.11254   0.04521   0.04988   0.12987   0.05699   0.17444   0.12860   6.03735   1.84687   1.09357   1.72671   0.98394  
 31  0.3978   2144.044284  x:  0.10876   0.00000   0.26962   0.01654   0.02447   0.00911   0.11185   0.03662   0.13798   0.12186   0.03626   0.19186   0.00000   0.23404   0.00613   0.03905   0.01235   0.11511   0.04190   0.05006   0.13111   0.05326   0.17426   0.12755   6.53677   1.83826   1.09201   1.72141   1.02826  
 32  0.2792   2143.862878  x:  0.10582   0.00000   0.26437   0.01454   0.02536   0.00891   0.11195   0.03477   0.13090   0.12216   0.03515   0.18733   0.00000   0.23529   0.00748   0.03831   0.01058   0.11238   0.04527   0.04923   0.13787   0.05511   0.17226   0.12460   6.68844   1.84273   1.08560   1.72901   1.02856  
 33  0.1036   2143.779250  x:  0.10486   0.00000   0.25757   0.01356   0.02536   0.00868   0.11021   0.03549   0.13522   0.12226   0.03564   0.18164   0.00000   0.23633   0.00696   0.03845   0.01028   0.10959   0.04495   0.04966   0.13196   0.05566   0.17005   0.12364   6.75672   1.85068   1.09084   1.73715   1.01726  
 34  0.0452   2143.737226  x:  0.10554   0.00000   0.25335   0.01308   0.02638   0.00889   0.10932   0.03570   0.13234   0.12340   0.03673   0.18385   0.00000   0.23994   0.00642   0.03880   0.01107   0.10858   0.04311   0.04995   0.13375   0.05466   0.16958   0.12432   6.74758   1.84893   1.09050   1.73920   1.00562  
 35  0.0092   2143.718726  x:  0.10631   0.00000   0.25215   0.01309   0.02562   0.00904   0.11051   0.03529   0.13215   0.12417   0.03631   0.18560   0.00000   0.24395   0.00695   0.03897   0.01140   0.10888   0.04437   0.04970   0.13187   0.05476   0.16970   0.12510   6.74282   1.84673   1.09038   1.73751   1.00111  
 36  0.0055   2143.711299  x:  0.10643   0.00000   0.25243   0.01370   0.02572   0.00917   0.11047   0.03575   0.13174   0.12373   0.03587   0.18372   0.00000   0.24651   0.00683   0.03879   0.01112   0.10900   0.04419   0.04987   0.13256   0.05493   0.16931   0.12522   6.73584   1.84699   1.08796   1.73339   0.99985  
 37  0.0035   2143.709277  x:  0.10630   0.00000   0.25252   0.01394   0.02565   0.00903   0.11025   0.03527   0.13251   0.12329   0.03604   0.18379   0.00000   0.24752   0.00679   0.03890   0.01107   0.10896   0.04420   0.04973   0.13264   0.05477   0.16911   0.12508   6.73524   1.84603   1.08947   1.73518   1.00050  
 38  0.0020   2143.708579  x:  0.10605   0.00000   0.25261   0.01396   0.02571   0.00892   0.11011   0.03559   0.13244   0.12290   0.03608   0.18419   0.00000   0.24790   0.00683   0.03889   0.01110   0.10886   0.04427   0.04970   0.13253   0.05488   0.16916   0.12484   6.73258   1.84676   1.08978   1.73613   1.00122  
 39  0.0020   2143.708328  x:  0.10594   0.00000   0.25261   0.01388   0.02571   0.00894   0.11009   0.03544   0.13235   0.12262   0.03605   0.18417   0.00000   0.24800   0.00680   0.03888   0.01113   0.10873   0.04423   0.04980   0.13258   0.05489   0.16925   0.12473   6.72764   1.84705   1.08910   1.73529   1.00141  
 40  0.0026   2143.708257  x:  0.10596   0.00000   0.25268   0.01382   0.02571   0.00899   0.11017   0.03548   0.13242   0.12254   0.03606   0.18410   0.00000   0.24804   0.00681   0.03890   0.01113   0.10870   0.04422   0.04976   0.13257   0.05486   0.16927   0.12475   6.72453   1.84648   1.08939   1.73523   1.00142  
 41  0.0021   2143.708249  x:  0.10599   0.00000   0.25273   0.01381   0.02571   0.00899   0.11017   0.03548   0.13244   0.12253   0.03607   0.18411   0.00000   0.24808   0.00681   0.03890   0.01113   0.10872   0.04422   0.04975   0.13257   0.05486   0.16925   0.12478   6.72485   1.84681   1.08943   1.73544   1.00142  
 42  0.0003   2143.708247  x:  0.10600   0.00000   0.25274   0.01380   0.02572   0.00898   0.11016   0.03548   0.13243   0.12252   0.03607   0.18410   0.00000   0.24807   0.00681   0.03889   0.01113   0.10873   0.04422   0.04976   0.13258   0.05487   0.16924   0.12479   6.72486   1.84666   1.08940   1.73539   1.00134  
 43  0.0001   2143.708247  x:  0.10600   0.00000   0.25274   0.01380   0.02572   0.00898   0.11016   0.03548   0.13243   0.12250   0.03607   0.18411   0.00000   0.24806   0.00681   0.03890   0.01112   0.10873   0.04422   0.04976   0.13258   0.05487   0.16925   0.12479   6.72501   1.84666   1.08939   1.73533   1.00128  
 44  0.0001   2143.708247  x:  0.10600   0.00000   0.25274   0.01381   0.02572   0.00898   0.11017   0.03548   0.13243   0.12250   0.03607   0.18411   0.00000   0.24806   0.00681   0.03890   0.01112   0.10873   0.04422   0.04976   0.13257   0.05487   0.16926   0.12479   6.72521   1.84667   1.08939   1.73537   1.00127  
 45  0.0001   2143.708247  x:  0.10600   0.00000   0.25275   0.01381   0.02572   0.00898   0.11017   0.03548   0.13243   0.12250   0.03607   0.18411   0.00000   0.24806   0.00681   0.03890   0.01112   0.10873   0.04422   0.04976   0.13257   0.05487   0.16926   0.12479   6.72526   1.84667   1.08940   1.73537   1.00127  
 46  0.0000   2143.708247  x:  0.10600   0.00000   0.25275   0.01381   0.02572   0.00898   0.11017   0.03548   0.13243   0.12250   0.03607   0.18411   0.00000   0.24806   0.00681   0.03890   0.01112   0.10873   0.04422   0.04976   0.13257   0.05487   0.16925   0.12479   6.72526   1.84667   1.08939   1.73536   1.00127  