

TREE # 1

  0  0.0000   2214.432274  x:  0.04607   0.00000   0.09053   0.02727   0.08250   0.07710   0.06088   0.04756   0.10167   0.06250   0.07511   0.09184   0.02152   0.06220   0.01935   0.07077   0.06529   0.04837   0.06641   0.06360   0.10860   0.05408   0.08600   0.06469   2.00000   1.77235   1.05067   1.75228   0.40000  
  1 99.0000   2214.429791  x:  0.04607   0.00000   0.09054   0.02727   0.08250   0.07709   0.06088   0.04756   0.10167   0.06250   0.07511   0.09184   0.02152   0.06220   0.01935   0.07077   0.06529   0.04837   0.06641   0.06360   0.10860   0.05408   0.08600   0.06469   2.00000   1.77235   1.05067   1.75228   0.40000  
  2 571.1235   2203.806455  x:  0.05534   0.00000   0.11061   0.01997   0.07269   0.05226   0.06932   0.03227   0.10394   0.07374   0.07002   0.10564   0.00440   0.04615   0.00613   0.05351   0.05556   0.05170   0.04461   0.07136   0.11025   0.03412   0.10613   0.07396   2.01070   1.77227   1.05143   1.75299   0.42051  
  3 324.6696   2201.436640  x:  0.05596   0.00000   0.11659   0.01779   0.06860   0.04155   0.07129   0.02705   0.10485   0.07525   0.06795   0.11000   0.00204   0.03974   0.01644   0.04655   0.05175   0.04983   0.03549   0.07378   0.11116   0.02656   0.11136   0.07458   2.01589   1.77223   1.05181   1.75333   0.42968  
  4 542.8069   2199.458904  x:  0.05296   0.00000   0.12122   0.01853   0.06344   0.02760   0.07181   0.02308   0.10602   0.07333   0.06545   0.11388   0.01415   0.04061   0.01706   0.03747   0.04749   0.04462   0.02460   0.07576   0.11228   0.01901   0.11420   0.07158   2.02414   1.77217   1.05241   1.75389   0.44299  
  5 331.7677   2197.943125  x:  0.04625   0.00000   0.12193   0.02107   0.05887   0.01789   0.06992   0.02536   0.10724   0.06768   0.06333   0.11549   0.00750   0.04633   0.01579   0.03006   0.04488   0.04174   0.02036   0.07645   0.11358   0.01977   0.11182   0.06488   2.03620   1.77215   1.05321   1.75475   0.46025  
  6 161.2846   2194.775321  x:  0.04321   0.00000   0.12487   0.01941   0.04729   0.02643   0.06551   0.02971   0.11168   0.06001   0.05722   0.12029   0.01042   0.04510   0.01650   0.01926   0.04043   0.05501   0.03051   0.07951   0.11820   0.02091   0.10516   0.06184   2.09066   1.77226   1.05642   1.75877   0.53254  
  7 138.0831   2190.241549  x:  0.04926   0.00000   0.12311   0.02744   0.04668   0.03134   0.06217   0.02981   0.11602   0.06439   0.05510   0.12136   0.00937   0.04508   0.01581   0.04528   0.04462   0.03922   0.03412   0.08185   0.12351   0.02240   0.09517   0.06790   2.19393   1.77271   1.06277   1.76622   0.65415  
  8 327.0069   2188.427555  x:  0.04862   0.00000   0.11608   0.01518   0.05826   0.02844   0.06459   0.02852   0.11412   0.06832   0.06033   0.11525   0.01015   0.04782   0.01597   0.04920   0.04974   0.04228   0.02949   0.07754   0.12215   0.02593   0.09565   0.06726   2.23686   1.77316   1.06581   1.76900   0.69014  
  9 238.5993   2187.046443  x:  0.04742   0.00000   0.10773   0.02294   0.07175   0.02626   0.06836   0.02705   0.11018   0.07134   0.06812   0.10654   0.01079   0.04374   0.01600   0.04723   0.05423   0.04974   0.02469   0.07099   0.11850   0.02722   0.09944   0.06606   2.28134   1.77386   1.06921   1.77166   0.71672  
 10 290.2404   2185.492064  x:  0.05084   0.00000   0.10248   0.02303   0.07821   0.03238   0.07045   0.02798   0.10268   0.06662   0.07405   0.09812   0.00836   0.04689   0.01603   0.03724   0.05221   0.04029   0.02900   0.06488   0.10981   0.01780   0.10832   0.06949   2.34586   1.77560   1.07478   1.77486   0.72689  
 11 124.5868   2180.149578  x:  0.05834   0.00000   0.10940   0.02279   0.07350   0.02438   0.06549   0.02836   0.08038   0.06147   0.07781   0.09474   0.01242   0.04292   0.01745   0.03285   0.03874   0.03324   0.03713   0.07677   0.08183   0.04650   0.12293   0.07702   2.64288   1.78538   1.10069   1.78864   0.71669  
 12 197.1955   2165.118552  x:  0.03901   0.00000   0.12151   0.02102   0.05066   0.02727   0.05793   0.02664   0.07138   0.06562   0.07125   0.10644   0.00939   0.04846   0.01710   0.06033   0.04513   0.05587   0.03191   0.09247   0.06310   0.01450   0.11805   0.05777   3.43147   1.81302   1.16783   1.82555   0.65891  
 13 765.2858   2151.856885  x:  0.05035   0.00000   0.12450   0.02233   0.04524   0.03810   0.07401   0.03209   0.11486   0.07189   0.05750   0.12196   0.00835   0.04939   0.01710   0.04038   0.05746   0.05070   0.01198   0.07976   0.12247   0.02239   0.09579   0.06919   4.19663   1.84176   1.22801   1.86372   0.59341  
 14 1256.8240   2150.210747  x:  0.05002   0.00000   0.12521   0.02258   0.05117   0.02645   0.07489   0.02739   0.12534   0.07500   0.05652   0.12560   0.00905   0.04904   0.01723   0.03861   0.05730   0.05000   0.02990   0.07619   0.13620   0.02034   0.09543   0.06887   4.30480   1.84667   1.23393   1.87021   0.58373  
 15 578.5334   2149.839827  x:  0.04868   0.00000   0.12529   0.02259   0.05669   0.02816   0.06643   0.02652   0.13056   0.07220   0.05968   0.12687   0.00887   0.04935   0.01710   0.04125   0.04978   0.05074   0.02893   0.07808   0.14256   0.02021   0.10224   0.06754   4.32443   1.84992   1.22772   1.87432   0.58195  
 16 53.1113   2149.372613  x:  0.05092   0.00000   0.12118   0.02187   0.05269   0.02388   0.06809   0.03517   0.13224   0.07214   0.06354   0.12330   0.00939   0.04847   0.01718   0.04361   0.04548   0.05289   0.02901   0.08065   0.14501   0.01754   0.10338   0.06979   4.34844   1.86385   1.18971   1.89143   0.57991  
 17 23.4589   2148.155193  x:  0.04793   0.00000   0.11885   0.02205   0.04664   0.02699   0.07235   0.02430   0.13262   0.07546   0.06379   0.11973   0.00860   0.05001   0.01696   0.04159   0.04589   0.05114   0.02930   0.08342   0.14563   0.01963   0.10450   0.06683   4.40663   1.90115   1.08763   1.93690   0.57560  
 18 147.6983   2147.742733  x:  0.04958   0.00000   0.12486   0.02242   0.05420   0.02617   0.06768   0.02679   0.13025   0.07371   0.05732   0.12403   0.00861   0.04982   0.01710   0.03958   0.05049   0.05138   0.02841   0.08076   0.14236   0.01851   0.10140   0.06849   4.42662   1.91498   1.05182   1.95326   0.57425  
 19 99.5439   2147.651577  x:  0.04919   0.00000   0.12726   0.02227   0.05368   0.02643   0.06922   0.02719   0.12938   0.07317   0.05943   0.12795   0.00876   0.04983   0.01715   0.04115   0.04797   0.05167   0.02816   0.07396   0.14135   0.01923   0.10095   0.06810   4.42923   1.91852   1.04929   1.95620   0.57445  
 20 10.0317   2145.747123  x:  0.05826   0.00000   0.10962   0.02278   0.04657   0.02237   0.05643   0.01959   0.12275   0.07172   0.06951   0.14854   0.00768   0.05221   0.01738   0.03785   0.05626   0.05520   0.02722   0.07003   0.13968   0.01881   0.10108   0.07736   4.45613   1.99943   1.08504   2.00661   0.58357  
 21  6.4835   2138.919367  x:  0.05585   0.00000   0.09369   0.02681   0.05937   0.03184   0.07644   0.03750   0.10807   0.09826   0.07040   0.20137   0.00903   0.06109   0.02053   0.02869   0.06266   0.05156   0.03060   0.08963   0.13637   0.02359   0.12984   0.07569   4.56173   2.32085   1.23441   2.20803   0.62319  
 22 284.7417   2127.534343  x:  0.07580   0.00000   0.13740   0.03064   0.07470   0.02774   0.10538   0.01638   0.11098   0.07710   0.04905   0.15584   0.00552   0.07995   0.02244   0.04211   0.03910   0.07405   0.02601   0.09399   0.13013   0.02211   0.12838   0.09677   4.72224   2.80090   1.46670   2.51613   0.68126  
 23 422.4599   2124.225155  x:  0.07642   0.00000   0.17190   0.03070   0.06237   0.02758   0.08446   0.02311   0.12098   0.10320   0.05810   0.12337   0.00624   0.08391   0.02385   0.03606   0.04907   0.07379   0.02665   0.08096   0.12700   0.02512   0.13619   0.09773   4.76963   2.93383   1.53386   2.60744   0.69872  
 24 298.7520   2123.750718  x:  0.07723   0.00000   0.16619   0.03102   0.06314   0.02782   0.08040   0.02241   0.11934   0.11381   0.05058   0.12231   0.00571   0.08481   0.02383   0.03417   0.03868   0.07422   0.02582   0.07789   0.12476   0.02424   0.13179   0.09859   4.77817   2.90020   1.53326   2.62384   0.69960  
 25 11.5648   2117.652777  x:  0.08507   0.00000   0.17093   0.03328   0.06308   0.02795   0.08804   0.02198   0.11874   0.11550   0.05880   0.13781   0.00443   0.09404   0.02577   0.03260   0.04441   0.08014   0.02595   0.08422   0.11967   0.02553   0.14435   0.10707   4.89037   2.38762   1.50585   2.83602   0.71192  
 26 88.3393   2117.493685  x:  0.08493   0.00000   0.16944   0.03325   0.06027   0.02734   0.08761   0.02269   0.11356   0.11419   0.05262   0.13641   0.00466   0.09401   0.02582   0.03484   0.04659   0.08101   0.02599   0.08046   0.12452   0.02640   0.15096   0.10694   4.89443   2.37430   1.50152   2.83009   0.71252  
 27 19.2655   2116.357516  x:  0.08595   0.00000   0.17663   0.03369   0.06208   0.02824   0.08697   0.02212   0.08642   0.11882   0.06113   0.13581   0.00406   0.09662   0.02589   0.03295   0.04335   0.08204   0.02646   0.08546   0.14496   0.02429   0.14559   0.10810   4.92959   2.28687   1.44662   2.70865   0.71783  
 28 22.9755   2107.656956  x:  0.09784   0.00000   0.16999   0.03702   0.06139   0.02745   0.09409   0.02336   0.10159   0.12959   0.06285   0.14733   0.00255   0.10973   0.02861   0.03307   0.03913   0.09072   0.02728   0.08837   0.13313   0.02650   0.16554   0.12088   5.17230   1.70017   1.05893   1.83373   0.75500  
 29 218.7384   2103.804260  x:  0.10230   0.00000   0.17760   0.03888   0.05967   0.02667   0.09576   0.02398   0.10832   0.13233   0.06269   0.14795   0.00000   0.12035   0.03017   0.03390   0.04232   0.09630   0.02608   0.08793   0.12749   0.02421   0.17358   0.12588   5.45295   1.87552   1.10540   1.86697   0.77103  
 30  0.7554   2098.441018  x:  0.11748   0.00000   0.19694   0.04585   0.05435   0.02422   0.09800   0.02497   0.12773   0.14089   0.06148   0.14602   0.00000   0.16590   0.03605   0.03612   0.05096   0.11763   0.02122   0.08661   0.10954   0.01538   0.19837   0.14310   6.63091   1.99576   1.23316   2.12633   0.81025  
 31  1.0528   2096.710889  x:  0.11751   0.00000   0.19423   0.04760   0.05743   0.02442   0.09445   0.02568   0.11916   0.14015   0.06258   0.14838   0.00000   0.18434   0.03758   0.03649   0.04866   0.12218   0.02250   0.08964   0.11960   0.02011   0.19869   0.14367   7.16238   1.97556   1.15383   1.87807   0.81139  
 32  0.4846   2095.281676  x:  0.10621   0.00000   0.17961   0.04679   0.06071   0.02600   0.08733   0.02386   0.10698   0.13119   0.06173   0.14940   0.00000   0.20631   0.03734   0.03496   0.04471   0.11979   0.02351   0.08847   0.12535   0.02076   0.18094   0.13246   7.86199   2.05995   1.22196   2.07733   0.78978  
 33  0.3163   2094.808890  x:  0.10008   0.00000   0.17565   0.04522   0.05784   0.02484   0.08913   0.02295   0.11103   0.12783   0.06238   0.14943   0.00000   0.21690   0.03665   0.03437   0.04733   0.11595   0.02333   0.08684   0.11420   0.01708   0.17701   0.12639   8.15305   1.96377   1.17509   1.97445   0.79771  
 34  0.2075   2094.698466  x:  0.09715   0.00000   0.17979   0.04364   0.05623   0.02366   0.09005   0.02518   0.11284   0.12596   0.06354   0.14675   0.00000   0.21908   0.03570   0.03573   0.04606   0.11236   0.02357   0.08870   0.11496   0.01961   0.17974   0.12345   8.20935   1.96364   1.16930   1.98132   0.80882  
 35  0.0368   2094.655786  x:  0.09570   0.00000   0.18305   0.04249   0.05687   0.02469   0.09069   0.02437   0.11217   0.12715   0.06311   0.14680   0.00000   0.21971   0.03477   0.03412   0.04606   0.10885   0.02332   0.08884   0.11705   0.01857   0.18208   0.12199   8.21644   1.97625   1.17396   1.98670   0.81647  
 36  0.0137   2094.642812  x:  0.09671   0.00000   0.18237   0.04207   0.05760   0.02436   0.09084   0.02440   0.11149   0.12789   0.06223   0.14809   0.00000   0.22007   0.03424   0.03430   0.04590   0.10749   0.02319   0.08855   0.11451   0.01892   0.18285   0.12301   8.19697   1.98039   1.17943   1.98883   0.81735  
 37  0.0112   2094.633086  x:  0.09805   0.00000   0.18131   0.04173   0.05739   0.02434   0.09035   0.02434   0.11120   0.12760   0.06289   0.14705   0.00000   0.22135   0.03355   0.03486   0.04573   0.10610   0.02346   0.08867   0.11578   0.01864   0.18280   0.12437   8.19382   1.97690   1.17677   1.98638   0.81443  
 38  0.0031   2094.631749  x:  0.09819   0.00000   0.18139   0.04182   0.05734   0.02451   0.09037   0.02435   0.11163   0.12749   0.06298   0.14719   0.00000   0.22188   0.03346   0.03446   0.04608   0.10587   0.02351   0.08875   0.11558   0.01889   0.18260   0.12452   8.19358   1.97597   1.17553   1.98697   0.81297  
 39  0.0016   2094.630458  x:  0.09807   0.00000   0.18167   0.04210   0.05749   0.02431   0.09072   0.02445   0.11201   0.12765   0.06290   0.14764   0.00000   0.22273   0.03335   0.03459   0.04606   0.10588   0.02336   0.08865   0.11598   0.01881   0.18217   0.12443   8.18138   1.97714   1.17673   1.98667   0.81212  
 40  0.0033   2094.629590  x:  0.09796   0.00000   0.18177   0.04227   0.05723   0.02449   0.09065   0.02431   0.11175   0.12781   0.06269   0.14719   0.00000   0.22323   0.03330   0.03472   0.04603   0.10597   0.02329   0.08847   0.11583   0.01889   0.18206   0.12433   8.15691   1.97646   1.17618   1.98616   0.81222  
 41  0.0096   2094.629101  x:  0.09786   0.00000   0.18157   0.04227   0.05735   0.02438   0.09051   0.02442   0.11159   0.12768   0.06280   0.14726   0.00000   0.22348   0.03330   0.03455   0.04601   0.10604   0.02341   0.08868   0.11579   0.01883   0.18218   0.12424   8.13745   1.97561   1.17577   1.98619   0.81262  
 42  0.0077   2094.628993  x:  0.09785   0.00000   0.18148   0.04219   0.05736   0.02442   0.09049   0.02435   0.11174   0.12756   0.06288   0.14735   0.00000   0.22362   0.03334   0.03459   0.04601   0.10611   0.02342   0.08864   0.11580   0.01883   0.18239   0.12424   8.13486   1.97628   1.17627   1.98619   0.81262  
 43  0.0013   2094.628951  x:  0.09786   0.00000   0.18150   0.04208   0.05734   0.02440   0.09050   0.02437   0.11170   0.12756   0.06283   0.14732   0.00000   0.22375   0.03338   0.03457   0.04601   0.10614   0.02339   0.08862   0.11580   0.01883   0.18237   0.12424   8.13477   1.97630   1.17610   1.98620   0.81235  
 44  0.0001   2094.628943  x:  0.09787   0.00000   0.18154   0.04206   0.05736   0.02442   0.09051   0.02437   0.11171   0.12760   0.06285   0.14733   0.00000   0.22372   0.03340   0.03458   0.04601   0.10615   0.02339   0.08864   0.11581   0.01882   0.18233   0.12425   8.13363   1.97609   1.17616   1.98617   0.81234  
 45  0.0007   2094.628942  x:  0.09786   0.00000   0.18154   0.04206   0.05736   0.02441   0.09051   0.02437   0.11171   0.12761   0.06285   0.14733   0.00000   0.22372   0.03340   0.03458   0.04601   0.10614   0.02340   0.08863   0.11581   0.01883   0.18231   0.12425   8.13359   1.97611   1.17612   1.98615   0.81237  
 46  0.0000   2094.628942  x:  0.09786   0.00000   0.18153   0.04206   0.05736   0.02441   0.09051   0.02437   0.11171   0.12761   0.06285   0.14733   0.00000   0.22373   0.03340   0.03458   0.04601   0.10614   0.02340   0.08863   0.11581   0.01882   0.18231   0.12425   8.13358   1.97614   1.17614   1.98616   0.81238  
 47  0.0000   2094.628942  x:  0.09787   0.00000   0.18153   0.04206   0.05736   0.02441   0.09051   0.02437   0.11172   0.12761   0.06285   0.14733   0.00000   0.22373   0.03341   0.03458   0.04601   0.10613   0.02340   0.08863   0.11581   0.01882   0.18231   0.12425   8.13359   1.97614   1.17615   1.98617   0.81239  
 48  0.0000   2094.628942  x:  0.09787   0.00000   0.18153   0.04206   0.05736   0.02441   0.09051   0.02437   0.11171   0.12761   0.06285   0.14733   0.00000   0.22373   0.03341   0.03458   0.04601   0.10613   0.02340   0.08863   0.11581   0.01882   0.18231   0.12425   8.13359   1.97613   1.17613   1.98616   0.81239  
 49  0.0000   2094.628942  x:  0.09787   0.00000   0.18153   0.04206   0.05736   0.02441   0.09051   0.02437   0.11171   0.12761   0.06285   0.14733   0.00000   0.22373   0.03341   0.03458   0.04601   0.10613   0.02340   0.08863   0.11581   0.01882   0.18231   0.12425   8.13356   1.97613   1.17614   1.98616   0.81238  
 50  0.0000   2094.628942  x:  0.09787   0.00000   0.18153   0.04206   0.05736   0.02441   0.09051   0.02437   0.11171   0.12761   0.06285   0.14733   0.00000   0.22373   0.03341   0.03458   0.04601   0.10613   0.02340   0.08863   0.11581   0.01882   0.18231   0.12425   8.13357   1.97613   1.17614   1.98616   0.81238  
 51  0.0000   2094.628942  x:  0.09787   0.00000   0.18153   0.04206   0.05736   0.02441   0.09051   0.02437   0.11171   0.12761   0.06285   0.14733   0.00000   0.22373   0.03341   0.03458   0.04601   0.10613   0.02340   0.08863   0.11581   0.01882   0.18231   0.12425   8.13357   1.97613   1.17614   1.98616   0.81238  