

TREE # 1

  0  0.0000   2042.482497  x:  0.01972   0.20925   0.02571   0.03211   0.02495   0.05815   0.02188   0.05666   0.08536   0.02661   0.17168   0.01972   0.20925   0.02571   0.03211   0.02495   0.05815   0.02188   0.05666   0.08536   0.02661   0.17168   0.21568   8.40433   1.48237   1.15365   1.34050   1.00000  
  1 99.0000   2034.455731  x:  0.00000   0.21753   0.01909   0.02538   0.02753   0.06021   0.01834   0.05925   0.08288   0.01972   0.17285   0.00341   0.21233   0.01379   0.03959   0.03054   0.06599   0.02324   0.06024   0.08972   0.01948   0.17334   0.22326   8.40411   1.48443   1.15080   1.34247   0.99949  
  2 250.0573   2033.854117  x:  0.00000   0.21900   0.01939   0.02507   0.02760   0.06039   0.01868   0.05944   0.08257   0.01991   0.17296   0.00000   0.21291   0.01359   0.03968   0.03021   0.06660   0.02290   0.06042   0.09027   0.01987   0.17358   0.22469   8.40407   1.48485   1.15021   1.34287   0.99939  
  3 253.5137   2032.037329  x:  0.00000   0.24894   0.01744   0.03052   0.02538   0.06050   0.01005   0.05939   0.07894   0.01866   0.17129   0.00000   0.22522   0.02454   0.03688   0.02924   0.06763   0.02554   0.05846   0.09550   0.01601   0.17741   0.25629   8.40289   1.49555   1.13584   1.35273   0.99675  
  4 171.4675   2031.506752  x:  0.00000   0.25905   0.01506   0.03331   0.02519   0.05963   0.01661   0.05837   0.07893   0.01708   0.16938   0.00000   0.22966   0.02687   0.03612   0.03178   0.06473   0.02814   0.05702   0.09485   0.01310   0.17805   0.26763   8.40233   1.50052   1.12939   1.35722   0.99546  
  5 176.4976   2031.012030  x:  0.00000   0.26686   0.01635   0.03411   0.02658   0.05733   0.01592   0.05601   0.08210   0.01799   0.16441   0.00000   0.23391   0.02144   0.03720   0.03741   0.05673   0.03050   0.05603   0.08858   0.01852   0.17645   0.27795   8.40136   1.50872   1.11934   1.36442   0.99314  
  6 77.4672   2030.738970  x:  0.00000   0.26867   0.01812   0.03292   0.02585   0.05656   0.01531   0.05517   0.08501   0.01966   0.15964   0.00000   0.23570   0.01739   0.03568   0.03476   0.05424   0.02834   0.05651   0.08341   0.01451   0.17356   0.28205   8.40042   1.51638   1.11041   1.37103   0.99083  
  7 59.3158   2030.406490  x:  0.00000   0.26763   0.01409   0.03076   0.02522   0.05674   0.01530   0.05545   0.08842   0.01646   0.15221   0.00000   0.23705   0.01765   0.03503   0.03054   0.05611   0.02655   0.05781   0.07837   0.01657   0.16802   0.28464   8.39872   1.52972   1.09534   1.38249   0.98665  
  8 71.5211   2029.909828  x:  0.00000   0.26254   0.01796   0.02952   0.02749   0.05827   0.01574   0.05713   0.09095   0.01767   0.14159   0.00000   0.23792   0.02196   0.03872   0.03293   0.06272   0.02927   0.05896   0.07807   0.01567   0.15859   0.28518   8.39533   1.55533   1.06723   1.40447   0.97837  
  9 98.9423   2029.398327  x:  0.00000   0.25583   0.01482   0.03167   0.02467   0.05857   0.01535   0.05705   0.08594   0.02010   0.13999   0.00000   0.23732   0.01895   0.03601   0.03574   0.06006   0.02619   0.05571   0.08957   0.01601   0.15338   0.28129   8.39091   1.58630   1.03571   1.43098   0.96775  
 10 79.6789   2029.180472  x:  0.00000   0.25390   0.01770   0.03224   0.02643   0.05746   0.01522   0.05617   0.08216   0.01536   0.14509   0.00000   0.23626   0.01835   0.03660   0.03305   0.05742   0.02730   0.05544   0.09071   0.01581   0.15575   0.27806   8.38850   1.60116   1.02288   1.44367   0.96225  
 11 64.9840   2028.976628  x:  0.00000   0.25329   0.01540   0.03082   0.02692   0.05638   0.01516   0.05529   0.07929   0.01879   0.15397   0.00000   0.23431   0.01938   0.03811   0.03171   0.05715   0.02967   0.05692   0.08675   0.01555   0.16228   0.27377   8.38553   1.61743   1.01161   1.45751   0.95573  
 12 64.8340   2028.895855  x:  0.00000   0.25383   0.01630   0.03068   0.02477   0.05707   0.01518   0.05587   0.08043   0.01788   0.15754   0.00000   0.23284   0.01986   0.03626   0.03455   0.05879   0.02816   0.05703   0.08428   0.01565   0.16634   0.27176   8.38385   1.62486   1.00906   1.46380   0.95234  
 13 36.8944   2028.846772  x:  0.00000   0.25499   0.01578   0.03214   0.02739   0.05801   0.01502   0.05672   0.08357   0.01803   0.15796   0.00000   0.23101   0.01971   0.03601   0.03465   0.05923   0.02678   0.05584   0.08457   0.01551   0.16934   0.27050   8.38193   1.63106   1.01115   1.46898   0.94890  
 14 17.8025   2028.755205  x:  0.00000   0.25749   0.01601   0.03237   0.02482   0.05830   0.01516   0.05668   0.08820   0.01795   0.15636   0.00000   0.22726   0.01921   0.03861   0.03300   0.05885   0.02803   0.05457   0.08689   0.01566   0.17356   0.26864   8.37729   1.64423   1.01964   1.47992   0.94108  
 15 29.9181   2028.515762  x:  0.00000   0.26229   0.01614   0.02832   0.02655   0.05468   0.01512   0.05384   0.08596   0.01777   0.15051   0.00000   0.22029   0.02025   0.03502   0.03410   0.05825   0.02869   0.05867   0.08928   0.01555   0.17663   0.26633   8.36308   1.68141   1.05053   1.51088   0.91865  
 16 41.9263   2028.231946  x:  0.00000   0.26436   0.01608   0.03296   0.02564   0.05865   0.01518   0.05742   0.07737   0.01811   0.14898   0.00000   0.21847   0.01877   0.03717   0.03395   0.05856   0.02754   0.05804   0.08511   0.01584   0.17309   0.26644   8.34467   1.72704   1.09131   1.54929   0.89208  
 17 81.6334   2028.039238  x:  0.00000   0.26091   0.01611   0.02973   0.02615   0.05751   0.01509   0.05608   0.08012   0.01805   0.15651   0.00000   0.22594   0.01924   0.03726   0.03409   0.05993   0.02751   0.05262   0.08517   0.01562   0.16635   0.26954   8.33075   1.75826   1.12040   1.57643   0.87682  
 18 53.9008   2027.981249  x:  0.00000   0.25839   0.01603   0.03128   0.02589   0.05730   0.01515   0.05613   0.08264   0.01799   0.15915   0.00000   0.23004   0.01945   0.03778   0.03424   0.05923   0.02695   0.05696   0.08640   0.01557   0.16522   0.27107   8.32570   1.76786   1.12939   1.58530   0.87421  
 19 35.2093   2027.950812  x:  0.00000   0.25594   0.01609   0.03138   0.02593   0.05827   0.01515   0.05712   0.08272   0.01812   0.15842   0.00000   0.23286   0.01845   0.03589   0.03374   0.05958   0.02914   0.05734   0.08674   0.01583   0.16749   0.27208   8.32164   1.77262   1.13384   1.59073   0.87706  
 20 11.4207   2027.886575  x:  0.00000   0.25143   0.01611   0.02990   0.02603   0.05842   0.01516   0.05710   0.08113   0.01804   0.15563   0.00000   0.23757   0.01937   0.03761   0.03416   0.05892   0.02703   0.05638   0.08680   0.01559   0.17318   0.27393   8.31148   1.78232   1.14281   1.60288   0.88753  
 21 22.5403   2027.807854  x:  0.00000   0.25143   0.01611   0.03277   0.02578   0.05533   0.01519   0.05439   0.08047   0.01813   0.15557   0.00000   0.23718   0.01784   0.03812   0.03393   0.06218   0.02660   0.05572   0.08647   0.01584   0.17346   0.27416   8.29674   1.79367   1.15291   1.61829   0.90555  
 22 20.5217   2027.588720  x:  0.00000   0.25715   0.01608   0.03017   0.02599   0.05789   0.01519   0.05721   0.08113   0.01814   0.15963   0.00000   0.23072   0.01823   0.03778   0.03410   0.06011   0.02704   0.05659   0.08704   0.01577   0.16725   0.27289   8.25303   1.82502   1.18027   1.66146   0.95936  
 23 60.2917   2027.552493  x:  0.00000   0.25943   0.01609   0.03002   0.02618   0.06100   0.01517   0.05392   0.08100   0.01808   0.15916   0.00000   0.23321   0.01810   0.03778   0.03408   0.06028   0.02705   0.05688   0.08715   0.01579   0.16698   0.27037   8.23966   1.82681   1.18047   1.66071   0.96036  
 24  3.1766   2027.282455  x:  0.00000   0.27414   0.01616   0.02909   0.02624   0.05764   0.01526   0.05803   0.08018   0.01805   0.15581   0.00000   0.24989   0.01711   0.03843   0.03395   0.06116   0.02645   0.05695   0.08794   0.01588   0.16597   0.25489   8.13481   1.83774   1.17920   1.65013   0.96241  
 25 34.6989   2025.183695  x:  0.00000   0.28485   0.01711   0.02004   0.02826   0.06076   0.01594   0.06025   0.07635   0.01780   0.16140   0.00000   0.24269   0.00717   0.04338   0.03291   0.07020   0.02177   0.06016   0.09491   0.01753   0.17001   0.28728   7.35892   1.89670   1.15988   1.56368   0.95156  
 26 60.1903   2024.596295  x:  0.00000   0.29198   0.01742   0.01747   0.02877   0.06126   0.01612   0.06098   0.07523   0.01767   0.16118   0.00000   0.24528   0.00450   0.04467   0.03252   0.07269   0.02052   0.06106   0.09667   0.01796   0.17047   0.29008   7.12077   1.82194   1.14922   1.62658   0.92072  
 27 17.0560   2024.022527  x:  0.00000   0.29964   0.01837   0.01774   0.02919   0.06214   0.01734   0.06182   0.07388   0.01802   0.16251   0.00000   0.24582   0.01094   0.04550   0.03040   0.07663   0.01890   0.06219   0.09981   0.01858   0.17170   0.29952   6.69063   1.79294   1.13912   1.64014   0.89868  
 28  1.3481   2023.930719  x:  0.00000   0.30128   0.01821   0.02168   0.02902   0.06236   0.01766   0.06194   0.07447   0.01810   0.16323   0.00000   0.24462   0.01037   0.04548   0.03038   0.07773   0.02079   0.06255   0.10066   0.01879   0.17179   0.30285   6.54826   1.79709   1.13740   1.63074   0.89546  
 29  0.2799   2023.922324  x:  0.00000   0.30139   0.01808   0.02096   0.02888   0.06236   0.01783   0.06180   0.07495   0.01812   0.16369   0.00000   0.24347   0.01029   0.04531   0.03064   0.07817   0.02130   0.06248   0.10090   0.01877   0.17151   0.30428   6.54079   1.80167   1.13693   1.62197   0.89588  
 30  0.0152   2023.921517  x:  0.00000   0.30139   0.01807   0.02106   0.02880   0.06235   0.01793   0.06173   0.07497   0.01815   0.16379   0.00000   0.24325   0.01022   0.04522   0.03063   0.07835   0.02098   0.06236   0.10093   0.01875   0.17143   0.30460   6.55730   1.80094   1.13668   1.62012   0.89595  
 31  0.0211   2023.921419  x:  0.00000   0.30144   0.01804   0.02103   0.02880   0.06235   0.01798   0.06172   0.07492   0.01814   0.16378   0.00000   0.24334   0.01020   0.04519   0.03067   0.07845   0.02104   0.06234   0.10093   0.01873   0.17142   0.30467   6.56099   1.79987   1.13666   1.62025   0.89604  
 32  0.0037   2023.921409  x:  0.00000   0.30146   0.01804   0.02102   0.02880   0.06235   0.01800   0.06172   0.07492   0.01814   0.16378   0.00000   0.24337   0.01019   0.04519   0.03065   0.07848   0.02103   0.06234   0.10093   0.01873   0.17144   0.30466   6.55856   1.80000   1.13674   1.62039   0.89612  
 33  0.0026   2023.921408  x:  0.00000   0.30145   0.01804   0.02102   0.02881   0.06235   0.01800   0.06172   0.07493   0.01814   0.16378   0.00000   0.24337   0.01018   0.04519   0.03065   0.07848   0.02103   0.06234   0.10093   0.01873   0.17144   0.30464   6.55889   1.80008   1.13674   1.62044   0.89609  
 34  0.0003   2023.921408  x:  0.00000   0.30145   0.01804   0.02102   0.02881   0.06235   0.01800   0.06172   0.07493   0.01814   0.16378   0.00000   0.24336   0.01018   0.04519   0.03065   0.07848   0.02103   0.06234   0.10093   0.01873   0.17144   0.30464   6.55887   1.80008   1.13674   1.62044   0.89609  
 35  0.0000   2023.921408  x:  0.00000   0.30145   0.01804   0.02102   0.02881   0.06235   0.01800   0.06172   0.07493   0.01814   0.16378   0.00000   0.24336   0.01018   0.04519   0.03065   0.07848   0.02103   0.06234   0.10093   0.01873   0.17144   0.30464   6.55886   1.80008   1.13674   1.62044   0.89609  
 36  0.0000   2023.921408  x:  0.00000   0.30145   0.01804   0.02102   0.02881   0.06235   0.01800   0.06172   0.07493   0.01814   0.16378   0.00000   0.24336   0.01018   0.04519   0.03065   0.07848   0.02103   0.06234   0.10093   0.01873   0.17144   0.30464   6.55886   1.80008   1.13674   1.62044   0.89609  

TREE # 2

  0  0.0000   2441.371050  x:  0.00000   0.30145   0.01804   0.02102   0.02881   0.06235   0.01800   0.06172   0.07493   0.01814   0.16378   0.00000   0.24336   0.01018   0.04519   0.03065   0.07848   0.02103   0.06234   0.10093   0.01873   0.17144   0.30464   6.55886   1.76478   1.03307   1.47460   0.89609  
  1 99.0000   2245.032015  x:  0.19776   0.30148   0.09963   0.09575   0.02746   0.05636   0.05394   0.06086   0.07332   0.03173   0.16045   0.46302   0.24425   0.14332   0.08823   0.03002   0.07243   0.03849   0.05833   0.09770   0.01700   0.16652   0.29705   6.55885   1.76452   1.03348   1.47487   0.89594  
  2 9820.1493   2170.480659  x:  0.21499   0.24907   0.16924   0.18449   0.00298   0.00000   0.11527   0.03424   0.06826   0.01084   0.12337   0.41178   0.18587   0.18441   0.20868   0.00549   0.01925   0.10161   0.01684   0.07128   0.00686   0.12517   0.23184   6.55913   1.75935   1.04395   1.47550   0.89522  
  3 540.8413   2157.555250  x:  0.22128   0.23139   0.18957   0.21056   0.01807   0.00995   0.13250   0.02801   0.06700   0.00781   0.11168   0.39608   0.16621   0.19674   0.24383   0.00586   0.00466   0.11839   0.00630   0.06331   0.00776   0.11199   0.21010   6.55923   1.75767   1.04733   1.47574   0.89501  
  4 2144.2347   2127.648847  x:  0.25249   0.15297   0.25742   0.29915   0.04239   0.01378   0.18208   0.01627   0.06494   0.02986   0.06696   0.33842   0.07925   0.24031   0.36198   0.07334   0.04479   0.16282   0.04337   0.03714   0.04521   0.06014   0.11559   6.55962   1.75061   1.06143   1.47684   0.89404  
  5 1322.6324   2097.115699  x:  0.28702   0.08072   0.27193   0.32401   0.03597   0.01875   0.17574   0.06872   0.07139   0.04773   0.05355   0.31466   0.00000   0.25443   0.39394   0.07641   0.04234   0.14654   0.04471   0.06205   0.04808   0.04220   0.03342   6.55994   1.74486   1.07325   1.47737   0.89304  
  6 488.7023   2090.761813  x:  0.30171   0.04836   0.27302   0.32887   0.03540   0.01912   0.16870   0.06225   0.07127   0.04930   0.05530   0.30796   0.00000   0.25730   0.39987   0.07622   0.04147   0.13507   0.04479   0.06127   0.04747   0.04742   0.00674   6.56006   1.74265   1.07779   1.47766   0.89264  
  7 450.8956   2082.322384  x:  0.32323   0.00000   0.27557   0.33718   0.03410   0.02000   0.15943   0.05971   0.07181   0.05243   0.05554   0.29731   0.00000   0.26190   0.41021   0.07607   0.04014   0.11959   0.04494   0.06286   0.04752   0.04985   0.00785   6.56025   1.73938   1.08452   1.47813   0.89204  
  8 434.5821   2081.438138  x:  0.34418   0.00000   0.27180   0.33949   0.03627   0.01866   0.15113   0.05823   0.07078   0.04530   0.05628   0.29075   0.00000   0.25910   0.41364   0.07402   0.04231   0.11284   0.04537   0.05834   0.04603   0.03529   0.00748   6.56049   1.73642   1.09067   1.47909   0.89144  
  9 89.5024   2080.610919  x:  0.37499   0.00000   0.26288   0.34167   0.04156   0.01640   0.14657   0.06562   0.06931   0.03048   0.05405   0.28234   0.00000   0.24833   0.41847   0.07091   0.04953   0.12137   0.04688   0.05258   0.04439   0.04129   0.00780   6.56098   1.73199   1.09995   1.48147   0.89045  
 10 61.5646   2079.742585  x:  0.41620   0.00000   0.24539   0.34244   0.04362   0.01677   0.14850   0.06317   0.06886   0.04136   0.06448   0.27226   0.00000   0.22634   0.42329   0.06265   0.05580   0.14450   0.04513   0.05650   0.04433   0.04170   0.00814   6.56188   1.72570   1.11351   1.48620   0.88877  
 11 60.8087   2079.476836  x:  0.42599   0.00000   0.23769   0.34138   0.03929   0.02022   0.15193   0.05860   0.07006   0.04343   0.05398   0.27107   0.00000   0.21844   0.42279   0.06088   0.05520   0.14739   0.04475   0.05943   0.04714   0.04127   0.00796   6.56240   1.72384   1.11830   1.48864   0.88795  
 12 30.6829   2078.903737  x:  0.43020   0.00000   0.22097   0.34206   0.03200   0.02316   0.17129   0.06083   0.07688   0.04185   0.05870   0.27203   0.00000   0.20558   0.42391   0.06876   0.04500   0.13677   0.04619   0.05081   0.05200   0.04178   0.00804   6.56484   1.72077   1.13106   1.49943   0.88452  
 13 11.8643   2078.037751  x:  0.42899   0.00000   0.20134   0.34320   0.04020   0.01370   0.18947   0.05726   0.07000   0.03668   0.06085   0.27428   0.00000   0.19200   0.42493   0.08068   0.03654   0.12244   0.04796   0.06328   0.04779   0.04203   0.00816   6.56904   1.71815   1.14887   1.51730   0.87915  
 14 37.4837   2076.269804  x:  0.41707   0.00000   0.18581   0.34175   0.04071   0.01290   0.18269   0.05671   0.05894   0.04722   0.05430   0.27628   0.00000   0.18329   0.42055   0.08300   0.04119   0.11442   0.04108   0.05199   0.02586   0.04335   0.00875   6.57752   1.71978   1.17466   1.55096   0.87050  
 15 28.0227   2068.125838  x:  0.35731   0.00000   0.14823   0.32953   0.03770   0.01451   0.10762   0.03674   0.05808   0.04282   0.06029   0.27994   0.00000   0.16528   0.39144   0.05342   0.05800   0.10586   0.01567   0.04673   0.05289   0.04655   0.00941   6.61824   1.73896   1.28196   1.70823   0.83324  
 16 103.7659   2065.363240  x:  0.34051   0.00000   0.14647   0.31870   0.03396   0.02237   0.08675   0.02480   0.06797   0.03680   0.06460   0.27579   0.00000   0.16248   0.37303   0.03007   0.05507   0.10589   0.04202   0.04991   0.04387   0.04683   0.00987   6.63456   1.75172   1.31845   1.76858   0.82076  
 17 203.2668   2060.626252  x:  0.36093   0.00000   0.19013   0.26193   0.03680   0.01818   0.10392   0.01146   0.07589   0.03551   0.06521   0.24400   0.00000   0.17798   0.29756   0.01931   0.06064   0.09603   0.03272   0.04851   0.04076   0.04803   0.01056   6.65797   1.79515   1.33961   1.84149   0.81562  
 18 74.4125   2059.490273  x:  0.37053   0.00000   0.19348   0.24666   0.03336   0.01634   0.09826   0.01147   0.05739   0.03836   0.06468   0.23490   0.00000   0.18466   0.27904   0.02700   0.04154   0.10053   0.03899   0.04324   0.04801   0.04857   0.01070   6.66379   1.81414   1.33433   1.85463   0.81881  
 19 64.4996   2058.882610  x:  0.37747   0.00000   0.18014   0.24385   0.03294   0.01419   0.09162   0.00887   0.06629   0.03785   0.06403   0.22997   0.00000   0.18993   0.27705   0.03705   0.03531   0.10328   0.03658   0.04440   0.04371   0.04856   0.01079   6.66694   1.83838   1.31301   1.85298   0.82838  
 20 30.5520   2057.752176  x:  0.38784   0.00000   0.15234   0.24652   0.03540   0.01370   0.09476   0.00815   0.06097   0.03990   0.06372   0.22249   0.00000   0.19186   0.28165   0.02289   0.04050   0.09223   0.03814   0.04141   0.04704   0.04959   0.01085   6.67248   1.89066   1.26202   1.84253   0.85092  
 21 59.4417   2057.458301  x:  0.39010   0.00000   0.15612   0.24996   0.03030   0.01809   0.09261   0.00724   0.05738   0.03681   0.06625   0.22276   0.00000   0.17772   0.28436   0.02459   0.04222   0.08834   0.03629   0.04376   0.04539   0.04972   0.01089   6.67402   1.90494   1.24729   1.83623   0.85777  
 22 29.5357   2057.220785  x:  0.39153   0.00000   0.16156   0.25243   0.03355   0.01470   0.08884   0.00767   0.05958   0.03935   0.06455   0.22401   0.00000   0.16219   0.28548   0.02430   0.03968   0.08411   0.03694   0.04175   0.04643   0.05030   0.01090   6.67528   1.91509   1.23669   1.82972   0.86297  
 23 42.9485   2052.260856  x:  0.39770   0.00000   0.15364   0.25107   0.02622   0.01794   0.08512   0.01253   0.06321   0.03130   0.07205   0.19771   0.00000   0.17103   0.22868   0.02544   0.03801   0.07803   0.03183   0.04450   0.03909   0.05299   0.01235   6.70556   1.91105   1.24321   1.53533   0.91048  
 24  4.4429   2051.150397  x:  0.40156   0.00000   0.15475   0.20446   0.02413   0.01922   0.08302   0.01394   0.06419   0.02947   0.07371   0.19460   0.00000   0.17269   0.25427   0.02580   0.03806   0.07319   0.03054   0.04543   0.03729   0.05375   0.01261   6.71203   1.89416   1.22155   1.50457   0.91617  
 25 24.6347   2047.929961  x:  0.42964   0.00000   0.15055   0.20342   0.01669   0.02243   0.07980   0.01916   0.06716   0.02362   0.07766   0.16672   0.00000   0.18024   0.22688   0.02993   0.03462   0.06291   0.02658   0.04882   0.03062   0.05531   0.01313   6.72906   1.78153   1.05208   1.57543   0.91288  
 26 18.5873   2042.539756  x:  0.47884   0.00000   0.16616   0.21702   0.01401   0.01974   0.08689   0.02575   0.07077   0.02959   0.08171   0.10011   0.00000   0.20067   0.23992   0.03130   0.01923   0.04695   0.02810   0.06146   0.02768   0.06290   0.01349   6.68001   2.24973   1.30661   1.89276   0.82853  
 27  1.2886   2040.417548  x:  0.48529   0.00000   0.17514   0.22000   0.01574   0.01638   0.08844   0.02687   0.07093   0.03328   0.08269   0.07599   0.00000   0.20923   0.24145   0.02884   0.01326   0.04517   0.02908   0.06571   0.02779   0.06591   0.01414   6.65596   2.19241   1.35416   1.92373   1.05647  
 28  6.1970   2035.953907  x:  0.51239   0.00000   0.17770   0.22951   0.02033   0.01019   0.09086   0.02696   0.07015   0.04045   0.08297   0.03014   0.00000   0.21094   0.24983   0.02177   0.00578   0.04722   0.02943   0.07088   0.02899   0.07062   0.01563   6.62958   1.95067   1.22176   1.72518   0.95194  
 29  6.2760   2034.048993  x:  0.51372   0.00000   0.18133   0.23311   0.02270   0.00961   0.09153   0.02835   0.07046   0.04046   0.08400   0.01559   0.00000   0.20864   0.25668   0.01568   0.01446   0.05800   0.02465   0.07419   0.02678   0.07148   0.01729   6.62462   1.93850   1.21585   1.71824   0.94929  
 30  0.2913   2028.976614  x:  0.41956   0.00000   0.17598   0.25076   0.02501   0.00842   0.11215   0.02997   0.06986   0.03913   0.08224   0.04625   0.00000   0.17490   0.29389   0.01490   0.01992   0.08405   0.02041   0.07889   0.02562   0.06933   0.02404   6.62629   1.72657   1.10635   1.55921   0.90027  
 31  0.7846   2025.748377  x:  0.32804   0.00000   0.17237   0.24749   0.01384   0.01417   0.11089   0.03426   0.06771   0.02576   0.08305   0.03351   0.00000   0.16126   0.30185   0.01870   0.01502   0.08830   0.01616   0.07300   0.02739   0.06795   0.02789   6.58089   1.81205   1.16973   1.63053   0.90000  
 32  0.2025   2024.951905  x:  0.29770   0.00000   0.17439   0.25082   0.01749   0.01172   0.10512   0.03439   0.06498   0.02553   0.08196   0.02828   0.00000   0.16815   0.30668   0.01638   0.01701   0.07306   0.01717   0.06937   0.02786   0.06831   0.02685   6.56335   1.73207   1.12908   1.57135   0.87908  
 33  0.2920   2024.350871  x:  0.29941   0.00000   0.17142   0.24590   0.02016   0.00983   0.09922   0.03650   0.06321   0.02926   0.07960   0.02035   0.00000   0.16642   0.30682   0.01806   0.01504   0.07446   0.02160   0.06507   0.02665   0.06700   0.02462   6.57626   1.82687   1.14501   1.64030   0.88836  
 34  0.1827   2024.171711  x:  0.30966   0.00000   0.17064   0.24518   0.01831   0.01166   0.09819   0.03694   0.06312   0.03296   0.07756   0.01992   0.00000   0.16491   0.30580   0.01796   0.01641   0.07204   0.02107   0.06145   0.02926   0.06623   0.02159   6.56739   1.79780   1.13248   1.62308   0.89635  
 35  0.0541   2024.043319  x:  0.30903   0.00000   0.17093   0.24102   0.01998   0.01041   0.09998   0.03834   0.06264   0.03150   0.07743   0.02264   0.00000   0.16217   0.30054   0.01889   0.01804   0.07390   0.02080   0.06016   0.02992   0.06413   0.01886   6.55475   1.81299   1.14132   1.63684   0.90406  
 36  0.0320   2023.979817  x:  0.30246   0.00000   0.17091   0.24223   0.01897   0.01116   0.10158   0.04013   0.06241   0.03036   0.07800   0.02106   0.00000   0.16212   0.30041   0.01872   0.01823   0.07563   0.02173   0.06027   0.02838   0.06258   0.01743   6.55397   1.80091   1.13497   1.62247   0.89875  
 37  0.0212   2023.955768  x:  0.30115   0.00000   0.17167   0.24391   0.01897   0.01066   0.10002   0.04135   0.06238   0.03053   0.07820   0.02096   0.00000   0.16456   0.30166   0.01799   0.01831   0.07617   0.02052   0.06192   0.02920   0.06192   0.01734   6.56016   1.80474   1.13488   1.62191   0.89402  
 38  0.0089   2023.940293  x:  0.30544   0.00000   0.17086   0.24472   0.01912   0.01021   0.10164   0.04256   0.06279   0.03035   0.07854   0.02070   0.00000   0.16351   0.30297   0.01810   0.01821   0.07503   0.02060   0.06306   0.02864   0.06153   0.01762   6.56522   1.79804   1.13482   1.61893   0.89448  
 39  0.0080   2023.931283  x:  0.30524   0.00000   0.17144   0.24352   0.01877   0.01035   0.10126   0.04358   0.06282   0.03070   0.07842   0.02129   0.00000   0.16361   0.30237   0.01738   0.01812   0.07498   0.02120   0.06273   0.02851   0.06143   0.01782   6.55976   1.80016   1.13771   1.62288   0.89664  
 40  0.0091   2023.923578  x:  0.30459   0.00000   0.17194   0.24290   0.01856   0.01019   0.10074   0.04473   0.06261   0.03089   0.07832   0.02116   0.00000   0.16416   0.30191   0.01833   0.01793   0.07478   0.02100   0.06188   0.02859   0.06162   0.01790   6.55443   1.79996   1.13749   1.62195   0.89745  
 41  0.0068   2023.922071  x:  0.30460   0.00000   0.17155   0.24307   0.01860   0.01012   0.10093   0.04502   0.06238   0.03062   0.07842   0.02100   0.00000   0.16363   0.30164   0.01820   0.01792   0.07479   0.02110   0.06172   0.02900   0.06191   0.01797   6.55740   1.80099   1.13701   1.62137   0.89610  
 42  0.0045   2023.921536  x:  0.30457   0.00000   0.17131   0.24351   0.01866   0.01011   0.10090   0.04513   0.06232   0.03068   0.07850   0.02108   0.00000   0.16367   0.30149   0.01815   0.01800   0.07490   0.02106   0.06173   0.02878   0.06227   0.01801   6.56038   1.80029   1.13645   1.62004   0.89572  
 43  0.0030   2023.921444  x:  0.30463   0.00000   0.17144   0.24340   0.01868   0.01013   0.10094   0.04516   0.06233   0.03065   0.07850   0.02102   0.00000   0.16383   0.30138   0.01813   0.01804   0.07493   0.02104   0.06171   0.02880   0.06237   0.01799   6.55895   1.80001   1.13678   1.62049   0.89623  
 44  0.0014   2023.921423  x:  0.30467   0.00000   0.17146   0.24337   0.01869   0.01016   0.10094   0.04517   0.06236   0.03066   0.07847   0.02103   0.00000   0.16377   0.30149   0.01814   0.01807   0.07495   0.02103   0.06172   0.02881   0.06238   0.01800   6.55845   1.80015   1.13671   1.62051   0.89602  
 45  0.0003   2023.921413  x:  0.30463   0.00000   0.17143   0.24334   0.01872   0.01017   0.10091   0.04519   0.06235   0.03065   0.07847   0.02102   0.00000   0.16375   0.30148   0.01813   0.01807   0.07493   0.02103   0.06173   0.02880   0.06235   0.01801   6.55923   1.80013   1.13678   1.62048   0.89611  
 46  0.0004   2023.921409  x:  0.30465   0.00000   0.17143   0.24337   0.01873   0.01018   0.10093   0.04519   0.06234   0.03065   0.07848   0.02103   0.00000   0.16380   0.30145   0.01814   0.01805   0.07493   0.02103   0.06173   0.02881   0.06234   0.01801   6.55892   1.80004   1.13672   1.62038   0.89610  
 47  0.0002   2023.921408  x:  0.30464   0.00000   0.17144   0.24336   0.01873   0.01018   0.10093   0.04519   0.06234   0.03066   0.07848   0.02103   0.00000   0.16378   0.30143   0.01814   0.01805   0.07493   0.02102   0.06172   0.02881   0.06234   0.01800   6.55877   1.80006   1.13673   1.62043   0.89608  
 48  0.0001   2023.921408  x:  0.30465   0.00000   0.17144   0.24337   0.01873   0.01018   0.10092   0.04519   0.06234   0.03065   0.07848   0.02103   0.00000   0.16377   0.30145   0.01814   0.01804   0.07493   0.02102   0.06172   0.02881   0.06235   0.01800   6.55885   1.80008   1.13674   1.62045   0.89609  
 49  0.0001   2023.921408  x:  0.30464   0.00000   0.17144   0.24337   0.01873   0.01018   0.10093   0.04519   0.06234   0.03065   0.07848   0.02103   0.00000   0.16378   0.30145   0.01814   0.01804   0.07493   0.02102   0.06172   0.02881   0.06235   0.01800   6.55888   1.80008   1.13674   1.62044   0.89609  
 50  0.0000   2023.921408  x:  0.30464   0.00000   0.17144   0.24336   0.01873   0.01018   0.10093   0.04519   0.06234   0.03065   0.07848   0.02103   0.00000   0.16378   0.30145   0.01814   0.01804   0.07493   0.02102   0.06172   0.02881   0.06235   0.01800   6.55886   1.80008   1.13674   1.62044   0.89609  
 51  0.0000   2023.921408  x:  0.30464   0.00000   0.17144   0.24336   0.01873   0.01018   0.10093   0.04519   0.06234   0.03065   0.07848   0.02103   0.00000   0.16378   0.30145   0.01814   0.01804   0.07493   0.02102   0.06172   0.02881   0.06235   0.01800   6.55886   1.80008   1.13674   1.62044   0.89609  
 52  0.0000   2023.921408  x:  0.30464   0.00000   0.17144   0.24336   0.01873   0.01018   0.10093   0.04519   0.06234   0.03065   0.07848   0.02103   0.00000   0.16378   0.30145   0.01814   0.01804   0.07493   0.02102   0.06172   0.02881   0.06235   0.01800   6.55887   1.80008   1.13674   1.62044   0.89609  
 53  0.0000   2023.921408  x:  0.30464   0.00000   0.17144   0.24336   0.01873   0.01018   0.10093   0.04519   0.06234   0.03065   0.07848   0.02103   0.00000   0.16378   0.30145   0.01814   0.01804   0.07493   0.02102   0.06172   0.02881   0.06235   0.01800   6.55886   1.80008   1.13674   1.62044   0.89609  
 54  0.0000   2023.921408  x:  0.30464   0.00000   0.17144   0.24336   0.01873   0.01018   0.10093   0.04519   0.06234   0.03065   0.07848   0.02103   0.00000   0.16378   0.30145   0.01814   0.01804   0.07493   0.02102   0.06172   0.02881   0.06235   0.01800   6.55886   1.80008   1.13674   1.62044   0.89609  
 55  0.0000   2023.921408  x:  0.30464   0.00000   0.17144   0.24336   0.01873   0.01018   0.10093   0.04519   0.06234   0.03065   0.07848   0.02103   0.00000   0.16378   0.30145   0.01814   0.01804   0.07493   0.02102   0.06172   0.02881   0.06235   0.01800   6.55886   1.80008   1.13674   1.62044   0.89609  