

TREE # 1

  0  0.0000   2278.038403  x:  0.11851   0.00000   0.12791   0.00016   0.05616   0.03120   0.08973   0.03400   0.15322   0.11751   0.06808   0.21563   0.00000   0.15919   0.00000   0.05541   0.03912   0.08979   0.07144   0.08328   0.13200   0.04688   0.21748   0.13713   2.00000   1.66501   1.18810   1.38987   0.40000  
  1 99.0000   2277.959940  x:  0.11851   0.00000   0.12791   0.00018   0.05616   0.03120   0.08973   0.03400   0.15322   0.11751   0.06808   0.21563   0.00001   0.15919   0.00002   0.05541   0.03912   0.08979   0.07144   0.08328   0.13200   0.04688   0.21748   0.13713   2.00000   1.66501   1.18810   1.38987   0.40000  
  2 3546.9840   2277.402887  x:  0.11848   0.00000   0.12796   0.00000   0.05614   0.03125   0.08975   0.03397   0.15322   0.11753   0.06804   0.21560   0.00014   0.15926   0.00078   0.05545   0.03917   0.08981   0.07143   0.08327   0.13201   0.04683   0.21745   0.13710   2.00003   1.66501   1.18810   1.38987   0.40009  
  3 1076.5390   2268.925004  x:  0.10668   0.00000   0.14903   0.00014   0.04630   0.05180   0.09812   0.02042   0.15090   0.12546   0.05252   0.20160   0.05148   0.18668   0.00025   0.06735   0.05686   0.09936   0.07048   0.07828   0.13470   0.01798   0.20571   0.12530   2.01387   1.66431   1.18659   1.39282   0.43790  
  4 291.1394   2256.836204  x:  0.07852   0.00000   0.18574   0.00000   0.03625   0.05592   0.11304   0.01972   0.14576   0.13939   0.03382   0.16609   0.01488   0.23069   0.00014   0.07961   0.06602   0.11401   0.06588   0.06842   0.14267   0.00831   0.17151   0.09714   2.05135   1.66254   1.18309   1.39973   0.52265  
  5 209.3775   2256.836204  x:  0.07852   0.00000   0.18574   0.00000   0.03625   0.05592   0.11304   0.01972   0.14576   0.13939   0.03382   0.16609   0.01488   0.23069   0.00014   0.07961   0.06602   0.11401   0.06588   0.06842   0.14267   0.00831   0.17151   0.09714   2.05135   1.66254   1.18309   1.39973   0.52265  
  6 438.5207   2237.447436  x:  0.07863   0.00000   0.18590   0.04803   0.03718   0.05561   0.11295   0.01988   0.14577   0.13953   0.03528   0.16590   0.01439   0.23082   0.01921   0.07973   0.06573   0.11393   0.06582   0.06855   0.14286   0.01112   0.17132   0.09725   2.05181   1.66252   1.18305   1.39979   0.52325  
  7 4545.7169   2235.524340  x:  0.08062   0.00000   0.18582   0.04234   0.04050   0.04994   0.11019   0.02817   0.14506   0.13806   0.04216   0.16243   0.00693   0.23288   0.03198   0.07577   0.06032   0.11178   0.06617   0.06925   0.14173   0.02901   0.16786   0.09924   2.06020   1.66223   1.18248   1.40099   0.53293  
  8 149.6202   2232.590853  x:  0.08755   0.00000   0.18534   0.03998   0.04626   0.03269   0.09904   0.03091   0.14235   0.13215   0.05370   0.14910   0.00387   0.24146   0.03903   0.06194   0.04330   0.10388   0.06823   0.07102   0.13531   0.01439   0.15601   0.10617   2.09711   1.66088   1.18019   1.40633   0.57349  
  9 102.9644   2229.908092  x:  0.09370   0.00000   0.18466   0.04031   0.04648   0.03992   0.08717   0.02707   0.13903   0.12466   0.05352   0.13160   0.02884   0.25517   0.03763   0.05194   0.03864   0.09498   0.07174   0.07485   0.12712   0.02128   0.14120   0.11232   2.16449   1.65857   1.17608   1.41591   0.64091  
 10 182.3469   2224.334247  x:  0.09337   0.00000   0.18458   0.04308   0.03823   0.05804   0.08492   0.02821   0.13539   0.11794   0.03802   0.11344   0.00605   0.27332   0.03092   0.06366   0.06352   0.08999   0.07513   0.07950   0.11967   0.02101   0.12031   0.11199   2.30406   1.65424   1.16810   1.43485   0.76554  
 11 254.0380   2217.537093  x:  0.07339   0.00000   0.18685   0.04433   0.03948   0.03819   0.12251   0.03216   0.13968   0.13297   0.04713   0.14881   0.01581   0.27809   0.02502   0.09016   0.06945   0.11283   0.06180   0.06542   0.13644   0.02311   0.14780   0.09201   2.53844   1.64878   1.15715   1.46293   0.92880  
 12 213.9615   2215.219488  x:  0.07473   0.00000   0.18657   0.04267   0.04316   0.05257   0.12231   0.01703   0.14346   0.13970   0.03918   0.16599   0.00592   0.26447   0.02909   0.08101   0.05391   0.11792   0.06018   0.06301   0.14477   0.02402   0.16603   0.09335   2.62752   1.64797   1.15578   1.47000   0.96210  
 13 160.8727   2213.657796  x:  0.07972   0.00000   0.18532   0.04427   0.04139   0.06337   0.11608   0.03551   0.14626   0.14390   0.03354   0.17793   0.00424   0.24511   0.02594   0.07025   0.04877   0.11847   0.06377   0.06688   0.14972   0.02045   0.18145   0.09834   2.71234   1.64802   1.15644   1.47426   0.97460  
 14 192.1367   2210.526487  x:  0.08794   0.00000   0.18165   0.04479   0.02854   0.05624   0.09508   0.02943   0.14839   0.14388   0.04967   0.18630   0.00397   0.20351   0.02399   0.06329   0.06876   0.11081   0.07336   0.07941   0.15111   0.02242   0.19799   0.10656   2.88837   1.64959   1.16132   1.47876   0.96701  
 15 187.6030   2206.829825  x:  0.08803   0.00000   0.17704   0.04199   0.05770   0.04208   0.08361   0.02723   0.14719   0.13646   0.03353   0.17881   0.01077   0.17131   0.03135   0.07385   0.08017   0.09773   0.07310   0.08073   0.14425   0.02164   0.19809   0.10665   3.12652   1.65299   1.17038   1.48149   0.92958  
 16 264.6217   2195.896887  x:  0.07546   0.00000   0.17156   0.04721   0.04621   0.05006   0.11057   0.02892   0.13871   0.11616   0.04794   0.13676   0.00731   0.16868   0.01759   0.08019   0.04700   0.08372   0.05517   0.05465   0.11871   0.02662   0.16336   0.09408   3.79617   1.66527   1.19821   1.48423   0.78110  
 17 390.5532   2191.354335  x:  0.07704   0.00000   0.17517   0.03723   0.03144   0.05079   0.11964   0.02871   0.13718   0.11988   0.04157   0.12807   0.01535   0.20518   0.04604   0.07619   0.04630   0.10329   0.06507   0.06613   0.12153   0.01499   0.14542   0.09566   4.11914   1.67259   1.20942   1.48572   0.70249  
 18 561.0660   2189.079477  x:  0.08364   0.00000   0.18224   0.04252   0.04730   0.04544   0.11404   0.02647   0.13958   0.12968   0.04440   0.13387   0.01031   0.24318   0.03057   0.06510   0.05209   0.11371   0.07245   0.07554   0.12962   0.02116   0.13791   0.10226   4.27228   1.67730   1.21249   1.48665   0.66250  
 19 285.6415   2188.686348  x:  0.08506   0.00000   0.18617   0.04282   0.04289   0.04251   0.10210   0.02725   0.14114   0.13085   0.04111   0.13897   0.00960   0.25726   0.02996   0.06991   0.05153   0.10401   0.06711   0.07080   0.13300   0.02202   0.14318   0.10369   4.29808   1.67951   1.21048   1.48688   0.65527  
 20 47.4268   2188.650108  x:  0.08427   0.00000   0.18683   0.04237   0.04447   0.04477   0.10116   0.02763   0.14148   0.13012   0.04351   0.13924   0.00960   0.25930   0.03104   0.07045   0.05244   0.10209   0.06735   0.07040   0.13276   0.02092   0.14522   0.10289   4.30068   1.68049   1.20892   1.48697   0.65459  
 21 14.1174   2188.616901  x:  0.08275   0.00000   0.18724   0.04249   0.04423   0.04390   0.10220   0.02741   0.14155   0.12760   0.04251   0.13840   0.00913   0.26106   0.03085   0.06875   0.05268   0.10047   0.06937   0.07139   0.13094   0.02124   0.14919   0.10137   4.30353   1.68358   1.20356   1.48717   0.65420  
 22  6.6898   2188.508211  x:  0.08592   0.00000   0.18625   0.04256   0.04447   0.04407   0.10276   0.02736   0.14056   0.12656   0.04297   0.13628   0.00899   0.26092   0.03059   0.07064   0.05238   0.10354   0.06546   0.07276   0.12880   0.02120   0.15148   0.10454   4.31429   1.69869   1.17678   1.48812   0.65394  
 23  7.5459   2188.418942  x:  0.08412   0.00000   0.18533   0.04253   0.04407   0.04398   0.10111   0.02750   0.14016   0.12886   0.04290   0.13755   0.00930   0.25911   0.03067   0.06992   0.05216   0.10338   0.06905   0.06879   0.13113   0.02111   0.14677   0.10274   4.32352   1.71033   1.15620   1.48853   0.65432  
 24 20.4920   2188.379046  x:  0.08222   0.00000   0.18572   0.04248   0.04390   0.04410   0.10156   0.02749   0.14080   0.12929   0.04284   0.13943   0.00943   0.25847   0.03079   0.06854   0.05198   0.10105   0.06658   0.07232   0.13271   0.02092   0.14388   0.10084   4.32807   1.71295   1.15182   1.48802   0.65525  
 25  7.0009   2187.682898  x:  0.09132   0.00000   0.19775   0.04240   0.04371   0.04427   0.11399   0.02632   0.15006   0.12025   0.04316   0.15138   0.00946   0.25948   0.03060   0.07438   0.04958   0.09294   0.07425   0.07401   0.13732   0.02034   0.13876   0.10994   4.41496   1.71759   1.15048   1.47034   0.68284  
 26  5.0009   2184.362596  x:  0.08531   0.00000   0.21979   0.04184   0.04250   0.04257   0.10590   0.02639   0.15537   0.12540   0.04115   0.15630   0.00573   0.27110   0.03138   0.05697   0.06162   0.11640   0.05970   0.06071   0.13668   0.01698   0.15124   0.10392   4.83148   1.72594   1.16023   1.39077   0.81560  
 27 103.5170   2183.107701  x:  0.07955   0.00000   0.21003   0.04319   0.04193   0.04321   0.09808   0.02591   0.14670   0.13983   0.04309   0.15302   0.00303   0.27792   0.02683   0.07241   0.04908   0.12083   0.06895   0.07476   0.13910   0.01753   0.16112   0.09816   4.98922   1.72390   1.16326   1.36910   0.86450  
 28 197.4704   2182.459565  x:  0.08392   0.00000   0.18170   0.04284   0.04242   0.04280   0.10695   0.02497   0.13667   0.14802   0.04278   0.15389   0.00205   0.28562   0.02776   0.06825   0.05341   0.11054   0.06839   0.07331   0.14664   0.01650   0.16725   0.10254   5.06701   1.71235   1.16145   1.37800   0.88523  
 29 58.2840   2181.785238  x:  0.08156   0.00000   0.16444   0.04324   0.04191   0.04273   0.10016   0.02546   0.14935   0.13465   0.04343   0.16270   0.00091   0.29051   0.02679   0.06950   0.05162   0.11864   0.06806   0.07370   0.14514   0.01632   0.16555   0.10017   5.14955   1.67648   1.15028   1.43351   0.90003  
 30 29.3689   2181.103584  x:  0.08207   0.00000   0.18538   0.04298   0.04139   0.04222   0.10294   0.02503   0.14111   0.14499   0.04306   0.15932   0.00037   0.28918   0.02712   0.06813   0.05126   0.11596   0.06851   0.07424   0.14351   0.01575   0.16780   0.10068   5.23551   1.63161   1.13493   1.50867   0.91287  
 31 51.4093   2181.091148  x:  0.08198   0.00000   0.18582   0.04303   0.04140   0.04210   0.10308   0.02504   0.14282   0.14453   0.04311   0.15635   0.00037   0.28889   0.02691   0.06816   0.05119   0.11603   0.06838   0.07425   0.14729   0.01577   0.16858   0.10059   5.23801   1.63351   1.13619   1.51112   0.91311  
 32  2.7512   2180.690807  x:  0.08177   0.00000   0.18781   0.04297   0.04107   0.04249   0.10212   0.02519   0.13601   0.14081   0.04315   0.15830   0.00059   0.28692   0.02686   0.06821   0.05070   0.11663   0.06833   0.07403   0.14771   0.01603   0.16695   0.10039   5.34905   1.77193   1.22261   1.61603   0.92131  
 33  3.2615   2180.646956  x:  0.08204   0.00000   0.18713   0.04283   0.04083   0.04227   0.10307   0.02510   0.14231   0.14586   0.04298   0.15703   0.00072   0.28679   0.02722   0.06810   0.05086   0.11512   0.06850   0.07393   0.14390   0.01603   0.16699   0.10065   5.36157   1.78451   1.23032   1.62547   0.92214  
 34 17.7967   2175.901367  x:  0.08753   0.00000   0.18880   0.04005   0.03641   0.04580   0.10489   0.02605   0.14485   0.12087   0.04359   0.14387   0.01073   0.25030   0.03127   0.06754   0.04872   0.10226   0.06751   0.06851   0.13363   0.01927   0.14577   0.10613   7.22269   1.64383   1.15354   1.49897   0.95665  
 35  2.3200   2175.223022  x:  0.08530   0.00000   0.18596   0.04096   0.04360   0.04339   0.10094   0.02664   0.14303   0.13588   0.04356   0.14401   0.00370   0.25219   0.02705   0.06653   0.05292   0.10172   0.06864   0.07279   0.13529   0.01798   0.15582   0.10390   7.69659   1.69811   1.16986   1.54332   0.95248  
 36  0.3409   2175.064580  x:  0.08470   0.00000   0.18622   0.04064   0.04202   0.04375   0.09979   0.02674   0.14311   0.13105   0.04267   0.15073   0.00440   0.25327   0.02649   0.06821   0.05099   0.10636   0.06854   0.07270   0.13816   0.01842   0.15909   0.10329   8.06556   1.68295   1.16515   1.53837   0.93198  
 37  0.2126   2175.044968  x:  0.08467   0.00000   0.18613   0.04009   0.04151   0.04366   0.10177   0.02635   0.14323   0.13282   0.04284   0.14849   0.00428   0.25383   0.02721   0.06855   0.05160   0.10455   0.06807   0.07172   0.13740   0.01832   0.15800   0.10326   8.15835   1.68295   1.16573   1.53903   0.92487  
 38  0.0774   2175.041684  x:  0.08484   0.00000   0.18639   0.03994   0.04163   0.04398   0.10158   0.02629   0.14339   0.13284   0.04313   0.14789   0.00446   0.25517   0.02664   0.06793   0.05154   0.10493   0.06830   0.07211   0.13713   0.01823   0.15744   0.10343   8.17768   1.68562   1.16630   1.54157   0.92350  
 39  0.0089   2175.031819  x:  0.08480   0.00000   0.18654   0.03798   0.04179   0.04365   0.10114   0.02630   0.14300   0.13210   0.04292   0.14773   0.00407   0.25653   0.02700   0.06827   0.05187   0.10568   0.06833   0.07240   0.13744   0.01830   0.15668   0.10339   8.17870   1.68508   1.16594   1.54169   0.92511  
 40  0.0006   2175.024888  x:  0.08490   0.00000   0.18608   0.03691   0.04158   0.04377   0.10155   0.02634   0.14306   0.13309   0.04297   0.14820   0.00442   0.25532   0.02624   0.06810   0.05132   0.10480   0.06833   0.07214   0.13749   0.01845   0.15754   0.10349   8.15534   1.68322   1.16571   1.53939   0.92647  
 41  0.0134   2175.024014  x:  0.08479   0.00000   0.18629   0.03688   0.04169   0.04375   0.10167   0.02629   0.14338   0.13277   0.04310   0.14828   0.00431   0.25452   0.02598   0.06828   0.05157   0.10484   0.06821   0.07197   0.13742   0.01834   0.15765   0.10339   8.15125   1.68431   1.16595   1.53986   0.92544  
 42  0.0042   2175.023982  x:  0.08475   0.00000   0.18624   0.03687   0.04168   0.04379   0.10164   0.02627   0.14333   0.13277   0.04307   0.14824   0.00433   0.25451   0.02600   0.06830   0.05158   0.10486   0.06817   0.07197   0.13742   0.01833   0.15771   0.10334   8.14900   1.68434   1.16587   1.54026   0.92501  
 43  0.0018   2175.023979  x:  0.08476   0.00000   0.18623   0.03687   0.04168   0.04379   0.10164   0.02626   0.14333   0.13277   0.04307   0.14825   0.00432   0.25453   0.02600   0.06830   0.05158   0.10487   0.06818   0.07197   0.13742   0.01833   0.15770   0.10335   8.14760   1.68429   1.16589   1.54024   0.92487  
 44  0.0011   2175.023979  x:  0.08476   0.00000   0.18623   0.03687   0.04168   0.04379   0.10164   0.02626   0.14333   0.13277   0.04307   0.14825   0.00432   0.25453   0.02600   0.06830   0.05158   0.10486   0.06818   0.07197   0.13742   0.01833   0.15770   0.10335   8.14736   1.68429   1.16590   1.54023   0.92486  
 45  0.0002   2175.023979  x:  0.08476   0.00000   0.18623   0.03687   0.04168   0.04379   0.10164   0.02626   0.14333   0.13277   0.04307   0.14825   0.00432   0.25453   0.02600   0.06830   0.05158   0.10486   0.06818   0.07197   0.13742   0.01833   0.15770   0.10335   8.14737   1.68430   1.16589   1.54023   0.92486  
 46  0.0000   2175.023979  x:  0.08476   0.00000   0.18623   0.03687   0.04168   0.04379   0.10164   0.02627   0.14333   0.13277   0.04307   0.14825   0.00432   0.25453   0.02600   0.06830   0.05158   0.10486   0.06818   0.07197   0.13742   0.01833   0.15770   0.10335   8.14737   1.68430   1.16589   1.54023   0.92486  
 47  0.0000   2175.023979  x:  0.08476   0.00000   0.18623   0.03687   0.04168   0.04379   0.10164   0.02627   0.14333   0.13277   0.04307   0.14825   0.00432   0.25453   0.02600   0.06830   0.05158   0.10486   0.06818   0.07197   0.13742   0.01833   0.15770   0.10335   8.14737   1.68430   1.16589   1.54023   0.92486  