

TREE # 1

  0  0.0000   2217.377014  x:  0.09411   0.00001   0.07432   0.01956   0.03917   0.04115   0.09017   0.06241   0.08395   0.08742   0.08565   0.20161   0.00000   0.07298   0.03839   0.04752   0.04560   0.05445   0.04938   0.04626   0.07531   0.06058   0.22800   0.11273   2.00000   1.40210   0.89394   1.20800   0.40000  
  1 99.0000   2206.389600  x:  0.09490   0.05039   0.08521   0.02956   0.03205   0.03757   0.09763   0.05591   0.08070   0.09179   0.08253   0.20336   0.05427   0.08863   0.04359   0.04293   0.04238   0.05651   0.04654   0.04600   0.07284   0.05879   0.23088   0.11352   2.00271   1.40088   0.89387   1.20956   0.41254  
  2 1137.1907   2182.514399  x:  0.09640   0.04565   0.11712   0.05012   0.00000   0.02386   0.12768   0.02665   0.06599   0.10949   0.06769   0.20642   0.04566   0.13585   0.06233   0.02277   0.02920   0.06492   0.03437   0.04571   0.06173   0.04953   0.24121   0.11502   2.01570   1.39453   0.89419   1.21688   0.47040  
  3 358.6184   2174.799265  x:  0.09727   0.04286   0.14095   0.06250   0.02778   0.01964   0.14896   0.01120   0.05657   0.12353   0.05575   0.20856   0.03959   0.17045   0.07373   0.01000   0.02270   0.07092   0.02648   0.04663   0.05378   0.04288   0.24959   0.11589   2.02809   1.38877   0.89444   1.22356   0.52020  
  4 729.8924   2167.646453  x:  0.09729   0.04194   0.16474   0.06045   0.03510   0.03854   0.17076   0.03598   0.04616   0.13594   0.04522   0.21007   0.03425   0.20533   0.07764   0.04134   0.03677   0.07510   0.03024   0.05089   0.05147   0.04035   0.26029   0.11591   2.05117   1.37877   0.89509   1.23534   0.59550  
  5 339.8227   2158.963626  x:  0.09339   0.04600   0.16594   0.02167   0.03446   0.04201   0.16915   0.02690   0.06027   0.12767   0.06854   0.20761   0.03358   0.21169   0.04872   0.03303   0.04260   0.06270   0.05469   0.04896   0.06534   0.05281   0.27021   0.11201   2.10248   1.35887   0.89818   1.25776   0.70949  
  6 180.0902   2152.338481  x:  0.08938   0.04792   0.13915   0.05899   0.03340   0.03016   0.14097   0.03539   0.07075   0.10641   0.08253   0.20199   0.03356   0.17821   0.03149   0.03493   0.03767   0.05173   0.04543   0.04398   0.07150   0.06041   0.27402   0.10800   2.18146   1.33180   0.90369   1.28795   0.83616  
  7 208.1577   2147.783837  x:  0.08956   0.05108   0.11153   0.05066   0.03170   0.03174   0.11621   0.03452   0.06845   0.09497   0.07677   0.19848   0.03672   0.13839   0.06462   0.03336   0.03286   0.05983   0.03163   0.04533   0.06733   0.05906   0.27204   0.10818   2.25203   1.31110   0.90839   1.31131   0.92017  
  8 267.9208   2145.782189  x:  0.09393   0.05101   0.10276   0.04762   0.02963   0.03330   0.11542   0.03322   0.05819   0.10388   0.05928   0.20002   0.04011   0.11441   0.05288   0.02658   0.03691   0.06706   0.03535   0.05027   0.05723   0.04496   0.26532   0.11255   2.30290   1.30174   0.91105   1.32308   0.94279  
  9 111.3929   2142.155154  x:  0.10436   0.04517   0.10714   0.04076   0.03078   0.02781   0.13421   0.02539   0.05843   0.12061   0.05211   0.21231   0.04654   0.09929   0.04668   0.04132   0.02472   0.05952   0.02280   0.04320   0.06307   0.05938   0.24168   0.12298   2.47399   1.28315   0.91781   1.35196   0.94203  
 10 83.1335   2135.464011  x:  0.11642   0.03301   0.11269   0.05608   0.03251   0.02199   0.15306   0.02281   0.06531   0.13407   0.06149   0.23497   0.05448   0.10133   0.06864   0.03870   0.04274   0.05527   0.05553   0.04166   0.06883   0.07220   0.19996   0.13504   2.87029   1.24507   0.93273   1.41474   0.92349  
 11 445.9208   2125.651936  x:  0.11023   0.02957   0.11729   0.05334   0.02928   0.05651   0.14379   0.04393   0.06862   0.11771   0.07693   0.24876   0.05376   0.14547   0.06100   0.01232   0.02981   0.06203   0.03673   0.04815   0.06358   0.05213   0.18773   0.12885   3.41481   1.20417   0.95093   1.49141   0.88460  
 12 561.9133   2119.625292  x:  0.09565   0.03643   0.12244   0.04512   0.03197   0.03976   0.12489   0.02485   0.06141   0.09743   0.07706   0.24333   0.04582   0.17322   0.05156   0.03642   0.03814   0.07246   0.02972   0.05599   0.05663   0.03117   0.21188   0.11427   3.76191   1.18959   0.95953   1.53146   0.85676  
 13 645.1348   2116.155358  x:  0.08340   0.04709   0.12733   0.04064   0.03210   0.02578   0.11763   0.03498   0.04786   0.09662   0.05760   0.22408   0.03550   0.17896   0.04968   0.03070   0.03639   0.07188   0.03651   0.05111   0.05326   0.05334   0.25302   0.10202   3.96420   1.19747   0.96026   1.54311   0.84146  
 14 332.2467   2113.610452  x:  0.08227   0.05782   0.13089   0.04724   0.03065   0.04051   0.12573   0.02791   0.06387   0.11061   0.05192   0.19520   0.02552   0.16821   0.05488   0.02925   0.04011   0.06302   0.03838   0.04579   0.06294   0.04876   0.30027   0.10089   4.12186   1.22539   0.95539   1.53628   0.83407  
 15 204.9123   2112.214318  x:  0.09196   0.05687   0.13178   0.04538   0.03120   0.03156   0.13695   0.03719   0.06051   0.11457   0.07130   0.18197   0.02650   0.16075   0.05780   0.02753   0.03627   0.06428   0.03691   0.05299   0.06069   0.04152   0.32243   0.11058   4.21125   1.26072   0.94814   1.51683   0.83617  
 16 123.0859   2110.107436  x:  0.10070   0.04057   0.12647   0.04814   0.03093   0.04166   0.13725   0.02915   0.05666   0.09997   0.07278   0.19075   0.04076   0.16252   0.05331   0.02733   0.04470   0.07479   0.03348   0.04714   0.05281   0.05312   0.33008   0.11932   4.35049   1.35083   0.93016   1.45492   0.85174  
 17 91.9873   2108.611146  x:  0.09516   0.03697   0.12481   0.04735   0.03079   0.03819   0.12942   0.03233   0.05693   0.09782   0.06232   0.20449   0.04367   0.16620   0.05556   0.02829   0.03421   0.06604   0.04040   0.05181   0.06580   0.04385   0.32038   0.11378   4.44902   1.42082   0.91789   1.40233   0.86624  
 18 153.5619   2108.120391  x:  0.08859   0.04488   0.12664   0.04529   0.03026   0.03429   0.12542   0.03495   0.06030   0.10540   0.06450   0.20661   0.03653   0.16654   0.05581   0.02631   0.04093   0.06281   0.03466   0.04994   0.06099   0.04299   0.30863   0.10721   4.48201   1.44463   0.91584   1.38136   0.87205  
 19 72.5701   2107.986293  x:  0.08728   0.05036   0.12733   0.04621   0.03029   0.03587   0.12483   0.03386   0.06106   0.10634   0.06602   0.20315   0.03149   0.16657   0.05511   0.02809   0.03710   0.06698   0.03711   0.05073   0.05835   0.04472   0.30232   0.10590   4.49128   1.45046   0.91712   1.37399   0.87388  
 20 31.2190   2107.919119  x:  0.08873   0.05350   0.12725   0.04620   0.03041   0.03604   0.12608   0.03346   0.05866   0.10301   0.06482   0.19681   0.02868   0.16768   0.05475   0.02753   0.03847   0.06691   0.03640   0.05047   0.06110   0.04477   0.29706   0.10735   4.49620   1.45178   0.92050   1.36841   0.87496  
 21 14.0091   2107.874651  x:  0.08866   0.05132   0.12656   0.04577   0.03042   0.03581   0.12599   0.03343   0.05964   0.10290   0.06379   0.19160   0.03073   0.16920   0.05498   0.02809   0.03784   0.06426   0.03691   0.05058   0.05835   0.04457   0.29506   0.10728   4.49982   1.45001   0.92594   1.36252   0.87588  
 22  7.1639   2107.806370  x:  0.08739   0.04785   0.12723   0.04571   0.03036   0.03510   0.12483   0.03388   0.06009   0.10592   0.06437   0.18897   0.03384   0.16950   0.05464   0.02788   0.03820   0.06796   0.03640   0.04985   0.06113   0.04464   0.29519   0.10601   4.50578   1.44501   0.93560   1.35207   0.87739  
 23 10.5575   2107.641718  x:  0.08857   0.04905   0.13136   0.04645   0.03025   0.03694   0.12544   0.03289   0.05862   0.10443   0.06561   0.19742   0.03236   0.16600   0.05518   0.02748   0.03868   0.06589   0.03622   0.05342   0.06057   0.04593   0.30125   0.10719   4.52049   1.43070   0.95491   1.32769   0.88069  
 24 13.9838   2107.563357  x:  0.08984   0.05052   0.12955   0.04591   0.03035   0.03584   0.12735   0.03402   0.05970   0.10334   0.06529   0.20108   0.03090   0.16629   0.05548   0.02773   0.03778   0.06645   0.03737   0.04809   0.05951   0.04395   0.30358   0.10846   4.52735   1.42442   0.95885   1.31867   0.88230  
 25 18.0111   2107.305321  x:  0.09221   0.05305   0.11583   0.04552   0.03018   0.03370   0.13192   0.03387   0.06318   0.10700   0.06309   0.20489   0.02838   0.17231   0.05481   0.02786   0.03855   0.06807   0.03614   0.05250   0.06024   0.04627   0.30659   0.11083   4.55002   1.40638   0.95088   1.29913   0.88761  
 26 13.1184   2105.516825  x:  0.09467   0.04888   0.11392   0.04645   0.02953   0.03998   0.12869   0.02595   0.04393   0.12010   0.07047   0.20126   0.02904   0.17657   0.05635   0.02958   0.03655   0.06104   0.03830   0.04593   0.06091   0.04622   0.30748   0.11329   4.70198   1.29470   0.85559   1.19338   0.92364  
 27 39.2288   2104.002262  x:  0.09647   0.04280   0.13295   0.04417   0.02801   0.03426   0.13406   0.02877   0.05725   0.11299   0.06276   0.19590   0.03148   0.17197   0.05706   0.02654   0.03739   0.06803   0.03640   0.05032   0.05883   0.04634   0.30552   0.11509   4.83642   1.20024   0.77092   1.10567   0.95616  
 28 234.3775   2103.299479  x:  0.08203   0.03948   0.12987   0.04451   0.02817   0.03579   0.15563   0.02675   0.05246   0.10608   0.06488   0.19622   0.03397   0.16647   0.05853   0.02581   0.03743   0.06875   0.03596   0.05114   0.05811   0.04502   0.30342   0.10065   4.89487   1.20113   0.77132   1.11229   0.97131  
 29 13.2063   2089.581463  x:  0.09842   0.02437   0.16562   0.03038   0.01996   0.01974   0.16860   0.00893   0.04954   0.13446   0.04063   0.20984   0.01999   0.18800   0.06475   0.02113   0.03209   0.07684   0.03172   0.05358   0.05014   0.04274   0.28144   0.11703   6.01585   1.37102   0.91474   1.40268   1.26980  
 30 67.7232   2085.908393  x:  0.10185   0.01879   0.17009   0.03520   0.01592   0.02320   0.16786   0.03378   0.05291   0.13914   0.05332   0.21637   0.01123   0.19360   0.06735   0.01398   0.02470   0.07526   0.02687   0.04969   0.05316   0.04584   0.27523   0.12045   6.62803   1.41346   0.95959   1.47065   1.40694  
 31  0.9744   2083.732588  x:  0.10054   0.00792   0.16132   0.04559   0.01388   0.03288   0.16358   0.02606   0.05797   0.13218   0.06842   0.21934   0.01095   0.19610   0.06673   0.02234   0.03092   0.06773   0.03257   0.04521   0.06056   0.04888   0.27662   0.11914   7.20559   1.41348   0.95967   1.45493   1.50938  
 32  0.6346   2083.431486  x:  0.09998   0.01320   0.15884   0.04584   0.01340   0.03304   0.16250   0.02466   0.05826   0.13003   0.06832   0.21974   0.00536   0.19555   0.06554   0.02255   0.03181   0.06705   0.03330   0.04589   0.06099   0.04868   0.27730   0.11858   7.33047   1.41262   0.95612   1.44722   1.52724  
 33  0.5286   2082.558059  x:  0.09790   0.01121   0.14975   0.04071   0.01155   0.02859   0.15683   0.02182   0.05736   0.11990   0.05926   0.21875   0.00825   0.19045   0.05872   0.01969   0.03415   0.06685   0.03494   0.05198   0.06004   0.04531   0.28357   0.11650   7.88236   1.40693   0.93319   1.40687   1.59805  
 34  0.5560   2082.169174  x:  0.09939   0.01371   0.15074   0.03735   0.01518   0.02671   0.15831   0.02145   0.05477   0.12396   0.05642   0.21763   0.00913   0.18913   0.05936   0.02471   0.03003   0.06932   0.03352   0.04844   0.05698   0.04762   0.27900   0.11799   8.32976   1.39658   0.93089   1.41059   1.63776  
 35  0.2237   2081.994452  x:  0.10026   0.01431   0.15270   0.04057   0.01596   0.02990   0.15937   0.02035   0.05444   0.12645   0.05854   0.21813   0.01001   0.18608   0.06104   0.02181   0.03325   0.06964   0.03203   0.04862   0.05797   0.04812   0.28085   0.11887   8.67956   1.40185   0.93881   1.42471   1.66222  
 36  0.2195   2081.934708  x:  0.09983   0.01441   0.15329   0.04118   0.01601   0.02779   0.15964   0.02144   0.05641   0.12669   0.05885   0.21897   0.01063   0.18727   0.06173   0.02075   0.03180   0.06820   0.03367   0.04951   0.05917   0.04667   0.27886   0.11843   8.89778   1.40939   0.94084   1.42711   1.66489  
 37  0.1411   2081.893968  x:  0.09968   0.01484   0.15309   0.04004   0.01541   0.02917   0.16000   0.02155   0.05575   0.12531   0.05895   0.21901   0.01098   0.19092   0.06088   0.02062   0.03087   0.06841   0.03263   0.04921   0.05784   0.04673   0.27760   0.11829   9.04004   1.40301   0.93475   1.41969   1.63619  
 38  0.0510   2081.870517  x:  0.10002   0.01458   0.15383   0.04058   0.01503   0.02796   0.16013   0.02191   0.05577   0.12532   0.05914   0.21894   0.01065   0.19168   0.06124   0.02114   0.03235   0.06898   0.03282   0.04903   0.05836   0.04711   0.27915   0.11863   9.06458   1.40042   0.93538   1.41991   1.60438  
 39  0.0220   2081.861998  x:  0.09991   0.01414   0.15385   0.04099   0.01488   0.02871   0.15966   0.02146   0.05589   0.12581   0.05884   0.21889   0.01034   0.18981   0.06142   0.02134   0.03173   0.06873   0.03347   0.04929   0.05878   0.04705   0.27939   0.11851   9.07285   1.40276   0.93710   1.42340   1.59341  
 40  0.0096   2081.859189  x:  0.09982   0.01393   0.15334   0.04053   0.01505   0.02844   0.15943   0.02145   0.05593   0.12597   0.05875   0.21904   0.01027   0.18831   0.06136   0.02118   0.03191   0.06857   0.03306   0.04917   0.05848   0.04699   0.27840   0.11842   9.08516   1.40438   0.93768   1.42523   1.59169  
 41  0.0084   2081.858957  x:  0.09993   0.01395   0.15307   0.04052   0.01518   0.02841   0.15950   0.02148   0.05584   0.12583   0.05883   0.21913   0.01028   0.18820   0.06129   0.02114   0.03180   0.06866   0.03307   0.04919   0.05850   0.04702   0.27860   0.11853   9.08418   1.40357   0.93761   1.42473   1.59045  
 42  0.0014   2081.858942  x:  0.09994   0.01393   0.15307   0.04055   0.01521   0.02843   0.15951   0.02149   0.05586   0.12583   0.05881   0.21912   0.01026   0.18827   0.06129   0.02113   0.03182   0.06866   0.03307   0.04919   0.05851   0.04703   0.27853   0.11854   9.08274   1.40365   0.93752   1.42458   1.59039  
 43  0.0011   2081.858941  x:  0.09993   0.01393   0.15308   0.04054   0.01521   0.02843   0.15950   0.02148   0.05587   0.12584   0.05882   0.21912   0.01026   0.18828   0.06129   0.02113   0.03182   0.06865   0.03307   0.04919   0.05851   0.04703   0.27855   0.11854   9.08272   1.40360   0.93749   1.42455   1.59037  
 44  0.0001   2081.858941  x:  0.09993   0.01393   0.15309   0.04054   0.01521   0.02843   0.15950   0.02148   0.05586   0.12584   0.05882   0.21912   0.01026   0.18828   0.06129   0.02113   0.03182   0.06865   0.03307   0.04919   0.05851   0.04703   0.27856   0.11854   9.08278   1.40360   0.93749   1.42455   1.59036  
 45  0.0001   2081.858941  x:  0.09993   0.01393   0.15309   0.04054   0.01521   0.02843   0.15950   0.02148   0.05586   0.12584   0.05882   0.21912   0.01026   0.18828   0.06129   0.02113   0.03182   0.06865   0.03307   0.04919   0.05851   0.04703   0.27855   0.11854   9.08278   1.40361   0.93750   1.42455   1.59036  
 46  0.0000   2081.858941  x:  0.09993   0.01393   0.15309   0.04054   0.01521   0.02843   0.15950   0.02148   0.05586   0.12584   0.05882   0.21912   0.01026   0.18828   0.06129   0.02113   0.03182   0.06865   0.03307   0.04919   0.05851   0.04703   0.27855   0.11854   9.08277   1.40361   0.93750   1.42455   1.59036  