

TREE # 1

  0  0.0000   2245.310244  x:  0.20925   0.02571   0.03211   0.02495   0.05815   0.02188   0.05666   0.08536   0.02661   0.17168   0.20925   0.02571   0.03211   0.02495   0.05815   0.02188   0.05666   0.08536   0.02661   0.17168   0.21568   8.40433   1.55887   1.23597   1.22212   1.00000  
  1 99.0000   2228.539334  x:  0.22689   0.01531   0.03725   0.07692   0.09610   0.07705   0.09301   0.09245   0.04209   0.18172   0.21240   0.03041   0.05326   0.02735   0.08100   0.05346   0.05827   0.09039   0.02014   0.18177   0.21469   8.40392   1.55804   1.23138   1.22786   0.99888  
  2 442.2120   2225.562973  x:  0.24798   0.00318   0.03427   0.07361   0.11166   0.06718   0.10552   0.09956   0.04392   0.19377   0.21672   0.02876   0.05404   0.02464   0.09152   0.04320   0.05917   0.09406   0.01982   0.19381   0.21334   8.40328   1.55696   1.22512   1.23586   0.99709  
  3 120.0507   2223.591372  x:  0.27417   0.01371   0.03158   0.07005   0.12953   0.05559   0.11967   0.10803   0.04663   0.20856   0.22210   0.02730   0.05503   0.02279   0.10326   0.03251   0.05993   0.09825   0.01961   0.20855   0.21162   8.40244   1.55554   1.21690   1.24637   0.99472  
  4 418.8800   2222.761830  x:  0.29330   0.01431   0.03487   0.06457   0.13047   0.05075   0.11985   0.10873   0.04091   0.21778   0.22602   0.03022   0.05378   0.03208   0.10136   0.04557   0.05781   0.09817   0.02118   0.21754   0.21009   8.40138   1.55395   1.20747   1.25867   0.99158  
  5 72.5239   2222.031070  x:  0.31463   0.01457   0.03654   0.06336   0.12355   0.05809   0.11409   0.10507   0.03676   0.22579   0.22987   0.02970   0.05196   0.02255   0.09251   0.04783   0.05638   0.09548   0.01720   0.22507   0.20819   8.39952   1.55129   1.19233   1.27873   0.98604  
  6 62.4168   2221.649530  x:  0.32596   0.01409   0.03512   0.06607   0.11729   0.06330   0.10965   0.10177   0.04069   0.22806   0.23148   0.02944   0.05292   0.02669   0.08807   0.04246   0.05802   0.09388   0.02308   0.22694   0.20710   8.39781   1.54893   1.17961   1.29579   0.98096  
  7 66.7629   2221.389096  x:  0.32906   0.01378   0.03438   0.06899   0.11374   0.06129   0.10772   0.10039   0.04367   0.22536   0.23076   0.02840   0.05433   0.03012   0.09010   0.04130   0.05911   0.09407   0.01666   0.22389   0.20667   8.39581   1.54637   1.16693   1.31315   0.97519  
  8 42.5881   2220.906565  x:  0.32927   0.01368   0.03484   0.07361   0.11107   0.05463   0.10719   0.10008   0.04398   0.21626   0.22799   0.03112   0.05622   0.02498   0.09768   0.04411   0.05863   0.09554   0.02019   0.21415   0.20623   8.39086   1.54029   1.13813   1.35303   0.96119  
  9 79.0072   2220.641030  x:  0.32377   0.01403   0.03467   0.07000   0.11651   0.05824   0.11059   0.10263   0.03820   0.21134   0.22613   0.02686   0.05257   0.02701   0.09673   0.04243   0.05668   0.09562   0.02090   0.20929   0.20628   8.38710   1.53626   1.12101   1.37785   0.95126  
 10 51.3353   2220.551156  x:  0.31895   0.01400   0.03465   0.06596   0.11977   0.05954   0.11239   0.10372   0.04049   0.21129   0.22567   0.03085   0.05275   0.02699   0.09330   0.04224   0.05734   0.09519   0.01988   0.20962   0.20640   8.38500   1.53456   1.11521   1.38748   0.94633  
 11 30.8464   2220.511318  x:  0.31423   0.01396   0.03459   0.06563   0.12056   0.05847   0.11280   0.10332   0.04221   0.21377   0.22598   0.02830   0.05409   0.02630   0.09162   0.04354   0.05819   0.09469   0.02036   0.21261   0.20653   8.38296   1.53354   1.11362   1.39230   0.94233  
 12 13.9569   2220.476198  x:  0.30869   0.01397   0.03437   0.06764   0.12005   0.05788   0.11248   0.10249   0.04027   0.21765   0.22646   0.02945   0.05412   0.02667   0.09217   0.04257   0.05796   0.09463   0.02012   0.21708   0.20670   8.37986   1.53244   1.11349   1.39694   0.93684  
 13 14.0716   2220.465041  x:  0.30771   0.01393   0.03484   0.06713   0.11922   0.05859   0.11202   0.10297   0.04135   0.21862   0.22642   0.02940   0.05260   0.02666   0.09371   0.04270   0.05710   0.09503   0.02018   0.21807   0.20680   8.37752   1.53206   1.11488   1.39846   0.93340  
 14  6.5601   2220.441644  x:  0.30822   0.01401   0.03341   0.06555   0.11825   0.05976   0.11151   0.10415   0.04073   0.21884   0.22581   0.02930   0.05408   0.02661   0.09509   0.04307   0.05816   0.09572   0.02022   0.21793   0.20703   8.36945   1.53140   1.12086   1.40156   0.92279  
 15  7.5890   2220.409415  x:  0.30989   0.01396   0.03601   0.06613   0.11862   0.05912   0.11201   0.10433   0.04050   0.21813   0.22510   0.02925   0.05467   0.02673   0.09390   0.04232   0.05820   0.09547   0.02018   0.21678   0.20726   8.35667   1.53085   1.13004   1.40576   0.90718  
 16 22.8057   2220.395443  x:  0.31072   0.01397   0.03443   0.06704   0.11938   0.05837   0.11244   0.10345   0.04087   0.21757   0.22515   0.02941   0.05346   0.02668   0.09286   0.04266   0.05739   0.09494   0.02015   0.21621   0.20725   8.35041   1.53101   1.13388   1.40748   0.90074  
 17 20.1350   2220.384801  x:  0.31073   0.01401   0.03471   0.06647   0.12026   0.05856   0.11225   0.10125   0.04077   0.21663   0.22732   0.02944   0.05277   0.02663   0.09376   0.04274   0.05884   0.09459   0.02015   0.21632   0.20666   8.34072   1.53400   1.13507   1.40850   0.89871  
 18  3.6153   2220.348906  x:  0.31031   0.01397   0.03468   0.06561   0.12061   0.05871   0.11184   0.10067   0.04092   0.21455   0.23301   0.02936   0.05495   0.02675   0.09416   0.04223   0.05575   0.09499   0.02001   0.21680   0.20520   8.30399   1.54605   1.13764   1.41175   0.89479  
 19 15.1979   2220.263325  x:  0.30969   0.01379   0.03428   0.06768   0.11877   0.05781   0.11252   0.10708   0.04079   0.21332   0.23831   0.02945   0.05279   0.02653   0.09230   0.04249   0.05843   0.09572   0.01994   0.21718   0.20410   8.21168   1.57522   1.14318   1.41997   0.88844  
 20 45.2823   2220.048185  x:  0.31033   0.01371   0.03429   0.06564   0.11924   0.05759   0.11406   0.10337   0.04069   0.22043   0.22378   0.02919   0.05339   0.02648   0.09377   0.04183   0.05751   0.09295   0.02022   0.21536   0.20852   7.97611   1.64098   1.15841   1.44229   0.88046  
 21 62.3602   2219.965102  x:  0.31063   0.01359   0.03437   0.06623   0.12252   0.05730   0.10988   0.10226   0.04085   0.21896   0.22007   0.02897   0.05288   0.02633   0.09223   0.04175   0.05777   0.10085   0.02033   0.21775   0.20689   7.88016   1.65212   1.16902   1.45417   0.88472  
 22 34.7881   2219.614463  x:  0.31091   0.01329   0.03427   0.06524   0.12293   0.05627   0.10958   0.10535   0.04071   0.21122   0.21771   0.02898   0.05318   0.02621   0.09418   0.04084   0.05744   0.09183   0.02028   0.22577   0.20012   7.47588   1.67414   1.21891   1.50670   0.91285  
 23 86.8710   2219.475989  x:  0.31043   0.01328   0.03421   0.06390   0.11859   0.05596   0.11669   0.10273   0.04048   0.21622   0.22389   0.02886   0.05281   0.02610   0.09313   0.04046   0.05746   0.09620   0.02017   0.21987   0.20525   7.31271   1.67810   1.23616   1.52476   0.92339  
 24 101.0821   2219.422447  x:  0.31032   0.01315   0.03424   0.06452   0.12196   0.05572   0.11165   0.10434   0.04065   0.22094   0.22745   0.02891   0.05296   0.02607   0.09363   0.04035   0.05744   0.09464   0.02008   0.21479   0.20876   7.24887   1.67615   1.23804   1.52672   0.92477  
 25 35.8769   2218.715163  x:  0.31435   0.01239   0.03397   0.06328   0.12033   0.05384   0.11175   0.10434   0.04078   0.22393   0.22531   0.02843   0.05254   0.02563   0.09385   0.03877   0.05770   0.09541   0.02002   0.21371   0.19432   6.41809   1.59684   1.16709   1.44956   0.88474  
 26 24.5223   2218.651356  x:  0.31564   0.01232   0.03395   0.06326   0.12032   0.05368   0.11125   0.10447   0.04079   0.21870   0.22559   0.02840   0.05250   0.02559   0.09390   0.03863   0.05771   0.09530   0.02000   0.21890   0.20477   6.33837   1.58897   1.15964   1.44175   0.88066  
 27 52.8943   2218.582267  x:  0.31507   0.01194   0.03405   0.06288   0.11880   0.05348   0.11079   0.10409   0.04076   0.21837   0.22615   0.02843   0.05236   0.02563   0.09352   0.03898   0.05774   0.09513   0.02003   0.21796   0.20553   6.51624   1.54577   1.13379   1.40951   0.87687  
 28  0.2349   2218.575737  x:  0.31327   0.01133   0.03413   0.06229   0.11757   0.05309   0.11001   0.10375   0.04069   0.21821   0.22588   0.02847   0.05217   0.02569   0.09301   0.03910   0.05769   0.09497   0.02012   0.21689   0.20568   6.49532   1.54537   1.13725   1.40998   0.87918  
 29  0.0144   2218.575092  x:  0.31346   0.01112   0.03409   0.06224   0.11759   0.05293   0.10980   0.10384   0.04071   0.21802   0.22587   0.02845   0.05212   0.02567   0.09301   0.03891   0.05771   0.09501   0.02013   0.21719   0.20561   6.50275   1.54772   1.13694   1.41057   0.87861  
 30  0.0066   2218.575043  x:  0.31361   0.01106   0.03409   0.06224   0.11766   0.05295   0.10988   0.10388   0.04072   0.21808   0.22591   0.02844   0.05213   0.02565   0.09305   0.03895   0.05772   0.09501   0.02012   0.21721   0.20558   6.50185   1.54724   1.13671   1.41063   0.87852  
 31  0.0006   2218.575036  x:  0.31358   0.01104   0.03409   0.06228   0.11767   0.05298   0.10989   0.10387   0.04073   0.21808   0.22590   0.02844   0.05214   0.02566   0.09305   0.03895   0.05771   0.09501   0.02012   0.21721   0.20560   6.50222   1.54736   1.13683   1.41062   0.87859  
 32  0.0003   2218.575036  x:  0.31357   0.01104   0.03409   0.06228   0.11768   0.05298   0.10989   0.10387   0.04073   0.21808   0.22590   0.02844   0.05214   0.02566   0.09305   0.03895   0.05771   0.09501   0.02012   0.21721   0.20560   6.50209   1.54735   1.13681   1.41059   0.87858  
 33  0.0001   2218.575036  x:  0.31357   0.01104   0.03409   0.06228   0.11768   0.05298   0.10989   0.10387   0.04073   0.21808   0.22590   0.02844   0.05214   0.02566   0.09305   0.03895   0.05771   0.09501   0.02012   0.21721   0.20560   6.50209   1.54735   1.13682   1.41059   0.87858  