

TREE # 1

  0  0.0000   2176.298501  x:  0.08456   0.00000   0.12173   0.01803   0.03565   0.06774   0.04844   0.03473   0.10393   0.05740   0.05612   0.16632   0.00873   0.10145   0.02381   0.05803   0.03802   0.08217   0.03961   0.07811   0.11424   0.05501   0.13106   0.10318   2.00000   1.50988   0.98866   1.39569   0.40000  
  1 99.0000   2154.404875  x:  0.10402   0.03157   0.14588   0.02243   0.01215   0.04772   0.05476   0.00000   0.10575   0.05288   0.02603   0.18639   0.01809   0.14332   0.02143   0.05142   0.01035   0.08668   0.03989   0.08859   0.10722   0.05278   0.15409   0.12264   2.01135   1.50797   0.98680   1.39750   0.43497  
  2 387.2766   2151.386215  x:  0.10881   0.03914   0.15183   0.02349   0.00651   0.04280   0.05633   0.00092   0.10620   0.05175   0.01859   0.19134   0.02031   0.15362   0.02085   0.04980   0.00362   0.08779   0.03996   0.09117   0.10548   0.05223   0.15978   0.12743   2.01418   1.50750   0.98634   1.39795   0.44364  
  3 2579.8453   2145.588927  x:  0.11764   0.04277   0.16338   0.02425   0.01885   0.03351   0.05851   0.00139   0.10738   0.04916   0.00442   0.20162   0.01904   0.17270   0.02036   0.04771   0.01232   0.09008   0.04024   0.09621   0.10160   0.05087   0.17117   0.13626   2.02160   1.50619   0.98533   1.39909   0.46404  
  4 512.8700   2139.274273  x:  0.13531   0.03424   0.18789   0.02467   0.03245   0.01778   0.06112   0.00191   0.11015   0.04313   0.03148   0.22455   0.00747   0.21180   0.02078   0.04455   0.01888   0.09458   0.04002   0.10580   0.09275   0.04759   0.19584   0.15393   2.04179   1.50250   0.98300   1.40205   0.51464  
  5 480.1835   2135.177382  x:  0.13927   0.01975   0.19465   0.02337   0.03133   0.02761   0.06007   0.00175   0.11121   0.04243   0.03058   0.23196   0.00000   0.22229   0.02216   0.04527   0.01681   0.09531   0.03939   0.10724   0.09038   0.04657   0.20333   0.15789   2.05229   1.50051   0.98225   1.40339   0.53596  
  6 318.2580   2132.105269  x:  0.13999   0.00000   0.19788   0.02186   0.02740   0.02431   0.05800   0.00156   0.11150   0.04416   0.02818   0.23682   0.00502   0.22752   0.02322   0.04677   0.01567   0.09495   0.03898   0.10635   0.08991   0.04607   0.20836   0.15861   2.06461   1.49828   0.98168   1.40470   0.55613  
  7 332.1939   2130.892951  x:  0.13815   0.00000   0.19842   0.02728   0.02215   0.01898   0.05858   0.00145   0.11068   0.04649   0.02581   0.23980   0.00000   0.22694   0.01883   0.04656   0.01723   0.09386   0.04013   0.10415   0.09122   0.04606   0.20812   0.15677   2.07914   1.49619   0.98119   1.40571   0.57209  
  8 155.0979   2127.749716  x:  0.12443   0.00000   0.19343   0.04782   0.02125   0.03136   0.07175   0.00168   0.10454   0.04771   0.03013   0.24703   0.01233   0.21077   0.01413   0.03612   0.02626   0.08845   0.04699   0.09360   0.10244   0.05110   0.19321   0.14305   2.15932   1.48713   0.97850   1.40958   0.63042  
  9 134.6577   2123.631615  x:  0.10691   0.00000   0.18092   0.04080   0.03052   0.02862   0.07809   0.00186   0.09975   0.04387   0.03106   0.24951   0.00254   0.17918   0.03792   0.03976   0.02089   0.08463   0.04438   0.08519   0.11352   0.05756   0.16657   0.12553   2.27685   1.47477   0.97506   1.41432   0.69618  
 10 278.1422   2120.487721  x:  0.10353   0.00000   0.17120   0.01927   0.03572   0.03114   0.07013   0.00204   0.10224   0.04270   0.03307   0.24445   0.00099   0.15689   0.01870   0.04322   0.01958   0.08693   0.03880   0.08923   0.11348   0.05316   0.15376   0.12215   2.36592   1.46662   0.97265   1.41696   0.72710  
 11 230.8067   2116.955325  x:  0.11601   0.00000   0.15966   0.03410   0.03490   0.03515   0.04371   0.00232   0.11161   0.05027   0.03519   0.22527   0.00311   0.13616   0.02299   0.05263   0.02467   0.09579   0.03670   0.10542   0.09871   0.04577   0.15159   0.13463   2.51608   1.45577   0.96855   1.41952   0.73996  
 12 167.8292   2108.610040  x:  0.13772   0.00000   0.14547   0.02580   0.02491   0.03221   0.07853   0.00211   0.12104   0.04298   0.03316   0.17736   0.00000   0.13852   0.02879   0.04353   0.03014   0.09922   0.05581   0.11304   0.06843   0.05489   0.17060   0.15634   2.92686   1.42990   0.95795   1.42336   0.72806  
 13 258.4397   2108.610040  x:  0.13772   0.00000   0.14547   0.02580   0.02491   0.03221   0.07853   0.00211   0.12104   0.04298   0.03316   0.17736   0.00000   0.13852   0.02879   0.04353   0.03014   0.09922   0.05581   0.11304   0.06843   0.05489   0.17060   0.15634   2.92686   1.42990   0.95795   1.42336   0.72806  
 14 506.9720   2106.190169  x:  0.13735   0.00000   0.14940   0.02421   0.02073   0.03247   0.07498   0.02439   0.12005   0.04437   0.02634   0.18214   0.01113   0.14514   0.02676   0.04466   0.02285   0.09829   0.05203   0.11150   0.07286   0.05379   0.17370   0.15597   2.92864   1.42986   0.95783   1.42339   0.72963  
 15 382.0019   2101.627754  x:  0.13632   0.00000   0.15921   0.02126   0.01277   0.03277   0.06603   0.01888   0.11747   0.04725   0.01033   0.19436   0.01532   0.16068   0.02183   0.04779   0.00572   0.09597   0.04296   0.10761   0.08256   0.05088   0.18053   0.15494   2.93353   1.42970   0.95760   1.42342   0.73390  
 16 239.5486   2098.588918  x:  0.13418   0.00000   0.17841   0.02083   0.01852   0.03435   0.05014   0.01430   0.11238   0.05056   0.01006   0.21860   0.02042   0.19061   0.01748   0.05338   0.01851   0.09209   0.03041   0.10078   0.09814   0.04628   0.19394   0.15280   2.94477   1.42937   0.95707   1.42350   0.74354  
 17 192.7279   2097.403942  x:  0.13271   0.00000   0.18970   0.02312   0.01874   0.03442   0.04792   0.01441   0.10960   0.04960   0.02339   0.23370   0.01749   0.20814   0.02266   0.05292   0.01219   0.09052   0.03547   0.09743   0.10291   0.04595   0.20188   0.15133   2.95483   1.42900   0.95676   1.42354   0.75175  
 18 146.1690   2096.333609  x:  0.13110   0.00000   0.19980   0.02233   0.01681   0.03314   0.05741   0.01823   0.10806   0.04642   0.01717   0.24929   0.00548   0.22455   0.02570   0.04844   0.01614   0.09049   0.04706   0.09640   0.10005   0.04743   0.20964   0.14972   2.97201   1.42832   0.95653   1.42344   0.76487  
 19 97.9167   2095.772768  x:  0.13070   0.00000   0.20170   0.02399   0.02561   0.03386   0.06285   0.01925   0.11002   0.04563   0.01652   0.25576   0.00345   0.22986   0.02137   0.04503   0.01246   0.09232   0.04266   0.09924   0.08947   0.04807   0.21367   0.14932   2.99530   1.42737   0.95664   1.42308   0.78085  
 20 54.9921   2094.640074  x:  0.13075   0.00000   0.20077   0.02282   0.01699   0.03291   0.06589   0.01687   0.11481   0.04510   0.01920   0.26329   0.00926   0.23419   0.02445   0.04480   0.01466   0.09624   0.03420   0.10576   0.07076   0.04934   0.21959   0.14937   3.05382   1.42498   0.95714   1.42208   0.81906  
 21 112.3585   2090.066743  x:  0.13349   0.00000   0.17778   0.02234   0.02127   0.03522   0.04405   0.01681   0.12827   0.05462   0.01500   0.27016   0.01061   0.22262   0.02248   0.06935   0.01345   0.10417   0.05652   0.12172   0.06844   0.04041   0.22712   0.15211   3.36222   1.41284   0.96052   1.41621   1.00829  
 22 169.0761   2084.774798  x:  0.13598   0.00000   0.15954   0.02392   0.01607   0.03163   0.06518   0.01889   0.12226   0.04351   0.02049   0.26110   0.00354   0.20050   0.02118   0.06122   0.01410   0.09363   0.03605   0.11102   0.11490   0.04782   0.22179   0.15460   3.74294   1.39943   0.96503   1.40812   1.22437  
 23 417.1504   2083.281714  x:  0.13580   0.00000   0.16759   0.02167   0.02108   0.03411   0.06209   0.01472   0.11216   0.04619   0.01641   0.25017   0.01476   0.19582   0.02856   0.04138   0.01467   0.08815   0.04028   0.09807   0.11695   0.05083   0.21480   0.15442   3.84943   1.39742   0.96551   1.40573   1.27227  
 24 235.2939   2082.439649  x:  0.13473   0.00000   0.18105   0.02423   0.01598   0.03388   0.05564   0.01663   0.10339   0.04753   0.01860   0.23866   0.01006   0.19477   0.01969   0.03716   0.01550   0.08659   0.04078   0.08885   0.11114   0.05013   0.20585   0.15335   3.91359   1.39794   0.96501   1.40427   1.28871  
 25 141.4419   2081.723849  x:  0.13320   0.00000   0.19748   0.02060   0.01885   0.03276   0.05491   0.01870   0.09747   0.04630   0.01749   0.22555   0.00531   0.19696   0.02566   0.04718   0.01422   0.08674   0.03707   0.08458   0.10621   0.05124   0.19547   0.15182   3.97829   1.40014   0.96359   1.40292   1.29322  
 26 135.3636   2080.755888  x:  0.13134   0.00000   0.21701   0.02792   0.01868   0.03498   0.06501   0.01518   0.10165   0.04335   0.01686   0.21051   0.01440   0.20594   0.02246   0.05490   0.01459   0.08857   0.04145   0.09351   0.10871   0.04778   0.18473   0.14996   4.07919   1.40625   0.96010   1.40104   1.28017  
 27 113.2808   2079.366656  x:  0.13079   0.00000   0.22561   0.01459   0.01872   0.03083   0.06456   0.01545   0.11457   0.04645   0.02048   0.20312   0.01226   0.21496   0.01908   0.04814   0.01433   0.09035   0.04178   0.10554   0.11271   0.04537   0.17888   0.14941   4.21487   1.41577   0.95519   1.39888   1.24666  
 28 165.3252   2076.828495  x:  0.13144   0.00000   0.22793   0.02566   0.01756   0.03030   0.05384   0.01956   0.13314   0.05308   0.01746   0.19987   0.00000   0.22663   0.02915   0.03588   0.01459   0.09282   0.03522   0.11890   0.11560   0.04831   0.17567   0.15006   4.48010   1.43462   0.94584   1.39522   1.17193  
 29 488.2949   2068.869580  x:  0.13731   0.00000   0.19746   0.02157   0.01763   0.04581   0.04839   0.01798   0.13314   0.03156   0.01704   0.22790   0.00130   0.23900   0.02062   0.04671   0.01402   0.09229   0.04213   0.09845   0.10026   0.06940   0.20325   0.15593   5.34197   1.49295   0.91861   1.38694   0.90693  
 30 548.9927   2066.988423  x:  0.13762   0.00000   0.18883   0.02359   0.01808   0.03403   0.05938   0.01703   0.12198   0.05237   0.01834   0.23942   0.00315   0.23767   0.02034   0.05256   0.01395   0.09163   0.04295   0.09210   0.09582   0.06115   0.21267   0.15624   5.56736   1.50566   0.91357   1.38680   0.83621  
 31 639.9450   2066.488193  x:  0.13603   0.00000   0.18853   0.02372   0.01850   0.03199   0.05921   0.01742   0.11244   0.04698   0.01786   0.24489   0.00253   0.23264   0.02333   0.05040   0.01366   0.09199   0.04157   0.09760   0.09473   0.04527   0.21502   0.15465   5.62053   1.50490   0.91550   1.38979   0.81893  
 32 112.2962   2066.355163  x:  0.13393   0.00000   0.19245   0.02261   0.01789   0.03696   0.05937   0.01760   0.10856   0.04936   0.01822   0.24938   0.00198   0.22688   0.02319   0.05013   0.01367   0.09280   0.04114   0.10317   0.09570   0.04759   0.21537   0.15255   5.63656   1.49836   0.92108   1.39604   0.81332  
 33 24.0317   2066.229924  x:  0.13245   0.00000   0.19678   0.02345   0.01851   0.03236   0.05800   0.01730   0.10886   0.04794   0.01782   0.25349   0.00313   0.22163   0.02253   0.05015   0.01359   0.09354   0.04170   0.10546   0.09624   0.05137   0.21541   0.15107   5.65069   1.48897   0.92870   1.40482   0.80832  
 34 33.5355   2066.063713  x:  0.13310   0.00000   0.20085   0.02351   0.01838   0.03401   0.05912   0.01735   0.11737   0.04793   0.01780   0.25672   0.00311   0.21820   0.02312   0.05070   0.01365   0.09339   0.04152   0.09963   0.09575   0.04801   0.21441   0.15172   5.67172   1.46988   0.94319   1.42308   0.80117  
 35 28.8609   2065.929861  x:  0.13699   0.00000   0.19494   0.02348   0.01842   0.03390   0.05885   0.01733   0.11342   0.04796   0.01783   0.25129   0.00267   0.22831   0.02282   0.05058   0.01366   0.09237   0.04175   0.10141   0.09491   0.04895   0.21334   0.15561   5.68942   1.45124   0.95525   1.44327   0.79638  
 36 16.9507   2065.896309  x:  0.13307   0.00000   0.19320   0.02345   0.01840   0.03395   0.05880   0.01726   0.11314   0.04792   0.01782   0.24875   0.00257   0.22992   0.02287   0.05017   0.01365   0.09585   0.04161   0.10022   0.09539   0.04893   0.21541   0.15169   5.69455   1.44955   0.95364   1.45022   0.79687  
 37  4.5196   2065.809864  x:  0.13021   0.00000   0.19322   0.02354   0.01833   0.03382   0.05861   0.01726   0.11392   0.04797   0.01771   0.24649   0.00215   0.22913   0.02280   0.05062   0.01358   0.08858   0.04165   0.10102   0.09457   0.04883   0.21938   0.14883   5.70853   1.45074   0.94419   1.46824   0.80047  
 38  7.0314   2065.621085  x:  0.13686   0.00000   0.19673   0.02340   0.01824   0.03360   0.05884   0.01692   0.11244   0.04799   0.01756   0.24852   0.00218   0.22531   0.02281   0.04982   0.01342   0.09373   0.04124   0.10080   0.09598   0.04881   0.22030   0.15548   5.74075   1.45788   0.92458   1.50459   0.81005  
 39 19.3853   2065.284879  x:  0.13239   0.00000   0.18984   0.02329   0.01810   0.03353   0.05903   0.01588   0.11070   0.04799   0.01737   0.26257   0.00447   0.22838   0.02232   0.05020   0.01319   0.09226   0.04126   0.09904   0.09500   0.04855   0.19641   0.15101   5.79902   1.47936   0.93015   1.53358   0.82860  
 40 10.3140   2062.732023  x:  0.13522   0.00000   0.19516   0.02253   0.01698   0.03279   0.06042   0.01100   0.10146   0.04989   0.01490   0.25875   0.00352   0.22417   0.02278   0.04986   0.01105   0.09092   0.04016   0.09503   0.09764   0.04524   0.22359   0.15384   6.28886   1.66649   1.09710   1.66698   0.98335  
 41 31.3301   2060.318934  x:  0.13435   0.00000   0.19984   0.02209   0.01626   0.03238   0.06111   0.00642   0.09709   0.05082   0.01285   0.26834   0.00433   0.22213   0.02269   0.05042   0.00948   0.09023   0.03969   0.09333   0.09813   0.04338   0.22784   0.15296   6.73263   1.39590   0.97813   1.44926   1.07575  
 42  6.9925   2058.658678  x:  0.13496   0.00000   0.19946   0.02168   0.01627   0.03316   0.05808   0.00539   0.10479   0.04967   0.01277   0.26529   0.00000   0.22723   0.02199   0.04958   0.00950   0.09105   0.03940   0.09562   0.09690   0.04639   0.22598   0.15358   7.21385   1.42647   0.96921   1.45519   1.07716  
 43  0.8759   2056.744372  x:  0.13750   0.00000   0.19759   0.02148   0.01782   0.03429   0.05314   0.01089   0.11484   0.04600   0.01517   0.25252   0.00000   0.23660   0.02164   0.04866   0.01158   0.09451   0.03953   0.10380   0.09082   0.04834   0.22286   0.15611   8.90366   1.45939   0.93078   1.44217   1.06821  
 44  1.4393   2056.264089  x:  0.13675   0.00000   0.19988   0.02196   0.01683   0.03398   0.05593   0.00549   0.11296   0.04701   0.01451   0.25712   0.00000   0.23484   0.02225   0.04999   0.01079   0.09359   0.03912   0.10234   0.09364   0.04774   0.21739   0.15535   9.44503   1.47973   0.95920   1.47713   1.06879  
 45  0.5088   2056.206463  x:  0.13655   0.00000   0.19941   0.02213   0.01729   0.03382   0.05637   0.00653   0.11281   0.04782   0.01402   0.25795   0.00000   0.23063   0.02198   0.05031   0.01049   0.09309   0.03959   0.10086   0.09402   0.04826   0.21736   0.15516   9.70207   1.45813   0.95550   1.46154   1.06677  
 46  0.2118   2056.199434  x:  0.13662   0.00000   0.19941   0.02208   0.01697   0.03377   0.05629   0.00614   0.11211   0.04793   0.01422   0.25750   0.00000   0.23101   0.02209   0.05007   0.01048   0.09308   0.03955   0.10092   0.09458   0.04796   0.21818   0.15523   9.81266   1.45899   0.95578   1.46304   1.06345  
 47  0.1093   2056.199071  x:  0.13665   0.00000   0.19950   0.02209   0.01701   0.03378   0.05628   0.00623   0.11206   0.04787   0.01421   0.25741   0.00000   0.23139   0.02210   0.04999   0.01053   0.09311   0.03952   0.10100   0.09459   0.04793   0.21832   0.15526   9.82087   1.46100   0.95631   1.46470   1.06241  
 48  0.0100   2056.199058  x:  0.13666   0.00000   0.19955   0.02210   0.01703   0.03378   0.05627   0.00623   0.11207   0.04787   0.01422   0.25747   0.00000   0.23146   0.02208   0.04999   0.01054   0.09311   0.03952   0.10099   0.09458   0.04794   0.21831   0.15527   9.82299   1.46071   0.95608   1.46439   1.06230  
 49  0.0020   2056.199057  x:  0.13666   0.00000   0.19955   0.02210   0.01703   0.03378   0.05626   0.00623   0.11208   0.04787   0.01422   0.25749   0.00000   0.23146   0.02209   0.05000   0.01054   0.09311   0.03952   0.10099   0.09457   0.04794   0.21831   0.15526   9.82306   1.46071   0.95609   1.46438   1.06230  
 50  0.0001   2056.199057  x:  0.13665   0.00000   0.19955   0.02210   0.01703   0.03378   0.05626   0.00623   0.11208   0.04787   0.01422   0.25749   0.00000   0.23146   0.02209   0.05000   0.01054   0.09311   0.03952   0.10099   0.09457   0.04794   0.21831   0.15526   9.82304   1.46072   0.95610   1.46439   1.06230  
 51  0.0000   2056.199057  x:  0.13665   0.00000   0.19955   0.02210   0.01703   0.03378   0.05626   0.00623   0.11208   0.04787   0.01422   0.25749   0.00000   0.23146   0.02209   0.05000   0.01054   0.09311   0.03952   0.10099   0.09457   0.04794   0.21831   0.15526   9.82303   1.46072   0.95610   1.46439   1.06230  
 52  0.0000   2056.199057  x:  0.13665   0.00000   0.19955   0.02210   0.01703   0.03378   0.05626   0.00623   0.11208   0.04787   0.01422   0.25749   0.00000   0.23146   0.02209   0.05000   0.01054   0.09311   0.03952   0.10099   0.09457   0.04794   0.21831   0.15526   9.82303   1.46072   0.95610   1.46439   1.06230  
 53  0.0000   2056.199057  x:  0.13665   0.00000   0.19955   0.02210   0.01703   0.03378   0.05626   0.00623   0.11208   0.04787   0.01422   0.25749   0.00000   0.23146   0.02209   0.05000   0.01054   0.09311   0.03952   0.10099   0.09457   0.04794   0.21831   0.15526   9.82303   1.46072   0.95610   1.46439   1.06230  