

TREE # 1

  0  0.0000   2130.397704  x:  0.20925   0.02571   0.03211   0.02495   0.05815   0.02188   0.05666   0.08536   0.02661   0.17168   0.20925   0.02571   0.03211   0.02495   0.05815   0.02188   0.05666   0.08536   0.02661   0.17168   0.21568   8.40433   1.58889   1.20684   1.49879   1.00000  
  1 99.0000   2111.636257  x:  0.20579   0.05411   0.04389   0.05466   0.06433   0.07862   0.04970   0.10448   0.07280   0.18566   0.20609   0.03437   0.05920   0.04607   0.08252   0.04908   0.06114   0.10307   0.04360   0.16501   0.21672   8.40454   1.58981   1.20673   1.50107   0.99513  
  2 500.9362   2107.064598  x:  0.19066   0.04599   0.04384   0.04882   0.07102   0.06478   0.03461   0.14117   0.07745   0.22709   0.19301   0.02643   0.06923   0.04270   0.11514   0.03243   0.06352   0.13634   0.05016   0.14306   0.22010   8.40538   1.59348   1.20791   1.50852   0.97681  
  3 113.5906   2106.254822  x:  0.18238   0.04593   0.04302   0.05111   0.06999   0.06056   0.04905   0.14623   0.07426   0.24350   0.18531   0.03425   0.06740   0.04367   0.11630   0.03921   0.05795   0.14106   0.04804   0.13463   0.22173   8.40609   1.59652   1.20934   1.51448   0.96164  
  4 63.9774   2105.287371  x:  0.16805   0.05257   0.04021   0.05395   0.06467   0.06820   0.04388   0.14156   0.06982   0.26763   0.17103   0.02760   0.05860   0.04559   0.10394   0.03944   0.05425   0.13652   0.04422   0.12697   0.22436   8.40806   1.60487   1.21383   1.53045   0.92028  
  5 51.8821   2104.452967  x:  0.16022   0.05023   0.04266   0.05039   0.06689   0.06879   0.03952   0.13329   0.07174   0.28273   0.16285   0.03841   0.06115   0.04382   0.09546   0.03674   0.06304   0.12957   0.05391   0.13043   0.22583   8.41075   1.61639   1.22010   1.55205   0.86483  
  6 72.4833   2103.253549  x:  0.16102   0.04496   0.04684   0.04930   0.07274   0.06347   0.04585   0.12576   0.07892   0.28892   0.16141   0.02542   0.06670   0.04433   0.09978   0.04122   0.06518   0.12357   0.05485   0.14249   0.22590   8.41524   1.63584   1.23092   1.58743   0.77534  
  7 100.2971   2102.315312  x:  0.16850   0.04921   0.04354   0.05239   0.06986   0.06221   0.04087   0.12784   0.07815   0.28154   0.16801   0.03337   0.06548   0.04480   0.10789   0.03700   0.05579   0.12570   0.04612   0.14746   0.22444   8.41948   1.65459   1.24176   1.61980   0.69726  
  8 112.7216   2102.027441  x:  0.17094   0.04953   0.04255   0.05068   0.06693   0.06723   0.04434   0.13432   0.07182   0.27210   0.17254   0.03142   0.06413   0.04465   0.10542   0.03641   0.05981   0.12980   0.05114   0.13935   0.22332   8.42141   1.66346   1.24751   1.63347   0.67275  
  9 42.7701   2101.957048  x:  0.17029   0.04835   0.04257   0.05091   0.06933   0.06519   0.04177   0.13579   0.07317   0.26761   0.17218   0.03150   0.06421   0.04450   0.10257   0.04004   0.06021   0.13074   0.05037   0.13409   0.22304   8.42244   1.66842   1.25117   1.64003   0.66885  
 10 17.0872   2101.897650  x:  0.16856   0.04897   0.04402   0.05200   0.07051   0.06416   0.04333   0.13580   0.07660   0.26390   0.17042   0.03143   0.06402   0.04436   0.10130   0.03658   0.06038   0.13086   0.04919   0.13081   0.22305   8.42405   1.67629   1.25701   1.64971   0.66885  
 11 14.9396   2101.613197  x:  0.15995   0.04749   0.04181   0.04749   0.06495   0.06484   0.04320   0.13255   0.07818   0.25381   0.16268   0.03149   0.06495   0.04510   0.10827   0.03690   0.05707   0.13067   0.05184   0.12960   0.22393   8.43413   1.72568   1.29339   1.70905   0.67929  
 12 25.6298   2101.266723  x:  0.15911   0.04878   0.04467   0.05566   0.06987   0.06481   0.04185   0.13405   0.06920   0.25203   0.16142   0.03137   0.06455   0.04393   0.11021   0.03754   0.05925   0.13185   0.05233   0.13463   0.22451   8.44764   1.79077   1.34106   1.78624   0.69536  
 13 81.1922   2100.974440  x:  0.16864   0.05013   0.04229   0.04970   0.07080   0.06571   0.04287   0.13847   0.07244   0.25976   0.16924   0.03162   0.06384   0.04569   0.10336   0.03799   0.06021   0.13326   0.04904   0.13747   0.22374   8.45971   1.84721   1.38207   1.85107   0.70995  
 14 82.6115   2100.936365  x:  0.17097   0.04815   0.04300   0.05161   0.06814   0.06553   0.04255   0.13764   0.07377   0.26190   0.17198   0.03143   0.06393   0.04348   0.10309   0.03807   0.05933   0.13231   0.04994   0.13563   0.22296   8.46172   1.85529   1.38778   1.85869   0.71181  
 15 23.5799   2100.926849  x:  0.17164   0.04810   0.04324   0.05171   0.06818   0.06525   0.04240   0.13613   0.07331   0.26276   0.17332   0.03150   0.06427   0.04495   0.10418   0.03783   0.05974   0.13133   0.04981   0.13375   0.22220   8.46281   1.85824   1.38964   1.85950   0.71215  
 16  6.6061   2100.922525  x:  0.17165   0.04875   0.04311   0.05120   0.06896   0.06558   0.04251   0.13548   0.07308   0.26305   0.17382   0.03149   0.06455   0.04397   0.10473   0.03787   0.05960   0.13096   0.04969   0.13304   0.22166   8.46394   1.86050   1.39089   1.85873   0.71214  
 17  4.1518   2100.899015  x:  0.17005   0.04777   0.04288   0.05149   0.06897   0.06593   0.04259   0.13611   0.07313   0.26313   0.17437   0.03149   0.06501   0.04435   0.10390   0.03768   0.05944   0.13171   0.04927   0.13432   0.21938   8.47420   1.87823   1.39987   1.84765   0.71106  
 18  4.4189   2100.893413  x:  0.17055   0.04887   0.04346   0.05138   0.06843   0.06507   0.04247   0.13635   0.07338   0.26308   0.17401   0.03143   0.06420   0.04434   0.10409   0.03807   0.05984   0.13167   0.04979   0.13448   0.22017   8.47720   1.88254   1.40192   1.84491   0.71079  
 19  8.7675   2100.889989  x:  0.17166   0.04844   0.04288   0.05154   0.06879   0.06536   0.04255   0.13624   0.07345   0.26300   0.17326   0.03148   0.06380   0.04434   0.10436   0.03798   0.05995   0.13154   0.04990   0.13423   0.22215   8.47984   1.88499   1.40288   1.84337   0.71066  
 20  4.2057   2100.888765  x:  0.17193   0.04837   0.04341   0.05133   0.06870   0.06549   0.04250   0.13619   0.07318   0.26295   0.17312   0.03147   0.06438   0.04436   0.10421   0.03793   0.05967   0.13159   0.04970   0.13412   0.22295   8.48146   1.88562   1.40296   1.84305   0.71066  
 21  2.2907   2100.884574  x:  0.17145   0.04897   0.04255   0.05171   0.06844   0.06490   0.04255   0.13601   0.07309   0.26278   0.17387   0.03126   0.06555   0.04437   0.10384   0.03778   0.05963   0.13173   0.04985   0.13409   0.22405   8.48990   1.88653   1.40211   1.84305   0.71087  
 22  2.1460   2100.844544  x:  0.16739   0.04815   0.04350   0.05119   0.06893   0.06514   0.04236   0.13635   0.07365   0.26128   0.17963   0.03137   0.06353   0.04415   0.10470   0.03789   0.05988   0.13155   0.04882   0.13433   0.22810   8.57482   1.89303   1.39286   1.84459   0.71310  
 23 14.4762   2100.690975  x:  0.17400   0.04788   0.04285   0.05101   0.06802   0.06396   0.04203   0.13700   0.07261   0.25548   0.17538   0.03086   0.06419   0.04367   0.10583   0.03739   0.06010   0.13252   0.04756   0.13362   0.22078   8.90469   1.91295   1.36182   1.85109   0.72175  
 24 53.3048   2100.668999  x:  0.17461   0.04798   0.04302   0.05087   0.06944   0.06353   0.04189   0.13724   0.07245   0.25475   0.17572   0.03054   0.06366   0.04463   0.10544   0.03674   0.05710   0.13248   0.05007   0.13364   0.22038   8.95223   1.91221   1.36298   1.85152   0.72273  
 25 31.0890   2100.430518  x:  0.17710   0.04739   0.04227   0.05041   0.06819   0.06202   0.04174   0.13953   0.07155   0.24702   0.17905   0.02997   0.06412   0.04364   0.10832   0.03586   0.05799   0.13268   0.04703   0.13406   0.22139   9.48110   1.88538   1.40510   1.85370   0.73208  
 26 64.7425   2100.429185  x:  0.17719   0.04738   0.04236   0.05040   0.06820   0.06202   0.04174   0.13857   0.07159   0.24701   0.17913   0.02995   0.06385   0.04361   0.10821   0.03590   0.05806   0.13399   0.04706   0.13410   0.22141   9.48414   1.88522   1.40534   1.85373   0.73212  
 27  3.2569   2100.388835  x:  0.17548   0.04677   0.04264   0.04980   0.06855   0.06106   0.04201   0.13647   0.07091   0.25407   0.17725   0.03013   0.06351   0.04336   0.10641   0.03608   0.05881   0.13216   0.04777   0.13522   0.22206   9.69958   1.89131   1.40543   1.86136   0.72781  
 28  0.2003   2100.387529  x:  0.17521   0.04683   0.04252   0.04981   0.06843   0.06107   0.04203   0.13666   0.07049   0.25313   0.17725   0.03023   0.06319   0.04331   0.10594   0.03605   0.05874   0.13223   0.04762   0.13470   0.22209   9.73303   1.89048   1.40341   1.85961   0.72861  
 29  0.0314   2100.387497  x:  0.17523   0.04680   0.04253   0.04979   0.06843   0.06096   0.04204   0.13659   0.07050   0.25302   0.17726   0.03021   0.06320   0.04329   0.10597   0.03602   0.05870   0.13219   0.04758   0.13475   0.22208   9.73336   1.89036   1.40332   1.85964   0.72844  
 30  0.0004   2100.387492  x:  0.17524   0.04679   0.04252   0.04977   0.06842   0.06096   0.04204   0.13658   0.07046   0.25303   0.17726   0.03021   0.06318   0.04329   0.10595   0.03602   0.05871   0.13218   0.04758   0.13475   0.22208   9.73073   1.89034   1.40337   1.85965   0.72847  
 31  0.0017   2100.387492  x:  0.17524   0.04679   0.04252   0.04978   0.06842   0.06095   0.04204   0.13659   0.07046   0.25304   0.17726   0.03021   0.06318   0.04329   0.10595   0.03602   0.05871   0.13218   0.04758   0.13475   0.22208   9.73049   1.89036   1.40337   1.85965   0.72847  
 32  0.0002   2100.387492  x:  0.17524   0.04679   0.04252   0.04978   0.06842   0.06095   0.04204   0.13659   0.07046   0.25303   0.17726   0.03021   0.06318   0.04329   0.10595   0.03602   0.05871   0.13218   0.04758   0.13475   0.22208   9.73048   1.89036   1.40337   1.85966   0.72847  
 33  0.0000   2100.387492  x:  0.17524   0.04679   0.04252   0.04978   0.06842   0.06095   0.04204   0.13659   0.07046   0.25303   0.17726   0.03021   0.06318   0.04329   0.10595   0.03602   0.05871   0.13218   0.04758   0.13475   0.22208   9.73049   1.89036   1.40337   1.85966   0.72847  