

TREE # 1

  0  0.0000   1994.576898  x:  0.01972   0.20925   0.02571   0.03211   0.02495   0.05815   0.02188   0.05666   0.08536   0.02661   0.17168   0.01972   0.20925   0.02571   0.03211   0.02495   0.05815   0.02188   0.05666   0.08536   0.02661   0.17168   0.21568   8.40433   1.66087   1.25335   1.47392   1.00000  
  1 99.0000   1967.506657  x:  0.00000   0.20101   0.01355   0.07353   0.01988   0.06765   0.02659   0.05781   0.08832   0.03438   0.17220   0.00752   0.21016   0.00256   0.04468   0.00075   0.05508   0.01021   0.05640   0.13776   0.01696   0.17245   0.22099   8.40437   1.66016   1.25098   1.47724   0.99796  
  2 471.9211   1967.208371  x:  0.00000   0.20082   0.01346   0.07340   0.01988   0.06773   0.02654   0.05782   0.08837   0.03435   0.17223   0.00743   0.21020   0.00186   0.04462   0.00000   0.05504   0.01052   0.05643   0.13820   0.01696   0.17248   0.22111   8.40437   1.66014   1.25091   1.47733   0.99791  
  3 352.1148   1966.807421  x:  0.00000   0.20034   0.01338   0.07291   0.01990   0.06789   0.02641   0.05784   0.08847   0.03429   0.17233   0.00733   0.21030   0.00000   0.04445   0.00000   0.05496   0.01039   0.05649   0.13903   0.01703   0.17256   0.22141   8.40437   1.66009   1.25075   1.47756   0.99776  
  4 1064.5774   1965.305450  x:  0.00000   0.17322   0.02790   0.07098   0.01848   0.06791   0.03663   0.05764   0.09147   0.04100   0.17671   0.01392   0.21434   0.00000   0.04954   0.00000   0.05477   0.01383   0.05599   0.15281   0.02761   0.17680   0.23625   8.40447   1.65706   1.23975   1.49270   0.98825  
  5 99.0946   1963.157421  x:  0.00000   0.12499   0.02225   0.07971   0.02111   0.06414   0.03304   0.05714   0.09268   0.03907   0.18290   0.00913   0.21809   0.00000   0.05598   0.00000   0.05669   0.01675   0.05410   0.14846   0.01561   0.18209   0.25925   8.40472   1.65039   1.21616   1.52546   0.96668  
  6 90.4807   1962.556330  x:  0.00000   0.11980   0.01466   0.08553   0.01510   0.06659   0.03087   0.05733   0.09167   0.03908   0.18364   0.00616   0.21845   0.00000   0.05271   0.00000   0.05579   0.01790   0.05504   0.14692   0.02434   0.18266   0.26356   8.40485   1.64691   1.20449   1.54199   0.95511  
  7 65.5046   1961.231520  x:  0.00000   0.13095   0.01045   0.09849   0.02929   0.07536   0.03044   0.05913   0.08910   0.04087   0.18302   0.00575   0.21741   0.00000   0.04250   0.00000   0.05190   0.02200   0.05808   0.15227   0.02740   0.18241   0.26766   8.40528   1.63566   1.16811   1.59435   0.91730  
  8 89.3196   1959.407073  x:  0.00000   0.15210   0.01701   0.10530   0.01708   0.07918   0.02720   0.05871   0.08787   0.03811   0.18051   0.00409   0.21512   0.00000   0.04096   0.00000   0.05054   0.02693   0.05857   0.16354   0.01494   0.18056   0.26708   8.40585   1.62136   1.12351   1.65989   0.86851  
  9 201.8342   1958.883300  x:  0.00000   0.15883   0.01024   0.10290   0.01735   0.07321   0.03020   0.05788   0.08882   0.03580   0.17840   0.00519   0.21445   0.00000   0.05124   0.00000   0.05373   0.02821   0.05551   0.16932   0.01533   0.17902   0.26190   8.40607   1.61673   1.11134   1.68005   0.85183  
 10 93.0971   1958.790839  x:  0.00000   0.15828   0.01156   0.10316   0.01840   0.07028   0.02792   0.05776   0.08975   0.03678   0.17716   0.00226   0.21414   0.00000   0.05223   0.00000   0.05435   0.02852   0.05480   0.17078   0.01674   0.17792   0.25737   8.40614   1.61577   1.11089   1.68337   0.84761  
 11 29.3299   1958.678561  x:  0.00000   0.15461   0.01093   0.10419   0.01813   0.06754   0.02611   0.05782   0.09128   0.03861   0.17484   0.00541   0.21401   0.00000   0.05004   0.00000   0.05400   0.02899   0.05500   0.17320   0.01631   0.17632   0.24688   8.40629   1.61434   1.11326   1.68718   0.84023  
 12 28.5966   1958.604929  x:  0.00000   0.15145   0.01084   0.10415   0.01786   0.06871   0.02952   0.05796   0.09173   0.03778   0.17350   0.00393   0.21379   0.00000   0.04862   0.00000   0.05350   0.02926   0.05555   0.17400   0.01559   0.17517   0.23886   8.40642   1.61337   1.11675   1.68933   0.83418  
 13 32.0905   1958.564985  x:  0.00000   0.15020   0.01153   0.10446   0.01818   0.07232   0.02826   0.05801   0.09082   0.03610   0.17385   0.00448   0.21379   0.00000   0.05063   0.00000   0.05358   0.02948   0.05551   0.17438   0.01609   0.17539   0.23551   8.40653   1.61289   1.12141   1.69001   0.82932  
 14 15.0723   1958.492575  x:  0.00000   0.15095   0.01055   0.10408   0.01787   0.07375   0.02793   0.05798   0.08828   0.04014   0.17717   0.00363   0.21387   0.00000   0.05153   0.00000   0.05381   0.02984   0.05524   0.17517   0.01517   0.17772   0.23564   8.40685   1.61234   1.13665   1.69004   0.81682  
 15 12.8346   1958.392926  x:  0.00000   0.15292   0.01083   0.10684   0.01791   0.07060   0.02816   0.05811   0.08867   0.03638   0.18076   0.00372   0.21403   0.00000   0.04990   0.00000   0.05374   0.03048   0.05545   0.17733   0.01554   0.18053   0.23898   8.40732   1.61212   1.15939   1.68971   0.79902  
 16 34.1689   1958.367138  x:  0.00000   0.15348   0.01051   0.10708   0.01786   0.07174   0.02800   0.05825   0.09266   0.03695   0.17752   0.00376   0.21419   0.00000   0.05037   0.00000   0.05367   0.03062   0.05583   0.17717   0.01538   0.17845   0.24163   8.40747   1.61329   1.16567   1.68978   0.79494  
 17  8.5800   1958.351478  x:  0.00000   0.15328   0.01061   0.10725   0.01786   0.07164   0.02803   0.05807   0.09030   0.03673   0.17380   0.00396   0.21454   0.00000   0.05007   0.00000   0.05380   0.03069   0.05497   0.17781   0.01537   0.17574   0.24344   8.40759   1.61568   1.16893   1.69026   0.79392  
 18  4.7030   1958.333203  x:  0.00000   0.15324   0.01060   0.10741   0.01785   0.07107   0.02793   0.05860   0.08928   0.03669   0.17327   0.00390   0.21514   0.00000   0.05088   0.00000   0.05343   0.03073   0.05817   0.17837   0.01530   0.17466   0.24373   8.40775   1.62113   1.17140   1.69186   0.79530  
 19  3.1327   1958.058206  x:  0.00000   0.15358   0.00976   0.11144   0.01758   0.07207   0.02747   0.05923   0.09155   0.03633   0.17945   0.00315   0.22228   0.00000   0.05039   0.00000   0.05298   0.03111   0.05502   0.18627   0.01432   0.17050   0.24176   8.41039   1.70974   1.20417   1.71970   0.82347  
 20 14.2820   1957.990697  x:  0.00000   0.15305   0.00967   0.11194   0.01772   0.07251   0.02745   0.05554   0.09170   0.03634   0.17552   0.00296   0.21685   0.00000   0.04991   0.00000   0.05508   0.03097   0.05605   0.18818   0.01436   0.17721   0.24160   8.41111   1.72722   1.21152   1.72812   0.82912  
 21 15.6515   1957.949970  x:  0.00000   0.15257   0.00964   0.11172   0.01756   0.07226   0.02743   0.05908   0.09156   0.03635   0.17303   0.00287   0.21243   0.00000   0.05044   0.00000   0.05285   0.03075   0.05523   0.18891   0.01441   0.18117   0.24170   8.41160   1.73546   1.21573   1.73422   0.83171  
 22 17.1646   1957.543768  x:  0.00000   0.14783   0.01071   0.10874   0.01776   0.07271   0.02847   0.05951   0.09181   0.03713   0.18212   0.00497   0.19276   0.00000   0.04988   0.00000   0.05581   0.02580   0.05563   0.19185   0.01553   0.16884   0.24570   8.41741   1.76339   1.25020   1.81245   0.83669  
 23  5.7668   1957.183452  x:  0.00000   0.14582   0.01143   0.10625   0.01823   0.07178   0.02919   0.05301   0.09187   0.03767   0.18055   0.00466   0.20183   0.00000   0.05169   0.00000   0.04615   0.02139   0.05488   0.19233   0.01607   0.17170   0.24752   8.42258   1.78370   1.27743   1.87851   0.83803  
 24 43.2624   1956.890621  x:  0.00000   0.14454   0.01240   0.10474   0.01814   0.07222   0.03001   0.05804   0.09192   0.03821   0.17654   0.00417   0.21606   0.00000   0.05049   0.00000   0.05310   0.01757   0.05521   0.19315   0.01620   0.17803   0.24870   8.42705   1.80016   1.29905   1.93299   0.83793  
 25 88.4729   1956.245186  x:  0.00000   0.13819   0.01328   0.10249   0.01855   0.07353   0.03079   0.05802   0.09228   0.03951   0.17985   0.00490   0.21402   0.00000   0.04998   0.00000   0.05209   0.01154   0.05555   0.20004   0.01688   0.17870   0.25490   8.43951   1.81460   1.24456   1.88259   0.77382  
 26  2.6230   1955.067961  x:  0.00000   0.13087   0.01146   0.10701   0.01870   0.07701   0.02939   0.05834   0.09404   0.03883   0.18260   0.00316   0.21568   0.00000   0.04878   0.00000   0.05098   0.00776   0.05651   0.22874   0.01543   0.17938   0.26406   8.46301   1.65123   1.18803   1.75813   0.82759  
 27  5.5715   1954.189049  x:  0.00000   0.12634   0.00947   0.08778   0.01912   0.07938   0.02584   0.05900   0.09521   0.03620   0.18360   0.00114   0.22132   0.00000   0.04395   0.00000   0.05077   0.01450   0.05766   0.24625   0.01431   0.18151   0.26968   8.49051   1.61521   1.15707   1.71927   0.81152  
 28  0.2633   1953.950616  x:  0.00000   0.13990   0.01025   0.08118   0.01829   0.07881   0.02536   0.05866   0.09545   0.03574   0.18047   0.00169   0.22419   0.00000   0.04401   0.00000   0.05098   0.01318   0.05757   0.25703   0.01512   0.18160   0.26496   8.53772   1.65344   1.17684   1.73962   0.79911  
 29  0.0751   1953.922971  x:  0.00000   0.14106   0.01032   0.08557   0.01855   0.07860   0.02566   0.05866   0.09540   0.03590   0.17985   0.00184   0.22428   0.00000   0.04435   0.00000   0.05106   0.01316   0.05750   0.26182   0.01482   0.18129   0.26247   8.55141   1.64907   1.17541   1.72919   0.79811  
 30  0.0273   1953.915900  x:  0.00000   0.13968   0.00996   0.08512   0.01875   0.07843   0.02543   0.05861   0.09523   0.03559   0.17973   0.00164   0.22390   0.00000   0.04411   0.00000   0.05102   0.01265   0.05747   0.26380   0.01455   0.18091   0.26111   8.55979   1.65211   1.17857   1.73626   0.79875  
 31  0.0164   1953.915041  x:  0.00000   0.13921   0.01010   0.08482   0.01873   0.07848   0.02557   0.05865   0.09517   0.03576   0.17993   0.00174   0.22366   0.00000   0.04417   0.00000   0.05099   0.01260   0.05749   0.26459   0.01470   0.18087   0.26118   8.56251   1.65037   1.17726   1.73434   0.79953  
 32  0.0050   1953.915006  x:  0.00000   0.13920   0.01010   0.08487   0.01869   0.07848   0.02555   0.05865   0.09518   0.03574   0.18000   0.00173   0.22360   0.00000   0.04419   0.00000   0.05100   0.01260   0.05749   0.26469   0.01469   0.18090   0.26137   8.56294   1.65022   1.17704   1.73453   0.79956  
 33  0.0006   1953.915004  x:  0.00000   0.13921   0.01009   0.08487   0.01870   0.07848   0.02555   0.05865   0.09519   0.03574   0.18000   0.00173   0.22359   0.00000   0.04418   0.00000   0.05100   0.01260   0.05749   0.26471   0.01469   0.18090   0.26141   8.56310   1.65030   1.17709   1.73462   0.79956  
 34  0.0002   1953.915004  x:  0.00000   0.13921   0.01009   0.08487   0.01870   0.07848   0.02555   0.05865   0.09519   0.03574   0.17999   0.00173   0.22359   0.00000   0.04418   0.00000   0.05100   0.01260   0.05749   0.26471   0.01469   0.18090   0.26141   8.56316   1.65031   1.17710   1.73463   0.79955  
 35  0.0001   1953.915004  x:  0.00000   0.13921   0.01009   0.08487   0.01870   0.07848   0.02555   0.05865   0.09519   0.03574   0.17999   0.00173   0.22359   0.00000   0.04418   0.00000   0.05100   0.01260   0.05749   0.26471   0.01469   0.18090   0.26141   8.56320   1.65031   1.17710   1.73463   0.79955  
 36  0.0000   1953.915004  x:  0.00000   0.13921   0.01009   0.08487   0.01870   0.07848   0.02555   0.05865   0.09519   0.03574   0.17999   0.00173   0.22359   0.00000   0.04418   0.00000   0.05100   0.01260   0.05749   0.26471   0.01469   0.18090   0.26141   8.56322   1.65031   1.17710   1.73463   0.79955  
 37  0.0000   1953.915004  x:  0.00000   0.13921   0.01009   0.08487   0.01870   0.07848   0.02555   0.05865   0.09519   0.03574   0.17999   0.00173   0.22359   0.00000   0.04418   0.00000   0.05100   0.01260   0.05749   0.26471   0.01469   0.18090   0.26141   8.56323   1.65031   1.17710   1.73463   0.79955  
 38  0.0000   1953.915004  x:  0.00000   0.13921   0.01009   0.08487   0.01870   0.07848   0.02555   0.05865   0.09519   0.03574   0.17999   0.00173   0.22359   0.00000   0.04418   0.00000   0.05100   0.01260   0.05749   0.26471   0.01469   0.18090   0.26141   8.56322   1.65031   1.17710   1.73463   0.79955  

TREE # 2

  0  0.0000   2408.910889  x:  0.00000   0.13921   0.01009   0.08487   0.01870   0.07848   0.02555   0.05865   0.09519   0.03574   0.17999   0.00173   0.22359   0.00000   0.04418   0.00000   0.05100   0.01260   0.05749   0.26471   0.01469   0.18090   0.26141   8.56322   1.61792   1.06966   1.57839   0.79955  
  1 99.0000   2208.091280  x:  0.09349   0.14083   0.03019   0.08704   0.02045   0.07739   0.03624   0.05924   0.09448   0.03489   0.17899   0.00540   0.22485   0.21085   0.05399   0.37220   0.05095   0.02134   0.05832   0.26362   0.01452   0.18013   0.26015   8.56322   1.61786   1.06965   1.57849   0.79960  
  2 44464.9370   2084.105427  x:  0.16774   0.10853   0.25091   0.15020   0.05941   0.03729   0.29058   0.07130   0.07101   0.00000   0.14417   0.04329   0.18670   0.21206   0.10378   0.34050   0.02295   0.19002   0.08030   0.22656   0.00861   0.15417   0.21739   8.56338   1.61576   1.07329   1.57946   0.79831  
  3 1235.0877   2051.515941  x:  0.19281   0.08014   0.25463   0.16245   0.03744   0.00000   0.30003   0.05922   0.06261   0.00000   0.11822   0.01778   0.15433   0.21940   0.11397   0.33053   0.00171   0.18219   0.08010   0.19838   0.01590   0.13618   0.18388   8.56352   1.61387   1.07723   1.57930   0.79695  
  4 397.5702   2031.827061  x:  0.21024   0.04777   0.25405   0.17233   0.02034   0.00000   0.30587   0.05251   0.06155   0.00000   0.09390   0.01998   0.11560   0.22720   0.12226   0.32221   0.01120   0.17249   0.08094   0.16798   0.00000   0.11932   0.14571   8.56364   1.61220   1.08051   1.57954   0.79631  
  5 899.6862   2010.927381  x:  0.23020   0.00525   0.25266   0.18431   0.00138   0.00000   0.31298   0.04592   0.06234   0.00000   0.06364   0.03063   0.06396   0.23729   0.13204   0.31207   0.03078   0.16013   0.08263   0.12868   0.00470   0.09864   0.09569   8.56378   1.61016   1.08448   1.58000   0.79569  
  6 4162.8120   2007.807834  x:  0.23275   0.00000   0.25219   0.18581   0.00248   0.00000   0.31355   0.04508   0.06237   0.00000   0.05988   0.03140   0.05734   0.23859   0.13318   0.31079   0.03271   0.15829   0.08278   0.12369   0.00510   0.09604   0.08931   8.56380   1.60990   1.08499   1.58006   0.79560  
  7 3730.2169   1994.984276  x:  0.23566   0.00000   0.25088   0.19450   0.00220   0.00000   0.31732   0.06184   0.06761   0.00000   0.07075   0.03234   0.00000   0.24713   0.12609   0.30584   0.02757   0.15225   0.08040   0.09849   0.00524   0.09617   0.04790   8.56378   1.60883   1.08625   1.58195   0.79616  
  8 349.1601   1993.680676  x:  0.23175   0.00000   0.24877   0.20065   0.00216   0.00000   0.32091   0.03996   0.06403   0.00000   0.07401   0.03547   0.00000   0.25765   0.12392   0.30091   0.02973   0.15209   0.07543   0.08572   0.00572   0.09971   0.03242   8.56366   1.60821   1.08586   1.58605   0.79797  
  9 55.5485   1992.413936  x:  0.23343   0.00000   0.24147   0.21179   0.00152   0.00000   0.32718   0.04359   0.05959   0.00000   0.05704   0.03455   0.00000   0.28289   0.12854   0.28619   0.03907   0.14670   0.07250   0.06194   0.00670   0.09294   0.03882   8.56339   1.60625   1.08606   1.59640   0.80243  
 10 37.1497   1991.861247  x:  0.24563   0.00000   0.23713   0.21572   0.00123   0.00000   0.33131   0.04415   0.06521   0.00000   0.05223   0.03337   0.00000   0.30046   0.13542   0.27320   0.04578   0.14015   0.07753   0.07409   0.00729   0.08321   0.03227   8.56322   1.60408   1.08797   1.60489   0.80572  
 11 35.8766   1991.688119  x:  0.25821   0.00000   0.23596   0.21492   0.00130   0.00000   0.33254   0.04321   0.06239   0.00000   0.05976   0.03526   0.00000   0.30931   0.13779   0.26516   0.04846   0.13524   0.07914   0.07354   0.00749   0.08320   0.03541   8.56317   1.60218   1.09117   1.61022   0.80729  
 12 22.5568   1991.585672  x:  0.26538   0.00000   0.23647   0.21029   0.00130   0.00000   0.33189   0.04355   0.06293   0.00000   0.05660   0.03685   0.00000   0.31626   0.13480   0.25960   0.04784   0.13518   0.07698   0.07474   0.00739   0.09125   0.03544   8.56312   1.60008   1.09587   1.61658   0.80878  
 13 13.3017   1991.382077  x:  0.26436   0.00000   0.23973   0.20013   0.00136   0.00000   0.32664   0.04254   0.06522   0.00000   0.05731   0.03515   0.00000   0.33034   0.12678   0.25220   0.04589   0.14393   0.07729   0.07324   0.00725   0.08464   0.03621   8.56300   1.59513   1.11077   1.63636   0.81259  
 14  9.5894   1991.108696  x:  0.25486   0.00000   0.24360   0.20206   0.00145   0.00000   0.32144   0.04557   0.05626   0.00000   0.05795   0.03290   0.00000   0.34298   0.13417   0.24756   0.04363   0.14685   0.07748   0.07663   0.00705   0.08646   0.03350   8.56283   1.59164   1.13031   1.66511   0.81727  
 15 17.3986   1990.786017  x:  0.24652   0.00000   0.24771   0.21185   0.00160   0.00000   0.32034   0.04412   0.06649   0.00000   0.05942   0.03177   0.00000   0.35195   0.14295   0.24483   0.03654   0.14290   0.07861   0.07541   0.00665   0.09036   0.03654   8.56264   1.59126   1.15191   1.69972   0.82192  
 16 37.0819   1990.114368  x:  0.24799   0.00000   0.24657   0.22211   0.00164   0.00000   0.33192   0.04325   0.06119   0.00000   0.05473   0.03891   0.00000   0.34231   0.12983   0.25141   0.02181   0.12564   0.08126   0.07790   0.00592   0.08440   0.03806   8.56236   1.60842   1.18021   1.75922   0.82614  
 17 21.1824   1989.029687  x:  0.26163   0.00000   0.23943   0.22114   0.00179   0.00000   0.34734   0.04331   0.06123   0.00000   0.05499   0.01820   0.00000   0.31704   0.12687   0.26435   0.02777   0.12072   0.07887   0.07325   0.00571   0.08533   0.03459   8.56206   1.64530   1.21230   1.83707   0.82870  
 18 51.1634   1988.242220  x:  0.27909   0.00000   0.22710   0.21274   0.00182   0.00000   0.34533   0.04437   0.06280   0.00000   0.05406   0.02294   0.00000   0.29690   0.14420   0.27274   0.01287   0.13189   0.07506   0.06600   0.00526   0.08156   0.02993   8.56198   1.68483   1.23264   1.89025   0.82666  
 19 56.9559   1987.628688  x:  0.29049   0.00000   0.23848   0.22641   0.00199   0.00000   0.32415   0.04382   0.06156   0.00000   0.05189   0.01985   0.00000   0.30394   0.13985   0.26689   0.00786   0.14083   0.09152   0.06325   0.00472   0.08534   0.02882   8.56259   1.73731   1.23914   1.89744   0.81378  
 20 16.6503   1987.154620  x:  0.29522   0.00000   0.25058   0.23444   0.00216   0.00000   0.31407   0.04494   0.06209   0.00000   0.05280   0.01755   0.00000   0.31557   0.13805   0.25972   0.00528   0.14001   0.07474   0.06605   0.00470   0.08051   0.02925   8.56328   1.77727   1.24465   1.89225   0.80189  
 21 38.2396   1986.910357  x:  0.28857   0.00000   0.25190   0.22226   0.00219   0.00000   0.32262   0.04471   0.06234   0.00000   0.05276   0.01587   0.00000   0.32567   0.14231   0.25595   0.00121   0.13120   0.07824   0.06485   0.00445   0.08121   0.02868   8.56407   1.79286   1.25392   1.87502   0.79402  
 22 13.8448   1986.601325  x:  0.29285   0.00000   0.23427   0.23234   0.00226   0.00000   0.33000   0.04483   0.06208   0.00000   0.05298   0.01505   0.00000   0.32676   0.13985   0.25521   0.00048   0.13916   0.07809   0.06647   0.00449   0.08191   0.02964   8.56635   1.78206   1.29333   1.82848   0.78405  
 23  8.6248   1986.404090  x:  0.29900   0.00000   0.24815   0.23031   0.00227   0.00000   0.32030   0.04432   0.06220   0.00000   0.05173   0.01538   0.00000   0.31652   0.14268   0.25914   0.00170   0.13283   0.07816   0.06386   0.00479   0.08032   0.02833   8.56837   1.76113   1.31411   1.79810   0.78163  
 24 10.7255   1985.756578  x:  0.30300   0.00000   0.24655   0.23245   0.00245   0.00000   0.31777   0.04483   0.06225   0.00000   0.05146   0.01425   0.00000   0.31844   0.14217   0.25711   0.00000   0.13240   0.07798   0.06265   0.00504   0.07976   0.02719   8.57451   1.69115   1.26725   1.75261   0.79703  
 25  5.0508   1985.117727  x:  0.30512   0.00000   0.24042   0.23245   0.00265   0.00000   0.31698   0.04610   0.06249   0.00000   0.05170   0.01401   0.00000   0.32699   0.14128   0.25119   0.00197   0.12931   0.07842   0.06156   0.00576   0.07968   0.02576   8.58914   1.62225   1.22018   1.73574   0.70251  
 26  5.0864   1982.002456  x:  0.30910   0.00000   0.20050   0.22758   0.00441   0.00000   0.31508   0.05266   0.06439   0.00000   0.05307   0.01478   0.00000   0.37580   0.13571   0.21709   0.01226   0.10670   0.07985   0.05350   0.01062   0.07792   0.01618   8.67310   1.69205   1.18914   1.65926   0.77565  
 27  1.5257   1979.610784  x:  0.32694   0.00000   0.17931   0.21954   0.00601   0.00000   0.27255   0.04706   0.05825   0.00000   0.04533   0.01449   0.00000   0.37319   0.14334   0.20700   0.01009   0.09533   0.08145   0.05732   0.01538   0.07636   0.03663   8.82132   1.63884   1.12309   1.62140   0.80533  
 28  0.2930   1979.603511  x:  0.32699   0.00118   0.17925   0.21952   0.00602   0.00000   0.27242   0.04704   0.05823   0.00000   0.04531   0.01449   0.00000   0.37318   0.14336   0.20697   0.01008   0.09530   0.08145   0.05733   0.01540   0.07636   0.03669   8.82176   1.63869   1.12290   1.62131   0.80541  
 29 14.0346   1978.503247  x:  0.33201   0.00106   0.17745   0.22065   0.00729   0.00000   0.21754   0.04448   0.05767   0.00000   0.05435   0.01711   0.00000   0.33042   0.13434   0.21929   0.00000   0.09741   0.07792   0.06030   0.02093   0.08074   0.02868   8.92543   1.66058   1.19188   1.75961   0.80143  
 30  0.1912   1977.481253  x:  0.32229   0.00163   0.17139   0.21416   0.00781   0.00000   0.23547   0.04250   0.05762   0.00000   0.05434   0.00826   0.00000   0.33178   0.13703   0.21707   0.00405   0.10101   0.07660   0.06137   0.02175   0.08092   0.02631   8.88301   1.63313   1.18132   1.72646   0.79936  
 31  0.0849   1976.123078  x:  0.30151   0.00238   0.16540   0.20884   0.00909   0.00000   0.27788   0.04277   0.05910   0.00000   0.05242   0.01582   0.00000   0.34995   0.13640   0.20060   0.00812   0.09737   0.07559   0.06148   0.02382   0.08033   0.02235   8.73996   1.56925   1.14650   1.61237   0.78478  
 32  0.2647   1970.945758  x:  0.27541   0.00000   0.22880   0.21040   0.01737   0.00000   0.27137   0.05170   0.06266   0.00000   0.04347   0.01030   0.00000   0.35390   0.13853   0.12935   0.01316   0.09424   0.08114   0.04423   0.04346   0.07250   0.01790   8.43086   1.68798   1.14979   1.60354   0.76953  
 33  0.0902   1962.575526  x:  0.28436   0.00000   0.20741   0.23008   0.03207   0.00000   0.26608   0.05131   0.05877   0.00000   0.05037   0.01022   0.00000   0.26743   0.14023   0.04098   0.01041   0.11081   0.09113   0.06069   0.07920   0.07928   0.02072   8.34271   1.69061   1.16375   1.73248   0.79262  
 34  0.1259   1961.517101  x:  0.28390   0.00000   0.19872   0.23024   0.03334   0.00000   0.26857   0.04968   0.05784   0.00000   0.05122   0.01093   0.00000   0.21332   0.13982   0.05884   0.00817   0.10661   0.08986   0.06033   0.08236   0.07991   0.02189   8.39158   1.67902   1.17343   1.75381   0.79710  
 35  0.2703   1961.516443  x:  0.28389   0.00038   0.19870   0.23023   0.03334   0.00000   0.26857   0.04968   0.05784   0.00000   0.05122   0.01093   0.00000   0.21326   0.13982   0.05884   0.00817   0.10660   0.08986   0.06032   0.08237   0.07992   0.02189   8.39175   1.67896   1.17344   1.75380   0.79710  
 36  0.5283   1960.876655  x:  0.28163   0.00132   0.18566   0.22287   0.03518   0.00000   0.27113   0.04413   0.05697   0.00000   0.05228   0.01253   0.00000   0.20379   0.13942   0.04550   0.00955   0.09421   0.08432   0.05505   0.08593   0.08092   0.02513   8.52350   1.63178   1.17767   1.72109   0.79528  
 37  1.3092   1960.449233  x:  0.27174   0.00246   0.17694   0.21330   0.03271   0.00000   0.26638   0.04066   0.05754   0.00000   0.05042   0.01429   0.00000   0.22399   0.13886   0.05185   0.01151   0.09690   0.08249   0.05898   0.07725   0.07908   0.02579   8.71593   1.59568   1.16173   1.66081   0.79066  
 38  0.1164   1956.700540  x:  0.24543   0.00326   0.16939   0.20552   0.02724   0.00000   0.25733   0.05582   0.06632   0.00000   0.04564   0.01828   0.00000   0.19289   0.13567   0.03764   0.01296   0.09302   0.08846   0.07351   0.03732   0.07054   0.02236   9.51847   1.66724   1.16116   1.69644   0.78198  
 39  0.1012   1955.334427  x:  0.25044   0.00277   0.17357   0.21136   0.02300   0.00000   0.25559   0.05517   0.06489   0.00000   0.04783   0.01844   0.00000   0.19127   0.13755   0.03905   0.01225   0.09271   0.08673   0.06958   0.01582   0.07348   0.02316   9.61676   1.66976   1.15786   1.71159   0.78956  
 40  0.2025   1954.352262  x:  0.26550   0.00174   0.18262   0.22411   0.02409   0.00000   0.26022   0.04518   0.05713   0.00000   0.05155   0.01502   0.00000   0.17646   0.14115   0.03465   0.00983   0.09795   0.08451   0.05758   0.01962   0.07997   0.02488   9.10512   1.65311   1.16813   1.73689   0.80515  
 41  0.5885   1954.208132  x:  0.26462   0.00170   0.18316   0.22478   0.02313   0.00000   0.26632   0.04345   0.05647   0.00000   0.05175   0.01302   0.00000   0.18357   0.13954   0.03766   0.00980   0.09377   0.08465   0.05677   0.01733   0.07934   0.02573   8.80983   1.65719   1.18412   1.74604   0.80361  
 42  0.3609   1954.164226  x:  0.26234   0.00181   0.18126   0.22223   0.02309   0.00000   0.26586   0.04364   0.05750   0.00000   0.05098   0.01218   0.00000   0.18221   0.13879   0.03616   0.01021   0.09585   0.08497   0.05905   0.01715   0.07837   0.02569   8.59325   1.64585   1.17948   1.73333   0.80056  
 43  0.1934   1954.149000  x:  0.26165   0.00179   0.18016   0.22131   0.02290   0.00000   0.26437   0.04460   0.05794   0.00000   0.05104   0.01258   0.00000   0.18211   0.13961   0.03709   0.00986   0.09523   0.08482   0.05904   0.01827   0.07840   0.02563   8.50233   1.64966   1.17770   1.73364   0.79763  
 44  0.0506   1954.115150  x:  0.26170   0.00166   0.18001   0.22164   0.02154   0.00000   0.26095   0.04484   0.05730   0.00000   0.05102   0.01351   0.00000   0.18122   0.14001   0.03555   0.00974   0.09442   0.08450   0.05793   0.01685   0.07860   0.02532   8.40328   1.65542   1.17448   1.73600   0.79490  
 45  0.0372   1953.993038  x:  0.26140   0.00137   0.18427   0.22578   0.01696   0.00000   0.25967   0.04341   0.05621   0.00000   0.05163   0.01353   0.00000   0.17931   0.13562   0.03680   0.01147   0.09343   0.08437   0.05764   0.01830   0.07938   0.02518   8.35572   1.65201   1.17638   1.73355   0.79803  
 46  0.0121   1953.922772  x:  0.26117   0.00166   0.18142   0.22519   0.01426   0.00000   0.26370   0.04357   0.05727   0.00000   0.05101   0.01306   0.00000   0.18171   0.13859   0.03566   0.01024   0.09510   0.08486   0.05807   0.01877   0.07846   0.02551   8.50283   1.65343   1.18252   1.73848   0.79997  
 47  0.1304   1953.915297  x:  0.26130   0.00173   0.18100   0.22382   0.01474   0.00000   0.26472   0.04409   0.05753   0.00000   0.05100   0.01268   0.00000   0.17977   0.13927   0.03587   0.01002   0.09512   0.08491   0.05873   0.01866   0.07845   0.02556   8.56056   1.64941   1.17797   1.73521   0.79986  
 48  0.0730   1953.915023  x:  0.26141   0.00173   0.18089   0.22362   0.01472   0.00000   0.26475   0.04422   0.05751   0.00000   0.05102   0.01261   0.00000   0.18005   0.13918   0.03571   0.01009   0.09518   0.08487   0.05866   0.01871   0.07849   0.02558   8.56324   1.65004   1.17726   1.73475   0.79956  
 49  0.0035   1953.915005  x:  0.26143   0.00173   0.18089   0.22358   0.01469   0.00000   0.26471   0.04419   0.05748   0.00000   0.05100   0.01260   0.00000   0.17999   0.13921   0.03574   0.01009   0.09520   0.08486   0.05866   0.01870   0.07848   0.02556   8.56307   1.65027   1.17711   1.73465   0.79952  
 50  0.0005   1953.915004  x:  0.26142   0.00173   0.18090   0.22359   0.01469   0.00000   0.26471   0.04418   0.05748   0.00000   0.05100   0.01260   0.00000   0.17999   0.13921   0.03574   0.01009   0.09519   0.08487   0.05865   0.01870   0.07848   0.02555   8.56317   1.65031   1.17710   1.73464   0.79954  
 51  0.0001   1953.915004  x:  0.26141   0.00173   0.18090   0.22359   0.01469   0.00000   0.26471   0.04418   0.05749   0.00000   0.05100   0.01260   0.00000   0.17999   0.13921   0.03574   0.01009   0.09519   0.08487   0.05865   0.01870   0.07848   0.02555   8.56322   1.65032   1.17710   1.73463   0.79954  
 52  0.0001   1953.915004  x:  0.26141   0.00173   0.18090   0.22359   0.01469   0.00000   0.26471   0.04418   0.05749   0.00000   0.05100   0.01260   0.00000   0.17999   0.13921   0.03574   0.01009   0.09519   0.08487   0.05865   0.01870   0.07848   0.02555   8.56323   1.65031   1.17710   1.73463   0.79955  
 53  0.0000   1953.915004  x:  0.26141   0.00173   0.18090   0.22359   0.01469   0.00000   0.26471   0.04418   0.05749   0.00000   0.05100   0.01260   0.00000   0.17999   0.13921   0.03574   0.01009   0.09519   0.08487   0.05865   0.01870   0.07848   0.02555   8.56323   1.65031   1.17710   1.73463   0.79955  
 54  0.0000   1953.915004  x:  0.26141   0.00173   0.18090   0.22359   0.01469   0.00000   0.26471   0.04418   0.05749   0.00000   0.05100   0.01260   0.00000   0.17999   0.13921   0.03574   0.01009   0.09519   0.08487   0.05865   0.01870   0.07848   0.02555   8.56323   1.65031   1.17710   1.73463   0.79955  
 55  0.0000   1953.915004  x:  0.26141   0.00173   0.18090   0.22359   0.01469   0.00000   0.26471   0.04418   0.05749   0.00000   0.05100   0.01260   0.00000   0.17999   0.13921   0.03574   0.01009   0.09519   0.08487   0.05865   0.01870   0.07848   0.02555   8.56323   1.65031   1.17710   1.73463   0.79955  