

TREE # 1

  0  0.0000   2136.036170  x:  0.01972   0.20925   0.02571   0.03211   0.02495   0.05815   0.02188   0.05666   0.08536   0.02661   0.17168   0.01972   0.20925   0.02571   0.03211   0.02495   0.05815   0.02188   0.05666   0.08536   0.02661   0.17168   0.21568   8.40433   1.42857   1.16145   1.49656   1.00000  
  1 99.0000   2119.815410  x:  0.00000   0.20813   0.01614   0.07335   0.04346   0.06101   0.04982   0.06198   0.09269   0.06016   0.16797   0.00642   0.21005   0.03506   0.06912   0.00425   0.05387   0.02551   0.05460   0.12176   0.04013   0.18755   0.21965   8.40410   1.42995   1.15850   1.49939   0.99832  
  2 397.8497   2117.913833  x:  0.00000   0.20707   0.00805   0.07660   0.04003   0.06247   0.04236   0.06418   0.09848   0.06105   0.16476   0.00497   0.21120   0.03137   0.07299   0.02176   0.05092   0.02451   0.05641   0.14716   0.03888   0.20819   0.22577   8.40376   1.43200   1.15437   1.50350   0.99591  
  3 127.1427   2115.893916  x:  0.00000   0.20554   0.01899   0.07471   0.03339   0.06421   0.02956   0.06559   0.10540   0.05771   0.16040   0.00509   0.21294   0.02335   0.07119   0.01393   0.04841   0.02325   0.05517   0.17780   0.03619   0.23794   0.23513   8.40318   1.43549   1.14743   1.51037   0.99186  
  4 168.8686   2115.237944  x:  0.00000   0.20461   0.01200   0.06990   0.03381   0.06483   0.03116   0.06421   0.10620   0.05226   0.15898   0.00359   0.21356   0.02361   0.06619   0.00716   0.04948   0.02456   0.05430   0.18588   0.03681   0.25036   0.23951   8.40281   1.43766   1.14325   1.51456   0.98935  
  5 96.0443   2114.930987  x:  0.00000   0.20359   0.01560   0.06617   0.03689   0.06465   0.03746   0.06252   0.10512   0.05047   0.15837   0.00230   0.21400   0.02782   0.06162   0.00894   0.05141   0.02529   0.05412   0.18801   0.03957   0.26053   0.24351   8.40234   1.44042   1.13805   1.51985   0.98614  
  6 58.8407   2114.620095  x:  0.00000   0.20132   0.01425   0.06610   0.03815   0.06110   0.03679   0.06283   0.09962   0.05735   0.15949   0.00442   0.21410   0.02708   0.05966   0.00850   0.05179   0.02134   0.05506   0.17977   0.04131   0.27412   0.24970   8.40105   1.44759   1.12506   1.53344   0.97771  
  7 32.0617   2114.412824  x:  0.00000   0.19945   0.01419   0.06754   0.03696   0.06012   0.03508   0.06348   0.09660   0.05931   0.16068   0.00000   0.21345   0.02635   0.06106   0.00865   0.05110   0.02677   0.05538   0.17185   0.04046   0.28299   0.25398   8.39975   1.45451   1.11292   1.54655   0.96941  
  8 70.9648   2114.178138  x:  0.00000   0.19784   0.01439   0.07097   0.03531   0.06412   0.03635   0.06373   0.09851   0.05339   0.16242   0.00184   0.21291   0.02777   0.06711   0.00873   0.04958   0.02540   0.05434   0.16502   0.03732   0.28791   0.25632   8.39786   1.46396   1.09728   1.56447   0.95774  
  9 46.7891   2114.064770  x:  0.00000   0.19769   0.01443   0.07078   0.03665   0.06453   0.03545   0.06324   0.10059   0.05300   0.16276   0.00000   0.21258   0.02740   0.06712   0.00874   0.05019   0.02386   0.05446   0.16514   0.03770   0.28613   0.25550   8.39692   1.46810   1.09129   1.57232   0.95235  
 10 34.8534   2113.833170  x:  0.00000   0.19778   0.01413   0.06959   0.03848   0.06421   0.03429   0.06148   0.10607   0.05478   0.16334   0.00404   0.21226   0.02634   0.06512   0.00878   0.05164   0.02725   0.05502   0.16892   0.03998   0.27781   0.25141   8.39360   1.48200   1.07238   1.59866   0.93398  
 11 91.2860   2113.712584  x:  0.00000   0.19824   0.01404   0.06895   0.03374   0.06266   0.03666   0.06182   0.10390   0.05621   0.16255   0.00347   0.21181   0.02738   0.06286   0.00863   0.04981   0.02638   0.05453   0.17304   0.03887   0.27212   0.24873   8.39151   1.48964   1.06411   1.61312   0.92347  
 12 49.7587   2113.662627  x:  0.00000   0.19881   0.01428   0.06890   0.03593   0.06203   0.03612   0.06377   0.09884   0.05476   0.16116   0.00388   0.21151   0.02745   0.06298   0.00870   0.04901   0.02644   0.05393   0.17559   0.03782   0.26957   0.24763   8.39010   1.49342   1.06298   1.62026   0.91785  
 13 21.4561   2113.637017  x:  0.00000   0.19935   0.01433   0.06867   0.03498   0.06291   0.03584   0.06296   0.09655   0.05413   0.15971   0.00395   0.21128   0.02678   0.06436   0.00873   0.05098   0.02629   0.05435   0.17613   0.03964   0.26893   0.24759   8.38852   1.49621   1.06645   1.62535   0.91337  
 14 10.2045   2113.527022  x:  0.00000   0.20147   0.01425   0.06845   0.03603   0.06483   0.03625   0.05903   0.09717   0.05565   0.15460   0.00433   0.21039   0.02610   0.06414   0.00870   0.04914   0.02638   0.05514   0.17498   0.03734   0.26891   0.24888   8.37927   1.51053   1.09259   1.65069   0.89064  
 15 17.1079   2113.461755  x:  0.00000   0.20194   0.01400   0.06918   0.03541   0.06312   0.03493   0.06195   0.09923   0.05526   0.15446   0.00457   0.21040   0.02904   0.06352   0.00845   0.04939   0.02638   0.05409   0.17419   0.03870   0.26919   0.24943   8.37311   1.51997   1.10964   1.66659   0.87726  
 16 47.9605   2113.436201  x:  0.00000   0.20132   0.01413   0.06942   0.03531   0.06206   0.03647   0.06394   0.09990   0.05469   0.15678   0.00453   0.21073   0.02692   0.06324   0.00861   0.05019   0.02636   0.05419   0.17419   0.03862   0.26942   0.24927   8.37024   1.52436   1.11661   1.67312   0.87297  
 17 24.8216   2113.415977  x:  0.00000   0.19944   0.01417   0.06803   0.03546   0.06232   0.03622   0.06308   0.09909   0.05496   0.16165   0.00443   0.21144   0.02738   0.06429   0.00845   0.04947   0.02636   0.05472   0.17501   0.03862   0.26963   0.24833   8.36685   1.52961   1.12250   1.67913   0.87205  
 18 10.5086   2113.400440  x:  0.00000   0.19791   0.01412   0.06982   0.03546   0.06306   0.03573   0.06198   0.09845   0.05504   0.16277   0.00444   0.21164   0.02767   0.06295   0.00860   0.05067   0.02638   0.05346   0.17533   0.03794   0.26972   0.24739   8.36268   1.53609   1.12685   1.68474   0.87515  
 19  7.0595   2113.351379  x:  0.00000   0.19522   0.01422   0.07110   0.03541   0.06344   0.03578   0.06219   0.09842   0.05404   0.16080   0.00446   0.21127   0.02705   0.06176   0.00852   0.04832   0.02630   0.05482   0.17508   0.04020   0.26965   0.24523   8.34735   1.55955   1.14017   1.70369   0.88964  
 20 17.7758   2113.307734  x:  0.00000   0.19516   0.01417   0.06860   0.03542   0.06230   0.03624   0.06336   0.09922   0.05496   0.15849   0.00464   0.21057   0.02765   0.06378   0.00837   0.05005   0.02632   0.05486   0.17512   0.03825   0.26940   0.24452   8.33295   1.58087   1.15177   1.72075   0.90342  
 21 43.7582   2113.297503  x:  0.00000   0.19826   0.01413   0.06841   0.03545   0.06208   0.03630   0.06297   0.09920   0.05495   0.15934   0.00460   0.21056   0.02722   0.06399   0.00855   0.04955   0.02631   0.05332   0.17524   0.03876   0.26888   0.24619   8.32864   1.58571   1.15425   1.72472   0.90679  
 22  9.0819   2113.293482  x:  0.00000   0.19994   0.01414   0.06886   0.03543   0.06233   0.03620   0.06306   0.09910   0.05488   0.15999   0.00460   0.21065   0.02751   0.06363   0.00843   0.04979   0.02631   0.05438   0.17541   0.03852   0.26852   0.24730   8.32638   1.58744   1.15512   1.72622   0.90806  
 23  6.9844   2113.284528  x:  0.00000   0.19802   0.01408   0.06849   0.03544   0.06346   0.03623   0.06374   0.09915   0.05530   0.15971   0.00456   0.21180   0.02743   0.06346   0.00844   0.04974   0.02629   0.05411   0.17572   0.03860   0.26671   0.25094   8.31025   1.58673   1.15526   1.72758   0.90848  
 24  1.3498   2113.271453  x:  0.00000   0.19643   0.01413   0.06906   0.03552   0.06135   0.03618   0.06246   0.09928   0.05450   0.15942   0.00458   0.21248   0.02746   0.06394   0.00842   0.04981   0.02621   0.05441   0.17609   0.03845   0.26537   0.25356   8.28584   1.58533   1.15527   1.72918   0.90872  
 25 17.8978   2112.906303  x:  0.00000   0.19750   0.01311   0.06977   0.03681   0.06269   0.03683   0.06250   0.10060   0.05520   0.16001   0.00395   0.20394   0.02760   0.06423   0.00762   0.05022   0.02491   0.05428   0.17669   0.03946   0.26565   0.24760   7.59830   1.54394   1.15155   1.76454   0.90776  
 26 29.4666   2112.812353  x:  0.00000   0.20007   0.01285   0.07000   0.03717   0.06277   0.03691   0.06229   0.10091   0.05529   0.15793   0.00264   0.21894   0.02757   0.06494   0.00746   0.05032   0.02458   0.05430   0.17565   0.03915   0.26657   0.24343   7.41231   1.54973   1.14875   1.75888   0.89991  
 27 39.6017   2112.651471  x:  0.00000   0.19795   0.01249   0.07056   0.03789   0.06314   0.03712   0.06177   0.10145   0.05543   0.15902   0.00302   0.20940   0.02775   0.06501   0.00718   0.05055   0.02403   0.05428   0.17678   0.03964   0.26496   0.24630   7.09913   1.57848   1.14291   1.73154   0.87832  
 28 47.0507   2112.641472  x:  0.00000   0.19841   0.01287   0.07094   0.03774   0.06298   0.03717   0.06222   0.10094   0.05595   0.15908   0.00337   0.20936   0.02781   0.06536   0.00771   0.05033   0.02456   0.05426   0.17689   0.03944   0.26528   0.24565   7.14796   1.57654   1.14087   1.72043   0.87558  
 29  0.0548   2112.641069  x:  0.00000   0.19848   0.01287   0.07108   0.03769   0.06295   0.03727   0.06229   0.10084   0.05608   0.15907   0.00337   0.20939   0.02786   0.06549   0.00758   0.05030   0.02465   0.05425   0.17715   0.03943   0.26563   0.24569   7.14141   1.57510   1.14087   1.71914   0.87592  
 30  0.0062   2112.641024  x:  0.00000   0.19847   0.01282   0.07115   0.03770   0.06296   0.03730   0.06228   0.10087   0.05612   0.15907   0.00335   0.20940   0.02785   0.06555   0.00762   0.05030   0.02463   0.05425   0.17728   0.03945   0.26562   0.24570   7.14179   1.57504   1.14094   1.71925   0.87605  
 31  0.0004   2112.641020  x:  0.00000   0.19846   0.01283   0.07116   0.03771   0.06296   0.03730   0.06228   0.10089   0.05613   0.15906   0.00335   0.20940   0.02785   0.06557   0.00761   0.05030   0.02462   0.05425   0.17731   0.03945   0.26562   0.24571   7.14301   1.57517   1.14093   1.71935   0.87602  
 32  0.0013   2112.641020  x:  0.00000   0.19846   0.01283   0.07116   0.03771   0.06296   0.03730   0.06228   0.10089   0.05613   0.15906   0.00335   0.20940   0.02785   0.06557   0.00761   0.05030   0.02462   0.05425   0.17731   0.03945   0.26563   0.24571   7.14286   1.57518   1.14093   1.71937   0.87601  
 33  0.0001   2112.641020  x:  0.00000   0.19846   0.01283   0.07116   0.03771   0.06296   0.03730   0.06228   0.10089   0.05613   0.15906   0.00335   0.20940   0.02785   0.06557   0.00761   0.05030   0.02462   0.05425   0.17731   0.03945   0.26563   0.24571   7.14288   1.57518   1.14093   1.71937   0.87601  
 34  0.0000   2112.641020  x:  0.00000   0.19846   0.01283   0.07116   0.03771   0.06296   0.03730   0.06228   0.10089   0.05613   0.15906   0.00335   0.20940   0.02785   0.06557   0.00761   0.05030   0.02462   0.05425   0.17731   0.03945   0.26563   0.24571   7.14288   1.57518   1.14093   1.71937   0.87601  
 35  0.0000   2112.641020  x:  0.00000   0.19846   0.01283   0.07116   0.03771   0.06296   0.03730   0.06228   0.10089   0.05613   0.15906   0.00335   0.20940   0.02785   0.06557   0.00761   0.05030   0.02462   0.05425   0.17731   0.03945   0.26563   0.24571   7.14288   1.57518   1.14093   1.71937   0.87601  
 36  0.0000   2112.641020  x:  0.00000   0.19846   0.01283   0.07116   0.03771   0.06296   0.03730   0.06228   0.10089   0.05613   0.15906   0.00335   0.20940   0.02785   0.06557   0.00761   0.05030   0.02462   0.05425   0.17731   0.03945   0.26563   0.24571   7.14288   1.57518   1.14093   1.71937   0.87601  
check convergence!


TREE # 2

  0  0.0000   2433.223040  x:  0.00000   0.19846   0.01283   0.07116   0.03771   0.06296   0.03730   0.06228   0.10089   0.05613   0.15906   0.00335   0.20940   0.02785   0.06557   0.00761   0.05030   0.02462   0.05425   0.17731   0.03945   0.26563   0.24571   7.14288   1.54496   1.03895   1.56772   0.87601  
  1 99.0000   2234.964947  x:  0.39168   0.20537   0.24569   0.11866   0.03585   0.06048   0.09443   0.06520   0.09269   0.04298   0.14757   0.05955   0.21298   0.09366   0.10796   0.10659   0.04183   0.07935   0.05772   0.16609   0.03517   0.25190   0.23145   7.14286   1.54413   1.03981   1.56869   0.87593  
  2 4017.8632   2188.402894  x:  0.38446   0.16394   0.25676   0.14822   0.02776   0.04444   0.13832   0.06573   0.06836   0.00000   0.11119   0.02706   0.16873   0.13001   0.14726   0.08342   0.00891   0.09464   0.06333   0.13426   0.02551   0.21165   0.18934   7.14300   1.54137   1.04527   1.56913   0.87528  
  3 407.6224   2142.131122  x:  0.37027   0.05229   0.28215   0.20266   0.03244   0.02041   0.20017   0.07166   0.03511   0.08511   0.02675   0.00648   0.04949   0.18110   0.20860   0.03939   0.00747   0.11732   0.07247   0.05830   0.02861   0.10768   0.07894   7.14332   1.53472   1.05805   1.57136   0.87324  
  4 727.8019   2133.090110  x:  0.36117   0.01373   0.28719   0.21707   0.03502   0.01684   0.21628   0.07263   0.03039   0.09018   0.01804   0.03708   0.00799   0.19357   0.22445   0.03329   0.01235   0.12178   0.07487   0.03973   0.03184   0.07489   0.04308   7.14341   1.53257   1.06203   1.57228   0.87264  
  5 981.2003   2130.625891  x:  0.36015   0.00673   0.28848   0.21908   0.03601   0.01746   0.21801   0.07276   0.03177   0.09069   0.02320   0.03595   0.00000   0.19481   0.22626   0.03505   0.01355   0.12195   0.07517   0.03913   0.03306   0.06970   0.03735   7.14343   1.53217   1.06274   1.57253   0.87254  
  6 470.6400   2129.863918  x:  0.35795   0.00000   0.29133   0.22117   0.03866   0.01997   0.21719   0.07232   0.03747   0.08825   0.01760   0.03381   0.00000   0.19419   0.22664   0.04174   0.01537   0.11985   0.07524   0.04522   0.03627   0.06374   0.03288   7.14347   1.53129   1.06414   1.57331   0.87248  
  7 122.8402   2129.246974  x:  0.35200   0.00000   0.30389   0.22961   0.04250   0.01647   0.21248   0.06925   0.03798   0.08866   0.01963   0.03420   0.00000   0.19183   0.22737   0.04094   0.01056   0.11253   0.07451   0.05025   0.03942   0.05137   0.03362   7.14363   1.52800   1.06920   1.57630   0.87248  
  8 39.6993   2128.715745  x:  0.34305   0.00000   0.32061   0.24128   0.04354   0.01903   0.20835   0.06721   0.03638   0.08592   0.02137   0.03221   0.00000   0.18988   0.22954   0.04130   0.01980   0.10585   0.07323   0.04830   0.03761   0.04582   0.03411   7.14389   1.52314   1.07667   1.58077   0.87244  
  9 69.4690   2128.105554  x:  0.33084   0.00000   0.34150   0.25484   0.04171   0.02318   0.20377   0.06815   0.04215   0.08660   0.02333   0.03203   0.00000   0.18684   0.23187   0.04456   0.01647   0.10223   0.07160   0.04434   0.03839   0.05488   0.02791   7.14428   1.51605   1.08778   1.58756   0.87226  
 10 63.9591   2127.735947  x:  0.32356   0.00000   0.35347   0.25973   0.03837   0.01842   0.20179   0.07121   0.04081   0.08676   0.02399   0.03130   0.00000   0.18402   0.23184   0.04962   0.01757   0.10829   0.07497   0.04863   0.04085   0.05903   0.03265   7.14467   1.51001   1.09769   1.59400   0.87190  
 11 35.0689   2127.308546  x:  0.32193   0.00000   0.36433   0.25635   0.04142   0.02640   0.19696   0.07537   0.03936   0.08455   0.02410   0.02915   0.00000   0.17715   0.22543   0.04634   0.01513   0.11733   0.07706   0.05302   0.03734   0.05837   0.03635   7.14531   1.50188   1.11162   1.60397   0.87141  
 12 35.0583   2126.621630  x:  0.32699   0.00000   0.37332   0.24119   0.04039   0.01994   0.18681   0.07329   0.04298   0.07719   0.02346   0.02295   0.00000   0.16590   0.21027   0.04278   0.01666   0.12306   0.07337   0.05111   0.03344   0.05736   0.03195   7.14644   1.49016   1.13284   1.62067   0.87081  
 13 50.9671   2126.144150  x:  0.33297   0.00000   0.37167   0.22856   0.04023   0.02316   0.18549   0.06894   0.03907   0.07392   0.02378   0.01888   0.00000   0.16581   0.20306   0.04697   0.01526   0.11783   0.07123   0.04583   0.04212   0.05727   0.03430   7.14739   1.48341   1.14691   1.63386   0.87051  
 14 41.8716   2125.418601  x:  0.34548   0.00000   0.35956   0.21287   0.04023   0.02406   0.19265   0.06541   0.04228   0.07479   0.02720   0.01576   0.00000   0.17781   0.20139   0.04841   0.01590   0.10315   0.07333   0.05445   0.03604   0.06076   0.03585   7.14900   1.47713   1.16473   1.65487   0.87027  
 15 43.0159   2125.144220  x:  0.35267   0.00000   0.34638   0.21339   0.04461   0.02263   0.19303   0.07329   0.04713   0.07396   0.02980   0.01443   0.00000   0.17962   0.20398   0.04990   0.01714   0.11001   0.07199   0.05270   0.03843   0.05881   0.03620   7.14982   1.48144   1.16519   1.66331   0.87072  
 16 18.4307   2125.004814  x:  0.35689   0.00000   0.33835   0.21638   0.04118   0.02415   0.19111   0.07249   0.04381   0.07438   0.03110   0.01391   0.00000   0.17666   0.20490   0.05273   0.01653   0.11465   0.07164   0.05502   0.03766   0.05767   0.03239   7.15033   1.48683   1.16260   1.66745   0.87115  
 17 23.3891   2124.915345  x:  0.36018   0.00000   0.33427   0.22194   0.03949   0.02532   0.18952   0.06768   0.04680   0.07388   0.03119   0.01321   0.00000   0.17204   0.20613   0.05276   0.01617   0.11557   0.07289   0.05415   0.03704   0.05709   0.03475   7.15082   1.49424   1.15797   1.67007   0.87155  
 18 15.9076   2124.857195  x:  0.36227   0.00000   0.33336   0.22563   0.04258   0.02451   0.18806   0.06728   0.04541   0.07258   0.03099   0.01236   0.00000   0.16848   0.20634   0.05167   0.01677   0.11345   0.07254   0.05533   0.03781   0.05941   0.03429   7.15126   1.50169   1.15320   1.67168   0.87190  
 19 15.8535   2124.809681  x:  0.36222   0.00000   0.33509   0.22567   0.04091   0.02445   0.18698   0.07137   0.04505   0.07203   0.03073   0.01190   0.00000   0.16705   0.20494   0.05288   0.01603   0.11034   0.07103   0.05484   0.03636   0.05862   0.03519   7.15183   1.51062   1.14790   1.67289   0.87225  
 20 10.9125   2124.751662  x:  0.36038   0.00000   0.34006   0.22192   0.03873   0.02519   0.18708   0.07164   0.04592   0.07136   0.03101   0.01149   0.00000   0.16955   0.20259   0.05047   0.01686   0.11109   0.07152   0.05599   0.03865   0.05854   0.03462   7.15278   1.52378   1.14115   1.67438   0.87271  
 21 11.3564   2124.687163  x:  0.35675   0.00000   0.34541   0.21669   0.04144   0.02481   0.18742   0.06880   0.04571   0.07138   0.03131   0.01136   0.00000   0.17284   0.20013   0.05270   0.01632   0.11366   0.07215   0.05509   0.03695   0.05863   0.03451   7.15400   1.53859   1.13465   1.67615   0.87316  
 22 24.0522   2124.546654  x:  0.35571   0.00000   0.34673   0.21162   0.04162   0.02505   0.19347   0.06703   0.04620   0.07124   0.03186   0.01209   0.00000   0.16651   0.20620   0.05262   0.01661   0.11467   0.06433   0.05684   0.03721   0.05875   0.03577   7.15844   1.55908   1.14588   1.68275   0.87296  
 23  2.9217   2124.143722  x:  0.35708   0.00000   0.34533   0.20242   0.04211   0.02454   0.19780   0.06940   0.04632   0.06791   0.03284   0.01322   0.00000   0.15236   0.21340   0.05335   0.01659   0.11053   0.07655   0.05454   0.03803   0.05875   0.03360   7.17205   1.61583   1.18327   1.70376   0.87257  
 24 31.5023   2122.857484  x:  0.36446   0.00000   0.32788   0.21587   0.04136   0.02547   0.17116   0.06935   0.04679   0.05633   0.03382   0.01695   0.00000   0.17028   0.19587   0.05295   0.01658   0.10674   0.07238   0.05604   0.03888   0.06058   0.03552   7.21626   1.78056   1.30279   1.77856   0.87336  
 25 47.8997   2122.380840  x:  0.36453   0.00000   0.32368   0.22429   0.04212   0.02451   0.18896   0.06951   0.04735   0.05311   0.03446   0.01879   0.00000   0.16561   0.17235   0.05334   0.01677   0.10520   0.07258   0.05614   0.03953   0.06061   0.03514   7.23278   1.79606   1.30122   1.83136   0.88433  
 26 10.1651   2121.817206  x:  0.36490   0.01228   0.32166   0.21940   0.04198   0.02463   0.17850   0.06933   0.04733   0.04775   0.03469   0.02067   0.00000   0.16534   0.17935   0.05310   0.01660   0.10266   0.07260   0.05616   0.03993   0.06095   0.03535   7.25384   1.79946   1.28286   1.90199   0.90011  
 27 29.3398   2120.923505  x:  0.36545   0.00000   0.31841   0.21301   0.04185   0.02474   0.16484   0.06909   0.04735   0.03974   0.03509   0.02351   0.00000   0.16456   0.18753   0.05279   0.01637   0.09887   0.07265   0.05620   0.04058   0.06145   0.03564   7.28558   1.80503   1.25587   2.00663   0.92303  
 28 231.5475   2118.228833  x:  0.36947   0.00237   0.31002   0.20652   0.04269   0.02574   0.15193   0.06855   0.05098   0.01506   0.04019   0.02814   0.00000   0.15311   0.17289   0.05560   0.01663   0.09348   0.07253   0.05934   0.04283   0.06368   0.03677   7.38008   1.65807   1.09399   1.80823   0.80660  
 29  4.8732   2117.756366  x:  0.37023   0.00228   0.30866   0.20477   0.04296   0.02608   0.14990   0.06843   0.05205   0.01029   0.04132   0.02879   0.00000   0.15091   0.17005   0.05643   0.01685   0.09295   0.07250   0.06043   0.04325   0.06419   0.03709   7.39505   1.62794   1.07248   1.73616   0.88675  
 30  8.8073   2116.368807  x:  0.35460   0.00109   0.31502   0.20400   0.04192   0.02686   0.16631   0.06597   0.05437   0.00261   0.04363   0.02904   0.00000   0.15638   0.18103   0.05901   0.01597   0.09862   0.07147   0.06102   0.04163   0.06324   0.03688   7.33843   1.61664   1.12622   1.74145   0.87173  
 31  0.1432   2115.382966  x:  0.34085   0.00000   0.32019   0.20621   0.04063   0.02780   0.18306   0.06462   0.05577   0.00742   0.04554   0.02900   0.00000   0.16312   0.19285   0.06159   0.01450   0.10392   0.07112   0.06204   0.03978   0.06258   0.03671   7.29343   1.57357   1.14333   1.69228   0.87843  
 32  0.5833   2115.382966  x:  0.34085   0.00000   0.32019   0.20621   0.04063   0.02780   0.18306   0.06462   0.05577   0.00742   0.04554   0.02900   0.00000   0.16312   0.19285   0.06159   0.01450   0.10392   0.07112   0.06204   0.03978   0.06258   0.03671   7.29343   1.57357   1.14333   1.69228   0.87843  
 33  0.0692   2114.744144  x:  0.32707   0.00122   0.31255   0.20662   0.03970   0.02745   0.18157   0.06520   0.05419   0.00830   0.05182   0.02019   0.00000   0.16317   0.19324   0.05643   0.00898   0.10218   0.07120   0.06206   0.03724   0.06307   0.03761   7.29342   1.57334   1.14315   1.69258   0.87854  
 34 55.7003   2113.745144  x:  0.28686   0.00297   0.29024   0.20762   0.03833   0.02688   0.17754   0.06652   0.05125   0.00683   0.06123   0.02001   0.00000   0.16301   0.19465   0.04782   0.01934   0.09847   0.07162   0.06265   0.03329   0.06394   0.03879   7.29336   1.57263   1.14256   1.69358   0.87881  
 35 107.3176   2113.078250  x:  0.25581   0.00239   0.27304   0.20837   0.03864   0.02760   0.17490   0.06708   0.05196   0.01064   0.06052   0.02776   0.00000   0.16242   0.19588   0.04767   0.01439   0.09698   0.07159   0.06295   0.03575   0.06394   0.03828   7.29330   1.57207   1.14200   1.69452   0.87904  
 36 137.6106   2112.815653  x:  0.24362   0.00319   0.26629   0.20882   0.03905   0.02755   0.17431   0.06683   0.05271   0.00603   0.05646   0.02685   0.00000   0.16187   0.19658   0.05132   0.01289   0.09742   0.07149   0.06292   0.03744   0.06362   0.03764   7.29325   1.57180   1.14167   1.69506   0.87916  
 37 93.1133   2112.724321  x:  0.23867   0.00376   0.26343   0.20911   0.03926   0.02780   0.17435   0.06654   0.05362   0.00793   0.05325   0.02425   0.00000   0.16139   0.19706   0.05407   0.01413   0.09828   0.07142   0.06275   0.03772   0.06335   0.03736   7.29321   1.57165   1.14141   1.69546   0.87921  
 38 53.8030   2112.717189  x:  0.23841   0.00305   0.26290   0.20925   0.03906   0.02780   0.17490   0.06620   0.05366   0.00788   0.05258   0.02427   0.00000   0.16083   0.19748   0.05384   0.01403   0.09918   0.07137   0.06245   0.03657   0.06329   0.03769   7.29316   1.57153   1.14114   1.69592   0.87923  
 39  6.8383   2112.713845  x:  0.23841   0.00375   0.26251   0.20950   0.03902   0.02779   0.17551   0.06597   0.05363   0.00790   0.05239   0.02444   0.00000   0.16028   0.19794   0.05354   0.01393   0.09995   0.07134   0.06234   0.03628   0.06326   0.03780   7.29310   1.57138   1.14079   1.69649   0.87926  
 40  6.2472   2112.710133  x:  0.23859   0.00352   0.26177   0.20986   0.03914   0.02780   0.17656   0.06582   0.05352   0.00791   0.05272   0.02432   0.00000   0.15930   0.19878   0.05332   0.01402   0.10083   0.07133   0.06246   0.03700   0.06325   0.03764   7.29295   1.57105   1.14004   1.69776   0.87931  
 41  5.2727   2112.707233  x:  0.23897   0.00354   0.26102   0.21023   0.03927   0.02759   0.17728   0.06616   0.05356   0.00793   0.05309   0.02440   0.00000   0.15866   0.19952   0.05397   0.01396   0.10011   0.07136   0.06264   0.03660   0.06331   0.03751   7.29269   1.57048   1.13884   1.69992   0.87939  
 42  3.0407   2112.704359  x:  0.23933   0.00355   0.26047   0.21045   0.03901   0.02776   0.17732   0.06623   0.05355   0.00791   0.05250   0.02432   0.00000   0.15864   0.19984   0.05350   0.01399   0.09915   0.07138   0.06246   0.03687   0.06330   0.03790   7.29229   1.56967   1.13725   1.70301   0.87949  
 43  3.8957   2112.700496  x:  0.23950   0.00353   0.26031   0.21037   0.03908   0.02768   0.17637   0.06577   0.05353   0.00790   0.05247   0.02432   0.00000   0.15939   0.19942   0.05338   0.01398   0.09946   0.07119   0.06228   0.03676   0.06306   0.03708   7.29157   1.56839   1.13486   1.70810   0.87959  
 44  4.5646   2112.698727  x:  0.23941   0.00352   0.26050   0.21018   0.03920   0.02776   0.17594   0.06580   0.05354   0.00789   0.05273   0.02434   0.00000   0.15969   0.19902   0.05370   0.01396   0.09994   0.07128   0.06234   0.03679   0.06322   0.03769   7.29116   1.56781   1.13382   1.71061   0.87960  
 45  6.2068   2112.698042  x:  0.23910   0.00352   0.26105   0.20985   0.03896   0.02770   0.17612   0.06620   0.05356   0.00789   0.05263   0.02434   0.00000   0.15945   0.19868   0.05362   0.01395   0.10005   0.07135   0.06263   0.03676   0.06328   0.03760   7.29087   1.56766   1.13375   1.71174   0.87952  
 46  1.4849   2112.697493  x:  0.23877   0.00351   0.26165   0.20957   0.03927   0.02777   0.17643   0.06610   0.05352   0.00788   0.05263   0.02433   0.00000   0.15913   0.19845   0.05359   0.01396   0.09989   0.07128   0.06239   0.03676   0.06316   0.03760   7.29048   1.56767   1.13406   1.71274   0.87937  
 47  1.4007   2112.697152  x:  0.23864   0.00351   0.26189   0.20949   0.03909   0.02758   0.17656   0.06579   0.05355   0.00790   0.05269   0.02434   0.00000   0.15908   0.19846   0.05366   0.01396   0.09979   0.07126   0.06233   0.03681   0.06319   0.03764   7.29014   1.56779   1.13450   1.71338   0.87923  
 48  1.3333   2112.695776  x:  0.23858   0.00351   0.26222   0.20959   0.03897   0.02812   0.17676   0.06544   0.05354   0.00786   0.05270   0.02435   0.00000   0.15940   0.19891   0.05376   0.01393   0.09974   0.07133   0.06264   0.03673   0.06346   0.03753   7.28845   1.56867   1.13696   1.71601   0.87853  
 49  1.8936   2112.692836  x:  0.23878   0.00348   0.26236   0.20991   0.03939   0.02757   0.17671   0.06590   0.05361   0.00787   0.05246   0.02433   0.00000   0.15999   0.19971   0.05365   0.01389   0.09994   0.07140   0.06266   0.03679   0.06331   0.03762   7.28467   1.57084   1.14239   1.72157   0.87706  
 50  7.4468   2112.691435  x:  0.23912   0.00353   0.26200   0.20997   0.03895   0.02780   0.17645   0.06623   0.05357   0.00785   0.05258   0.02436   0.00000   0.15966   0.19944   0.05388   0.01387   0.10005   0.07118   0.06219   0.03686   0.06296   0.03761   7.28275   1.57223   1.14475   1.72404   0.87652  
 51  4.5937   2112.689769  x:  0.23972   0.00359   0.26124   0.20989   0.03916   0.02777   0.17599   0.06594   0.05369   0.00783   0.05243   0.02434   0.00000   0.15875   0.19844   0.05384   0.01386   0.09998   0.07115   0.06246   0.03685   0.06327   0.03760   7.28029   1.57447   1.14704   1.72669   0.87615  
 52  3.8060   2112.687585  x:  0.24005   0.00364   0.26095   0.20941   0.03918   0.02775   0.17652   0.06572   0.05330   0.00786   0.05231   0.02436   0.00000   0.15909   0.19796   0.05398   0.01380   0.09996   0.07197   0.06260   0.03685   0.06271   0.03760   7.27656   1.57897   1.14813   1.72929   0.87662  
 53  1.7490   2112.683451  x:  0.24042   0.00368   0.26098   0.20866   0.03922   0.02777   0.17742   0.06586   0.05396   0.00780   0.05224   0.02436   0.00000   0.15990   0.19777   0.05402   0.01377   0.10004   0.07136   0.06223   0.03694   0.06322   0.03750   7.26931   1.58781   1.14958   1.73388   0.87783  
 54  8.7311   2112.681849  x:  0.24038   0.00364   0.26157   0.20887   0.03920   0.02770   0.17687   0.06586   0.05330   0.00785   0.05206   0.02438   0.00000   0.15956   0.19831   0.05416   0.01373   0.10004   0.07086   0.06241   0.03696   0.06326   0.03755   7.26638   1.59099   1.14990   1.73538   0.87843  
 55  4.2683   2112.680774  x:  0.24030   0.00359   0.26216   0.20931   0.03917   0.02780   0.17623   0.06582   0.05377   0.00779   0.05210   0.02437   0.00000   0.15908   0.19882   0.05414   0.01372   0.10004   0.07112   0.06247   0.03695   0.06298   0.03757   7.26432   1.59283   1.15002   1.73619   0.87889  
 56  3.7930   2112.680086  x:  0.24030   0.00355   0.26242   0.20982   0.03915   0.02778   0.17617   0.06592   0.05365   0.00780   0.05204   0.02438   0.00000   0.15899   0.19874   0.05419   0.01371   0.10008   0.07157   0.06205   0.03699   0.06343   0.03739   7.26276   1.59296   1.15001   1.73619   0.87925  
 57  0.8529   2112.674349  x:  0.24083   0.00330   0.26345   0.21274   0.03916   0.02773   0.17718   0.06588   0.05379   0.00778   0.05177   0.02443   0.00000   0.15943   0.19727   0.05444   0.01361   0.10017   0.07102   0.06248   0.03707   0.06297   0.03755   7.24899   1.59066   1.14972   1.73450   0.88227  
 58  2.0689   2112.654071  x:  0.24431   0.00337   0.26470   0.20929   0.03939   0.02781   0.17712   0.06566   0.05410   0.00770   0.05075   0.02453   0.00000   0.15911   0.19859   0.05546   0.01318   0.10068   0.07119   0.06235   0.03745   0.06302   0.03739   7.19988   1.57987   1.14822   1.72688   0.89102  
 59  7.4198   2112.641503  x:  0.24609   0.00333   0.26594   0.20941   0.03946   0.02785   0.17741   0.06555   0.05427   0.00764   0.05010   0.02460   0.00000   0.15909   0.19844   0.05609   0.01290   0.10093   0.07117   0.06227   0.03769   0.06296   0.03729   7.16915   1.57541   1.14105   1.71971   0.87657  
 60  1.9744   2112.641022  x:  0.24571   0.00335   0.26563   0.20940   0.03946   0.02785   0.17732   0.06557   0.05425   0.00761   0.05031   0.02463   0.00000   0.15906   0.19846   0.05613   0.01282   0.10089   0.07116   0.06228   0.03771   0.06296   0.03730   7.14333   1.57520   1.14094   1.71940   0.87603  
 61  0.0270   2112.641020  x:  0.24571   0.00335   0.26563   0.20940   0.03945   0.02785   0.17731   0.06557   0.05425   0.00761   0.05030   0.02462   0.00000   0.15906   0.19846   0.05613   0.01283   0.10089   0.07116   0.06228   0.03771   0.06296   0.03730   7.14288   1.57519   1.14093   1.71938   0.87601  
 62  0.0005   2112.641020  x:  0.24571   0.00335   0.26563   0.20940   0.03945   0.02785   0.17731   0.06557   0.05425   0.00761   0.05030   0.02462   0.00000   0.15906   0.19846   0.05613   0.01283   0.10089   0.07116   0.06228   0.03771   0.06296   0.03730   7.14288   1.57518   1.14093   1.71937   0.87601  