

TREE # 1

  0  0.0000   2201.203038  x:  0.06259   0.01487   0.11194   0.00936   0.08642   0.06055   0.07029   0.03076   0.09115   0.07557   0.05474   0.15405   0.00000   0.08930   0.00609   0.05722   0.00681   0.10686   0.09285   0.08049   0.10216   0.05811   0.15346   0.08121   2.00000   1.95305   0.98681   1.44795   0.40000  
  1 99.0000   2181.693836  x:  0.06983   0.03868   0.12915   0.05858   0.07304   0.04600   0.07444   0.01529   0.08810   0.10039   0.04180   0.16179   0.08830   0.12451   0.04252   0.04440   0.01875   0.09480   0.12838   0.07134   0.09668   0.04336   0.16738   0.08845   2.00699   1.95042   0.98551   1.45108   0.41653  
  2 726.4030   2164.457497  x:  0.07542   0.03441   0.15495   0.04974   0.04825   0.02462   0.08034   0.00391   0.08366   0.12843   0.01676   0.17163   0.08145   0.15971   0.02489   0.02472   0.00298   0.07225   0.17039   0.05481   0.08708   0.01877   0.18620   0.09404   2.02113   1.94463   0.98421   1.45708   0.44631  
  3 322.4530   2160.412681  x:  0.07767   0.03212   0.16628   0.04572   0.03774   0.01933   0.08277   0.01603   0.08192   0.14005   0.00925   0.17599   0.07717   0.17473   0.01832   0.02001   0.01236   0.06274   0.18825   0.04822   0.08310   0.01286   0.19445   0.09629   2.02827   1.94175   0.98355   1.46008   0.46036  
  4 784.5296   2154.613224  x:  0.08143   0.02691   0.18896   0.03997   0.02264   0.02424   0.08588   0.01878   0.07925   0.16097   0.02809   0.18487   0.06594   0.20373   0.01711   0.03101   0.01613   0.04512   0.22194   0.03887   0.07655   0.03357   0.21089   0.10005   2.04645   1.93454   0.98197   1.46749   0.49245  
  5 367.9256   2151.379973  x:  0.08233   0.02321   0.20390   0.03928   0.04830   0.03662   0.08490   0.01694   0.07941   0.17092   0.02210   0.19133   0.05134   0.22282   0.02875   0.04925   0.01936   0.04068   0.24440   0.03945   0.07627   0.03194   0.22222   0.10095   2.06956   1.92549   0.98075   1.47598   0.52470  
  6 199.5293   2147.998443  x:  0.07707   0.03291   0.20853   0.06029   0.04051   0.03014   0.07439   0.01492   0.08609   0.15714   0.02794   0.19617   0.03107   0.23117   0.03190   0.05440   0.02240   0.07091   0.25505   0.05257   0.09087   0.02336   0.22790   0.09569   2.13704   1.89957   0.98058   1.49701   0.58958  
  7 94.8906   2144.253273  x:  0.07321   0.03936   0.20022   0.07039   0.04086   0.03616   0.07398   0.02452   0.08776   0.13453   0.01328   0.19623   0.02972   0.22766   0.03407   0.03795   0.01036   0.06946   0.24934   0.04964   0.09521   0.04249   0.22652   0.09183   2.23488   1.86311   0.98175   1.52480   0.66336  
  8 164.9263   2139.490958  x:  0.07240   0.03804   0.18293   0.06714   0.05017   0.03517   0.08115   0.01305   0.08439   0.11267   0.02552   0.19211   0.03764   0.21409   0.02797   0.02147   0.02379   0.04909   0.23052   0.04137   0.08946   0.03660   0.21963   0.09102   2.37988   1.81081   0.98378   1.56334   0.75561  
  9 332.5364   2135.484040  x:  0.07540   0.03369   0.16455   0.05486   0.04185   0.02826   0.08840   0.01578   0.07941   0.10963   0.02477   0.18556   0.05734   0.19633   0.02243   0.04855   0.01895   0.03464   0.20629   0.04135   0.07909   0.02476   0.20973   0.09402   2.52666   1.76041   0.98537   1.59928   0.83242  
 10 421.6034   2132.804941  x:  0.08025   0.02449   0.15982   0.03298   0.03881   0.03197   0.08805   0.01335   0.07800   0.13795   0.02282   0.17972   0.07062   0.18242   0.02822   0.04428   0.02078   0.05529   0.19203   0.03915   0.07312   0.02590   0.20168   0.09887   2.63801   1.72768   0.98494   1.62053   0.86449  
 11 207.0004   2130.810134  x:  0.08264   0.02437   0.16796   0.03798   0.04709   0.03056   0.08195   0.02244   0.08115   0.16519   0.03119   0.17615   0.07299   0.17322   0.02168   0.03575   0.01241   0.05016   0.18607   0.05442   0.07927   0.02443   0.19595   0.10126   2.74292   1.70465   0.98245   1.63236   0.86174  
 12 139.6274   2127.866234  x:  0.08091   0.02947   0.18216   0.04810   0.04375   0.02550   0.07575   0.01051   0.08499   0.18356   0.01866   0.17385   0.06288   0.16594   0.01977   0.03890   0.02472   0.03894   0.18257   0.06026   0.08853   0.03541   0.19099   0.09953   2.90578   1.67553   0.97713   1.64380   0.83290  
 13 226.8266   2120.351905  x:  0.07164   0.04025   0.21167   0.06579   0.03240   0.04111   0.08166   0.01399   0.08480   0.18464   0.02220   0.17580   0.03885   0.17194   0.03975   0.04313   0.01998   0.03491   0.19329   0.02724   0.09186   0.02016   0.19135   0.09026   3.33540   1.60870   0.96043   1.66422   0.73130  
 14 418.5783   2113.187885  x:  0.07166   0.03578   0.22409   0.05766   0.04372   0.02641   0.09935   0.01663   0.07394   0.15006   0.02360   0.18644   0.03976   0.20787   0.03303   0.04372   0.01890   0.05450   0.22856   0.04694   0.06903   0.03003   0.20975   0.09028   3.78959   1.54969   0.93894   1.67568   0.61744  
 15 545.4421   2111.697075  x:  0.07836   0.02922   0.21436   0.04931   0.04073   0.04004   0.08480   0.01419   0.08322   0.13982   0.02255   0.19108   0.04848   0.22046   0.02304   0.04486   0.02007   0.05405   0.23847   0.04959   0.08295   0.02745   0.21860   0.09698   3.88782   1.54904   0.93050   1.66808   0.59741  
 16 166.1916   2110.928582  x:  0.08105   0.02541   0.20118   0.04500   0.04356   0.02861   0.07283   0.01671   0.08687   0.13909   0.02463   0.19404   0.04756   0.22565   0.02987   0.04501   0.01890   0.05126   0.24160   0.04426   0.08987   0.02920   0.22371   0.09967   3.93952   1.56139   0.92244   1.65314   0.59314  
 17 86.9969   2108.803587  x:  0.08147   0.03680   0.15612   0.05487   0.04312   0.03325   0.07816   0.01546   0.08148   0.15555   0.02406   0.20259   0.03595   0.23261   0.02785   0.04446   0.02007   0.05020   0.24497   0.04484   0.08336   0.02934   0.23492   0.10009   4.09524   1.63549   0.88873   1.57526   0.60082  
 18 83.8773   2106.833502  x:  0.07676   0.02455   0.18729   0.04902   0.04102   0.03249   0.08660   0.01550   0.08743   0.14427   0.02370   0.19920   0.04429   0.22254   0.03015   0.04420   0.01945   0.05040   0.23838   0.04866   0.08487   0.02793   0.23126   0.09538   4.25042   1.72957   0.85779   1.47480   0.62396  
 19 85.2345   2106.639086  x:  0.07914   0.03019   0.19262   0.04797   0.04348   0.03197   0.08148   0.01570   0.08344   0.14242   0.02399   0.19771   0.04561   0.22153   0.02584   0.04552   0.01932   0.05237   0.23802   0.04490   0.08277   0.02871   0.22891   0.09776   4.26607   1.73899   0.85816   1.46369   0.62664  
 20 48.3210   2106.582053  x:  0.08044   0.02925   0.19291   0.04830   0.04211   0.03315   0.07847   0.01558   0.08008   0.14148   0.02379   0.19560   0.04455   0.22208   0.02783   0.04485   0.01940   0.05149   0.23917   0.04683   0.08099   0.02807   0.22608   0.09906   4.27118   1.74144   0.86441   1.45919   0.62754  
 21 12.5987   2106.474505  x:  0.08133   0.02710   0.19112   0.05011   0.04309   0.03250   0.08094   0.01566   0.08198   0.14199   0.02385   0.19130   0.04412   0.22496   0.02640   0.04567   0.01946   0.05246   0.24263   0.04519   0.08248   0.02877   0.21956   0.09995   4.28181   1.74558   0.88592   1.44938   0.62946  
 22 14.7893   2106.433776  x:  0.08010   0.03058   0.19101   0.04718   0.04288   0.03251   0.08154   0.01574   0.08366   0.14226   0.02413   0.19244   0.04423   0.22555   0.02750   0.04541   0.01944   0.05174   0.24262   0.04645   0.08306   0.02849   0.21992   0.09872   4.28614   1.74729   0.89518   1.44634   0.63020  
 23 13.2975   2106.381023  x:  0.07777   0.02887   0.19167   0.04795   0.04309   0.03267   0.07987   0.01569   0.08241   0.14311   0.02403   0.19751   0.04505   0.22437   0.02643   0.04551   0.01943   0.05204   0.23964   0.04598   0.08226   0.02853   0.22609   0.09639   4.29216   1.75012   0.90620   1.44502   0.63110  
 24  8.5308   2106.326649  x:  0.08216   0.02882   0.19286   0.04896   0.04278   0.03240   0.08217   0.01571   0.08235   0.14271   0.02386   0.20047   0.04384   0.22210   0.02745   0.04522   0.01936   0.05224   0.23691   0.04610   0.08302   0.02848   0.23185   0.10078   4.29877   1.75421   0.91324   1.44733   0.63203  
 25  7.6961   2105.316230  x:  0.08224   0.02987   0.19333   0.04895   0.04191   0.03237   0.07692   0.01549   0.09639   0.14211   0.02304   0.17972   0.04086   0.20887   0.02618   0.04477   0.01859   0.05195   0.24577   0.04571   0.06828   0.02783   0.24824   0.10086   4.42377   1.84560   0.95787   1.54548   0.65078  
 26  7.1426   2103.857417  x:  0.07758   0.03065   0.19396   0.04047   0.04171   0.03065   0.08323   0.01552   0.07536   0.14323   0.02258   0.16713   0.04038   0.20239   0.02391   0.04448   0.01736   0.05213   0.25471   0.04591   0.08616   0.02757   0.25302   0.09620   4.60604   1.97694   1.01708   1.68854   0.67860  
 27 178.9561   2102.386626  x:  0.08091   0.02653   0.19835   0.03844   0.04059   0.02983   0.08199   0.01529   0.07844   0.14419   0.02135   0.20470   0.03519   0.22141   0.02215   0.04289   0.01618   0.05220   0.24210   0.04620   0.08074   0.02676   0.21588   0.09953   4.79191   2.10245   1.06890   1.82813   0.70752  
 28 116.1911   2101.998925  x:  0.08071   0.02719   0.20071   0.03840   0.04030   0.02969   0.08186   0.01526   0.07861   0.14624   0.02097   0.19126   0.03187   0.24663   0.02181   0.04182   0.01595   0.05238   0.21949   0.04680   0.08065   0.02654   0.22090   0.09933   4.83713   2.09393   1.06505   1.82665   0.71649  
 29  8.8354   2094.439119  x:  0.08559   0.02405   0.18299   0.02633   0.03623   0.02531   0.08204   0.01494   0.08057   0.15475   0.01675   0.19660   0.00543   0.22990   0.01566   0.03905   0.01105   0.04861   0.24293   0.04505   0.07782   0.02490   0.23382   0.10421   5.65495   1.64820   0.88694   1.53762   0.89186  
 30 21.0025   2093.688394  x:  0.08454   0.02524   0.18566   0.03001   0.03624   0.02597   0.08216   0.01470   0.08087   0.15526   0.01689   0.19741   0.00000   0.22624   0.01669   0.03848   0.01102   0.04918   0.24096   0.04447   0.07853   0.02471   0.23299   0.10315   5.79325   1.66618   0.89285   1.54786   0.88923  
 31  0.6399   2091.259785  x:  0.07518   0.02766   0.20450   0.02847   0.04037   0.03194   0.08180   0.01363   0.08414   0.14420   0.02031   0.20036   0.00303   0.19421   0.01517   0.03531   0.01019   0.05289   0.21717   0.04067   0.08384   0.02468   0.23254   0.09379   6.84428   1.78566   0.92682   1.59386   0.84262  
 32  1.1167   2090.710744  x:  0.07714   0.02617   0.19995   0.03020   0.03989   0.03094   0.08185   0.01304   0.08346   0.14370   0.02005   0.19827   0.00000   0.19937   0.01741   0.03631   0.01110   0.05196   0.21625   0.04192   0.08371   0.02538   0.23004   0.09575   7.09850   1.74315   0.90833   1.57143   0.83263  
 33  0.4238   2090.710744  x:  0.07714   0.02617   0.19995   0.03020   0.03989   0.03094   0.08185   0.01304   0.08346   0.14370   0.02005   0.19827   0.00000   0.19937   0.01741   0.03631   0.01110   0.05196   0.21625   0.04192   0.08371   0.02538   0.23004   0.09575   7.09850   1.74315   0.90833   1.57143   0.83263  
 34  0.5641   2090.620486  x:  0.07850   0.02660   0.19861   0.03217   0.03891   0.02891   0.08177   0.01416   0.08292   0.14482   0.01897   0.19815   0.00259   0.20118   0.01757   0.03833   0.01245   0.05092   0.21750   0.04380   0.08290   0.02609   0.23009   0.09711   7.09874   1.74269   0.90828   1.57172   0.83236  
 35 24.8857   2090.596849  x:  0.07939   0.02638   0.19738   0.03247   0.03858   0.02848   0.08168   0.01347   0.08257   0.14577   0.01925   0.19796   0.00288   0.20255   0.01731   0.03889   0.01091   0.05022   0.21866   0.04422   0.08235   0.02603   0.22990   0.09800   7.09899   1.74220   0.90823   1.57201   0.83210  
 36 17.8026   2090.565281  x:  0.08104   0.02563   0.19442   0.03186   0.03851   0.02921   0.08152   0.01330   0.08196   0.14790   0.01992   0.19748   0.00150   0.20569   0.01710   0.03903   0.01178   0.04941   0.22152   0.04392   0.08135   0.02568   0.22924   0.09965   7.09967   1.74082   0.90810   1.57280   0.83139  
 37 18.1173   2090.556096  x:  0.08123   0.02589   0.19325   0.03152   0.03884   0.02957   0.08153   0.01391   0.08199   0.14849   0.01932   0.19731   0.00170   0.20698   0.01754   0.03860   0.01142   0.04968   0.22271   0.04327   0.08139   0.02588   0.22899   0.09984   7.10009   1.74002   0.90804   1.57323   0.83098  
 38 12.2619   2090.550746  x:  0.08091   0.02634   0.19243   0.03162   0.03907   0.02930   0.08159   0.01331   0.08221   0.14865   0.01925   0.19720   0.00197   0.20792   0.01744   0.03828   0.01163   0.05022   0.22360   0.04289   0.08177   0.02596   0.22878   0.09952   7.10058   1.73909   0.90797   1.57371   0.83050  
 39  8.6886   2090.546280  x:  0.08027   0.02659   0.19176   0.03194   0.03902   0.02905   0.08168   0.01373   0.08253   0.14850   0.01968   0.19707   0.00167   0.20869   0.01717   0.03834   0.01150   0.05059   0.22439   0.04309   0.08227   0.02588   0.22855   0.09888   7.10130   1.73776   0.90789   1.57436   0.82984  
 40  7.9732   2090.542514  x:  0.07967   0.02640   0.19140   0.03178   0.03878   0.02921   0.08172   0.01352   0.08271   0.14807   0.01934   0.19695   0.00144   0.20915   0.01757   0.03864   0.01149   0.05038   0.22490   0.04363   0.08255   0.02588   0.22838   0.09828   7.10230   1.73598   0.90778   1.57521   0.82896  
 41  6.6179   2090.537014  x:  0.07931   0.02612   0.19140   0.03141   0.03872   0.02970   0.08169   0.01357   0.08265   0.14727   0.01948   0.19682   0.00217   0.20942   0.01710   0.03862   0.01158   0.04973   0.22519   0.04367   0.08241   0.02577   0.22830   0.09792   7.10433   1.73248   0.90755   1.57681   0.82726  
 42  7.8842   2090.523816  x:  0.07956   0.02600   0.19212   0.03195   0.03903   0.02908   0.08159   0.01361   0.08213   0.14582   0.01975   0.19662   0.00191   0.20924   0.01758   0.03849   0.01160   0.04914   0.22521   0.04274   0.08160   0.02627   0.22815   0.09816   7.10990   1.72315   0.90684   1.58096   0.82279  
 43 15.6750   2090.516719  x:  0.08008   0.02636   0.19265   0.03190   0.03901   0.02907   0.08159   0.01361   0.08208   0.14584   0.01909   0.19665   0.00159   0.20887   0.01708   0.03872   0.01152   0.04984   0.22495   0.04288   0.08151   0.02572   0.22817   0.09869   7.11323   1.71794   0.90633   1.58313   0.82034  
 44 18.8187   2090.512030  x:  0.08050   0.02656   0.19301   0.03167   0.03887   0.02941   0.08165   0.01357   0.08229   0.14656   0.01959   0.19678   0.00185   0.20848   0.01746   0.03873   0.01151   0.05057   0.22457   0.04341   0.08184   0.02579   0.22830   0.09911   7.11575   1.71440   0.90586   1.58445   0.81874  
 45 15.1442   2090.509466  x:  0.08048   0.02614   0.19305   0.03176   0.03884   0.02930   0.08173   0.01358   0.08256   0.14763   0.01943   0.19696   0.00182   0.20815   0.01724   0.03825   0.01152   0.05042   0.22416   0.04363   0.08228   0.02617   0.22847   0.09909   7.11757   1.71248   0.90543   1.58486   0.81798  
 46  6.3517   2090.507979  x:  0.08025   0.02610   0.19293   0.03185   0.03893   0.02919   0.08174   0.01361   0.08262   0.14839   0.01945   0.19715   0.00192   0.20797   0.01743   0.03834   0.01155   0.05012   0.22382   0.04340   0.08236   0.02569   0.22863   0.09886   7.11909   1.71143   0.90500   1.58474   0.81770  
 47  4.1809   2090.506016  x:  0.07991   0.02647   0.19262   0.03172   0.03891   0.02934   0.08169   0.01358   0.08246   0.14901   0.01946   0.19745   0.00182   0.20780   0.01728   0.03890   0.01154   0.05000   0.22342   0.04310   0.08209   0.02605   0.22885   0.09852   7.12180   1.71016   0.90416   1.58400   0.81759  
 48  4.2941   2090.493193  x:  0.07945   0.02661   0.19057   0.03179   0.03844   0.02926   0.08144   0.01360   0.08144   0.14873   0.01947   0.19858   0.00179   0.20754   0.01741   0.03774   0.01153   0.05072   0.22239   0.04389   0.08047   0.02587   0.22995   0.09806   7.14274   1.70265   0.89775   1.57646   0.81807  
 49  6.4514   2090.468092  x:  0.08040   0.02572   0.18862   0.03194   0.04006   0.02938   0.08170   0.01356   0.08229   0.14697   0.01952   0.19941   0.00181   0.20754   0.01731   0.03880   0.01152   0.05069   0.22171   0.04372   0.08193   0.02597   0.23116   0.09901   7.18523   1.68823   0.88545   1.56077   0.81944  
 50 32.9243   2090.453964  x:  0.08088   0.02658   0.18927   0.03150   0.03838   0.02909   0.08186   0.01362   0.08297   0.14659   0.01954   0.19908   0.00161   0.20775   0.01734   0.03862   0.01158   0.04980   0.22226   0.04299   0.08294   0.02592   0.23104   0.09949   7.20937   1.68037   0.87936   1.55182   0.82028  
 51 45.1460   2090.435925  x:  0.08041   0.02677   0.19285   0.03258   0.03883   0.02999   0.08174   0.01348   0.08269   0.14782   0.01940   0.19724   0.00171   0.20834   0.01735   0.03852   0.01156   0.04966   0.22453   0.04328   0.08234   0.02592   0.22947   0.09902   7.24160   1.67057   0.87355   1.54005   0.82146  
 52 29.6199   2090.430169  x:  0.08018   0.02623   0.19392   0.03169   0.03905   0.02916   0.08173   0.01362   0.08246   0.14827   0.01948   0.19669   0.00189   0.20853   0.01735   0.03877   0.01157   0.05004   0.22519   0.04331   0.08202   0.02596   0.22888   0.09879   7.25204   1.66761   0.87242   1.53640   0.82181  
 53 32.2449   2090.417961  x:  0.08025   0.02521   0.19333   0.03223   0.03815   0.02950   0.08193   0.01360   0.08228   0.14826   0.01941   0.19724   0.00217   0.20861   0.01735   0.03917   0.01156   0.05080   0.22465   0.04262   0.08221   0.02599   0.22776   0.09885   7.27682   1.66272   0.87670   1.52968   0.82240  
 54  7.6448   2090.405469  x:  0.08049   0.02634   0.19265   0.03187   0.03904   0.02932   0.08202   0.01363   0.08240   0.14817   0.01950   0.19800   0.00194   0.20867   0.01739   0.03878   0.01159   0.05003   0.22408   0.04338   0.08240   0.02598   0.22704   0.09910   7.30293   1.65811   0.88162   1.52320   0.82300  
 55 43.8851   2090.394032  x:  0.08044   0.02628   0.19311   0.03188   0.03901   0.02932   0.08103   0.01363   0.08410   0.14819   0.01951   0.19747   0.00161   0.20895   0.01739   0.03883   0.01157   0.05012   0.22522   0.04324   0.08156   0.02598   0.23165   0.09905   7.32977   1.65793   0.88434   1.52240   0.82360  
 56  6.6762   2090.378020  x:  0.08035   0.02637   0.19370   0.03184   0.03902   0.02942   0.08269   0.01359   0.08158   0.14824   0.01952   0.19703   0.00127   0.20924   0.01738   0.03882   0.01154   0.05007   0.22631   0.04320   0.08290   0.02596   0.23566   0.09896   7.36780   1.65966   0.88643   1.52383   0.82442  
 57 20.8934   2090.119634  x:  0.08050   0.02610   0.19449   0.03187   0.03895   0.02921   0.07963   0.01359   0.08182   0.14813   0.01939   0.20068   0.00122   0.21040   0.01730   0.03858   0.01155   0.05011   0.22468   0.04336   0.08299   0.02593   0.22937   0.09911   8.01708   1.71160   0.89804   1.57668   0.83770  
 58 30.7471   2090.111322  x:  0.08051   0.02618   0.19396   0.03188   0.03896   0.02921   0.08197   0.01355   0.08286   0.14816   0.01939   0.19958   0.00128   0.20983   0.01731   0.03859   0.01155   0.05010   0.22449   0.04337   0.08195   0.02594   0.22904   0.09911   8.03716   1.71328   0.89838   1.57827   0.83792  
 59 32.8026   2090.109319  x:  0.08051   0.02633   0.19309   0.03190   0.03895   0.02920   0.08162   0.01356   0.08269   0.14821   0.01939   0.19767   0.00137   0.20887   0.01731   0.03859   0.01156   0.05010   0.22431   0.04339   0.08209   0.02594   0.22889   0.09912   8.04204   1.71380   0.89848   1.57851   0.83757  
 60  4.0497   2090.108910  x:  0.08052   0.02632   0.19309   0.03190   0.03895   0.02920   0.08163   0.01356   0.08269   0.14821   0.01939   0.19785   0.00136   0.20872   0.01731   0.03861   0.01156   0.05009   0.22451   0.04338   0.08208   0.02594   0.22891   0.09912   8.04344   1.71470   0.89832   1.57771   0.83503  
 61  0.3071   2090.108881  x:  0.08051   0.02632   0.19313   0.03190   0.03895   0.02921   0.08163   0.01356   0.08269   0.14820   0.01939   0.19775   0.00135   0.20892   0.01731   0.03860   0.01156   0.05010   0.22432   0.04339   0.08208   0.02594   0.22893   0.09912   8.04361   1.71475   0.89830   1.57764   0.83486  
 62  0.1876   2090.106350  x:  0.08056   0.02631   0.19298   0.03197   0.03888   0.02918   0.08179   0.01359   0.08249   0.14821   0.01937   0.19786   0.00138   0.20909   0.01732   0.03870   0.01160   0.05008   0.22455   0.04340   0.08215   0.02596   0.22980   0.09916   8.08902   1.70608   0.89527   1.57089   0.83500  
 63  0.0527   2090.106335  x:  0.08056   0.02631   0.19303   0.03196   0.03889   0.02919   0.08177   0.01359   0.08252   0.14822   0.01938   0.19786   0.00137   0.20909   0.01732   0.03869   0.01159   0.05008   0.22456   0.04339   0.08215   0.02596   0.22971   0.09916   8.09309   1.70628   0.89538   1.57091   0.83513  
 64  0.0038   2090.106335  x:  0.08056   0.02631   0.19303   0.03196   0.03889   0.02919   0.08177   0.01359   0.08252   0.14822   0.01938   0.19786   0.00137   0.20909   0.01732   0.03869   0.01159   0.05008   0.22456   0.04339   0.08215   0.02596   0.22971   0.09916   8.09330   1.70631   0.89539   1.57094   0.83513  
 65  0.0002   2090.106335  x:  0.08056   0.02631   0.19303   0.03196   0.03889   0.02919   0.08177   0.01359   0.08252   0.14822   0.01938   0.19786   0.00137   0.20909   0.01732   0.03869   0.01159   0.05008   0.22456   0.04339   0.08215   0.02596   0.22971   0.09916   8.09331   1.70631   0.89539   1.57094   0.83513  
 66  0.0000   2090.106335  x:  0.08056   0.02631   0.19303   0.03196   0.03889   0.02919   0.08177   0.01359   0.08252   0.14822   0.01938   0.19786   0.00137   0.20909   0.01732   0.03869   0.01159   0.05008   0.22456   0.04339   0.08215   0.02596   0.22971   0.09916   8.09331   1.70631   0.89539   1.57094   0.83513  