

TREE # 1

  0  0.0000   2173.843040  x:  0.01972   0.20925   0.02571   0.03211   0.02495   0.05815   0.02188   0.05666   0.08536   0.02661   0.17168   0.01972   0.20925   0.02571   0.03211   0.02495   0.05815   0.02188   0.05666   0.08536   0.02661   0.17168   0.21568   8.40433   1.74346   1.39340   1.82652   1.00000  
  1 99.0000   2139.747788  x:  0.00000   0.21143   0.02833   0.02859   0.01861   0.06451   0.02598   0.04756   0.08450   0.06482   0.17364   0.01059   0.19552   0.09044   0.05222   0.02001   0.11419   0.06465   0.09229   0.09076   0.06138   0.17131   0.22684   8.40419   1.74353   1.39044   1.82847   1.00339  
  2 650.4476   2132.753024  x:  0.00000   0.21784   0.01818   0.02809   0.02383   0.07498   0.02104   0.02725   0.08183   0.05503   0.18041   0.00249   0.14233   0.07412   0.05824   0.01361   0.15748   0.04424   0.12443   0.10440   0.04536   0.17343   0.26663   8.40369   1.74413   1.37981   1.83481   1.01572  
  3 141.0025   2130.466135  x:  0.00000   0.22107   0.02659   0.02873   0.02048   0.07695   0.02500   0.03439   0.08106   0.05303   0.18435   0.02021   0.11000   0.06696   0.05522   0.02125   0.17433   0.03735   0.13649   0.10867   0.04291   0.17562   0.28918   8.40333   1.74453   1.37232   1.83924   1.02441  
  4 226.7865   2129.033997  x:  0.00000   0.22227   0.02779   0.02875   0.01774   0.07229   0.02506   0.04563   0.08168   0.05347   0.18745   0.01172   0.08028   0.06458   0.04341   0.01885   0.17307   0.04106   0.13442   0.10653   0.04906   0.17674   0.30697   8.40289   1.74513   1.36322   1.84434   1.03502  
  5 103.4203   2128.502896  x:  0.00000   0.22105   0.02466   0.02842   0.02447   0.06909   0.02440   0.03941   0.08230   0.05541   0.19040   0.01538   0.06828   0.06898   0.04403   0.02071   0.16556   0.04305   0.12782   0.10360   0.05178   0.17876   0.31937   8.40242   1.74587   1.35364   1.84956   1.04617  
  6 58.8643   2128.106585  x:  0.00000   0.21874   0.02607   0.02843   0.01708   0.06904   0.02476   0.03463   0.08243   0.05650   0.19358   0.01557   0.06542   0.07218   0.04852   0.01939   0.15940   0.04293   0.12269   0.10229   0.05109   0.18115   0.33142   8.40184   1.74683   1.34218   1.85568   1.05946  
  7 63.6595   2127.501333  x:  0.00000   0.21277   0.02932   0.02891   0.02127   0.07323   0.02642   0.04102   0.08176   0.05685   0.19972   0.01156   0.07348   0.07482   0.05520   0.01832   0.15421   0.04446   0.11904   0.10311   0.04827   0.18599   0.35488   8.40045   1.74921   1.31480   1.87014   1.09129  
  8 70.0338   2127.155929  x:  0.00000   0.20942   0.02374   0.02781   0.01912   0.07310   0.02248   0.04144   0.08136   0.05606   0.20114   0.01318   0.08082   0.07309   0.05047   0.02041   0.15455   0.04688   0.12022   0.10371   0.05107   0.18737   0.36376   8.39944   1.75084   1.29610   1.87982   1.11350  
  9 71.1339   2126.878172  x:  0.00000   0.20737   0.02588   0.02858   0.01977   0.07003   0.02737   0.03691   0.08145   0.05667   0.19934   0.01305   0.08507   0.07121   0.04377   0.01898   0.15612   0.04579   0.12225   0.10342   0.05374   0.18641   0.36391   8.39839   1.75240   1.27780   1.88913   1.13606  
 10 64.4305   2126.406644  x:  0.00000   0.20660   0.03017   0.02872   0.02045   0.06448   0.02145   0.03684   0.08204   0.05815   0.19145   0.01127   0.08338   0.07214   0.04451   0.02136   0.15873   0.04062   0.12474   0.10132   0.05246   0.18127   0.34977   8.39623   1.75511   1.24377   1.90625   1.18018  
 11 65.5552   2126.033279  x:  0.00000   0.20765   0.02471   0.02754   0.01952   0.06545   0.02562   0.03975   0.08202   0.05632   0.18493   0.01300   0.07904   0.07248   0.04804   0.01932   0.16013   0.04144   0.12551   0.10007   0.04907   0.17680   0.33438   8.39432   1.75715   1.21608   1.92023   1.21784  
 12 126.7201   2125.950311  x:  0.00000   0.20951   0.02640   0.02879   0.01982   0.07038   0.02443   0.03848   0.08138   0.05500   0.18510   0.01346   0.07743   0.07117   0.04772   0.01883   0.15996   0.04467   0.12465   0.10129   0.04922   0.17650   0.32964   8.39373   1.75735   1.21071   1.92308   1.22779  
 13 34.8728   2125.921680  x:  0.00000   0.21165   0.02625   0.02756   0.01976   0.07208   0.02496   0.03836   0.08081   0.05557   0.18729   0.01276   0.07704   0.07104   0.04767   0.02007   0.15987   0.04340   0.12375   0.10313   0.05076   0.17743   0.32746   8.39332   1.75703   1.21044   1.92347   1.23287  
 14 13.2535   2125.898802  x:  0.00000   0.21393   0.02594   0.02828   0.01985   0.07148   0.02447   0.03875   0.08067   0.05611   0.19016   0.01338   0.07706   0.07132   0.04750   0.01857   0.16009   0.04263   0.12326   0.10462   0.05104   0.17883   0.32579   8.39281   1.75645   1.21172   1.92322   1.23827  
 15 14.3585   2125.875587  x:  0.00000   0.21607   0.02593   0.02882   0.01969   0.06963   0.02483   0.03855   0.08092   0.05568   0.19314   0.01288   0.07717   0.07132   0.04749   0.01960   0.16049   0.04384   0.12337   0.10510   0.04965   0.18033   0.32435   8.39209   1.75553   1.21458   1.92233   1.24525  
 16 16.8407   2125.849465  x:  0.00000   0.21672   0.02666   0.02656   0.01989   0.06928   0.02456   0.03843   0.08142   0.05474   0.19435   0.01311   0.07736   0.07102   0.04773   0.01882   0.16063   0.04430   0.12420   0.10307   0.04972   0.18104   0.32372   8.39097   1.75404   1.22020   1.92030   1.25503  
 17 12.9364   2125.796067  x:  0.00000   0.21629   0.02609   0.02860   0.01977   0.07076   0.02482   0.03862   0.08218   0.05452   0.19431   0.01281   0.07757   0.07078   0.04823   0.01932   0.16056   0.04315   0.12571   0.09880   0.05110   0.18120   0.32325   8.38834   1.75067   1.23368   1.91523   1.27684  
 18 32.6190   2125.753390  x:  0.00000   0.21420   0.02587   0.02815   0.01974   0.07145   0.02470   0.03862   0.08098   0.05707   0.19136   0.01299   0.07745   0.07107   0.04695   0.01930   0.16026   0.04335   0.12512   0.10091   0.04912   0.17979   0.32367   8.38595   1.74807   1.24541   1.91046   1.29501  
 19 24.5448   2125.739617  x:  0.00000   0.21340   0.02607   0.02828   0.01975   0.07065   0.02476   0.03863   0.08074   0.05542   0.18975   0.01302   0.07744   0.07141   0.04754   0.01927   0.16038   0.04353   0.12442   0.10320   0.05010   0.17889   0.32404   8.38501   1.74746   1.24922   1.90864   1.30090  
 20 15.1335   2125.737868  x:  0.00000   0.21385   0.02606   0.02826   0.01976   0.07056   0.02478   0.03862   0.08163   0.05577   0.18945   0.01302   0.07756   0.07091   0.04785   0.01925   0.16063   0.04371   0.12402   0.10338   0.05028   0.17855   0.32426   8.38449   1.74808   1.24934   1.90789   1.30147  
 21  1.4679   2125.731050  x:  0.00000   0.21613   0.02607   0.02821   0.01974   0.07089   0.02475   0.03865   0.08203   0.05531   0.18863   0.01303   0.07808   0.07197   0.04718   0.01931   0.16120   0.04344   0.12308   0.10293   0.04982   0.17743   0.32509   8.38146   1.75207   1.24887   1.90378   1.30310  
 22  2.2399   2125.721036  x:  0.00000   0.21780   0.02609   0.02830   0.01975   0.07039   0.02479   0.03864   0.08012   0.05583   0.18809   0.01302   0.07834   0.07138   0.04786   0.01924   0.16064   0.04388   0.12368   0.10258   0.05027   0.17680   0.32562   8.37656   1.75817   1.24786   1.89758   1.30516  
 23  6.8299   2125.704768  x:  0.00000   0.21547   0.02609   0.02825   0.01971   0.07072   0.02479   0.03868   0.08164   0.05585   0.18893   0.01297   0.07770   0.07207   0.04765   0.01921   0.15912   0.04392   0.12578   0.10363   0.05035   0.17833   0.32472   8.36783   1.76735   1.24595   1.88810   1.30792  
 24  6.9435   2125.694259  x:  0.00000   0.21240   0.02608   0.02827   0.01970   0.07065   0.02479   0.03870   0.08110   0.05588   0.19019   0.01292   0.07731   0.07181   0.04771   0.01920   0.16127   0.04398   0.12371   0.10298   0.05048   0.17954   0.32376   8.36169   1.77140   1.24486   1.88349   1.30916  
 25  5.5477   2125.411294  x:  0.00000   0.20776   0.02613   0.02818   0.01913   0.07002   0.02484   0.03903   0.08145   0.05859   0.20090   0.01228   0.07912   0.07734   0.04815   0.01858   0.16184   0.04702   0.12479   0.10218   0.05304   0.16232   0.32073   8.16830   1.74590   1.22903   1.87003   1.31189  
 26  1.9778   2124.977877  x:  0.00000   0.21177   0.02598   0.02798   0.01827   0.06885   0.02482   0.03929   0.08168   0.06287   0.18820   0.00987   0.08246   0.08577   0.04868   0.01749   0.16485   0.05191   0.12390   0.10034   0.05753   0.17836   0.31710   7.86514   1.70403   1.20493   1.85241   1.31558  
 27 94.0973   2124.922739  x:  0.00000   0.21143   0.02590   0.02792   0.01822   0.06883   0.02481   0.03927   0.08159   0.06333   0.18779   0.00976   0.08249   0.08681   0.04885   0.01738   0.16575   0.05253   0.12415   0.10034   0.05809   0.17817   0.31568   7.83167   1.75369   1.23659   1.90848   1.31497  
 28  1.1401   2124.794062  x:  0.00000   0.21294   0.02529   0.02793   0.01951   0.07055   0.02478   0.03798   0.08117   0.06404   0.18944   0.01127   0.08015   0.09039   0.05008   0.01780   0.17622   0.05317   0.13050   0.10264   0.05817   0.17754   0.32332   7.91248   1.74663   1.23743   1.89564   1.30764  
 29  0.0606   2124.786852  x:  0.00000   0.21293   0.02554   0.02793   0.01888   0.07029   0.02482   0.03815   0.08122   0.06415   0.18908   0.01058   0.07963   0.09092   0.04991   0.01756   0.17763   0.05311   0.13085   0.10233   0.05816   0.17734   0.32227   7.97241   1.74600   1.23683   1.89548   1.30771  
 30  0.0587   2124.786662  x:  0.00000   0.21286   0.02551   0.02792   0.01892   0.07023   0.02481   0.03805   0.08124   0.06421   0.18903   0.01065   0.07981   0.09111   0.04992   0.01754   0.17767   0.05308   0.13073   0.10223   0.05816   0.17740   0.32196   7.98196   1.74603   1.23678   1.89582   1.30810  
 31  0.0096   2124.786654  x:  0.00000   0.21286   0.02550   0.02792   0.01892   0.07024   0.02481   0.03806   0.08124   0.06422   0.18907   0.01063   0.07982   0.09116   0.04991   0.01754   0.17765   0.05307   0.13071   0.10223   0.05816   0.17741   0.32207   7.98281   1.74605   1.23676   1.89584   1.30831  
 32  0.0008   2124.786653  x:  0.00000   0.21286   0.02550   0.02792   0.01892   0.07024   0.02481   0.03807   0.08124   0.06422   0.18906   0.01064   0.07981   0.09117   0.04991   0.01754   0.17764   0.05306   0.13071   0.10224   0.05816   0.17740   0.32206   7.98266   1.74605   1.23675   1.89582   1.30834  
 33  0.0001   2124.786653  x:  0.00000   0.21286   0.02550   0.02792   0.01892   0.07024   0.02481   0.03807   0.08124   0.06422   0.18906   0.01064   0.07981   0.09117   0.04991   0.01754   0.17764   0.05306   0.13071   0.10224   0.05816   0.17740   0.32206   7.98264   1.74605   1.23675   1.89582   1.30833  
 34  0.0000   2124.786653  x:  0.00000   0.21286   0.02550   0.02792   0.01892   0.07024   0.02481   0.03807   0.08124   0.06422   0.18906   0.01064   0.07981   0.09117   0.04991   0.01754   0.17764   0.05306   0.13071   0.10224   0.05816   0.17740   0.32206   7.98263   1.74605   1.23675   1.89582   1.30833  
 35  0.0000   2124.786653  x:  0.00000   0.21286   0.02550   0.02792   0.01892   0.07024   0.02481   0.03807   0.08124   0.06422   0.18906   0.01064   0.07981   0.09117   0.04991   0.01754   0.17764   0.05306   0.13071   0.10224   0.05816   0.17740   0.32206   7.98263   1.74605   1.23675   1.89582   1.30833  

TREE # 2

  0  0.0000   2426.846174  x:  0.00000   0.21286   0.02550   0.02792   0.01892   0.07024   0.02481   0.03807   0.08124   0.06422   0.18906   0.01064   0.07981   0.09117   0.04991   0.01754   0.17764   0.05306   0.13071   0.10224   0.05816   0.17740   0.32206   7.98263   1.70987   1.11807   1.71627   1.30833  
  1 99.0000   2279.333044  x:  0.51002   0.21538   0.04887   0.04528   0.02725   0.07284   0.04131   0.03959   0.08507   0.06121   0.18918   0.02446   0.09160   0.09813   0.06844   0.02936   0.17360   0.05485   0.12670   0.09860   0.05405   0.17401   0.31697   7.98264   1.70967   1.11824   1.71656   1.30837  
  2 13562.3233   2195.064723  x:  0.50088   0.15612   0.21781   0.11534   0.08275   0.10213   0.14745   0.05681   0.12905   0.01524   0.18760   0.08563   0.02866   0.17190   0.21707   0.12295   0.11479   0.07578   0.07311   0.05049   0.00000   0.12879   0.24828   7.98283   1.70588   1.12414   1.71823   1.30815  
  3 679.7454   2185.444141  x:  0.50003   0.12953   0.25193   0.12522   0.08973   0.10735   0.16635   0.05910   0.13845   0.00568   0.18601   0.09392   0.00000   0.18944   0.24986   0.13583   0.08926   0.08050   0.05198   0.03624   0.05768   0.11307   0.21874   7.98291   1.70416   1.12695   1.71886   1.30798  
  4 838.8144   2164.594264  x:  0.50162   0.06170   0.26998   0.11362   0.07790   0.10556   0.16632   0.05584   0.14312   0.05487   0.18141   0.08411   0.00000   0.20526   0.27482   0.12062   0.02790   0.08363   0.00854   0.02478   0.06613   0.07658   0.14191   7.98315   1.69969   1.13464   1.72030   1.30718  
  5 384.7401   2156.427267  x:  0.50246   0.02806   0.27662   0.10726   0.07235   0.10427   0.16471   0.05368   0.14447   0.05770   0.17916   0.07811   0.00000   0.21166   0.28480   0.11213   0.00493   0.08538   0.02061   0.02774   0.06723   0.06217   0.10304   7.98327   1.69754   1.13834   1.72112   1.30678  
  6 644.1567   2149.884006  x:  0.50314   0.00000   0.28142   0.10173   0.06790   0.10302   0.16267   0.05183   0.14532   0.05675   0.17735   0.07276   0.00000   0.21664   0.29256   0.10509   0.01022   0.08647   0.02198   0.02996   0.06753   0.05232   0.06935   7.98336   1.69569   1.14148   1.72190   1.30644  
  7 726.1242   2145.741961  x:  0.50359   0.00006   0.28447   0.09712   0.06426   0.10065   0.15652   0.04973   0.14499   0.04164   0.17564   0.06510   0.00000   0.22150   0.29830   0.09398   0.00645   0.08634   0.01313   0.03131   0.06468   0.05569   0.02460   7.98351   1.69312   1.14551   1.72339   1.30609  
  8 244.7408   2145.451516  x:  0.50355   0.00348   0.28631   0.09653   0.06370   0.10030   0.15515   0.04976   0.14532   0.04417   0.17530   0.06403   0.00000   0.22350   0.30090   0.09164   0.00786   0.08644   0.01555   0.02854   0.06513   0.05542   0.01959   7.98357   1.69225   1.14683   1.72396   1.30600  
  9 84.3468   2144.934697  x:  0.50367   0.00376   0.29541   0.09029   0.06158   0.09792   0.14356   0.04999   0.14658   0.04325   0.17374   0.05753   0.00000   0.23492   0.31524   0.07621   0.00836   0.08629   0.01587   0.02687   0.06448   0.06208   0.02371   7.98396   1.68601   1.15640   1.72819   1.30528  
 10 38.8440   2144.845507  x:  0.50362   0.00544   0.29680   0.08909   0.06191   0.09761   0.13922   0.05005   0.14661   0.04369   0.17400   0.05826   0.00000   0.23754   0.31814   0.07563   0.00864   0.08600   0.01554   0.03107   0.06474   0.06025   0.02402   7.98415   1.68345   1.16032   1.73010   1.30497  
 11 29.7036   2144.679133  x:  0.50363   0.00564   0.29573   0.08628   0.06352   0.09723   0.12692   0.05022   0.14541   0.04142   0.17577   0.06215   0.00000   0.24126   0.32079   0.07957   0.00835   0.08480   0.01520   0.02845   0.06419   0.05707   0.02451   7.98476   1.67582   1.17212   1.73618   1.30397  
 12 28.4098   2144.562985  x:  0.50347   0.00426   0.29387   0.08774   0.06385   0.09800   0.12392   0.05216   0.14469   0.04354   0.17709   0.06245   0.00000   0.24291   0.32146   0.08442   0.00833   0.08540   0.01590   0.02962   0.06458   0.06295   0.02330   7.98555   1.66731   1.18548   1.74377   1.30269  
 13 20.5252   2144.267506  x:  0.50293   0.00516   0.28685   0.09533   0.06024   0.09920   0.13091   0.05181   0.14377   0.04139   0.17826   0.05549   0.00000   0.24312   0.32012   0.08566   0.00842   0.08791   0.01539   0.02906   0.06402   0.05960   0.02458   7.98819   1.64250   1.22522   1.76800   1.29841  
 14 30.1087   2144.153211  x:  0.50254   0.00485   0.28458   0.09554   0.06303   0.09880   0.13579   0.04920   0.14599   0.04141   0.17806   0.06207   0.00000   0.24004   0.31908   0.08047   0.00855   0.08559   0.01554   0.02907   0.06402   0.06046   0.02420   7.98955   1.63438   1.23965   1.77924   1.29630  
 15 24.6516   2144.064718  x:  0.50224   0.00544   0.28608   0.08955   0.06515   0.09776   0.13790   0.05558   0.14852   0.04076   0.17564   0.06189   0.00000   0.23373   0.31863   0.08023   0.00855   0.08458   0.01545   0.02901   0.06391   0.05975   0.02412   7.99129   1.63444   1.24510   1.79065   1.29386  
 16  8.6234   2143.824132  x:  0.50112   0.00655   0.29353   0.08116   0.06230   0.09585   0.13769   0.04798   0.14904   0.04022   0.16989   0.06045   0.00000   0.22077   0.31796   0.08479   0.00869   0.08704   0.01547   0.02928   0.06376   0.06120   0.02450   7.99672   1.64357   1.25166   1.82254   1.28654  
 17 16.3971   2142.826082  x:  0.49544   0.00370   0.30974   0.10078   0.06339   0.10351   0.12197   0.05100   0.13743   0.03696   0.17112   0.05892   0.00000   0.19843   0.30403   0.07522   0.00935   0.08438   0.01548   0.02945   0.06259   0.06044   0.02366   8.02147   1.70249   1.26444   1.95650   1.25441  
 18 33.3158   2141.539187  x:  0.48859   0.00402   0.29315   0.09606   0.05172   0.08669   0.12836   0.05474   0.14502   0.02958   0.18445   0.06479   0.00000   0.22696   0.28752   0.07679   0.01008   0.08332   0.01516   0.02948   0.05979   0.06139   0.02364   8.05407   1.78926   1.27983   2.11004   1.21627  
 19 56.2209   2140.958315  x:  0.48550   0.00424   0.27816   0.08910   0.06898   0.09139   0.13221   0.04898   0.14692   0.02751   0.18437   0.05719   0.00000   0.24305   0.28229   0.07810   0.01040   0.08482   0.01520   0.02963   0.05858   0.06140   0.02331   8.06970   1.83227   1.29009   2.17358   1.20017  
 20 96.4539   2140.444394  x:  0.48255   0.00559   0.26048   0.08464   0.06184   0.11038   0.13522   0.05151   0.14050   0.02372   0.16797   0.06348   0.00000   0.24858   0.28864   0.07803   0.01071   0.08317   0.01490   0.02959   0.05700   0.06207   0.02357   8.08382   1.87347   1.31059   2.19871   1.19333  
 21 25.3412   2139.054892  x:  0.47415   0.00601   0.22515   0.09718   0.06774   0.08652   0.13381   0.05418   0.12829   0.01696   0.15241   0.06525   0.00000   0.23170   0.31266   0.07861   0.01154   0.08399   0.01485   0.02991   0.05428   0.06350   0.02384   8.12123   1.98233   1.38220   2.21308   1.18976  
 22 32.9104   2137.895996  x:  0.46705   0.00768   0.21487   0.09369   0.06342   0.09698   0.13101   0.05105   0.14341   0.01051   0.18472   0.06067   0.00000   0.21192   0.31584   0.07688   0.01249   0.08290   0.01481   0.03036   0.05179   0.06504   0.02397   8.15396   2.07030   1.44780   2.20843   1.19540  
 23 53.6665   2137.061793  x:  0.46178   0.00749   0.24327   0.08889   0.06554   0.09427   0.12900   0.05167   0.14303   0.00686   0.17440   0.06123   0.00000   0.22502   0.26576   0.07532   0.01351   0.08177   0.01499   0.03061   0.05042   0.06551   0.02406   8.17709   2.10867   1.48887   2.18947   1.21539  
 24 19.8391   2136.842362  x:  0.46006   0.00794   0.24366   0.08253   0.06676   0.09371   0.13325   0.05304   0.12684   0.00613   0.18121   0.06368   0.00000   0.22518   0.26466   0.07361   0.01373   0.08600   0.01499   0.03067   0.05009   0.06571   0.02409   8.18358   2.09487   1.47916   2.18421   1.23321  
 25  6.3383   2136.000744  x:  0.45349   0.00752   0.23111   0.08405   0.06528   0.09257   0.13295   0.05067   0.12415   0.00401   0.18024   0.05870   0.00000   0.22198   0.26783   0.07681   0.01429   0.06665   0.01575   0.03128   0.04843   0.06675   0.02440   8.20786   2.02449   1.42411   2.16455   1.30638  
 26 24.4452   2135.436081  x:  0.44902   0.00716   0.21959   0.08823   0.06499   0.09314   0.12797   0.05167   0.13257   0.00206   0.17611   0.06059   0.00000   0.21855   0.26821   0.07492   0.01473   0.07761   0.01571   0.03133   0.04700   0.06693   0.02448   8.22437   1.97611   1.38578   2.15084   1.35437  
 27 109.5600   2128.026364  x:  0.38274   0.00807   0.16531   0.08957   0.06404   0.09326   0.10912   0.05322   0.13786   0.00783   0.17444   0.06125   0.00000   0.19490   0.20269   0.07099   0.02154   0.08711   0.02294   0.03557   0.03603   0.07302   0.02981   8.46063   1.62613   1.13966   1.87955   1.39614  
 28  4.1132   2126.166067  x:  0.35152   0.00808   0.16472   0.07522   0.05792   0.09139   0.09510   0.05067   0.13193   0.00800   0.17866   0.05259   0.00000   0.18792   0.19549   0.05934   0.02323   0.08323   0.02678   0.03845   0.02966   0.07171   0.02550   8.32726   1.72552   1.22618   1.86159   1.27905  
 29  0.3689   2126.049929  x:  0.34939   0.00798   0.16416   0.07525   0.05752   0.09137   0.09425   0.05038   0.13355   0.00875   0.17810   0.05222   0.00000   0.18743   0.19583   0.05846   0.02332   0.08445   0.02703   0.03856   0.02918   0.07142   0.02521   8.30243   1.76756   1.25377   1.89021   1.35091  
 30  1.8154   2125.302604  x:  0.33283   0.01502   0.16912   0.07555   0.05369   0.08974   0.09867   0.04922   0.12673   0.01137   0.17808   0.05077   0.00000   0.17430   0.21578   0.06484   0.02416   0.08153   0.02792   0.03887   0.02314   0.07217   0.02552   7.85680   1.77015   1.24841   1.90379   1.32166  
 31  0.3635   2124.932948  x:  0.32312   0.01271   0.17902   0.07885   0.05575   0.09039   0.10192   0.04944   0.12767   0.01350   0.17596   0.05203   0.00000   0.19194   0.21008   0.06208   0.02508   0.08039   0.02854   0.03872   0.01858   0.07035   0.02333   7.76794   1.74633   1.23569   1.90972   1.30779  
 32  0.0905   2124.836475  x:  0.32153   0.01079   0.17672   0.08176   0.05873   0.09121   0.10274   0.05064   0.13135   0.01442   0.17734   0.05445   0.00000   0.19015   0.21305   0.06508   0.02555   0.08131   0.02877   0.03815   0.01820   0.06984   0.02506   7.93392   1.74937   1.23883   1.89862   1.30787  
 33  0.1667   2124.819332  x:  0.32129   0.01009   0.17888   0.08014   0.05863   0.09130   0.10223   0.05014   0.13188   0.01499   0.17768   0.05341   0.00000   0.18923   0.21542   0.06430   0.02562   0.08181   0.02848   0.03812   0.01855   0.06996   0.02459   7.99950   1.73975   1.23306   1.89115   1.31354  
 34  0.0737   2124.804270  x:  0.31922   0.01074   0.17934   0.07869   0.05853   0.09142   0.10331   0.04976   0.13092   0.01590   0.17795   0.05308   0.00000   0.18901   0.21189   0.06448   0.02583   0.08171   0.02804   0.03800   0.01870   0.07065   0.02493   8.03468   1.74749   1.23748   1.89524   1.31409  
 35  0.0262   2124.792160  x:  0.31918   0.01077   0.17672   0.08012   0.05797   0.09127   0.10218   0.04978   0.13026   0.01691   0.17751   0.05298   0.00000   0.18939   0.21424   0.06405   0.02583   0.08142   0.02763   0.03795   0.01895   0.07064   0.02478   8.01303   1.74993   1.23884   1.90020   1.30903  
 36  0.0188   2124.788034  x:  0.32114   0.01061   0.17808   0.08019   0.05811   0.09102   0.10213   0.05008   0.13077   0.01734   0.17752   0.05322   0.00000   0.18909   0.21304   0.06430   0.02576   0.08124   0.02758   0.03796   0.01914   0.07022   0.02483   7.97922   1.74680   1.23741   1.89704   1.30806  
 37  0.0290   2124.787037  x:  0.32165   0.01060   0.17729   0.07970   0.05819   0.09116   0.10244   0.04995   0.13086   0.01750   0.17762   0.05308   0.00000   0.18913   0.21293   0.06425   0.02570   0.08122   0.02773   0.03802   0.01895   0.07008   0.02480   7.97306   1.74553   1.23657   1.89566   1.30808  
 38  0.0063   2124.786735  x:  0.32211   0.01065   0.17738   0.07980   0.05817   0.09122   0.10213   0.04986   0.13068   0.01754   0.17768   0.05303   0.00000   0.18903   0.21281   0.06419   0.02563   0.08126   0.02785   0.03806   0.01889   0.07019   0.02483   7.98075   1.74584   1.23659   1.89543   1.30845  
 39  0.0060   2124.786678  x:  0.32225   0.01063   0.17739   0.07982   0.05815   0.09116   0.10226   0.04991   0.13069   0.01753   0.17764   0.05306   0.00000   0.18905   0.21286   0.06420   0.02557   0.08125   0.02790   0.03807   0.01892   0.07023   0.02480   7.98406   1.74629   1.23689   1.89601   1.30834  
 40  0.0030   2124.786661  x:  0.32210   0.01064   0.17740   0.07980   0.05815   0.09115   0.10222   0.04993   0.13073   0.01754   0.17763   0.05306   0.00000   0.18907   0.21286   0.06424   0.02554   0.08123   0.02794   0.03807   0.01892   0.07025   0.02480   7.98320   1.74604   1.23675   1.89592   1.30829  
 41  0.0006   2124.786656  x:  0.32205   0.01064   0.17740   0.07982   0.05816   0.09117   0.10225   0.04991   0.13072   0.01755   0.17764   0.05306   0.00000   0.18905   0.21287   0.06421   0.02552   0.08123   0.02794   0.03806   0.01893   0.07024   0.02481   7.98249   1.74598   1.23672   1.89577   1.30834  
 42  0.0006   2124.786654  x:  0.32206   0.01064   0.17740   0.07981   0.05816   0.09117   0.10224   0.04991   0.13071   0.01754   0.17764   0.05306   0.00000   0.18907   0.21286   0.06422   0.02551   0.08124   0.02793   0.03806   0.01893   0.07024   0.02481   7.98248   1.74608   1.23677   1.89583   1.30834  
 43  0.0001   2124.786653  x:  0.32206   0.01064   0.17740   0.07981   0.05816   0.09117   0.10224   0.04991   0.13071   0.01754   0.17764   0.05306   0.00000   0.18906   0.21286   0.06422   0.02550   0.08124   0.02792   0.03806   0.01892   0.07024   0.02481   7.98261   1.74606   1.23676   1.89583   1.30833  
 44  0.0001   2124.786653  x:  0.32206   0.01064   0.17740   0.07981   0.05816   0.09117   0.10224   0.04991   0.13071   0.01754   0.17764   0.05306   0.00000   0.18906   0.21286   0.06422   0.02550   0.08124   0.02792   0.03806   0.01892   0.07024   0.02481   7.98264   1.74605   1.23675   1.89583   1.30833  
 45  0.0000   2124.786653  x:  0.32206   0.01064   0.17740   0.07981   0.05816   0.09117   0.10224   0.04991   0.13071   0.01754   0.17764   0.05306   0.00000   0.18906   0.21286   0.06422   0.02550   0.08124   0.02792   0.03807   0.01892   0.07024   0.02481   7.98264   1.74605   1.23675   1.89582   1.30833  
 46  0.0000   2124.786653  x:  0.32206   0.01064   0.17740   0.07981   0.05816   0.09117   0.10224   0.04991   0.13071   0.01754   0.17764   0.05306   0.00000   0.18906   0.21286   0.06422   0.02550   0.08124   0.02792   0.03807   0.01892   0.07024   0.02481   7.98264   1.74605   1.23675   1.89582   1.30833  