

TREE # 1

  0  0.0000   2195.531944  x:  0.01972   0.20925   0.02571   0.03211   0.02495   0.05815   0.02188   0.05666   0.08536   0.02661   0.17168   0.01972   0.20925   0.02571   0.03211   0.02495   0.05815   0.02188   0.05666   0.08536   0.02661   0.17168   0.21568   8.40433   1.50536   1.24971   1.37001   1.00000  
  1 99.0000   2174.089655  x:  0.01624   0.20593   0.02899   0.07889   0.01726   0.06332   0.04000   0.05835   0.09556   0.04266   0.17610   0.00000   0.21056   0.01610   0.07231   0.02954   0.05748   0.01835   0.08700   0.08758   0.04295   0.17151   0.23023   8.40427   1.50523   1.24672   1.37266   0.99955  
  2 494.7702   2171.286344  x:  0.01280   0.19881   0.02060   0.07727   0.01349   0.06811   0.02945   0.06007   0.10639   0.03838   0.18482   0.00000   0.21282   0.00431   0.07042   0.02671   0.05668   0.02130   0.10378   0.08890   0.04066   0.17187   0.25723   8.40413   1.50509   1.24055   1.37790   0.99852  
  3 123.2182   2169.719574  x:  0.00966   0.19065   0.01651   0.07483   0.01325   0.07211   0.02399   0.06186   0.11723   0.03532   0.19446   0.00000   0.21525   0.01655   0.06797   0.02591   0.05603   0.02170   0.11840   0.09045   0.04033   0.17264   0.28736   8.40396   1.50495   1.23297   1.38426   0.99727  
  4 270.0032   2168.363268  x:  0.01508   0.18187   0.02619   0.06834   0.01852   0.07274   0.03504   0.06280   0.12503   0.03654   0.20447   0.00000   0.21734   0.01623   0.06212   0.02615   0.05600   0.01840   0.12383   0.09079   0.03917   0.17386   0.31877   8.40375   1.50478   1.22310   1.39249   0.99557  
  5 156.9998   2167.578718  x:  0.01065   0.17392   0.02778   0.06607   0.01221   0.06663   0.03537   0.05994   0.12211   0.04508   0.21009   0.00000   0.21768   0.01525   0.06449   0.02993   0.05710   0.02022   0.11032   0.08937   0.04271   0.17538   0.34179   8.40346   1.50454   1.21046   1.40285   0.99305  
  6 66.2527   2167.262929  x:  0.01072   0.17004   0.02466   0.06840   0.01867   0.06448   0.03334   0.05920   0.11901   0.04633   0.21187   0.00000   0.21705   0.01431   0.06776   0.02920   0.05729   0.01882   0.10190   0.08882   0.04401   0.17649   0.35214   8.40326   1.50437   1.20184   1.40981   0.99122  
  7 80.3774   2167.062203  x:  0.01488   0.16801   0.02335   0.07224   0.01564   0.06646   0.03412   0.05928   0.11445   0.04169   0.21086   0.00000   0.21506   0.01495   0.06874   0.02630   0.05662   0.01857   0.09757   0.08894   0.04195   0.17784   0.35664   8.40298   1.50411   1.19071   1.41853   0.98864  
  8 36.4226   2166.846466  x:  0.01095   0.16736   0.02599   0.07521   0.01626   0.06886   0.03465   0.06040   0.10892   0.03676   0.20758   0.00000   0.21200   0.01457   0.06776   0.02856   0.05612   0.01998   0.09736   0.08900   0.03989   0.17912   0.35824   8.40252   1.50363   1.17366   1.43185   0.98442  
  9 46.6307   2166.511875  x:  0.01317   0.16979   0.02608   0.07383   0.01590   0.06899   0.03201   0.06144   0.10360   0.03947   0.20127   0.00000   0.20702   0.01432   0.06512   0.03070   0.05644   0.01640   0.10281   0.08903   0.04333   0.18057   0.35616   8.40159   1.50260   1.14065   1.45754   0.97578  
 10 61.0465   2166.355410  x:  0.01353   0.17145   0.02449   0.07208   0.01682   0.06762   0.03374   0.06094   0.10460   0.04128   0.19884   0.00000   0.20532   0.01464   0.06521   0.02821   0.05668   0.02070   0.10490   0.08925   0.04425   0.18061   0.35368   8.40105   1.50194   1.12331   1.47106   0.97090  
 11 86.3078   2166.248826  x:  0.01131   0.17245   0.02389   0.07079   0.01625   0.06605   0.03496   0.05957   0.10948   0.04095   0.19869   0.00000   0.20555   0.01464   0.06670   0.02600   0.05661   0.01840   0.10446   0.08942   0.04253   0.17962   0.35052   8.40059   1.50126   1.11137   1.48047   0.96695  
 12 49.0688   2166.188505  x:  0.01279   0.17277   0.02479   0.07099   0.01620   0.06574   0.03364   0.05908   0.11432   0.04014   0.20022   0.00000   0.20700   0.01468   0.06794   0.02827   0.05643   0.01896   0.10310   0.08924   0.04143   0.17828   0.34775   8.40022   1.50060   1.10418   1.48632   0.96393  
 13 34.0695   2166.165539  x:  0.01243   0.17212   0.02463   0.07188   0.01606   0.06731   0.03375   0.06053   0.11530   0.04038   0.20289   0.00000   0.20947   0.01457   0.06651   0.02793   0.05636   0.01895   0.10211   0.08872   0.04285   0.17682   0.34583   8.39989   1.49985   1.10169   1.48882   0.96157  
 14 10.7296   2166.152399  x:  0.01255   0.17112   0.02413   0.07160   0.01613   0.06695   0.03404   0.06027   0.11346   0.04062   0.20576   0.00000   0.21198   0.01466   0.06691   0.02822   0.05651   0.01890   0.10301   0.08888   0.04175   0.17570   0.34445   8.39941   1.49869   1.10094   1.49041   0.95851  
 15  6.2230   2166.148813  x:  0.01257   0.17093   0.02487   0.07154   0.01617   0.06669   0.03356   0.05994   0.11307   0.04043   0.20629   0.00000   0.21250   0.01468   0.06716   0.02764   0.05644   0.01898   0.10326   0.08891   0.04200   0.17561   0.34422   8.39915   1.49810   1.10106   1.49086   0.95702  
 16  5.2924   2166.135639  x:  0.01259   0.17094   0.02444   0.07124   0.01612   0.06628   0.03407   0.05914   0.11308   0.03917   0.20620   0.00000   0.21283   0.01455   0.06728   0.02810   0.05606   0.01891   0.10345   0.08869   0.04337   0.17645   0.34430   8.39759   1.49477   1.10304   1.49247   0.94854  
 17  4.7590   2166.107666  x:  0.01260   0.17145   0.02455   0.07203   0.01617   0.06669   0.03381   0.05972   0.11369   0.04046   0.20517   0.00000   0.21251   0.01465   0.06686   0.02789   0.05622   0.01896   0.10329   0.08864   0.04206   0.17821   0.34492   8.39400   1.48752   1.10758   1.49573   0.92983  
 18 22.3770   2166.104307  x:  0.01262   0.17147   0.02464   0.07145   0.01612   0.06704   0.03383   0.06048   0.11363   0.04030   0.20502   0.00000   0.21191   0.01464   0.06757   0.02788   0.05680   0.01895   0.10319   0.08896   0.04220   0.17716   0.34511   8.39328   1.48706   1.10787   1.49575   0.92800  
 19  3.1535   2166.097763  x:  0.01267   0.17147   0.02459   0.07190   0.01616   0.06683   0.03384   0.05994   0.11355   0.04039   0.20488   0.00000   0.21040   0.01465   0.06715   0.02791   0.05617   0.01895   0.10327   0.08922   0.04222   0.17405   0.34554   8.39132   1.48712   1.10782   1.49504   0.92560  
 20  2.6801   2166.062133  x:  0.01270   0.17199   0.02452   0.07335   0.01611   0.06610   0.03389   0.05910   0.11363   0.03983   0.20533   0.00000   0.20988   0.01465   0.06673   0.02779   0.05972   0.01894   0.10414   0.08616   0.04220   0.17346   0.34635   8.37760   1.49180   1.10390   1.48818   0.91956  
 21  2.0721   2165.922154  x:  0.01230   0.17347   0.02456   0.07361   0.01601   0.06736   0.03415   0.06075   0.11338   0.04041   0.20673   0.00000   0.21062   0.01426   0.06994   0.02780   0.05510   0.01890   0.10585   0.08426   0.04238   0.17621   0.34870   8.32379   1.50947   1.08854   1.46214   0.89880  
 22 32.1371   2165.866280  x:  0.01216   0.17238   0.02444   0.07517   0.01601   0.06748   0.03426   0.05968   0.11394   0.04049   0.20645   0.00000   0.21167   0.01388   0.06922   0.02812   0.05679   0.01888   0.10612   0.09108   0.04332   0.17770   0.34918   8.30146   1.51387   1.08353   1.45377   0.89299  
 23 27.6565   2165.566607  x:  0.01271   0.15427   0.02407   0.07940   0.01537   0.06290   0.03465   0.06450   0.11753   0.04101   0.19845   0.00000   0.21342   0.01312   0.07141   0.02803   0.05590   0.01882   0.11176   0.08984   0.04401   0.17737   0.34919   8.18223   1.49502   1.07759   1.44370   0.89891  
 24 10.9854   2165.194769  x:  0.01211   0.14973   0.02376   0.08145   0.01588   0.07463   0.03526   0.05618   0.11936   0.04456   0.19676   0.00000   0.21351   0.01212   0.07739   0.02813   0.05671   0.01873   0.11658   0.08745   0.04495   0.17704   0.35244   8.02911   1.46689   1.07214   1.43508   0.91032  
 25 112.1371   2164.615255  x:  0.01097   0.17118   0.02303   0.09192   0.01430   0.07045   0.03637   0.06134   0.11977   0.04261   0.20820   0.00000   0.21131   0.01054   0.08240   0.02816   0.05615   0.01858   0.12349   0.08976   0.04666   0.17729   0.36289   7.78969   1.42067   1.06607   1.42597   0.93126  
 26 138.6519   2164.537022  x:  0.01122   0.17465   0.02294   0.09321   0.01409   0.07051   0.03654   0.06147   0.11990   0.04235   0.20275   0.00000   0.21912   0.01044   0.08347   0.02808   0.05608   0.01856   0.12441   0.08951   0.04640   0.17385   0.36539   7.76104   1.45722   1.09245   1.46066   0.93250  
 27  2.5229   2164.487429  x:  0.01100   0.17184   0.02285   0.09379   0.01399   0.07059   0.03660   0.06156   0.12081   0.04262   0.20853   0.00000   0.21218   0.01031   0.08392   0.02807   0.05602   0.01856   0.12541   0.08981   0.04672   0.17658   0.36296   7.74348   1.48216   1.11049   1.48416   0.93317  
 28 14.4301   2164.421723  x:  0.01147   0.17082   0.02309   0.09783   0.01386   0.06881   0.03714   0.06106   0.11936   0.04434   0.20769   0.00000   0.21253   0.00948   0.08726   0.02801   0.05626   0.01879   0.12536   0.08915   0.04717   0.17646   0.36206   7.97915   1.48499   1.10423   1.48411   0.92790  
 29  0.1645   2164.419505  x:  0.01147   0.17071   0.02311   0.09861   0.01396   0.06930   0.03734   0.06115   0.11938   0.04421   0.20744   0.00000   0.21244   0.00972   0.08771   0.02794   0.05618   0.01867   0.12510   0.08929   0.04708   0.17652   0.36104   7.97967   1.48334   1.10550   1.48232   0.93014  
 30  0.0029   2164.419422  x:  0.01146   0.17074   0.02311   0.09878   0.01395   0.06923   0.03736   0.06114   0.11934   0.04418   0.20745   0.00000   0.21245   0.00974   0.08775   0.02798   0.05620   0.01868   0.12495   0.08926   0.04712   0.17651   0.36104   7.97357   1.48345   1.10509   1.48255   0.92975  
 31  0.0050   2164.419420  x:  0.01147   0.17074   0.02311   0.09878   0.01395   0.06923   0.03736   0.06114   0.11934   0.04419   0.20746   0.00000   0.21245   0.00974   0.08773   0.02798   0.05619   0.01868   0.12493   0.08926   0.04712   0.17651   0.36106   7.97317   1.48349   1.10515   1.48254   0.92972  
 32  0.0004   2164.419420  x:  0.01147   0.17074   0.02311   0.09878   0.01395   0.06923   0.03736   0.06114   0.11934   0.04419   0.20746   0.00000   0.21245   0.00974   0.08773   0.02798   0.05619   0.01868   0.12493   0.08926   0.04712   0.17651   0.36106   7.97322   1.48349   1.10515   1.48254   0.92972  
 33  0.0000   2164.419420  x:  0.01147   0.17074   0.02311   0.09878   0.01395   0.06923   0.03736   0.06114   0.11934   0.04419   0.20746   0.00000   0.21245   0.00974   0.08773   0.02798   0.05619   0.01868   0.12493   0.08926   0.04712   0.17651   0.36105   7.97323   1.48349   1.10515   1.48255   0.92972  
 34  0.0000   2164.419420  x:  0.01147   0.17074   0.02311   0.09878   0.01395   0.06923   0.03736   0.06114   0.11934   0.04419   0.20746   0.00000   0.21245   0.00974   0.08773   0.02798   0.05619   0.01868   0.12493   0.08926   0.04712   0.17651   0.36105   7.97323   1.48349   1.10515   1.48254   0.92972  

TREE # 2

  0  0.0000   2464.717767  x:  0.01147   0.17074   0.02311   0.09878   0.01395   0.06923   0.03736   0.06114   0.11934   0.04419   0.20746   0.00000   0.21245   0.00974   0.08773   0.02798   0.05619   0.01868   0.12493   0.08926   0.04712   0.17651   0.36105   7.97323   1.45690   1.01244   1.35982   0.92972  
  1 99.0000   2357.418379  x:  0.13104   0.17076   0.06530   0.11294   0.02829   0.06342   0.04830   0.06531   0.11997   0.04447   0.20182   0.41204   0.21297   0.10963   0.10214   0.03579   0.05283   0.05204   0.12457   0.08608   0.04106   0.17122   0.35346   7.97325   1.45636   1.01308   1.36038   0.92963  
  2 7671.5767   2284.694182  x:  0.20946   0.12631   0.14813   0.17849   0.05777   0.02043   0.09705   0.08638   0.12330   0.01152   0.15914   0.37049   0.17268   0.15557   0.14416   0.05478   0.02512   0.11324   0.11600   0.06537   0.00000   0.13490   0.30015   7.97337   1.45242   1.01964   1.36266   0.92824  
  3 530.2289   2257.926250  x:  0.25329   0.07112   0.15205   0.19105   0.04108   0.00000   0.08851   0.08479   0.12438   0.02932   0.11994   0.35524   0.12419   0.17953   0.15514   0.04133   0.02078   0.11276   0.10864   0.06335   0.03542   0.10774   0.24281   7.97349   1.44830   1.02601   1.36497   0.92736  
  4 393.5918   2229.257572  x:  0.30992   0.00000   0.15839   0.20799   0.02158   0.00706   0.07882   0.08334   0.12572   0.05037   0.06953   0.33528   0.06175   0.21046   0.16955   0.02518   0.01528   0.11316   0.09923   0.06035   0.07707   0.07268   0.16886   7.97365   1.44304   1.03416   1.36794   0.92622  
  5 6657.1147   2216.883195  x:  0.34135   0.00000   0.14771   0.20586   0.04500   0.00707   0.06695   0.08023   0.12518   0.05502   0.03883   0.32616   0.00640   0.22505   0.16941   0.03990   0.03770   0.10169   0.09663   0.06177   0.08256   0.05570   0.10061   7.97374   1.43923   1.04005   1.37069   0.92538  
  6 513.4158   2210.776809  x:  0.36335   0.00000   0.13780   0.19527   0.03851   0.00631   0.06651   0.07814   0.12438   0.05173   0.04476   0.32066   0.00393   0.23351   0.16445   0.03899   0.03127   0.09132   0.09499   0.06285   0.06794   0.06146   0.03264   7.97381   1.43608   1.04504   1.37341   0.92473  
  7 195.9755   2210.597963  x:  0.36688   0.00000   0.13661   0.19387   0.03947   0.00632   0.06577   0.07795   0.12431   0.05220   0.04278   0.31953   0.00796   0.23486   0.16397   0.03898   0.03233   0.09065   0.09496   0.06302   0.06735   0.06086   0.03033   7.97383   1.43556   1.04586   1.37394   0.92463  
  8 76.4138   2209.809510  x:  0.39859   0.00000   0.12614   0.17619   0.03859   0.00585   0.06467   0.07732   0.12360   0.05422   0.04020   0.31063   0.00781   0.24443   0.15579   0.03269   0.03315   0.08706   0.09646   0.06440   0.05292   0.06460   0.03759   7.97397   1.43035   1.05416   1.37995   0.92363  
  9 50.0515   2209.688268  x:  0.40555   0.00000   0.12644   0.17224   0.03750   0.00599   0.06436   0.07698   0.12361   0.05667   0.04455   0.30864   0.00815   0.24513   0.15409   0.03761   0.03329   0.08744   0.09718   0.06485   0.05351   0.06306   0.03885   7.97403   1.42868   1.05696   1.38241   0.92327  
 10 31.5141   2209.622071  x:  0.40879   0.00000   0.13001   0.16850   0.04070   0.00614   0.06541   0.07668   0.12361   0.05708   0.04586   0.30835   0.00820   0.24131   0.15073   0.03628   0.03223   0.08881   0.09785   0.06488   0.05651   0.06389   0.03840   7.97414   1.42622   1.06147   1.38710   0.92266  
 11 12.7872   2209.563566  x:  0.41062   0.00000   0.13292   0.16631   0.03841   0.00614   0.06602   0.07660   0.12357   0.05488   0.04343   0.30894   0.00821   0.23617   0.14799   0.03775   0.03296   0.08935   0.09818   0.06450   0.05714   0.06479   0.03824   7.97431   1.42332   1.06724   1.39349   0.92184  
 12 17.3006   2209.458079  x:  0.41275   0.00000   0.13194   0.17045   0.03808   0.00600   0.06285   0.07786   0.12386   0.05193   0.04513   0.31026   0.00843   0.22868   0.14837   0.03632   0.03281   0.08794   0.09630   0.06369   0.05531   0.06111   0.03865   7.97476   1.41731   1.08110   1.40983   0.91976  
 13 14.4137   2209.346933  x:  0.41301   0.00000   0.12742   0.17577   0.03868   0.00606   0.06675   0.07783   0.12416   0.05402   0.04500   0.31106   0.00863   0.22542   0.15248   0.03732   0.03241   0.08775   0.09613   0.06507   0.05522   0.06470   0.03885   7.97535   1.41218   1.09631   1.42925   0.91734  
 14 25.2621   2209.229550  x:  0.40716   0.00000   0.12899   0.17442   0.03810   0.00601   0.06328   0.07532   0.12363   0.05667   0.04491   0.31090   0.00840   0.23128   0.15652   0.03634   0.03327   0.09204   0.10038   0.06490   0.05203   0.06606   0.03812   7.97612   1.41228   1.10981   1.45040   0.91489  
 15 15.3285   2209.087120  x:  0.39885   0.00000   0.13127   0.16975   0.03818   0.00587   0.06689   0.07721   0.12328   0.05688   0.04389   0.31087   0.00825   0.24148   0.15690   0.03638   0.03103   0.08858   0.10079   0.06459   0.04992   0.06160   0.03822   7.97716   1.41748   1.12326   1.47492   0.91222  
 16 26.9569   2208.916093  x:  0.39609   0.00000   0.13380   0.17143   0.03807   0.00600   0.06517   0.07997   0.12405   0.05170   0.04604   0.30915   0.00840   0.25271   0.15197   0.03690   0.03330   0.08788   0.09340   0.06431   0.05252   0.06640   0.03873   7.97858   1.43307   1.13383   1.50041   0.90982  
 17 19.5085   2208.592583  x:  0.39742   0.00000   0.12782   0.17578   0.03828   0.00594   0.06682   0.07341   0.12450   0.04520   0.04599   0.30844   0.00855   0.25586   0.14228   0.03825   0.02892   0.09494   0.09445   0.06571   0.05217   0.06332   0.03864   7.98146   1.47494   1.14562   1.53941   0.90691  
 18 24.3512   2207.788514  x:  0.40966   0.00000   0.13186   0.18136   0.03557   0.00557   0.07054   0.08192   0.12403   0.05218   0.04848   0.30768   0.00883   0.24478   0.14239   0.03382   0.03493   0.09383   0.10359   0.06190   0.04104   0.06312   0.03671   7.98907   1.59045   1.17120   1.62835   0.90176  
 19 61.9961   2207.458192  x:  0.41511   0.00000   0.13530   0.17915   0.03749   0.00551   0.06576   0.08106   0.12297   0.05241   0.04609   0.30753   0.00868   0.23899   0.15050   0.03665   0.02715   0.08946   0.10189   0.06329   0.03707   0.06649   0.03743   7.99212   1.63460   1.18231   1.65911   0.90065  
 20 95.7839   2207.280072  x:  0.41769   0.00000   0.13600   0.17357   0.03700   0.00548   0.06849   0.07632   0.12204   0.04773   0.04805   0.30741   0.00860   0.23605   0.16058   0.03465   0.03032   0.09060   0.09643   0.06562   0.03660   0.06516   0.03742   7.99390   1.65518   1.19116   1.66900   0.90171  
 21 31.0565   2207.011048  x:  0.41755   0.00000   0.13060   0.16815   0.03740   0.00547   0.06838   0.08497   0.12316   0.04295   0.04822   0.30752   0.00845   0.23581   0.16581   0.03577   0.02827   0.09802   0.09570   0.05954   0.03721   0.06556   0.03682   7.99691   1.67216   1.21308   1.66217   0.90867  
 22 11.4085   2205.772169  x:  0.41689   0.00000   0.14004   0.17793   0.03633   0.00511   0.07023   0.08494   0.12725   0.03874   0.05115   0.30579   0.00885   0.24393   0.16035   0.03520   0.02721   0.09638   0.10213   0.07043   0.02353   0.06739   0.03734   8.01111   1.72907   1.31793   1.60773   0.94610  
 23 35.8552   2205.625153  x:  0.41733   0.00000   0.14111   0.17966   0.03668   0.00508   0.07160   0.07968   0.12406   0.03961   0.05175   0.30553   0.00898   0.24486   0.15941   0.03552   0.02718   0.09415   0.10114   0.06129   0.02193   0.06833   0.03774   8.01282   1.73030   1.32340   1.60259   0.94983  
 24 17.4903   2204.730360  x:  0.42402   0.00000   0.14301   0.18302   0.03648   0.00493   0.07286   0.08485   0.09797   0.02988   0.05471   0.30310   0.00925   0.24758   0.16111   0.03522   0.02590   0.09565   0.10691   0.06446   0.01767   0.06970   0.03772   8.02362   1.68374   1.28086   1.58909   0.96383  
 25  8.3768   2203.609928  x:  0.42973   0.00000   0.14597   0.18314   0.03622   0.00461   0.07461   0.08614   0.10997   0.02719   0.05586   0.30113   0.00934   0.24811   0.16207   0.03504   0.02414   0.10036   0.10391   0.06488   0.00671   0.07002   0.03706   8.03611   1.62565   1.22494   1.57485   0.97757  
 26 78.1725   2203.451154  x:  0.43205   0.00000   0.14657   0.18382   0.03646   0.00467   0.07489   0.08551   0.11520   0.02157   0.05723   0.30035   0.00948   0.24949   0.16450   0.03473   0.02422   0.09750   0.10997   0.06343   0.00802   0.07104   0.03741   8.03814   1.61622   1.21589   1.57243   0.97864  
 27 44.7701   2203.051814  x:  0.43451   0.00000   0.14902   0.18563   0.03682   0.00466   0.07599   0.08623   0.11499   0.02038   0.05809   0.29896   0.00967   0.25105   0.16470   0.03500   0.02382   0.09912   0.11006   0.06316   0.00761   0.07141   0.03790   8.04475   1.59582   1.20359   1.54142   0.88186  
 28  3.3798   2199.651427  x:  0.47218   0.00000   0.17871   0.20645   0.04271   0.00460   0.08747   0.08997   0.12459   0.02977   0.05868   0.27928   0.01043   0.26268   0.16617   0.04086   0.01849   0.12634   0.09173   0.06094   0.01682   0.06965   0.04169   8.08881   1.40341   1.05595   1.41848   0.90571  
 29  1.2268   2189.150503  x:  0.34905   0.00000   0.20886   0.18368   0.08922   0.01748   0.10545   0.08405   0.13858   0.02658   0.07687   0.17253   0.01563   0.20575   0.13628   0.07163   0.05687   0.13592   0.11565   0.06575   0.01410   0.09102   0.03618   8.39603   1.39640   1.00588   1.37174   0.94757  
 30  0.1283   2176.993278  x:  0.43655   0.00000   0.23218   0.18903   0.11014   0.02379   0.11356   0.07799   0.13886   0.02361   0.07846   0.02964   0.01317   0.24454   0.14371   0.08746   0.06159   0.14307   0.10388   0.06464   0.01462   0.08921   0.02471   8.28377   1.52793   1.15688   1.45376   0.95854  
 31  0.2790   2173.902653  x:  0.41910   0.00000   0.22514   0.19130   0.10486   0.02471   0.11023   0.07900   0.13365   0.02463   0.07358   0.01007   0.01361   0.23753   0.15059   0.08393   0.05187   0.14091   0.09644   0.06285   0.01469   0.08283   0.03539   8.17235   1.52979   1.15468   1.47862   0.94552  
 32  0.2695   2168.117853  x:  0.36861   0.00000   0.19589   0.20033   0.07892   0.02297   0.09724   0.08316   0.11931   0.02735   0.05850   0.02638   0.01376   0.21468   0.17093   0.06622   0.02161   0.13078   0.07833   0.05839   0.01514   0.06509   0.05673   7.88286   1.52890   1.14911   1.53818   0.90987  
 33  1.4501   2166.056774  x:  0.36352   0.00000   0.17465   0.20344   0.05936   0.02222   0.08966   0.08635   0.12036   0.03037   0.05508   0.02109   0.01172   0.20932   0.17443   0.05245   0.01127   0.11733   0.09553   0.05935   0.01430   0.06578   0.04510   7.84270   1.43301   1.07610   1.48077   0.90587  
 34  0.1792   2165.137205  x:  0.36401   0.00000   0.16820   0.20886   0.04951   0.02181   0.08692   0.08855   0.12395   0.03011   0.05434   0.01916   0.01081   0.20840   0.17419   0.04572   0.02358   0.11386   0.10289   0.06077   0.01379   0.06785   0.03677   7.90159   1.41872   1.06537   1.45144   0.91886  
 35  0.1304   2164.874295  x:  0.36176   0.00000   0.17185   0.21367   0.04434   0.02129   0.08699   0.08858   0.12583   0.02681   0.05512   0.01880   0.01129   0.20788   0.17249   0.04300   0.02288   0.11763   0.09903   0.06174   0.01390   0.06866   0.03664   7.95862   1.48686   1.11229   1.47543   0.93384  
 36  0.1237   2164.827463  x:  0.36353   0.00000   0.17683   0.21442   0.04500   0.02075   0.08832   0.08778   0.12654   0.02646   0.05644   0.01940   0.01209   0.21001   0.17144   0.04375   0.02321   0.12028   0.09895   0.06083   0.01381   0.06930   0.03818   7.98833   1.49016   1.10968   1.49180   0.92936  
 37  0.0269   2164.750955  x:  0.36206   0.00000   0.17960   0.21320   0.04247   0.01858   0.08859   0.08722   0.12551   0.02771   0.05635   0.01819   0.01297   0.20836   0.16934   0.04271   0.02292   0.12174   0.09617   0.06094   0.01404   0.06894   0.03547   7.99556   1.47783   1.10347   1.49582   0.91954  
 38  0.0053   2164.549902  x:  0.36128   0.00000   0.18245   0.21180   0.04432   0.01230   0.08885   0.08747   0.12381   0.03044   0.05531   0.01863   0.01498   0.20702   0.17060   0.04318   0.02280   0.12107   0.10162   0.06161   0.01315   0.06743   0.03735   7.97270   1.47593   1.11501   1.48092   0.92428  
 39  0.0116   2164.456189  x:  0.36050   0.00000   0.17828   0.21018   0.04740   0.00977   0.08868   0.08771   0.12393   0.02756   0.05603   0.01869   0.01428   0.20680   0.17028   0.04436   0.02292   0.11955   0.09848   0.06173   0.01323   0.06877   0.03663   7.96365   1.48033   1.10479   1.47875   0.93255  
 40  0.0141   2164.430191  x:  0.36162   0.00000   0.17477   0.21230   0.04716   0.01044   0.08854   0.08797   0.12529   0.02761   0.05590   0.01888   0.01270   0.20786   0.17134   0.04403   0.02310   0.11840   0.09866   0.06090   0.01395   0.06939   0.03721   7.96567   1.48733   1.10443   1.48441   0.93042  
 41  0.0094   2164.421304  x:  0.36130   0.00000   0.17552   0.21314   0.04703   0.00954   0.08918   0.08777   0.12528   0.02810   0.05608   0.01872   0.01187   0.20753   0.17090   0.04404   0.02316   0.11906   0.09883   0.06101   0.01420   0.06933   0.03735   7.97378   1.48434   1.10577   1.48367   0.92859  
 42  0.0064   2164.419709  x:  0.36087   0.00000   0.17620   0.21284   0.04719   0.00980   0.08938   0.08768   0.12501   0.02795   0.05624   0.01864   0.01154   0.20729   0.17063   0.04422   0.02315   0.11940   0.09872   0.06117   0.01410   0.06928   0.03732   7.97511   1.48277   1.10540   1.48235   0.92951  
 43  0.0031   2164.419435  x:  0.36112   0.00000   0.17649   0.21253   0.04710   0.00974   0.08930   0.08771   0.12488   0.02796   0.05620   0.01867   0.01148   0.20748   0.17074   0.04418   0.02312   0.11937   0.09881   0.06114   0.01396   0.06920   0.03737   7.97334   1.48323   1.10502   1.48244   0.92993  
 44  0.0018   2164.419421  x:  0.36105   0.00000   0.17651   0.21245   0.04713   0.00973   0.08928   0.08772   0.12492   0.02799   0.05619   0.01867   0.01147   0.20746   0.17074   0.04419   0.02311   0.11935   0.09879   0.06114   0.01395   0.06923   0.03735   7.97317   1.48354   1.10516   1.48257   0.92973  
 45  0.0005   2164.419420  x:  0.36105   0.00000   0.17650   0.21245   0.04712   0.00974   0.08926   0.08772   0.12493   0.02798   0.05619   0.01868   0.01147   0.20746   0.17074   0.04419   0.02311   0.11934   0.09878   0.06114   0.01395   0.06923   0.03736   7.97321   1.48349   1.10515   1.48254   0.92972  
 46  0.0001   2164.419420  x:  0.36106   0.00000   0.17651   0.21245   0.04712   0.00974   0.08926   0.08773   0.12493   0.02798   0.05619   0.01868   0.01147   0.20746   0.17074   0.04419   0.02311   0.11934   0.09878   0.06114   0.01395   0.06923   0.03736   7.97323   1.48349   1.10515   1.48255   0.92972  
 47  0.0000   2164.419420  x:  0.36105   0.00000   0.17651   0.21245   0.04712   0.00974   0.08926   0.08773   0.12493   0.02798   0.05619   0.01868   0.01147   0.20746   0.17074   0.04419   0.02311   0.11934   0.09878   0.06114   0.01395   0.06923   0.03736   7.97323   1.48349   1.10515   1.48255   0.92972  
 48  0.0000   2164.419420  x:  0.36105   0.00000   0.17651   0.21245   0.04712   0.00974   0.08926   0.08773   0.12493   0.02798   0.05619   0.01868   0.01147   0.20746   0.17074   0.04419   0.02311   0.11934   0.09878   0.06114   0.01395   0.06923   0.03736   7.97323   1.48349   1.10515   1.48254   0.92972  
 49  0.0000   2164.419420  x:  0.36105   0.00000   0.17651   0.21245   0.04712   0.00974   0.08926   0.08773   0.12493   0.02798   0.05619   0.01868   0.01147   0.20746   0.17074   0.04419   0.02311   0.11934   0.09878   0.06114   0.01395   0.06923   0.03736   7.97323   1.48349   1.10515   1.48254   0.92972  