

TREE # 1

  0  0.0000   1985.659700  x:  0.20925   0.02571   0.03211   0.02495   0.05815   0.02188   0.05666   0.08536   0.02661   0.17168   0.20925   0.02571   0.03211   0.02495   0.05815   0.02188   0.05666   0.08536   0.02661   0.17168   0.21568   8.40433   1.73091   1.29954   1.71646   1.00000  
  1 99.0000   1935.714262  x:  0.18853   0.13479   0.03957   0.00632   0.07032   0.03423   0.07566   0.09610   0.15738   0.17588   0.19720   0.03765   0.01614   0.01943   0.04233   0.00168   0.06330   0.08066   0.02743   0.17667   0.22008   8.40451   1.73026   1.29739   1.71810   0.99920  
  2 989.9285   1934.442980  x:  0.18312   0.13864   0.03962   0.00517   0.07199   0.03415   0.07815   0.09764   0.16208   0.17684   0.19419   0.03829   0.01408   0.01976   0.03932   0.01539   0.06423   0.07970   0.02722   0.17778   0.22112   8.40456   1.73010   1.29688   1.71848   0.99900  
  3 418.4445   1926.572341  x:  0.12980   0.13573   0.03714   0.00732   0.08459   0.02824   0.09672   0.10983   0.15968   0.18573   0.16495   0.03998   0.00259   0.02261   0.01301   0.01417   0.07114   0.07135   0.02482   0.18814   0.23104   8.40505   1.72854   1.29194   1.72209   0.99705  
  4 200.5399   1923.504347  x:  0.09781   0.13477   0.03597   0.00675   0.09113   0.02591   0.10648   0.11645   0.15911   0.19084   0.14776   0.04121   0.01065   0.02387   0.00565   0.01395   0.07473   0.06716   0.02405   0.19406   0.23682   8.40534   1.72759   1.28896   1.72427   0.99587  
  5 992.6736   1914.806067  x:  0.01165   0.13209   0.03318   0.00504   0.10777   0.02093   0.13154   0.13356   0.15741   0.20439   0.10188   0.04383   0.01537   0.02638   0.01489   0.01316   0.08363   0.05635   0.02224   0.20976   0.25224   8.40613   1.72502   1.28089   1.73016   0.99269  
  6 1597.9150   1914.076060  x:  0.00256   0.13171   0.03505   0.00433   0.10572   0.02910   0.12994   0.13305   0.15671   0.20713   0.09492   0.04240   0.01478   0.02315   0.01413   0.01322   0.08155   0.05976   0.02536   0.21254   0.25557   8.40634   1.72431   1.27891   1.73171   0.99187  
  7 122.4744   1913.214678  x:  0.00400   0.13237   0.03780   0.00596   0.10087   0.02754   0.12667   0.13264   0.15702   0.21755   0.07115   0.03817   0.01487   0.01976   0.01431   0.01340   0.07694   0.06577   0.02789   0.22303   0.26767   8.40710   1.72173   1.27220   1.73708   0.98908  
  8 73.5985   1913.073770  x:  0.00339   0.13222   0.03730   0.00305   0.09897   0.02683   0.12457   0.13168   0.15719   0.22028   0.06933   0.03798   0.01456   0.02139   0.01411   0.01326   0.07590   0.06634   0.02704   0.22559   0.27098   8.40735   1.72083   1.27007   1.73885   0.98816  
  9 59.2258   1912.828808  x:  0.00085   0.13231   0.03584   0.00533   0.09434   0.02597   0.11901   0.12891   0.15863   0.22704   0.06903   0.03866   0.01449   0.02561   0.01402   0.01334   0.07389   0.06641   0.02451   0.23180   0.27933   8.40807   1.71832   1.26426   1.74373   0.98559  
 10 90.8664   1912.538520  x:  0.00115   0.13073   0.03338   0.00510   0.09328   0.02679   0.11568   0.12747   0.15963   0.23757   0.07287   0.04153   0.01455   0.02234   0.01417   0.01336   0.07569   0.06020   0.02783   0.24164   0.29287   8.40951   1.71338   1.25321   1.75309   0.98066  
 11 51.2401   1912.412772  x:  0.00160   0.12984   0.03784   0.00472   0.09617   0.02771   0.11667   0.12787   0.15986   0.24104   0.07646   0.03823   0.01481   0.02189   0.01439   0.01331   0.07761   0.06154   0.02540   0.24479   0.29870   8.41076   1.70920   1.24462   1.76049   0.97668  
 12 29.7296   1912.300106  x:  0.00117   0.12964   0.03704   0.00482   0.09857   0.02597   0.11801   0.12764   0.16017   0.24068   0.07893   0.03708   0.01479   0.02336   0.01448   0.01327   0.07756   0.06658   0.02930   0.24414   0.30139   8.41273   1.70284   1.23264   1.77095   0.97085  
 13 26.9358   1912.062012  x:  0.00188   0.12971   0.03166   0.00481   0.10004   0.02712   0.11994   0.12646   0.15999   0.23562   0.07808   0.03848   0.01479   0.02084   0.01447   0.01327   0.07531   0.06882   0.02523   0.23846   0.30222   8.41779   1.68695   1.20423   1.79594   0.95661  
 14 46.3812   1911.835663  x:  0.00224   0.13024   0.03646   0.00465   0.09774   0.02735   0.11940   0.12529   0.15925   0.22936   0.07537   0.04070   0.01458   0.02325   0.01428   0.01322   0.07379   0.06329   0.02648   0.23179   0.29985   8.42339   1.66987   1.17534   1.82151   0.94163  
 15 82.7386   1911.806869  x:  0.00142   0.13052   0.03657   0.00461   0.09615   0.02593   0.11811   0.12538   0.15941   0.22904   0.07558   0.03881   0.01454   0.02182   0.01414   0.01326   0.07472   0.06263   0.02667   0.23160   0.29786   8.42447   1.66707   1.17205   1.82459   0.93941  
 16 19.9835   1911.785538  x:  0.00173   0.13061   0.03550   0.00472   0.09526   0.02674   0.11746   0.12646   0.15949   0.22977   0.07518   0.03724   0.01457   0.02270   0.01417   0.01325   0.07681   0.06222   0.02691   0.23271   0.29483   8.42581   1.66411   1.17001   1.82675   0.93731  
 17 14.4873   1911.760806  x:  0.00178   0.13040   0.03609   0.00465   0.09479   0.02663   0.11651   0.12793   0.15944   0.23184   0.07528   0.03934   0.01450   0.02239   0.01418   0.01324   0.07794   0.06362   0.02651   0.23540   0.28963   8.42827   1.65934   1.16858   1.82878   0.93425  
 18 11.8286   1911.741596  x:  0.00177   0.13038   0.03600   0.00464   0.09599   0.02665   0.11682   0.12770   0.15952   0.23361   0.07579   0.03860   0.01455   0.02245   0.01420   0.01323   0.07470   0.06290   0.02667   0.23767   0.28600   8.43139   1.65412   1.16891   1.82937   0.93127  
 19  7.8612   1911.682590  x:  0.00174   0.13096   0.03629   0.00460   0.09598   0.02667   0.11865   0.12018   0.15912   0.23376   0.07533   0.03874   0.01454   0.02237   0.01424   0.01320   0.07662   0.06324   0.02664   0.23796   0.28599   8.44708   1.63214   1.17602   1.82573   0.91992  
 20  5.5108   1911.603777  x:  0.00200   0.13082   0.03621   0.00459   0.09411   0.02696   0.11615   0.12649   0.15933   0.23149   0.07616   0.03875   0.01451   0.02229   0.01427   0.01317   0.07536   0.06376   0.02661   0.23503   0.29114   8.47093   1.60310   1.18490   1.81813   0.90519  
 21 17.0709   1911.528732  x:  0.00205   0.12899   0.03611   0.00472   0.09982   0.02701   0.10802   0.12487   0.16137   0.23098   0.07508   0.03877   0.01439   0.02232   0.01422   0.01315   0.07610   0.06368   0.02659   0.23281   0.29072   8.50250   1.59335   1.17538   1.80091   0.90131  
 22  4.4721   1911.034299  x:  0.00409   0.12761   0.03687   0.00469   0.08847   0.02806   0.10718   0.11955   0.16362   0.23213   0.08028   0.03868   0.01430   0.02183   0.01458   0.01285   0.07239   0.06689   0.02640   0.22757   0.28708   8.71328   1.54221   1.10210   1.68526   0.88475  
 23 40.3964   1910.987024  x:  0.00417   0.13452   0.03667   0.00472   0.08910   0.02811   0.10518   0.11936   0.15800   0.22912   0.08112   0.03883   0.01428   0.02180   0.01461   0.01281   0.07224   0.06711   0.02628   0.23047   0.28734   8.73539   1.53783   1.09702   1.67842   0.88745  
 24 15.4266   1910.860485  x:  0.00461   0.13081   0.03695   0.00478   0.08681   0.02841   0.10302   0.11765   0.16151   0.21741   0.08206   0.03878   0.01423   0.02167   0.01471   0.01271   0.07138   0.06786   0.02627   0.23941   0.28724   8.80105   1.52968   1.09693   1.68535   0.91588  
 25  8.2606   1910.648154  x:  0.00512   0.13313   0.03713   0.00490   0.08425   0.02884   0.09912   0.11569   0.16022   0.22830   0.08355   0.03849   0.01417   0.02141   0.01490   0.01253   0.07025   0.06900   0.02645   0.22686   0.28487   8.91606   1.52197   1.10369   1.70778   0.96569  
 26 26.6052   1910.192294  x:  0.00660   0.13427   0.03789   0.00486   0.07791   0.02980   0.09076   0.11061   0.16069   0.22373   0.08684   0.03788   0.01401   0.02081   0.01545   0.01199   0.06744   0.07112   0.02671   0.22426   0.28117   9.19964   1.63022   1.16848   1.80023   0.93402  
 27  6.9768   1909.191258  x:  0.00492   0.13270   0.03908   0.00414   0.08802   0.03294   0.10329   0.11535   0.16049   0.22574   0.08373   0.03675   0.01504   0.01932   0.02146   0.00707   0.07062   0.07149   0.02937   0.22746   0.28388  10.59617   1.64799   1.17421   1.82198   0.96067  
 28  1.0283   1909.066410  x:  0.00481   0.13365   0.03829   0.00453   0.08330   0.03148   0.09772   0.11520   0.16234   0.22588   0.08334   0.03781   0.01385   0.02117   0.02276   0.00561   0.07015   0.06992   0.02791   0.22764   0.28400  10.79480   1.62789   1.16251   1.80467   0.95634  
 29  0.1572   1909.017883  x:  0.00433   0.13588   0.03796   0.00488   0.08335   0.03011   0.09742   0.11347   0.16463   0.22614   0.08340   0.03746   0.01206   0.01999   0.02359   0.00636   0.06919   0.06977   0.02737   0.22725   0.28432  10.68468   1.62889   1.16453   1.80473   0.95271  
 30  0.0487   1908.999689  x:  0.00403   0.13668   0.03822   0.00461   0.08425   0.03088   0.09902   0.11487   0.16589   0.22614   0.08353   0.03762   0.01134   0.02057   0.02467   0.00611   0.07004   0.07015   0.02799   0.22754   0.28424  10.67112   1.63386   1.16685   1.80901   0.95611  
 31  0.0101   1908.996268  x:  0.00432   0.13681   0.03836   0.00458   0.08407   0.03131   0.09850   0.11475   0.16643   0.22595   0.08342   0.03763   0.01173   0.02051   0.02513   0.00612   0.06989   0.07015   0.02795   0.22761   0.28408  10.62367   1.63009   1.16444   1.80567   0.95514  
 32  0.0248   1908.995933  x:  0.00433   0.13707   0.03827   0.00461   0.08403   0.03112   0.09863   0.11463   0.16654   0.22587   0.08353   0.03764   0.01172   0.02052   0.02528   0.00612   0.06989   0.07009   0.02788   0.22734   0.28398  10.60723   1.63089   1.16518   1.80603   0.95478  
 33  0.0130   1908.995915  x:  0.00430   0.13704   0.03826   0.00461   0.08407   0.03109   0.09860   0.11468   0.16653   0.22591   0.08353   0.03763   0.01174   0.02050   0.02528   0.00610   0.06990   0.07009   0.02791   0.22741   0.28401  10.60481   1.63104   1.16521   1.80618   0.95483  
 34  0.0020   1908.995913  x:  0.00430   0.13703   0.03827   0.00460   0.08405   0.03109   0.09861   0.11467   0.16651   0.22590   0.08352   0.03763   0.01174   0.02051   0.02528   0.00610   0.06990   0.07010   0.02791   0.22741   0.28401  10.60348   1.63101   1.16519   1.80618   0.95483  
 35  0.0009   1908.995912  x:  0.00429   0.13702   0.03827   0.00461   0.08406   0.03110   0.09860   0.11467   0.16650   0.22590   0.08352   0.03763   0.01174   0.02051   0.02528   0.00610   0.06990   0.07010   0.02790   0.22740   0.28401  10.60288   1.63100   1.16520   1.80616   0.95482  
 36  0.0003   1908.995912  x:  0.00430   0.13701   0.03827   0.00461   0.08405   0.03110   0.09861   0.11467   0.16648   0.22590   0.08352   0.03763   0.01174   0.02051   0.02528   0.00610   0.06990   0.07010   0.02790   0.22741   0.28401  10.60290   1.63102   1.16521   1.80618   0.95481  
 37  0.0000   1908.995912  x:  0.00430   0.13701   0.03827   0.00461   0.08405   0.03109   0.09860   0.11467   0.16648   0.22590   0.08352   0.03763   0.01174   0.02051   0.02528   0.00610   0.06990   0.07010   0.02791   0.22740   0.28401  10.60305   1.63101   1.16520   1.80617   0.95482  
 38  0.0001   1908.995912  x:  0.00430   0.13701   0.03827   0.00461   0.08405   0.03109   0.09860   0.11467   0.16648   0.22590   0.08352   0.03763   0.01174   0.02051   0.02528   0.00610   0.06990   0.07010   0.02791   0.22740   0.28401  10.60311   1.63101   1.16520   1.80617   0.95482  
 39  0.0000   1908.995912  x:  0.00430   0.13701   0.03827   0.00461   0.08405   0.03109   0.09860   0.11467   0.16648   0.22590   0.08352   0.03763   0.01174   0.02051   0.02528   0.00610   0.06990   0.07010   0.02791   0.22740   0.28401  10.60312   1.63101   1.16520   1.80617   0.95482  
 40  0.0000   1908.995912  x:  0.00430   0.13701   0.03827   0.00461   0.08405   0.03109   0.09860   0.11467   0.16648   0.22590   0.08352   0.03763   0.01174   0.02051   0.02528   0.00610   0.06990   0.07010   0.02791   0.22740   0.28401  10.60312   1.63101   1.16520   1.80617   0.95482  