

TREE # 1

  0  0.0000   2091.753610  x:  0.01972   0.20925   0.02571   0.03211   0.02495   0.05815   0.02188   0.05666   0.08536   0.02661   0.17168   0.01972   0.20925   0.02571   0.03211   0.02495   0.05815   0.02188   0.05666   0.08536   0.02661   0.17168   0.21568   8.40433   1.92708   1.03509   1.42352   1.00000  
  1 99.0000   2055.772136  x:  0.00000   0.20798   0.05600   0.02811   0.01224   0.06011   0.01858   0.04727   0.08783   0.04522   0.17250   0.00439   0.20213   0.09239   0.02811   0.02901   0.06536   0.03163   0.06039   0.08582   0.10300   0.17905   0.21915   8.40430   1.92602   1.03400   1.42566   1.00109  
  2 785.6247   2054.830504  x:  0.00000   0.20754   0.05648   0.02756   0.01051   0.06042   0.01874   0.04568   0.08813   0.04509   0.17284   0.00000   0.19995   0.09211   0.02646   0.02903   0.06641   0.03138   0.06095   0.08581   0.10286   0.18093   0.22009   8.40429   1.92571   1.03376   1.42623   1.00138  
  3 159.6154   2052.123522  x:  0.00000   0.19769   0.06379   0.02660   0.02832   0.06374   0.01819   0.03112   0.09124   0.04330   0.18092   0.00000   0.15877   0.08719   0.01248   0.02907   0.07708   0.03079   0.06673   0.08750   0.10526   0.21388   0.23766   8.40414   1.91966   1.02908   1.43728   1.00723  
  4 178.1742   2050.481359  x:  0.00000   0.18762   0.06337   0.02706   0.02568   0.06410   0.01829   0.03307   0.09382   0.04150   0.18898   0.00000   0.11823   0.08500   0.03004   0.02906   0.07924   0.03115   0.06785   0.09084   0.10700   0.24099   0.25315   8.40398   1.91293   1.02397   1.44947   1.01372  
  5 149.6105   2049.973234  x:  0.00000   0.18207   0.05918   0.02894   0.02273   0.06158   0.01779   0.04378   0.09274   0.04240   0.19346   0.00000   0.10464   0.08664   0.02360   0.02780   0.07184   0.03199   0.06361   0.08996   0.10781   0.24774   0.25843   8.40388   1.90833   1.02091   1.45741   1.01804  
  6 64.6572   2049.782623  x:  0.00000   0.17624   0.05771   0.02701   0.02271   0.06038   0.02037   0.03980   0.08958   0.04275   0.19825   0.00000   0.10388   0.08820   0.02368   0.03101   0.06537   0.03086   0.06096   0.08931   0.10721   0.24708   0.26101   8.40374   1.90168   1.01669   1.46858   1.02429  
  7 24.8658   2049.607803  x:  0.00000   0.17081   0.05770   0.02779   0.02208   0.06033   0.01551   0.03759   0.08775   0.04272   0.20275   0.00000   0.10517   0.08882   0.02406   0.02988   0.06425   0.03124   0.06030   0.08875   0.10640   0.24515   0.26309   8.40357   1.89354   1.01159   1.48214   1.03198  
  8 50.1795   2049.298569  x:  0.00000   0.16203   0.05925   0.03055   0.02155   0.06145   0.01903   0.03884   0.08683   0.04250   0.21022   0.00000   0.10884   0.08908   0.02427   0.02542   0.06865   0.03282   0.06177   0.08797   0.10570   0.24039   0.26632   8.40319   1.87568   1.00061   1.51164   1.04890  
  9 90.4997   2049.110721  x:  0.00000   0.16161   0.05980   0.02773   0.02187   0.06178   0.01819   0.04273   0.08924   0.04235   0.21145   0.00000   0.11011   0.08786   0.02375   0.03083   0.07217   0.03118   0.06407   0.08824   0.10639   0.23744   0.26663   8.40292   1.86282   0.99348   1.53219   1.06113  
 10 63.0535   2048.843316  x:  0.00000   0.17403   0.05884   0.02588   0.02261   0.06041   0.01822   0.04058   0.09471   0.04232   0.20349   0.00000   0.10798   0.08545   0.02363   0.02729   0.06941   0.03020   0.06255   0.08993   0.10909   0.23514   0.26238   8.40248   1.84150   0.98435   1.56407   1.08157  
 11 40.9733   2048.789464  x:  0.00000   0.17698   0.05878   0.02901   0.02234   0.06085   0.01838   0.03984   0.09361   0.04219   0.20039   0.00000   0.10742   0.08594   0.02350   0.02922   0.06913   0.03208   0.06259   0.08983   0.10838   0.23570   0.26070   8.40238   1.83662   0.98321   1.57068   1.08640  
 12 33.5617   2048.754955  x:  0.00000   0.17807   0.05904   0.02826   0.02266   0.06171   0.01830   0.04052   0.08962   0.04227   0.19695   0.00000   0.10745   0.08795   0.02373   0.02878   0.06981   0.03117   0.06278   0.08899   0.10669   0.23774   0.25860   8.40230   1.83289   0.98408   1.57448   1.09043  
 13 14.6874   2048.740329  x:  0.00000   0.17648   0.05928   0.02747   0.02261   0.06044   0.01830   0.04071   0.08985   0.04221   0.19539   0.00000   0.10860   0.08745   0.02384   0.02875   0.06969   0.03251   0.06280   0.08865   0.10687   0.23997   0.25689   8.40223   1.83040   0.98723   1.57517   1.09380  
 14  5.5650   2048.726775  x:  0.00000   0.17495   0.05929   0.02846   0.02248   0.06033   0.01832   0.04074   0.09071   0.04229   0.19449   0.00000   0.10958   0.08704   0.02390   0.02883   0.06941   0.03111   0.06271   0.08864   0.10744   0.24173   0.25537   8.40216   1.82788   0.99107   1.57536   1.09750  
 15 13.0649   2048.710828  x:  0.00000   0.17467   0.05838   0.02805   0.02249   0.06290   0.01831   0.04070   0.09140   0.04240   0.19540   0.00000   0.10942   0.08718   0.02379   0.02880   0.06926   0.03167   0.06248   0.08939   0.10759   0.24164   0.25452   8.40205   1.82458   0.99723   1.57462   1.10320  
 16  7.8482   2048.685191  x:  0.00000   0.17632   0.05923   0.02818   0.02236   0.06111   0.01834   0.04053   0.09079   0.04248   0.19823   0.00000   0.10787   0.08769   0.02370   0.02883   0.06997   0.03152   0.06295   0.09001   0.10697   0.23935   0.25498   8.40183   1.81945   1.00753   1.57250   1.11335  
 17 11.9935   2048.676636  x:  0.00000   0.17705   0.05956   0.02817   0.02216   0.06149   0.01835   0.04070   0.09029   0.04159   0.19784   0.00000   0.10839   0.08690   0.02384   0.02884   0.06970   0.03151   0.06294   0.08819   0.10783   0.23915   0.25753   8.40172   1.81878   1.00902   1.57110   1.11729  
 18  3.4074   2048.666886  x:  0.00000   0.17739   0.05919   0.02819   0.02208   0.06148   0.01835   0.04070   0.09043   0.04352   0.19681   0.00000   0.10924   0.08684   0.02394   0.02887   0.06980   0.03156   0.06282   0.08801   0.10758   0.23931   0.26042   8.40157   1.81877   1.00914   1.56910   1.12203  
 19  5.4159   2048.649423  x:  0.00000   0.17716   0.05829   0.02821   0.02201   0.06097   0.01835   0.04067   0.09110   0.04217   0.19512   0.00000   0.11027   0.08847   0.02368   0.02884   0.06997   0.03152   0.06278   0.09004   0.10693   0.23952   0.26341   8.40127   1.81957   1.00759   1.56520   1.13036  
 20  8.2286   2048.600627  x:  0.00000   0.17562   0.06216   0.02796   0.02111   0.06204   0.01834   0.04109   0.09073   0.04222   0.19404   0.00000   0.10900   0.08757   0.02331   0.02880   0.06840   0.03158   0.06294   0.09187   0.10675   0.23854   0.26153   8.40042   1.82321   0.99959   1.55381   1.15250  
 21  8.9467   2048.546773  x:  0.00000   0.17479   0.05894   0.02797   0.02067   0.06126   0.01835   0.04005   0.08993   0.04256   0.19505   0.00000   0.10725   0.08725   0.02316   0.02887   0.07033   0.03145   0.06291   0.08961   0.10858   0.23810   0.25703   8.39950   1.82696   0.99053   1.54188   1.17504  
 22 26.3987   2048.526728  x:  0.00000   0.17666   0.05945   0.02793   0.02056   0.06135   0.01835   0.04021   0.09173   0.04250   0.19786   0.00000   0.10847   0.08908   0.02337   0.02883   0.06978   0.03150   0.06311   0.08754   0.10699   0.24060   0.25588   8.39920   1.82690   0.98813   1.53916   1.17917  
 23  4.4512   2048.471031  x:  0.00000   0.18043   0.05957   0.02800   0.01917   0.06123   0.01839   0.04085   0.08888   0.04251   0.20265   0.00000   0.11192   0.08738   0.02303   0.02900   0.07026   0.03147   0.06161   0.09089   0.10902   0.24564   0.25553   8.39853   1.82293   0.98491   1.53564   1.18022  
 24  2.9958   2048.006023  x:  0.00000   0.18065   0.05767   0.02757   0.01203   0.06145   0.01850   0.03987   0.08692   0.04361   0.20275   0.00000   0.11220   0.08911   0.02090   0.02733   0.06565   0.03139   0.07679   0.09252   0.11305   0.24768   0.25690   8.39331   1.78155   0.96984   1.51473   1.16481  
 25  6.0284   2047.516992  x:  0.00000   0.17850   0.06097   0.02673   0.00580   0.06192   0.01860   0.03841   0.08904   0.04338   0.19981   0.00000   0.11002   0.09254   0.01938   0.02835   0.06998   0.03118   0.06930   0.09051   0.11361   0.24643   0.25825   8.38848   1.74320   0.95683   1.49608   1.14929  
 26 65.1252   2047.380221  x:  0.00000   0.17954   0.06138   0.02640   0.00478   0.06200   0.01867   0.03781   0.08902   0.04338   0.19874   0.00000   0.10988   0.09353   0.01872   0.02828   0.07041   0.03107   0.07001   0.09037   0.11463   0.24699   0.25721   8.38691   1.82573   0.99379   1.55679   1.15212  
 27  1.4921   2046.919944  x:  0.00000   0.17846   0.06516   0.02419   0.00920   0.06320   0.01902   0.03343   0.09256   0.04336   0.19208   0.00000   0.10673   0.10043   0.01589   0.02922   0.07676   0.03040   0.06423   0.08771   0.11715   0.24631   0.25774   8.38991   1.85252   1.01357   1.59366   1.12003  
 28  0.1251   2046.624465  x:  0.00000   0.17881   0.06993   0.02472   0.00782   0.06379   0.01903   0.03520   0.09281   0.04447   0.19221   0.00000   0.10700   0.11082   0.01709   0.02931   0.08054   0.03092   0.06754   0.08799   0.12963   0.24856   0.25854   8.43089   1.79317   0.99091   1.55129   1.10645  
 29  0.0404   2046.565498  x:  0.00000   0.17874   0.06904   0.02520   0.00813   0.06295   0.01888   0.03542   0.09180   0.04470   0.19444   0.00000   0.10630   0.11328   0.01641   0.02925   0.07756   0.03137   0.06640   0.08879   0.13459   0.24696   0.25778   8.43772   1.82367   0.99946   1.56524   1.12861  
 30  0.0308   2046.562053  x:  0.00000   0.17849   0.06875   0.02494   0.00813   0.06301   0.01884   0.03514   0.09181   0.04474   0.19388   0.00000   0.10606   0.11369   0.01680   0.02929   0.07678   0.03130   0.06598   0.08870   0.13547   0.24678   0.25803   8.43381   1.82134   0.99981   1.56601   1.12288  
 31  0.0072   2046.561930  x:  0.00000   0.17850   0.06869   0.02497   0.00814   0.06303   0.01883   0.03529   0.09186   0.04474   0.19381   0.00000   0.10605   0.11371   0.01671   0.02929   0.07671   0.03129   0.06603   0.08868   0.13557   0.24679   0.25802   8.43219   1.82045   0.99958   1.56561   1.12222  
 32  0.0025   2046.561924  x:  0.00000   0.17852   0.06867   0.02498   0.00816   0.06303   0.01882   0.03528   0.09187   0.04474   0.19382   0.00000   0.10606   0.11370   0.01672   0.02929   0.07671   0.03129   0.06606   0.08868   0.13559   0.24681   0.25801   8.43118   1.82021   0.99945   1.56538   1.12231  
 33  0.0010   2046.561923  x:  0.00000   0.17852   0.06867   0.02498   0.00816   0.06303   0.01882   0.03528   0.09187   0.04474   0.19382   0.00000   0.10606   0.11370   0.01672   0.02929   0.07671   0.03129   0.06605   0.08868   0.13559   0.24681   0.25801   8.43086   1.82017   0.99943   1.56534   1.12232  
 34  0.0003   2046.561923  x:  0.00000   0.17852   0.06867   0.02498   0.00816   0.06303   0.01882   0.03528   0.09187   0.04474   0.19382   0.00000   0.10606   0.11370   0.01672   0.02929   0.07671   0.03129   0.06605   0.08868   0.13559   0.24681   0.25801   8.43080   1.82019   0.99943   1.56535   1.12232  
 35  0.0001   2046.561923  x:  0.00000   0.17852   0.06867   0.02498   0.00816   0.06303   0.01882   0.03528   0.09187   0.04474   0.19382   0.00000   0.10606   0.11370   0.01672   0.02929   0.07671   0.03129   0.06605   0.08868   0.13559   0.24681   0.25801   8.43078   1.82019   0.99943   1.56535   1.12232  
 36  0.0000   2046.561923  x:  0.00000   0.17852   0.06867   0.02498   0.00816   0.06303   0.01882   0.03528   0.09187   0.04474   0.19382   0.00000   0.10606   0.11370   0.01672   0.02929   0.07671   0.03129   0.06605   0.08868   0.13559   0.24681   0.25801   8.43079   1.82019   0.99943   1.56535   1.12232  
 37  0.0000   2046.561923  x:  0.00000   0.17852   0.06867   0.02498   0.00816   0.06303   0.01882   0.03528   0.09187   0.04474   0.19382   0.00000   0.10606   0.11370   0.01672   0.02929   0.07671   0.03129   0.06605   0.08868   0.13559   0.24681   0.25801   8.43079   1.82019   0.99943   1.56535   1.12232  

TREE # 2

  0  0.0000   2397.293674  x:  0.00000   0.17852   0.06867   0.02498   0.00816   0.06303   0.01882   0.03528   0.09187   0.04474   0.19382   0.00000   0.10606   0.11370   0.01672   0.02929   0.07671   0.03129   0.06605   0.08868   0.13559   0.24681   0.25801   8.43079   1.78557   0.91086   1.42846   1.12232  
  1 99.0000   2216.669556  x:  0.47216   0.18083   0.07864   0.04283   0.05832   0.06847   0.03243   0.03456   0.09057   0.04648   0.19184   0.06385   0.11201   0.11697   0.05739   0.03313   0.07652   0.03930   0.06365   0.08578   0.13142   0.24346   0.25389   8.43079   1.78542   0.91115   1.42874   1.12228  
  2 16149.1029   2113.356917  x:  0.45465   0.10495   0.26169   0.16289   0.15083   0.14868   0.16836   0.00826   0.06415   0.01234   0.13766   0.01860   0.03046   0.18333   0.22787   0.07706   0.06550   0.15877   0.01162   0.02752   0.04675   0.17576   0.17012   8.43099   1.78109   0.92013   1.43170   1.12206  
  3 693.9557   2094.068606  x:  0.45175   0.07683   0.27583   0.16658   0.15647   0.15196   0.17013   0.00963   0.06359   0.03795   0.12153   0.03442   0.00000   0.18887   0.24005   0.07194   0.06327   0.15986   0.02882   0.02660   0.01895   0.15328   0.13976   8.43107   1.77947   0.92357   1.43254   1.12188  
  4 455.8262   2083.836029  x:  0.45244   0.05132   0.28031   0.16390   0.15738   0.15049   0.16462   0.00930   0.06333   0.03510   0.10915   0.03387   0.00000   0.19086   0.24303   0.06519   0.06171   0.15436   0.02567   0.02970   0.00000   0.13460   0.11284   8.43114   1.77808   0.92652   1.43327   1.12171  
  5 601.1189   2066.422434  x:  0.45314   0.00000   0.29100   0.15998   0.16023   0.14844   0.15551   0.00952   0.06283   0.03313   0.08547   0.03441   0.00000   0.19555   0.25038   0.05361   0.06013   0.14486   0.02357   0.03456   0.00592   0.09910   0.06045   8.43128   1.77536   0.93232   1.43476   1.12128  
  6 1059.9168   2063.500109  x:  0.45433   0.00000   0.29600   0.15601   0.16240   0.14392   0.14939   0.01380   0.06414   0.03026   0.09000   0.02949   0.00000   0.19900   0.24937   0.06116   0.06809   0.13903   0.02970   0.01809   0.00681   0.08692   0.02858   8.43135   1.77397   0.93479   1.43634   1.12124  
  7 205.1822   2062.891096  x:  0.45439   0.00000   0.30001   0.15480   0.16443   0.14145   0.14748   0.01319   0.06472   0.03053   0.09708   0.02887   0.00000   0.20157   0.24875   0.06789   0.07189   0.13776   0.03057   0.02434   0.00683   0.08448   0.01865   8.43138   1.77331   0.93575   1.43749   1.12133  
  8 105.3360   2062.479323  x:  0.45367   0.00000   0.31080   0.15043   0.16872   0.13533   0.14055   0.01034   0.06504   0.03218   0.10389   0.03317   0.00000   0.20781   0.24759   0.07342   0.07420   0.13232   0.02531   0.02360   0.00714   0.07392   0.02144   8.43150   1.77105   0.93941   1.44072   1.12148  
  9 42.3388   2062.312983  x:  0.45385   0.00000   0.31928   0.14732   0.17176   0.13207   0.13662   0.01574   0.06471   0.03179   0.10583   0.03108   0.00000   0.21214   0.24667   0.07386   0.07339   0.12932   0.02680   0.02502   0.00705   0.07096   0.02411   8.43161   1.76921   0.94240   1.44350   1.12162  
 10 43.4728   2062.118416  x:  0.45423   0.00000   0.33280   0.14210   0.17542   0.12763   0.13065   0.01248   0.06401   0.03102   0.10660   0.02851   0.00000   0.21822   0.24375   0.07102   0.07012   0.12603   0.03039   0.02497   0.00699   0.07543   0.02453   8.43182   1.76594   0.94768   1.44877   1.12194  
 11 37.5155   2062.014699  x:  0.45399   0.00000   0.34124   0.13857   0.17674   0.12625   0.12843   0.01456   0.06424   0.03108   0.10660   0.03134   0.00000   0.22134   0.24032   0.06899   0.06918   0.12526   0.02772   0.02434   0.00697   0.08095   0.02281   8.43200   1.76359   0.95140   1.45305   1.12225  
 12 35.9298   2061.905489  x:  0.45504   0.00000   0.35025   0.13341   0.17409   0.12933   0.12994   0.01412   0.06615   0.03302   0.10314   0.02942   0.00000   0.22209   0.23067   0.06782   0.07587   0.12805   0.02653   0.02468   0.00680   0.08161   0.02340   8.43243   1.75949   0.95794   1.46228   1.12303  
 13 13.9053   2061.854044  x:  0.45514   0.00000   0.35355   0.13168   0.17228   0.13119   0.13183   0.01383   0.06510   0.03024   0.10273   0.03164   0.00000   0.22195   0.22562   0.06786   0.07639   0.12967   0.02837   0.02492   0.00675   0.08036   0.02365   8.43272   1.75744   0.96130   1.46795   1.12355  
 14 20.1601   2061.783419  x:  0.45565   0.00000   0.35511   0.13114   0.16974   0.13295   0.13514   0.01364   0.06310   0.03176   0.10469   0.03046   0.00000   0.22116   0.21948   0.06826   0.07078   0.13078   0.02756   0.02448   0.00695   0.07800   0.02278   8.43329   1.75485   0.96591   1.47791   1.12453  
 15 14.5049   2061.606570  x:  0.45435   0.00000   0.35022   0.13748   0.16980   0.13060   0.13781   0.01345   0.07322   0.03040   0.10329   0.03090   0.00000   0.22068   0.22057   0.06890   0.06763   0.12682   0.02828   0.02460   0.00688   0.07694   0.02267   8.43547   1.75111   0.97611   1.50969   1.12803  
 16  9.1199   2061.222850  x:  0.45117   0.00000   0.33669   0.14709   0.17201   0.12507   0.13637   0.01383   0.06341   0.03109   0.09873   0.03064   0.00000   0.21920   0.23016   0.06800   0.07365   0.11978   0.02734   0.02508   0.00644   0.07800   0.02259   8.44029   1.74710   0.99509   1.57427   1.13540  
 17 40.6884   2060.907485  x:  0.44850   0.00000   0.32901   0.13606   0.17345   0.13141   0.12349   0.01422   0.06481   0.03064   0.10306   0.03051   0.00000   0.21568   0.24376   0.06208   0.07300   0.13229   0.02705   0.02488   0.00642   0.07480   0.02190   8.44478   1.75815   1.00280   1.61295   1.14057  
 18 16.8942   2060.286714  x:  0.44465   0.00000   0.33037   0.11557   0.16848   0.13422   0.12155   0.01401   0.06426   0.03019   0.08639   0.03050   0.00000   0.21382   0.25107   0.07624   0.06654   0.12527   0.02651   0.02526   0.00595   0.07421   0.02149   8.45447   1.80937   1.00528   1.64929   1.14705  
 19 13.0799   2058.661924  x:  0.43501   0.00000   0.34329   0.11201   0.16006   0.13237   0.12674   0.01319   0.06429   0.02886   0.08434   0.03040   0.00000   0.21654   0.24404   0.04785   0.07256   0.10420   0.02550   0.02573   0.00481   0.06189   0.01739   8.47926   1.94825   1.01379   1.71186   1.15972  
 20 46.3389   2058.030559  x:  0.43094   0.00000   0.34327   0.12873   0.16288   0.12550   0.10814   0.01451   0.06354   0.02849   0.07254   0.03043   0.00000   0.21757   0.22898   0.04907   0.07046   0.11476   0.02464   0.02587   0.00444   0.05747   0.01603   8.48989   1.99883   1.03371   1.72303   1.16145  
 21 36.6362   2057.051633  x:  0.42180   0.00000   0.32707   0.12348   0.17129   0.13305   0.10799   0.01428   0.06427   0.02746   0.07063   0.03035   0.00000   0.20756   0.23794   0.04657   0.07034   0.10422   0.02377   0.02690   0.00348   0.05527   0.01549   8.50903   2.03806   1.13980   1.68947   1.14888  
 22 15.8071   2056.918697  x:  0.42149   0.00000   0.32487   0.12151   0.15935   0.12408   0.11035   0.01471   0.06445   0.02738   0.07021   0.03034   0.00000   0.21400   0.24282   0.04550   0.07053   0.10870   0.02363   0.02698   0.00342   0.05466   0.01537   8.51191   2.03473   1.14806   1.68240   1.14508  
 23 10.5371   2056.679274  x:  0.42019   0.00000   0.32487   0.12616   0.14542   0.13522   0.10193   0.01494   0.06443   0.02713   0.07022   0.03029   0.00000   0.22268   0.24569   0.04627   0.07010   0.10244   0.02344   0.02727   0.00328   0.05505   0.01550   8.51822   2.00212   1.13564   1.66486   1.13222  
 24  6.8375   2055.144915  x:  0.40468   0.00000   0.31544   0.11353   0.15621   0.13020   0.10051   0.01450   0.06507   0.02599   0.05943   0.03034   0.00000   0.22090   0.23646   0.03873   0.06862   0.09794   0.02225   0.02848   0.00290   0.04843   0.01382   8.55835   1.77241   1.02109   1.55228   1.05003  
 25 31.3209   2055.034757  x:  0.40372   0.00000   0.32227   0.11606   0.15046   0.12631   0.09741   0.01496   0.06520   0.02592   0.06012   0.03037   0.00000   0.20574   0.23964   0.03896   0.06847   0.09659   0.02223   0.02862   0.00293   0.04849   0.01394   8.56156   1.75882   1.01521   1.54475   1.05459  
 26  8.3093   2053.845824  x:  0.38769   0.00000   0.30615   0.11085   0.15098   0.12552   0.09413   0.01501   0.06542   0.02539   0.05789   0.03052   0.00000   0.21227   0.22824   0.03668   0.06675   0.09346   0.02140   0.02999   0.00439   0.04851   0.01453   8.60254   1.67316   0.98254   1.47613   1.26795  
 27  4.9436   2048.047753  x:  0.31085   0.00000   0.23541   0.10173   0.14373   0.10842   0.07856   0.01587   0.06539   0.02476   0.07062   0.03102   0.00000   0.20098   0.17407   0.03514   0.06303   0.09052   0.01832   0.03742   0.00951   0.06378   0.02363   8.81613   1.78968   0.99865   1.54070   1.11114  
 28  1.7348   2047.129016  x:  0.28961   0.00000   0.23161   0.09899   0.13461   0.10912   0.08790   0.01639   0.06642   0.02648   0.07517   0.03067   0.00000   0.19404   0.16628   0.05053   0.06703   0.08629   0.02424   0.03711   0.00964   0.06069   0.01936   8.71576   1.79406   0.99083   1.54585   1.12635  
 29  0.1650   2046.709160  x:  0.27261   0.00000   0.24439   0.10343   0.13003   0.11425   0.08700   0.01708   0.06664   0.03006   0.07878   0.03134   0.00000   0.18851   0.17282   0.04350   0.07082   0.09111   0.02695   0.03677   0.00866   0.06434   0.01763   8.51224   1.82865   0.99830   1.56996   1.13547  
 30  0.2221   2046.588517  x:  0.26083   0.00000   0.24332   0.10631   0.13618   0.11266   0.08742   0.01713   0.06618   0.03089   0.07778   0.03209   0.00000   0.19303   0.18014   0.04506   0.06877   0.09070   0.02606   0.03634   0.00796   0.06371   0.01914   8.40186   1.82506   0.99841   1.56835   1.12393  
 31  0.1041   2046.567725  x:  0.25855   0.00000   0.24755   0.10534   0.13593   0.11351   0.08872   0.01685   0.06600   0.03010   0.07684   0.03191   0.00000   0.19462   0.17665   0.04484   0.06859   0.09176   0.02524   0.03579   0.00797   0.06307   0.01903   8.40343   1.82141   0.99974   1.56530   1.11956  
 32  0.0105   2046.562599  x:  0.25806   0.00000   0.24633   0.10605   0.13529   0.11385   0.08884   0.01674   0.06602   0.02940   0.07651   0.03150   0.00000   0.19383   0.17856   0.04475   0.06864   0.09195   0.02499   0.03540   0.00807   0.06286   0.01870   8.41957   1.81977   1.00018   1.56504   1.12060  
 33  0.0190   2046.562019  x:  0.25810   0.00000   0.24689   0.10601   0.13562   0.11365   0.08855   0.01673   0.06605   0.02926   0.07665   0.03131   0.00000   0.19382   0.17851   0.04473   0.06871   0.09180   0.02500   0.03531   0.00809   0.06295   0.01877   8.42808   1.81971   0.99949   1.56520   1.12226  
 34  0.0101   2046.561942  x:  0.25807   0.00000   0.24679   0.10609   0.13559   0.11370   0.08871   0.01672   0.06606   0.02928   0.07668   0.03127   0.00000   0.19377   0.17850   0.04472   0.06868   0.09184   0.02499   0.03530   0.00812   0.06303   0.01884   8.43049   1.82006   0.99938   1.56535   1.12233  
 35  0.0029   2046.561926  x:  0.25801   0.00000   0.24679   0.10605   0.13559   0.11370   0.08867   0.01672   0.06605   0.02929   0.07673   0.03128   0.00000   0.19382   0.17852   0.04474   0.06868   0.09188   0.02498   0.03528   0.00815   0.06303   0.01883   8.43105   1.82026   0.99946   1.56539   1.12221  
 36  0.0007   2046.561924  x:  0.25800   0.00000   0.24681   0.10606   0.13559   0.11369   0.08868   0.01672   0.06605   0.02929   0.07672   0.03129   0.00000   0.19382   0.17852   0.04474   0.06867   0.09186   0.02498   0.03528   0.00816   0.06303   0.01882   8.43093   1.82026   0.99946   1.56539   1.12229  
 37  0.0001   2046.561923  x:  0.25801   0.00000   0.24681   0.10606   0.13559   0.11370   0.08868   0.01672   0.06605   0.02929   0.07671   0.03129   0.00000   0.19382   0.17852   0.04474   0.06867   0.09187   0.02498   0.03528   0.00816   0.06303   0.01882   8.43085   1.82019   0.99943   1.56536   1.12232  
 38  0.0001   2046.561923  x:  0.25801   0.00000   0.24681   0.10606   0.13559   0.11370   0.08868   0.01672   0.06605   0.02929   0.07671   0.03129   0.00000   0.19382   0.17852   0.04474   0.06867   0.09187   0.02498   0.03528   0.00816   0.06303   0.01882   8.43081   1.82019   0.99943   1.56535   1.12232  
 39  0.0000   2046.561923  x:  0.25801   0.00000   0.24681   0.10606   0.13559   0.11370   0.08868   0.01672   0.06605   0.02929   0.07671   0.03129   0.00000   0.19382   0.17852   0.04474   0.06867   0.09187   0.02498   0.03528   0.00816   0.06303   0.01882   8.43079   1.82019   0.99943   1.56535   1.12232  
 40  0.0000   2046.561923  x:  0.25801   0.00000   0.24681   0.10606   0.13559   0.11370   0.08868   0.01672   0.06605   0.02929   0.07671   0.03129   0.00000   0.19382   0.17852   0.04474   0.06867   0.09187   0.02498   0.03528   0.00816   0.06303   0.01882   8.43079   1.82019   0.99943   1.56535   1.12232  
 41  0.0000   2046.561923  x:  0.25801   0.00000   0.24681   0.10606   0.13559   0.11370   0.08868   0.01672   0.06605   0.02929   0.07671   0.03129   0.00000   0.19382   0.17852   0.04474   0.06867   0.09187   0.02498   0.03528   0.00816   0.06303   0.01882   8.43078   1.82019   0.99943   1.56535   1.12232  