

TREE # 1

  0  0.0000   2203.882192  x:  0.06385   0.01188   0.08921   0.02226   0.07096   0.07817   0.05867   0.03947   0.08047   0.07213   0.06807   0.14921   0.00000   0.08437   0.01914   0.05916   0.05968   0.04426   0.05583   0.05878   0.12403   0.05542   0.15200   0.08247   2.00000   1.44049   1.07904   1.18619   0.40000  
  1 99.0000   2170.641831  x:  0.08928   0.04598   0.13336   0.06515   0.06800   0.04868   0.07379   0.00000   0.07239   0.09240   0.03159   0.17150   0.03614   0.17495   0.01536   0.05350   0.02744   0.07789   0.01527   0.07757   0.11950   0.03151   0.18543   0.10790   2.01511   1.43872   1.07682   1.19043   0.44281  
  2 471.8841   2165.987458  x:  0.09510   0.05361   0.14352   0.07484   0.06732   0.04195   0.07732   0.00317   0.07052   0.09704   0.02299   0.17668   0.04407   0.19574   0.01456   0.05222   0.02004   0.08555   0.00596   0.08186   0.11845   0.02605   0.19317   0.11372   2.01867   1.43830   1.07630   1.19142   0.45282  
  3 4560.6254   2158.925711  x:  0.09935   0.05026   0.15543   0.07564   0.06686   0.03356   0.07946   0.00393   0.06849   0.10076   0.00000   0.18506   0.03201   0.21722   0.01900   0.05330   0.01991   0.08901   0.02720   0.08389   0.11660   0.02672   0.20473   0.11797   2.02819   1.43722   1.07539   1.19374   0.47429  
  4 312.2440   2150.898874  x:  0.10140   0.03750   0.16901   0.07042   0.06787   0.03010   0.07967   0.00357   0.06710   0.10239   0.00000   0.19619   0.00000   0.23935   0.01969   0.05461   0.02490   0.08715   0.02087   0.08408   0.11414   0.03143   0.21947   0.12002   2.04496   1.43551   1.07390   1.19753   0.50764  
  5 357.0503   2148.842460  x:  0.10051   0.03126   0.17438   0.06506   0.06862   0.04255   0.07779   0.00322   0.06863   0.10061   0.00000   0.20192   0.00000   0.25004   0.01493   0.05435   0.01254   0.08299   0.02092   0.08150   0.11356   0.02302   0.22862   0.11913   2.06467   1.43369   1.07236   1.20150   0.53578  
  6 195.6520   2147.462604  x:  0.09802   0.03975   0.17155   0.06578   0.06831   0.05609   0.07562   0.00326   0.07207   0.09657   0.00000   0.20152   0.00000   0.25155   0.01683   0.05269   0.02219   0.08014   0.02199   0.07857   0.11537   0.01511   0.23164   0.11664   2.09103   1.43155   1.07053   1.20623   0.55967  
  7 123.4404   2145.071589  x:  0.09167   0.06118   0.15962   0.06974   0.06710   0.07594   0.07204   0.00342   0.07848   0.08767   0.00000   0.19616   0.00000   0.24664   0.02283   0.04918   0.02251   0.07526   0.02381   0.07295   0.12015   0.03258   0.23302   0.11029   2.15319   1.42674   1.06647   1.21688   0.60670  
  8 278.2042   2139.606615  x:  0.08028   0.07581   0.12829   0.06810   0.06595   0.04929   0.07527   0.00363   0.07589   0.08234   0.00000   0.17812   0.00000   0.21049   0.00691   0.05483   0.01973   0.07181   0.02518   0.07389   0.12535   0.02892   0.22157   0.09890   2.29289   1.41710   1.05867   1.23862   0.68329  
  9 183.8308   2137.881335  x:  0.07700   0.07800   0.11720   0.06613   0.06619   0.03829   0.07648   0.00357   0.07402   0.08214   0.00000   0.17086   0.00000   0.19317   0.01880   0.05699   0.01462   0.07115   0.02298   0.07498   0.12673   0.02325   0.21557   0.09562   2.35534   1.41309   1.05532   1.24795   0.71289  
 10 677.7998   2133.223699  x:  0.09636   0.05943   0.13199   0.06464   0.07254   0.05170   0.07618   0.00365   0.06630   0.10639   0.00000   0.16168   0.00000   0.14426   0.01912   0.04746   0.01775   0.08887   0.02527   0.08486   0.11946   0.02600   0.18959   0.11498   2.54241   1.40515   1.04697   1.27084   0.73815  
 11 160.6019   2123.045422  x:  0.10081   0.02308   0.16036   0.07138   0.05459   0.05153   0.06782   0.00414   0.09759   0.08211   0.00000   0.17405   0.00000   0.15185   0.01974   0.08002   0.02005   0.06238   0.02804   0.05895   0.11127   0.02611   0.15700   0.11943   3.04355   1.39383   1.03179   1.31712   0.67276  
 12 169.3798   2111.175533  x:  0.08110   0.02900   0.16372   0.03258   0.08759   0.05051   0.07256   0.00406   0.08483   0.07424   0.00000   0.19874   0.00000   0.19148   0.02007   0.04956   0.02120   0.06121   0.02823   0.08475   0.11462   0.02676   0.18857   0.09972   3.66150   1.38527   1.01745   1.36536   0.58440  
 13 471.6425   2106.592502  x:  0.07506   0.02512   0.15373   0.07405   0.08580   0.05249   0.07235   0.00373   0.06419   0.09281   0.00000   0.21076   0.00000   0.21075   0.02019   0.04295   0.02073   0.06838   0.02640   0.08167   0.11850   0.02586   0.22742   0.09368   3.96973   1.38529   1.01422   1.38206   0.56145  
 14 449.6735   2104.143171  x:  0.09397   0.04831   0.15193   0.06839   0.06753   0.05064   0.07502   0.00327   0.06478   0.10301   0.00000   0.21169   0.00000   0.22221   0.01957   0.05972   0.01880   0.08205   0.02142   0.07671   0.11897   0.02568   0.25031   0.11259   4.12920   1.39082   1.01807   1.38053   0.56094  
 15 226.1907   2103.533236  x:  0.09988   0.05022   0.15499   0.07165   0.06484   0.04538   0.07654   0.00315   0.07574   0.09849   0.00000   0.20363   0.00000   0.22905   0.01934   0.04647   0.01784   0.08339   0.02065   0.07765   0.11786   0.02453   0.24841   0.11850   4.16836   1.39821   1.02603   1.36795   0.56658  
 16 59.2481   2102.789937  x:  0.10144   0.05238   0.16202   0.07731   0.07626   0.04697   0.07838   0.00306   0.07236   0.09264   0.00000   0.18540   0.00000   0.24405   0.01952   0.05322   0.01752   0.08466   0.02036   0.08671   0.11669   0.02461   0.23468   0.12006   4.21956   1.41784   1.04714   1.33158   0.57613  
 17 52.5907   2102.303061  x:  0.09644   0.05375   0.16402   0.07290   0.06773   0.04773   0.07675   0.00306   0.06429   0.10063   0.00000   0.18321   0.00000   0.25106   0.01961   0.04954   0.01773   0.08546   0.02008   0.08153   0.11834   0.02471   0.22414   0.11506   4.25083   1.43662   1.06600   1.29594   0.57940  
 18 47.7479   2101.979364  x:  0.09440   0.05257   0.15948   0.07258   0.07171   0.04794   0.07796   0.00309   0.07371   0.10695   0.00000   0.19455   0.00000   0.24622   0.01955   0.05223   0.01789   0.08742   0.02029   0.08113   0.12002   0.02499   0.22721   0.11302   4.27152   1.45416   1.08074   1.26337   0.57987  
 19 34.2747   2101.810609  x:  0.09788   0.05140   0.15723   0.07331   0.07062   0.04795   0.07730   0.00312   0.06934   0.09901   0.00000   0.20100   0.00000   0.23925   0.01960   0.05144   0.01800   0.08446   0.02064   0.08217   0.11928   0.02497   0.23456   0.11650   4.28150   1.46448   1.08737   1.24494   0.57886  
 20 25.9033   2101.739869  x:  0.09623   0.04996   0.16055   0.07232   0.06968   0.04793   0.07756   0.00314   0.07039   0.09890   0.00000   0.19316   0.00000   0.23594   0.01964   0.05220   0.01821   0.08486   0.02072   0.08036   0.11839   0.02506   0.24322   0.11485   4.28559   1.46907   1.08466   1.23965   0.57758  
 21  4.9938   2101.420290  x:  0.09978   0.04956   0.15828   0.07148   0.07153   0.04632   0.07040   0.00319   0.07064   0.10588   0.00000   0.18924   0.00000   0.23780   0.01939   0.05180   0.01827   0.07427   0.02062   0.08286   0.12360   0.02508   0.24456   0.11840   4.30850   1.48322   1.05749   1.23160   0.58269  
 22  4.0676   2100.495194  x:  0.09973   0.04319   0.15250   0.07012   0.06955   0.04791   0.08395   0.00304   0.06853   0.10208   0.00000   0.19260   0.00000   0.24295   0.01954   0.05149   0.01915   0.08204   0.01956   0.08173   0.12474   0.02556   0.23793   0.11835   4.37784   1.51746   0.98278   1.21298   0.60244  
 23 46.0251   2099.959309  x:  0.09491   0.04776   0.16037   0.07117   0.07156   0.04343   0.07034   0.00308   0.06842   0.09826   0.00000   0.19985   0.00000   0.24019   0.01922   0.05186   0.01833   0.08982   0.01868   0.08083   0.11317   0.02496   0.23569   0.11353   4.41812   1.52297   0.96020   1.20719   0.61528  
 24 35.3951   2097.564928  x:  0.08717   0.05903   0.18760   0.07444   0.06732   0.03791   0.09182   0.00280   0.06728   0.10664   0.00000   0.21421   0.00000   0.22718   0.01898   0.05331   0.01765   0.06496   0.01573   0.09011   0.09888   0.02496   0.24076   0.10579   4.59939   1.48404   0.95547   1.20159   0.66484  
 25 32.1996   2089.520224  x:  0.09286   0.02744   0.19150   0.06403   0.07062   0.02546   0.08181   0.00257   0.06309   0.10233   0.00000   0.21997   0.00000   0.22465   0.01782   0.05846   0.02129   0.08320   0.00537   0.08370   0.14676   0.02591   0.26700   0.11148   5.18477   1.32988   0.98767   1.19260   0.80972  
 26 196.0090   2088.411907  x:  0.09710   0.01749   0.16896   0.06006   0.06848   0.02831   0.07932   0.00258   0.06384   0.10813   0.00000   0.21377   0.00000   0.23324   0.01804   0.05884   0.02315   0.08315   0.00431   0.08594   0.11969   0.02708   0.27162   0.11571   5.26169   1.31201   0.99637   1.19416   0.82602  
 27 93.9093   2088.351486  x:  0.09834   0.01816   0.16817   0.05957   0.07262   0.02755   0.08039   0.00258   0.06263   0.10870   0.00000   0.21358   0.00000   0.23350   0.01798   0.05807   0.02316   0.08229   0.00424   0.08011   0.11773   0.02700   0.27170   0.11696   5.26630   1.31450   0.99851   1.19688   0.82698  
 28 12.9401   2087.161160  x:  0.09697   0.01515   0.16706   0.05796   0.07131   0.02734   0.07894   0.00270   0.06238   0.10690   0.00000   0.21788   0.00000   0.22942   0.01778   0.05840   0.02361   0.08299   0.00475   0.08083   0.11806   0.02748   0.27508   0.11558   5.37286   1.51290   1.10898   1.36430   0.85107  
 29  9.0773   2082.395067  x:  0.09714   0.01963   0.15446   0.05321   0.07887   0.04649   0.07373   0.00396   0.06672   0.09988   0.00000   0.21544   0.00000   0.23750   0.01728   0.05454   0.02662   0.07615   0.02451   0.06921   0.11014   0.03354   0.27208   0.11574   6.19027   1.38042   1.09127   1.31710   0.96351  
 30  1.4177   2082.393859  x:  0.09714   0.01963   0.15446   0.05321   0.07887   0.04649   0.07373   0.00396   0.06672   0.09988   0.00048   0.21544   0.00000   0.23750   0.01728   0.05454   0.02662   0.07615   0.02451   0.06921   0.11014   0.03354   0.27208   0.11574   6.19044   1.38041   1.09127   1.31710   0.96352  
 31  4.2677   2081.986606  x:  0.09683   0.02075   0.15627   0.05351   0.07825   0.04629   0.07391   0.00398   0.06726   0.09937   0.00000   0.21593   0.00000   0.23846   0.01727   0.05464   0.02661   0.07579   0.02434   0.07043   0.11044   0.03367   0.27052   0.11544   6.25564   1.38805   1.09086   1.31964   0.96799  
 32  0.9835   2077.853075  x:  0.09357   0.02166   0.19108   0.06172   0.07131   0.03277   0.07911   0.00495   0.07441   0.08941   0.00000   0.22112   0.00000   0.24976   0.01668   0.05656   0.02560   0.07078   0.02144   0.08062   0.12293   0.03403   0.23966   0.11220   7.88688   1.47614   1.02238   1.31214   1.05320  
 33  1.3806   2076.849118  x:  0.09423   0.03352   0.18206   0.05533   0.06911   0.03901   0.07607   0.00536   0.07282   0.10064   0.00000   0.22417   0.00000   0.24457   0.01789   0.05722   0.02471   0.07379   0.01736   0.08384   0.10731   0.03396   0.24992   0.11285   8.55106   1.49604   1.07244   1.35187   1.06934  
 34  0.4121   2075.996935  x:  0.09828   0.02318   0.18087   0.05185   0.07547   0.04048   0.07679   0.00621   0.06964   0.09834   0.00000   0.22401   0.00000   0.23364   0.01868   0.05682   0.02348   0.07503   0.01377   0.07966   0.12320   0.03206   0.25608   0.11689   9.43460   1.44797   1.06046   1.32450   1.06202  
 35  0.4602   2075.709120  x:  0.09793   0.02268   0.17193   0.05633   0.07354   0.03501   0.07646   0.00677   0.07136   0.09589   0.00000   0.21835   0.00000   0.23635   0.01823   0.05688   0.02385   0.07507   0.01300   0.08027   0.11343   0.03113   0.25056   0.11654   9.79065   1.43285   1.04578   1.31615   1.03526  
 36  0.3062   2075.595470  x:  0.09575   0.02532   0.17428   0.05853   0.07269   0.03850   0.07708   0.00715   0.07167   0.09608   0.00000   0.21752   0.00000   0.23785   0.01826   0.05685   0.02418   0.07429   0.01254   0.07657   0.11487   0.03155   0.24760   0.11436   9.93782   1.44602   1.04818   1.32964   1.00601  
 37  0.1010   2075.538427  x:  0.09593   0.02385   0.17556   0.05686   0.07238   0.03783   0.07625   0.00759   0.07119   0.09791   0.00000   0.21833   0.00000   0.23636   0.01771   0.05703   0.02464   0.07448   0.01427   0.07851   0.11544   0.03190   0.24872   0.11454   9.97991   1.44679   1.05098   1.32953   0.98118  
 38  0.0308   2075.516868  x:  0.09754   0.02521   0.17584   0.05628   0.07331   0.03767   0.07656   0.00789   0.07145   0.09524   0.00000   0.22065   0.00000   0.23636   0.01782   0.05659   0.02450   0.07478   0.01441   0.07978   0.11528   0.03221   0.25105   0.11615   9.98304   1.45017   1.05547   1.33185   0.98348  
 39  0.0031   2075.437864  x:  0.09578   0.02427   0.17698   0.05449   0.07400   0.03637   0.07778   0.00994   0.07285   0.09705   0.00000   0.22187   0.00000   0.24309   0.01838   0.05647   0.02393   0.07422   0.01420   0.07762   0.11638   0.03256   0.25086   0.11439  10.03184   1.44675   1.04412   1.32435   0.98920  
 40  0.0065   2075.378349  x:  0.09589   0.02430   0.17557   0.05777   0.07290   0.03771   0.07584   0.01108   0.07084   0.09599   0.00000   0.21982   0.00000   0.24022   0.01828   0.05720   0.02399   0.07442   0.01396   0.07995   0.11505   0.03223   0.25169   0.11451   9.89249   1.44580   1.05477   1.32979   0.99119  
 41  0.0596   2075.361218  x:  0.09666   0.02433   0.17564   0.05673   0.07248   0.03723   0.07651   0.01194   0.07121   0.09722   0.00000   0.21951   0.00000   0.23779   0.01795   0.05673   0.02414   0.07472   0.01387   0.07861   0.11509   0.03194   0.25065   0.11528   9.78460   1.44877   1.05326   1.32954   0.99178  
 42  0.0604   2075.360371  x:  0.09656   0.02435   0.17574   0.05679   0.07283   0.03732   0.07650   0.01205   0.07134   0.09681   0.00000   0.21939   0.00000   0.23762   0.01789   0.05681   0.02425   0.07471   0.01379   0.07880   0.11536   0.03190   0.24996   0.11518   9.78522   1.44724   1.05193   1.32872   0.99027  
 43  0.0022   2075.360338  x:  0.09654   0.02438   0.17571   0.05671   0.07282   0.03730   0.07647   0.01204   0.07134   0.09681   0.00000   0.21936   0.00000   0.23763   0.01788   0.05683   0.02429   0.07466   0.01377   0.07884   0.11530   0.03189   0.24993   0.11516   9.78399   1.44736   1.05217   1.32875   0.99034  
 44  0.0010   2075.360335  x:  0.09654   0.02436   0.17574   0.05671   0.07283   0.03731   0.07648   0.01204   0.07135   0.09681   0.00000   0.21937   0.00000   0.23766   0.01787   0.05682   0.02430   0.07467   0.01376   0.07883   0.11530   0.03188   0.24995   0.11516   9.78350   1.44739   1.05220   1.32876   0.99037  
 45  0.0003   2075.360335  x:  0.09654   0.02437   0.17573   0.05672   0.07282   0.03731   0.07648   0.01204   0.07135   0.09681   0.00000   0.21937   0.00000   0.23767   0.01787   0.05682   0.02430   0.07467   0.01376   0.07883   0.11531   0.03188   0.24996   0.11516   9.78347   1.44737   1.05218   1.32876   0.99035  
 46  0.0000   2075.360335  x:  0.09654   0.02437   0.17573   0.05672   0.07282   0.03731   0.07648   0.01204   0.07135   0.09681   0.00000   0.21937   0.00000   0.23767   0.01787   0.05682   0.02430   0.07467   0.01376   0.07883   0.11531   0.03188   0.24996   0.11516   9.78347   1.44737   1.05217   1.32875   0.99035  
 47  0.0000   2075.360335  x:  0.09654   0.02437   0.17573   0.05672   0.07282   0.03731   0.07648   0.01204   0.07135   0.09681   0.00000   0.21937   0.00000   0.23767   0.01787   0.05682   0.02430   0.07467   0.01376   0.07883   0.11531   0.03188   0.24996   0.11516   9.78348   1.44737   1.05217   1.32875   0.99035  
 48  0.0000   2075.360335  x:  0.09654   0.02437   0.17573   0.05672   0.07282   0.03731   0.07648   0.01204   0.07135   0.09681   0.00000   0.21937   0.00000   0.23767   0.01787   0.05682   0.02430   0.07467   0.01376   0.07883   0.11531   0.03188   0.24996   0.11516   9.78349   1.44737   1.05217   1.32875   0.99035  
 49  0.0000   2075.360335  x:  0.09654   0.02437   0.17573   0.05672   0.07282   0.03731   0.07648   0.01204   0.07135   0.09681   0.00000   0.21937   0.00000   0.23767   0.01787   0.05682   0.02430   0.07467   0.01376   0.07883   0.11531   0.03188   0.24996   0.11516   9.78349   1.44737   1.05217   1.32875   0.99035  
 50  0.0000   2075.360335  x:  0.09654   0.02437   0.17573   0.05672   0.07282   0.03731   0.07648   0.01204   0.07135   0.09681   0.00000   0.21937   0.00000   0.23767   0.01787   0.05682   0.02430   0.07467   0.01376   0.07883   0.11531   0.03188   0.24996   0.11516   9.78349   1.44737   1.05217   1.32875   0.99035  