

TREE # 1

  0  0.0000   2448.707180  x:  0.07553   0.00024   0.14116   0.01124   0.05434   0.07931   0.06573   0.06389   0.10295   0.11185   0.10694   0.17726   0.00000   0.07210   0.01133   0.07503   0.05639   0.05788   0.05386   0.06208   0.10691   0.06833   0.18558   0.09415   2.00000   1.61750   1.15466   1.44453   0.40000  
  1 99.0000   2431.938194  x:  0.08042   0.01669   0.15106   0.04383   0.04854   0.07806   0.07088   0.06238   0.10392   0.12090   0.10606   0.18161   0.08199   0.09313   0.05092   0.07113   0.05463   0.06200   0.04967   0.06224   0.11057   0.06632   0.19075   0.09904   2.00441   1.61751   1.15324   1.44516   0.41733  
  2 1053.1199   2406.819102  x:  0.09410   0.00000   0.18671   0.05694   0.02085   0.07139   0.09019   0.05565   0.10921   0.15608   0.09713   0.19852   0.06272   0.15101   0.06866   0.04715   0.04553   0.07462   0.03543   0.06284   0.12626   0.04268   0.20812   0.11272   2.02624   1.61711   1.14848   1.44695   0.49356  
  3 287.7023   2401.140415  x:  0.09797   0.05654   0.20967   0.04915   0.03218   0.07361   0.07923   0.05761   0.11389   0.16954   0.09264   0.21070   0.05165   0.15369   0.06477   0.03342   0.05907   0.06524   0.06253   0.06859   0.13491   0.03005   0.21878   0.11659   2.06770   1.61518   1.14278   1.44816   0.56995  
  4 168.2525   2395.571546  x:  0.08259   0.06139   0.21701   0.04477   0.03661   0.07588   0.06444   0.06204   0.11112   0.16200   0.09024   0.21227   0.05289   0.12161   0.06280   0.07353   0.05347   0.05863   0.04503   0.06174   0.13672   0.06459   0.22443   0.10121   2.16433   1.60983   1.13461   1.44788   0.68023  
  5 119.7881   2390.853558  x:  0.07821   0.04045   0.19597   0.04963   0.03947   0.07711   0.08454   0.06228   0.10460   0.13654   0.09658   0.20036   0.06614   0.08688   0.04838   0.05947   0.05463   0.07116   0.05620   0.06284   0.11750   0.05062   0.21812   0.09683   2.28782   1.60292   1.12688   1.44647   0.75100  
  6 128.0860   2386.236914  x:  0.08357   0.02123   0.15880   0.03394   0.05190   0.07913   0.06558   0.05640   0.10304   0.11558   0.10309   0.18574   0.07252   0.10628   0.05610   0.04512   0.06052   0.05233   0.05826   0.06565   0.10606   0.04668   0.20586   0.10219   2.45438   1.59391   1.11770   1.44393   0.78512  
  7 153.2061   2376.499370  x:  0.09615   0.03327   0.11530   0.07799   0.07506   0.08188   0.05824   0.07128   0.10999   0.13777   0.11372   0.17162   0.05345   0.13319   0.05134   0.05957   0.06004   0.08126   0.05676   0.06489   0.13456   0.04780   0.17735   0.11477   2.94207   1.56872   1.09172   1.43609   0.77556  
  8 212.8313   2355.379895  x:  0.08953   0.05644   0.20498   0.04801   0.05230   0.06734   0.11715   0.06599   0.11282   0.16854   0.11059   0.18566   0.04814   0.12529   0.07290   0.04968   0.04342   0.04268   0.03379   0.05926   0.15682   0.04803   0.16946   0.10815   4.04309   1.51196   1.03856   1.41604   0.67799  
  9 515.8657   2349.915986  x:  0.08378   0.04910   0.23684   0.03217   0.02683   0.07066   0.09331   0.05200   0.11078   0.16964   0.09617   0.20019   0.05383   0.12785   0.07362   0.05308   0.05489   0.07549   0.05229   0.06346   0.14973   0.05262   0.19404   0.10240   4.32208   1.49823   1.02712   1.41045   0.64828  
 10 511.2266   2348.226869  x:  0.08382   0.04076   0.25169   0.05123   0.02336   0.07715   0.07220   0.05469   0.11023   0.16737   0.08906   0.21157   0.05403   0.12479   0.06277   0.04945   0.05570   0.06760   0.05103   0.06558   0.13812   0.04626   0.21627   0.10244   4.40679   1.49483   1.02590   1.40818   0.63749  
 11 176.6701   2347.981100  x:  0.08702   0.03787   0.25181   0.04781   0.03156   0.07826   0.07381   0.06168   0.11145   0.16779   0.08764   0.21757   0.05609   0.12575   0.06105   0.05166   0.05469   0.06917   0.05021   0.06452   0.13488   0.04517   0.22772   0.10564   4.41954   1.49541   1.02817   1.40725   0.63588  
 12 34.3371   2347.868227  x:  0.08864   0.03896   0.24441   0.04825   0.02964   0.07586   0.07722   0.05788   0.11085   0.16808   0.08934   0.22400   0.05545   0.12439   0.06151   0.05279   0.05478   0.06679   0.05113   0.06463   0.13651   0.04673   0.23821   0.10726   4.42561   1.49798   1.03465   1.40567   0.63562  
 13 12.4957   2347.788252  x:  0.08529   0.04063   0.23988   0.04670   0.02767   0.07692   0.07617   0.05996   0.11125   0.16934   0.09027   0.22710   0.05510   0.12305   0.06360   0.04991   0.05368   0.06779   0.04792   0.06391   0.13822   0.04417   0.24169   0.10391   4.43009   1.50244   1.04366   1.40388   0.63610  
 14  9.3823   2347.428866  x:  0.08090   0.03558   0.24317   0.04878   0.03153   0.08007   0.07859   0.06022   0.11353   0.17327   0.09069   0.22883   0.05478   0.12622   0.06460   0.05027   0.05561   0.06623   0.05345   0.07007   0.13714   0.04639   0.23707   0.09952   4.45107   1.53246   1.09374   1.39593   0.64176  
 15 10.9648   2347.011026  x:  0.08905   0.03615   0.24857   0.04757   0.02959   0.07718   0.07529   0.05852   0.11234   0.17188   0.08878   0.22674   0.05631   0.12576   0.06062   0.05187   0.05489   0.06824   0.05080   0.06334   0.13570   0.04381   0.22948   0.10767   4.47512   1.56804   1.14657   1.39094   0.64847  
 16 56.3174   2346.607335  x:  0.09214   0.03888   0.25243   0.05044   0.02673   0.07395   0.07730   0.06634   0.10871   0.15959   0.08742   0.21684   0.05203   0.12805   0.06470   0.04732   0.05742   0.07114   0.04762   0.06898   0.13798   0.04982   0.23504   0.11076   4.49715   1.60130   1.16539   1.41016   0.65362  
 17 15.3417   2345.185043  x:  0.08777   0.03719   0.25940   0.05352   0.03660   0.07679   0.08004   0.05222   0.11109   0.14774   0.08905   0.19200   0.04777   0.13401   0.06849   0.04999   0.04700   0.07465   0.04751   0.06405   0.14517   0.03969   0.25272   0.10639   4.57156   1.71134   1.20167   1.49661   0.67087  
 18 57.1038   2342.449409  x:  0.08807   0.01803   0.25237   0.04803   0.02295   0.07839   0.08416   0.05948   0.11626   0.17502   0.08747   0.18824   0.05600   0.13417   0.05491   0.04889   0.06849   0.06484   0.04885   0.05577   0.14177   0.03779   0.25457   0.10669   4.72007   1.92062   1.25438   1.68264   0.70804  
 19 133.1363   2340.877859  x:  0.09425   0.01054   0.24926   0.04600   0.02443   0.07554   0.07845   0.05662   0.11327   0.18543   0.09007   0.21355   0.05521   0.12751   0.05839   0.03848   0.04984   0.06893   0.04914   0.06876   0.12975   0.04471   0.24051   0.11287   4.80131   2.02529   1.27995   1.78472   0.72864  
 20 167.5885   2340.334860  x:  0.09314   0.01017   0.24944   0.04913   0.02488   0.07628   0.08155   0.05673   0.10836   0.17460   0.09023   0.23437   0.05049   0.13149   0.06545   0.04610   0.05444   0.07010   0.04823   0.06729   0.12366   0.03687   0.23000   0.11176   4.82939   2.04901   1.28838   1.81720   0.73587  
 21 55.4352   2340.023796  x:  0.09062   0.00936   0.25026   0.05097   0.02655   0.07773   0.08415   0.05597   0.10975   0.16596   0.08805   0.24474   0.05140   0.13738   0.06005   0.04102   0.05416   0.07111   0.04908   0.05922   0.12735   0.04205   0.22572   0.10924   4.84443   2.04735   1.29331   1.83012   0.74030  
 22 25.0805   2339.274629  x:  0.09133   0.00359   0.25182   0.04825   0.02517   0.07578   0.08424   0.05619   0.11635   0.15667   0.08376   0.25106   0.05720   0.14081   0.04920   0.04304   0.05254   0.07039   0.04674   0.07007   0.14377   0.03584   0.22229   0.10995   4.87947   2.01324   1.30540   1.84913   0.75188  
 23 25.3665   2338.452279  x:  0.09280   0.00000   0.25323   0.04894   0.02602   0.07585   0.08375   0.05615   0.11771   0.15734   0.08411   0.24973   0.05599   0.13926   0.05239   0.04162   0.05386   0.07068   0.04748   0.06896   0.14554   0.03531   0.22283   0.11142   4.90031   1.98804   1.31230   1.85757   0.75879  
 24 77.4679   2335.953770  x:  0.09070   0.00000   0.25166   0.04881   0.01649   0.08126   0.09394   0.05510   0.10603   0.16761   0.08800   0.23185   0.05325   0.15921   0.04263   0.04508   0.04417   0.07392   0.04175   0.07192   0.11306   0.03635   0.22996   0.10932   5.00220   1.86395   1.33951   1.88545   0.79281  
 25 148.6503   2335.567479  x:  0.08813   0.00000   0.25063   0.04994   0.02259   0.07233   0.09482   0.05001   0.10275   0.17076   0.07998   0.23074   0.05280   0.16022   0.04161   0.04206   0.04895   0.07617   0.03534   0.07374   0.10972   0.03588   0.23085   0.10675   5.01979   1.85050   1.33155   1.87185   0.79860  
 26 26.2812   2334.035790  x:  0.08503   0.00000   0.24572   0.05256   0.02037   0.05857   0.09618   0.05638   0.09678   0.17371   0.05949   0.22780   0.04970   0.16369   0.04735   0.04176   0.03956   0.07266   0.04633   0.06892   0.11028   0.03026   0.23348   0.10365   5.09697   1.80233   1.28066   1.78987   0.82468  
 27 60.0596   2326.393096  x:  0.09227   0.00000   0.24935   0.05515   0.01440   0.07523   0.10510   0.05175   0.09247   0.17645   0.08033   0.22867   0.04118   0.17527   0.05463   0.02625   0.04368   0.07790   0.04089   0.06946   0.11996   0.01948   0.24916   0.11089   5.45800   1.59525   1.01318   1.36562   0.94744  
 28 271.6730   2326.269453  x:  0.09186   0.00000   0.24917   0.05583   0.01277   0.07114   0.10519   0.05211   0.10277   0.17493   0.08199   0.22875   0.04039   0.17589   0.05508   0.02671   0.04352   0.07852   0.04046   0.06939   0.11603   0.01955   0.24931   0.11048   5.46297   1.59386   1.00784   1.35748   0.94909  
 29 25.6763   2325.273229  x:  0.09747   0.00000   0.24662   0.05581   0.01144   0.08846   0.10989   0.04695   0.11178   0.17560   0.06485   0.22854   0.03511   0.17533   0.06021   0.02929   0.04416   0.07871   0.03566   0.07210   0.11648   0.02543   0.24881   0.11609   5.55881   1.58005   1.00746   1.35957   0.96852  
 30  0.8990   2318.996070  x:  0.10511   0.00000   0.26920   0.05617   0.02119   0.06529   0.09864   0.05316   0.10709   0.18888   0.09638   0.23169   0.01364   0.19550   0.06940   0.04673   0.04714   0.08287   0.03809   0.06649   0.14267   0.04874   0.25554   0.12374   6.24061   1.43971   1.02033   1.39287   1.11218  
 31 166.8152   2316.772110  x:  0.10796   0.00000   0.26742   0.05417   0.01835   0.07331   0.09711   0.05330   0.11485   0.19530   0.09506   0.23444   0.00000   0.20259   0.07335   0.04090   0.04663   0.08133   0.03384   0.06640   0.14540   0.04291   0.24907   0.12659   6.67228   1.57778   1.09654   1.51615   1.17314  
 32  0.6888   2316.772110  x:  0.10796   0.00000   0.26742   0.05417   0.01835   0.07331   0.09711   0.05330   0.11485   0.19530   0.09506   0.23444   0.00000   0.20259   0.07335   0.04090   0.04663   0.08133   0.03384   0.06640   0.14540   0.04291   0.24907   0.12659   6.67228   1.57778   1.09654   1.51615   1.17314  
 33  0.5411   2316.130732  x:  0.10581   0.00000   0.26320   0.04498   0.01870   0.07332   0.09366   0.05415   0.11424   0.19354   0.09183   0.23226   0.00142   0.20026   0.06090   0.03496   0.04826   0.07705   0.03973   0.06728   0.14321   0.03242   0.24817   0.12444   6.67329   1.57824   1.09616   1.51493   1.17351  
 34 53.4451   2316.038659  x:  0.10412   0.00000   0.25876   0.04330   0.01990   0.07349   0.09151   0.05451   0.11373   0.19188   0.09062   0.23010   0.00329   0.19821   0.05704   0.03773   0.04833   0.07464   0.03657   0.06639   0.14223   0.03440   0.24703   0.12275   6.67460   1.57878   1.09564   1.51343   1.17397  
 35 20.5051   2316.002325  x:  0.10315   0.00000   0.25504   0.04397   0.01963   0.07354   0.09064   0.05460   0.11336   0.19056   0.09028   0.22831   0.00102   0.19623   0.05642   0.03817   0.04833   0.07416   0.03713   0.06594   0.14157   0.03555   0.24583   0.12178   6.67594   1.57933   1.09509   1.51197   1.17442  
 36 17.5878   2315.965742  x:  0.10242   0.00000   0.24948   0.04572   0.01879   0.07356   0.09031   0.05460   0.11302   0.18879   0.09041   0.22584   0.00294   0.19368   0.05736   0.03745   0.04827   0.07477   0.03876   0.06585   0.14076   0.03614   0.24437   0.12106   6.67841   1.58032   1.09397   1.50942   1.17525  
 37 19.4155   2315.945804  x:  0.10284   0.00000   0.24589   0.04558   0.01945   0.07355   0.09115   0.05459   0.11331   0.18821   0.09104   0.22460   0.00287   0.19219   0.05872   0.03707   0.04814   0.07559   0.03720   0.06627   0.14078   0.03430   0.24344   0.12147   6.68107   1.58130   1.09274   1.50686   1.17610  
 38 11.6117   2315.928954  x:  0.10408   0.00000   0.24366   0.04349   0.01860   0.07341   0.09234   0.05433   0.11395   0.18878   0.09171   0.22473   0.00279   0.19207   0.05897   0.03757   0.04829   0.07559   0.03767   0.06687   0.14166   0.03516   0.24314   0.12272   6.68603   1.58286   1.09046   1.50248   1.17760  
 39  7.1931   2315.895518  x:  0.10555   0.00000   0.24166   0.04504   0.02022   0.07354   0.09270   0.05432   0.11488   0.19081   0.09296   0.22622   0.00267   0.19307   0.05710   0.03698   0.04810   0.07475   0.03827   0.06648   0.14305   0.03578   0.24341   0.12419   6.69910   1.58643   1.08472   1.49150   1.18143  
 40 14.3887   2315.854086  x:  0.10517   0.00000   0.24163   0.04635   0.01723   0.07347   0.09145   0.05447   0.11449   0.19230   0.09259   0.22799   0.00245   0.19438   0.05672   0.03710   0.04819   0.07453   0.03706   0.06556   0.14344   0.03457   0.24423   0.12381   6.71682   1.59035   1.07754   1.47748   1.18645  
 41 29.5493   2315.808255  x:  0.10290   0.00000   0.24367   0.04485   0.01897   0.07362   0.08974   0.05506   0.11344   0.19255   0.09118   0.22911   0.00230   0.19528   0.05934   0.03765   0.04854   0.07551   0.03788   0.06587   0.14227   0.03441   0.24544   0.12153   6.73875   1.59363   1.06967   1.46162   1.19230  
 42 35.0603   2315.781410  x:  0.10223   0.00000   0.24678   0.04455   0.01896   0.07365   0.09186   0.05434   0.11295   0.19017   0.09170   0.22797   0.00217   0.19424   0.05872   0.03601   0.04713   0.07537   0.03705   0.06726   0.14062   0.03555   0.24604   0.12087   6.75428   1.59263   1.06626   1.45366   1.19567  
 43 15.2633   2315.753186  x:  0.10294   0.00000   0.25003   0.04528   0.01907   0.07374   0.09345   0.05409   0.11316   0.18735   0.09262   0.22607   0.00228   0.19255   0.05781   0.03823   0.04866   0.07546   0.03779   0.06729   0.13979   0.03471   0.24634   0.12157   6.77296   1.58903   1.06361   1.44676   1.19911  
 44 21.5503   2315.689620  x:  0.10569   0.00000   0.25353   0.04423   0.01921   0.07372   0.09071   0.05525   0.11477   0.18493   0.09220   0.22302   0.00243   0.19030   0.05884   0.03672   0.04842   0.07511   0.03767   0.06316   0.14141   0.03516   0.24579   0.12433   6.81892   1.57557   1.05992   1.43550   1.20609  
 45 23.8941   2315.524968  x:  0.10662   0.00000   0.25446   0.04575   0.01888   0.07331   0.08618   0.05472   0.11585   0.18772   0.08986   0.22078   0.00239   0.19037   0.05896   0.03747   0.04663   0.07495   0.03770   0.07040   0.14689   0.03474   0.24327   0.12525   6.94558   1.53489   1.05190   1.41131   1.22320  
 46 56.3217   2315.335198  x:  0.10329   0.00000   0.25079   0.04547   0.01883   0.07352   0.09225   0.05565   0.11398   0.19365   0.09010   0.22325   0.00217   0.19439   0.05831   0.03602   0.05085   0.07633   0.03706   0.06733   0.14667   0.03529   0.24170   0.12192   7.09282   1.48814   1.04239   1.38732   1.24116  
 47 119.3557   2315.287143  x:  0.10322   0.00000   0.24898   0.04504   0.01888   0.07360   0.09280   0.05441   0.11348   0.19385   0.09157   0.22551   0.00209   0.19572   0.05869   0.03796   0.04706   0.07579   0.03821   0.06550   0.14390   0.03404   0.24288   0.12185   7.13077   1.47804   1.03905   1.38344   1.24437  
 48 57.2432   2315.231469  x:  0.10485   0.00000   0.24630   0.04510   0.01873   0.07372   0.09043   0.05438   0.11376   0.19121   0.09339   0.22977   0.00150   0.19682   0.05970   0.03727   0.04888   0.07417   0.03759   0.06705   0.13856   0.03445   0.24691   0.12348   7.17763   1.47057   1.03291   1.38338   1.24519  
 49 31.9405   2315.148542  x:  0.10508   0.00000   0.24427   0.04534   0.01868   0.07371   0.09096   0.05777   0.11488   0.18725   0.09091   0.23291   0.00092   0.19594   0.05757   0.03759   0.04766   0.07893   0.03736   0.06753   0.13992   0.03509   0.25270   0.12371   7.25204   1.46699   1.02131   1.38923   1.24191  
 50 32.2220   2315.011907  x:  0.10324   0.00000   0.24398   0.04540   0.01930   0.07346   0.09225   0.05148   0.11482   0.18555   0.08923   0.23261   0.00092   0.19336   0.05882   0.03691   0.04879   0.07627   0.03744   0.06607   0.14592   0.03468   0.25710   0.12188   7.37442   1.46681   1.00377   1.40129   1.23367  
 51 73.5868   2314.882523  x:  0.10235   0.00000   0.24630   0.04511   0.01851   0.07437   0.09290   0.05703   0.11276   0.18928   0.09323   0.22819   0.00125   0.19229   0.06039   0.03722   0.04782   0.07153   0.03792   0.06679   0.14649   0.03420   0.25384   0.12098   7.49443   1.47119   0.99189   1.41306   1.22371  
 52 83.1604   2314.732968  x:  0.10366   0.00000   0.24950   0.04422   0.01834   0.07404   0.08988   0.05431   0.11185   0.19510   0.09583   0.22295   0.00134   0.19357   0.05789   0.03712   0.04826   0.07744   0.03727   0.06663   0.14098   0.03532   0.24495   0.12229   7.63426   1.48026   0.98624   1.42506   1.21092  
 53 98.5308   2314.548897  x:  0.10579   0.00000   0.25045   0.04606   0.01876   0.07313   0.09355   0.05447   0.11633   0.19380   0.08564   0.22428   0.00159   0.19754   0.05913   0.03764   0.04782   0.07455   0.03755   0.06663   0.13628   0.03493   0.23645   0.12442   7.80637   1.49763   0.99878   1.43481   1.19470  
 54 63.1810   2314.190843  x:  0.10319   0.00000   0.24975   0.04488   0.01887   0.07452   0.09143   0.05469   0.11471   0.18432   0.09379   0.23200   0.00165   0.20129   0.05895   0.03712   0.04835   0.07562   0.03762   0.06655   0.14421   0.03452   0.23600   0.12182   8.15286   1.53752   1.04416   1.45027   1.16422  
 55 109.9390   2314.087603  x:  0.10438   0.00000   0.24910   0.04517   0.01890   0.07307   0.09191   0.05478   0.11206   0.19179   0.09216   0.22896   0.00140   0.19498   0.05895   0.03732   0.04835   0.07571   0.03756   0.06660   0.14219   0.03489   0.24755   0.12301   8.25271   1.55074   1.06053   1.45608   1.16053  
 56 51.7209   2314.071359  x:  0.10372   0.00000   0.24904   0.04509   0.01849   0.07609   0.09185   0.05457   0.11496   0.19269   0.09247   0.22790   0.00132   0.19504   0.05901   0.03735   0.04834   0.07583   0.03754   0.06665   0.14168   0.03489   0.24898   0.12235   8.26886   1.55401   1.06318   1.45919   1.16487  
 57 10.6258   2314.012238  x:  0.10260   0.00000   0.24883   0.04505   0.01849   0.07141   0.09171   0.05492   0.11840   0.19221   0.09381   0.22555   0.00099   0.19790   0.05904   0.03738   0.04835   0.07573   0.03753   0.06656   0.14142   0.03483   0.25009   0.12123   8.32787   1.56857   1.07235   1.47556   1.19210  
 58 16.1046   2313.955111  x:  0.10423   0.00000   0.24873   0.04503   0.01900   0.07429   0.09202   0.05457   0.11281   0.19087   0.09233   0.22591   0.00077   0.19905   0.05896   0.03733   0.04834   0.07577   0.03751   0.06658   0.14198   0.03490   0.24884   0.12286   8.38538   1.58319   1.08109   1.49242   1.22074  
 59 43.5224   2313.949144  x:  0.10401   0.00000   0.24930   0.04498   0.01896   0.07418   0.09198   0.05459   0.11321   0.19144   0.09252   0.22851   0.00101   0.19601   0.05893   0.03734   0.04834   0.07580   0.03750   0.06659   0.14184   0.03499   0.24744   0.12264   8.39166   1.58469   1.08197   1.49427   1.22398  
 60  4.9090   2313.899838  x:  0.10435   0.00000   0.24959   0.04500   0.01893   0.07404   0.09164   0.05460   0.11420   0.19026   0.09153   0.22815   0.00093   0.19597   0.05880   0.03718   0.04834   0.07554   0.03753   0.06672   0.14242   0.03481   0.24763   0.12298   8.68250   1.56657   1.06778   1.47218   1.23549  
 61  0.2086   2313.899182  x:  0.10429   0.00000   0.24963   0.04503   0.01892   0.07411   0.09174   0.05461   0.11392   0.19070   0.09184   0.22814   0.00090   0.19608   0.05891   0.03725   0.04833   0.07565   0.03750   0.06669   0.14223   0.03490   0.24749   0.12292   8.69590   1.56596   1.06746   1.47464   1.23489  
 62  0.0128   2313.899178  x:  0.10429   0.00000   0.24961   0.04501   0.01892   0.07411   0.09174   0.05461   0.11392   0.19069   0.09184   0.22816   0.00090   0.19608   0.05889   0.03724   0.04833   0.07564   0.03751   0.06669   0.14223   0.03488   0.24752   0.12291   8.69699   1.56599   1.06739   1.47468   1.23475  
 63  0.0011   2313.899178  x:  0.10429   0.00000   0.24961   0.04502   0.01892   0.07411   0.09174   0.05461   0.11392   0.19069   0.09183   0.22816   0.00090   0.19608   0.05889   0.03724   0.04833   0.07564   0.03751   0.06669   0.14223   0.03489   0.24753   0.12291   8.69711   1.56601   1.06739   1.47468   1.23473  
 64  0.0001   2313.899178  x:  0.10429   0.00000   0.24961   0.04502   0.01892   0.07411   0.09174   0.05461   0.11392   0.19069   0.09183   0.22816   0.00090   0.19608   0.05889   0.03724   0.04833   0.07564   0.03751   0.06669   0.14223   0.03489   0.24753   0.12291   8.69711   1.56601   1.06739   1.47468   1.23473  
 65  0.0000   2313.899178  x:  0.10429   0.00000   0.24961   0.04502   0.01892   0.07411   0.09174   0.05461   0.11392   0.19069   0.09183   0.22816   0.00090   0.19608   0.05889   0.03724   0.04833   0.07564   0.03751   0.06669   0.14223   0.03489   0.24753   0.12291   8.69711   1.56601   1.06739   1.47468   1.23473  
 66  0.0000   2313.899178  x:  0.10429   0.00000   0.24961   0.04502   0.01892   0.07411   0.09174   0.05461   0.11392   0.19069   0.09183   0.22816   0.00090   0.19608   0.05889   0.03724   0.04833   0.07564   0.03751   0.06669   0.14223   0.03489   0.24753   0.12291   8.69711   1.56601   1.06739   1.47468   1.23473  