

TREE # 1

  0  0.0000   2137.115540  x:  0.05760   0.00000   0.07847   0.01786   0.05235   0.07700   0.08604   0.04950   0.10245   0.06993   0.07606   0.12472   0.00656   0.04128   0.04297   0.04888   0.07546   0.03799   0.04524   0.08082   0.09840   0.05520   0.12290   0.07622   2.00000   1.82372   1.15358   1.32211   0.40000  
  1 99.0000   2137.114174  x:  0.05760   0.00000   0.07847   0.01786   0.05235   0.07700   0.08604   0.04950   0.10245   0.06993   0.07606   0.12472   0.00656   0.04129   0.04297   0.04888   0.07546   0.03799   0.04524   0.08082   0.09840   0.05520   0.12290   0.07622   2.00000   1.82372   1.15358   1.32211   0.40000  
  2 445.7427   2133.925496  x:  0.05857   0.00000   0.08169   0.01702   0.05320   0.07268   0.08833   0.04805   0.10483   0.07006   0.07333   0.12602   0.00000   0.04030   0.04388   0.04842   0.07506   0.03790   0.04170   0.08244   0.09756   0.05513   0.12503   0.07719   2.00132   1.82355   1.15331   1.32257   0.40471  
  3 452.3891   2129.196014  x:  0.05452   0.00000   0.06314   0.03992   0.05732   0.03392   0.08399   0.04526   0.09952   0.06450   0.05377   0.13107   0.00000   0.03292   0.04531   0.04973   0.06988   0.04024   0.02952   0.08224   0.09010   0.05079   0.12694   0.07313   2.01866   1.82185   1.14967   1.32809   0.44485  
  4 186.4260   2127.553282  x:  0.05235   0.00000   0.05590   0.02686   0.05695   0.02097   0.07923   0.04605   0.09249   0.06114   0.04705   0.13189   0.00000   0.03879   0.04460   0.05137   0.06790   0.04052   0.03201   0.07952   0.08679   0.05025   0.12420   0.07096   2.03229   1.82074   1.14679   1.33227   0.46693  
  5 143.5102   2124.912928  x:  0.04981   0.00000   0.06643   0.02646   0.05608   0.03931   0.07069   0.05110   0.07865   0.05712   0.04188   0.13187   0.00000   0.04035   0.04357   0.05569   0.06508   0.03988   0.04342   0.07252   0.07950   0.05021   0.11459   0.06841   2.08479   1.81696   1.13556   1.34808   0.53633  
  6 109.9389   2122.880546  x:  0.05300   0.00000   0.05347   0.02594   0.05289   0.04360   0.07868   0.05708   0.09670   0.06198   0.06195   0.12400   0.00000   0.04081   0.04440   0.05516   0.07146   0.03884   0.05628   0.07508   0.08526   0.05283   0.10829   0.07158   2.14903   1.81317   1.12322   1.36549   0.58063  
  7 109.4251   2120.543479  x:  0.05077   0.00000   0.06828   0.03045   0.04255   0.02769   0.07027   0.05874   0.09310   0.07075   0.08415   0.11514   0.00000   0.04014   0.03931   0.04904   0.07753   0.04069   0.06615   0.07547   0.10008   0.04986   0.11560   0.06932   2.25473   1.80788   1.10689   1.39028   0.59586  
  8 104.6638   2109.175727  x:  0.05167   0.00000   0.05131   0.02710   0.07696   0.04342   0.07924   0.04171   0.06439   0.06572   0.08772   0.12784   0.00000   0.04604   0.04392   0.03082   0.07452   0.03501   0.03567   0.07102   0.14004   0.04891   0.16564   0.07003   2.87162   1.77896   1.02529   1.52249   0.59076  
  9 209.8226   2099.088403  x:  0.05241   0.00000   0.05935   0.03251   0.06739   0.04292   0.08172   0.01942   0.09269   0.05592   0.05178   0.14203   0.00000   0.05120   0.03104   0.08042   0.06703   0.04721   0.02784   0.06470   0.12976   0.05432   0.14290   0.07060   3.44605   1.75442   0.96284   1.63441   0.55968  
 10 622.0660   2094.636470  x:  0.05667   0.00000   0.06765   0.03683   0.06244   0.03633   0.09118   0.05268   0.09673   0.05867   0.02825   0.14551   0.00000   0.05261   0.04590   0.08114   0.06800   0.03947   0.02887   0.07535   0.10350   0.05094   0.11937   0.07477   3.71004   1.74537   0.94484   1.67730   0.54016  
 11 603.0821   2092.253825  x:  0.05690   0.00000   0.06901   0.03745   0.05990   0.03558   0.08439   0.04687   0.10266   0.05288   0.03589   0.14575   0.00000   0.05396   0.04755   0.06162   0.06400   0.03515   0.02463   0.08184   0.06306   0.05029   0.10977   0.07496   3.83130   1.74489   0.95409   1.68313   0.53381  
 12 204.2061   2091.225373  x:  0.05552   0.00000   0.06763   0.03807   0.05753   0.03730   0.08428   0.04031   0.10520   0.06133   0.02923   0.14240   0.00000   0.05413   0.05749   0.05349   0.05923   0.04599   0.03425   0.08332   0.05458   0.05297   0.11401   0.07356   3.89363   1.74988   0.97896   1.66923   0.53445  
 13 91.8428   2086.127425  x:  0.05390   0.00000   0.07200   0.04067   0.06010   0.03626   0.09056   0.03957   0.10336   0.05485   0.03762   0.13185   0.00000   0.05717   0.07385   0.07413   0.03785   0.03483   0.03119   0.08842   0.06255   0.05687   0.11537   0.07180   4.20643   1.79080   1.16031   1.54836   0.55152  
 14 146.4465   2084.074757  x:  0.05800   0.00000   0.07113   0.04103   0.06473   0.03897   0.09007   0.04261   0.10122   0.05673   0.03314   0.13590   0.00000   0.05940   0.05946   0.07807   0.06696   0.04157   0.02575   0.09154   0.06390   0.05337   0.11694   0.07584   4.34298   1.81167   1.24062   1.49001   0.56083  
 15 318.9327   2083.701392  x:  0.05918   0.00000   0.07149   0.04182   0.06493   0.03854   0.09193   0.04562   0.10518   0.05858   0.03013   0.14462   0.00000   0.05950   0.04905   0.07136   0.06461   0.03860   0.02940   0.08456   0.06662   0.05222   0.11697   0.07701   4.36360   1.81786   1.25023   1.47798   0.56231  
 16 56.3620   2083.528493  x:  0.05853   0.00000   0.07209   0.04165   0.06210   0.03865   0.09006   0.04781   0.10772   0.05584   0.03140   0.15327   0.00000   0.05969   0.05175   0.06716   0.06484   0.04260   0.02700   0.08129   0.07027   0.05370   0.11403   0.07635   4.37117   1.82482   1.24891   1.46913   0.56344  
 17 22.0955   2083.161023  x:  0.05752   0.00000   0.07077   0.04191   0.05748   0.04010   0.08379   0.04601   0.11014   0.05806   0.02990   0.16216   0.00000   0.06015   0.05509   0.06739   0.06621   0.03565   0.02823   0.08806   0.07180   0.05507   0.11662   0.07531   4.38144   1.84719   1.23294   1.44510   0.56607  
 18 20.7348   2082.187735  x:  0.05975   0.00000   0.07145   0.04269   0.06132   0.03959   0.08678   0.05030   0.10829   0.05899   0.03537   0.16554   0.00000   0.06220   0.05255   0.07409   0.05858   0.04346   0.02933   0.09578   0.06425   0.05220   0.12499   0.07745   4.40493   1.91066   1.18232   1.37801   0.57234  
 19 72.1670   2081.499129  x:  0.05980   0.00000   0.07425   0.04404   0.06225   0.03827   0.09391   0.04414   0.10778   0.05758   0.03074   0.14904   0.00000   0.06383   0.05522   0.06865   0.06256   0.03923   0.02511   0.08537   0.06441   0.05317   0.12038   0.07743   4.41819   1.95096   1.14818   1.33426   0.57647  
 20 73.8865   2081.312338  x:  0.05866   0.00000   0.07655   0.04446   0.07016   0.03743   0.09197   0.04266   0.10996   0.05460   0.02864   0.14608   0.00000   0.06433   0.05404   0.06489   0.06186   0.04016   0.02736   0.09048   0.06819   0.05399   0.11573   0.07627   4.41730   1.95253   1.14465   1.33003   0.57756  
 21 10.4023   2079.413807  x:  0.05885   0.00000   0.07808   0.04566   0.07177   0.03933   0.09449   0.03894   0.10878   0.07281   0.02908   0.14611   0.00000   0.07047   0.04921   0.05820   0.05415   0.04250   0.01264   0.09982   0.07324   0.05560   0.10805   0.07621   4.38797   1.92080   1.14185   1.32931   0.59187  
 22  8.3584   2070.683244  x:  0.07340   0.00000   0.09753   0.06447   0.08073   0.03034   0.13479   0.01209   0.10393   0.06957   0.03793   0.17318   0.00000   0.09371   0.06370   0.04263   0.06138   0.03575   0.02182   0.11277   0.07521   0.05693   0.12438   0.08957   4.24242   1.75795   1.13362   1.33336   0.65447  
 23 152.3691   2067.066851  x:  0.06525   0.00000   0.10674   0.06977   0.08351   0.03346   0.12887   0.02939   0.13192   0.05586   0.03222   0.16593   0.00000   0.10619   0.06600   0.03691   0.06446   0.03345   0.01479   0.10806   0.07076   0.06414   0.16466   0.08084   4.17150   1.67845   1.13076   1.33710   0.68548  
 24 200.0008   2066.911545  x:  0.06911   0.00000   0.10683   0.06955   0.08548   0.03392   0.12357   0.02942   0.13525   0.05653   0.03186   0.16503   0.00000   0.10709   0.06911   0.03733   0.06369   0.03332   0.01428   0.10536   0.07137   0.05578   0.16567   0.08467   4.16912   1.67669   1.13115   1.33819   0.68666  
 25 23.7282   2066.880782  x:  0.07029   0.00000   0.10723   0.06964   0.08791   0.03311   0.12195   0.02971   0.13540   0.05819   0.03255   0.16548   0.00000   0.10690   0.06991   0.03823   0.06414   0.03285   0.01442   0.10360   0.07069   0.05851   0.16561   0.08585   4.16998   1.68145   1.13294   1.34218   0.68693  
 26  3.8076   2065.637945  x:  0.07148   0.00000   0.11023   0.06810   0.08470   0.03113   0.12672   0.03005   0.13790   0.05528   0.03030   0.16364   0.00000   0.10969   0.06753   0.03750   0.06648   0.03345   0.01371   0.10538   0.07102   0.05563   0.16761   0.08696   4.22340   1.94474   1.23102   1.55641   0.70493  
 27 13.7406   2065.609055  x:  0.06897   0.00000   0.11075   0.06778   0.08644   0.03093   0.12770   0.02980   0.13854   0.05677   0.03110   0.16464   0.00000   0.10990   0.06830   0.03828   0.06732   0.03305   0.01384   0.10448   0.07039   0.05379   0.16730   0.08444   4.22562   1.94730   1.23187   1.55850   0.70538  
 28  6.6220   2057.301032  x:  0.07800   0.00000   0.12721   0.03529   0.05841   0.01611   0.13595   0.04211   0.15185   0.07578   0.03569   0.14530   0.00000   0.11617   0.06059   0.05334   0.06023   0.04435   0.02842   0.12539   0.08278   0.04884   0.16988   0.09352   5.19666   1.81988   1.13217   1.46562   0.87253  
 29  3.4582   2054.781055  x:  0.07361   0.00000   0.13773   0.02223   0.07603   0.02451   0.13266   0.03338   0.16244   0.07163   0.03243   0.14999   0.00000   0.11980   0.06407   0.04800   0.06490   0.03837   0.01946   0.12007   0.07092   0.05747   0.17988   0.08903   5.76734   1.76486   1.11388   1.42123   0.95196  
 30  0.5417   2054.085182  x:  0.07535   0.00000   0.14209   0.03495   0.07926   0.02266   0.13547   0.03189   0.16086   0.06710   0.03329   0.16037   0.00000   0.12511   0.06504   0.04386   0.06637   0.03503   0.01619   0.11714   0.06975   0.05750   0.17924   0.09044   6.03552   1.76057   1.12525   1.43119   0.98847  
 31  0.2871   2053.617801  x:  0.07677   0.00000   0.14405   0.03351   0.07112   0.02296   0.13517   0.03345   0.15539   0.06678   0.03341   0.15879   0.00000   0.12718   0.06125   0.04367   0.06431   0.03765   0.01906   0.11570   0.07838   0.05252   0.17427   0.09185   6.49278   1.78658   1.12617   1.46432   1.04238  
 32  0.2730   2053.531738  x:  0.07534   0.00000   0.14386   0.03261   0.07354   0.02136   0.13347   0.03192   0.15157   0.06547   0.03214   0.15637   0.00000   0.12651   0.06218   0.04677   0.06420   0.03792   0.01738   0.11429   0.07651   0.05408   0.17487   0.09046   6.64298   1.78067   1.11877   1.45743   1.05259  
 33  0.1441   2053.496437  x:  0.07449   0.00000   0.14218   0.03263   0.07523   0.02259   0.13140   0.03174   0.14882   0.06710   0.03292   0.15511   0.00000   0.12586   0.06240   0.04464   0.06404   0.03758   0.01803   0.11356   0.07582   0.05500   0.17445   0.08965   6.71790   1.77949   1.11778   1.45329   1.05298  
 34  0.0686   2053.485346  x:  0.07461   0.00000   0.14065   0.03286   0.07485   0.02295   0.13148   0.03197   0.14667   0.06690   0.03280   0.15704   0.00000   0.12583   0.06289   0.04571   0.06409   0.03730   0.01821   0.11461   0.07537   0.05426   0.17531   0.08977   6.74173   1.77980   1.12109   1.45645   1.04851  
 35  0.0183   2053.480410  x:  0.07468   0.00000   0.13977   0.03274   0.07475   0.02222   0.13162   0.03195   0.14637   0.06701   0.03292   0.15703   0.00000   0.12612   0.06297   0.04480   0.06435   0.03725   0.01812   0.11476   0.07562   0.05409   0.17642   0.08984   6.75293   1.78131   1.12003   1.45859   1.04406  
 36  0.0091   2053.478249  x:  0.07472   0.00000   0.13932   0.03290   0.07469   0.02255   0.13180   0.03186   0.14689   0.06697   0.03282   0.15622   0.00000   0.12676   0.06285   0.04504   0.06439   0.03749   0.01805   0.11477   0.07590   0.05425   0.17721   0.08987   6.75810   1.77999   1.11851   1.45785   1.04129  
 37  0.0047   2053.476837  x:  0.07482   0.00000   0.13926   0.03266   0.07494   0.02246   0.13205   0.03195   0.14748   0.06688   0.03297   0.15661   0.00000   0.12738   0.06274   0.04513   0.06435   0.03741   0.01813   0.11447   0.07574   0.05429   0.17665   0.08995   6.77911   1.77921   1.11895   1.45689   1.03995  
 38  0.0103   2053.476685  x:  0.07476   0.00000   0.13924   0.03270   0.07478   0.02249   0.13199   0.03192   0.14744   0.06694   0.03289   0.15657   0.00000   0.12746   0.06277   0.04511   0.06431   0.03739   0.01809   0.11449   0.07573   0.05425   0.17628   0.08989   6.78254   1.77981   1.11874   1.45738   1.03957  
 39  0.0024   2053.476669  x:  0.07476   0.00000   0.13927   0.03273   0.07481   0.02247   0.13195   0.03193   0.14744   0.06694   0.03290   0.15654   0.00000   0.12748   0.06280   0.04513   0.06432   0.03741   0.01810   0.11453   0.07573   0.05426   0.17621   0.08989   6.78084   1.77962   1.11877   1.45739   1.03925  
 40  0.0012   2053.476664  x:  0.07476   0.00000   0.13932   0.03272   0.07480   0.02248   0.13192   0.03192   0.14743   0.06692   0.03291   0.15654   0.00000   0.12750   0.06279   0.04512   0.06432   0.03739   0.01809   0.11455   0.07573   0.05426   0.17623   0.08989   6.78058   1.77959   1.11875   1.45730   1.03912  
 41  0.0001   2053.476662  x:  0.07476   0.00000   0.13935   0.03272   0.07480   0.02248   0.13192   0.03193   0.14741   0.06693   0.03290   0.15655   0.00000   0.12751   0.06278   0.04512   0.06432   0.03740   0.01810   0.11454   0.07573   0.05426   0.17624   0.08989   6.78093   1.77964   1.11875   1.45734   1.03910  
 42  0.0002   2053.476662  x:  0.07476   0.00000   0.13936   0.03272   0.07480   0.02248   0.13193   0.03193   0.14741   0.06693   0.03290   0.15654   0.00000   0.12751   0.06278   0.04512   0.06432   0.03740   0.01810   0.11453   0.07573   0.05426   0.17624   0.08989   6.78090   1.77962   1.11875   1.45734   1.03908  
 43  0.0000   2053.476662  x:  0.07476   0.00000   0.13936   0.03272   0.07480   0.02248   0.13193   0.03193   0.14741   0.06693   0.03290   0.15655   0.00000   0.12751   0.06279   0.04512   0.06432   0.03740   0.01810   0.11453   0.07573   0.05426   0.17624   0.08989   6.78091   1.77963   1.11875   1.45733   1.03907  
 44  0.0000   2053.476662  x:  0.07476   0.00000   0.13936   0.03272   0.07480   0.02248   0.13193   0.03193   0.14741   0.06693   0.03290   0.15655   0.00000   0.12750   0.06278   0.04512   0.06432   0.03740   0.01810   0.11453   0.07573   0.05426   0.17624   0.08989   6.78099   1.77962   1.11875   1.45734   1.03907  
 45  0.0000   2053.476662  x:  0.07476   0.00000   0.13936   0.03272   0.07480   0.02248   0.13193   0.03193   0.14741   0.06693   0.03290   0.15655   0.00000   0.12750   0.06278   0.04512   0.06432   0.03740   0.01810   0.11453   0.07573   0.05426   0.17624   0.08989   6.78100   1.77962   1.11875   1.45734   1.03907  
 46  0.0000   2053.476662  x:  0.07476   0.00000   0.13936   0.03272   0.07480   0.02248   0.13193   0.03193   0.14741   0.06693   0.03290   0.15655   0.00000   0.12750   0.06278   0.04512   0.06432   0.03740   0.01810   0.11453   0.07573   0.05426   0.17624   0.08989   6.78100   1.77962   1.11875   1.45734   1.03907  
 47  0.0000   2053.476662  x:  0.07476   0.00000   0.13936   0.03272   0.07480   0.02248   0.13193   0.03193   0.14741   0.06693   0.03290   0.15655   0.00000   0.12750   0.06278   0.04512   0.06432   0.03740   0.01810   0.11453   0.07573   0.05426   0.17624   0.08989   6.78100   1.77962   1.11875   1.45734   1.03907  
 48  0.0000   2053.476662  x:  0.07476   0.00000   0.13936   0.03272   0.07480   0.02248   0.13193   0.03193   0.14741   0.06693   0.03290   0.15655   0.00000   0.12750   0.06278   0.04512   0.06432   0.03740   0.01810   0.11453   0.07573   0.05426   0.17624   0.08989   6.78100   1.77962   1.11875   1.45734   1.03907  