

TREE # 1

  0  0.0000   2068.000234  x:  0.01972   0.20925   0.02571   0.03211   0.02495   0.05815   0.02188   0.05666   0.08536   0.02661   0.17168   0.01972   0.20925   0.02571   0.03211   0.02495   0.05815   0.02188   0.05666   0.08536   0.02661   0.17168   0.21568   8.40433   1.93297   1.04141   1.55837   1.00000  
  1 99.0000   2027.955618  x:  0.00413   0.19596   0.09413   0.07510   0.00511   0.06312   0.00215   0.05400   0.09398   0.12788   0.17215   0.00884   0.21157   0.02132   0.08068   0.02032   0.06051   0.03346   0.05962   0.08872   0.03328   0.17671   0.21416   8.40460   1.93244   1.04152   1.56028   0.99802  
  2 824.9755   2027.140363  x:  0.00175   0.19295   0.09579   0.07660   0.00520   0.06378   0.01099   0.05363   0.09533   0.13086   0.17237   0.00731   0.21219   0.02061   0.08298   0.01976   0.06080   0.03343   0.06002   0.08894   0.03301   0.17774   0.21395   8.40466   1.93229   1.04165   1.56068   0.99757  
  3 318.5701   2026.681316  x:  0.00000   0.19012   0.09528   0.07671   0.00544   0.06427   0.01087   0.05334   0.09644   0.13069   0.17262   0.00616   0.21278   0.02009   0.08376   0.01939   0.06101   0.03302   0.06034   0.08905   0.03253   0.17868   0.21379   8.40471   1.93214   1.04179   1.56106   0.99716  
  4 136.6747   2025.877277  x:  0.00000   0.17867   0.09355   0.07669   0.00117   0.06508   0.01085   0.05278   0.09926   0.12978   0.17453   0.00577   0.21529   0.02072   0.08549   0.01992   0.06140   0.03301   0.06102   0.08927   0.03242   0.18255   0.21360   8.40496   1.93151   1.04238   1.56270   0.99544  
  5 293.1571   2021.748175  x:  0.00000   0.09315   0.08599   0.07734   0.00357   0.06664   0.00964   0.05220   0.11333   0.12787   0.19195   0.01866   0.23404   0.03512   0.09476   0.03080   0.06229   0.03991   0.06359   0.09009   0.03893   0.21128   0.21390   8.40695   1.92670   1.04696   1.57558   0.98238  
  6 484.2552   2020.887324  x:  0.00000   0.06960   0.09105   0.07215   0.00333   0.06089   0.00951   0.05572   0.10635   0.13095   0.19833   0.02161   0.23594   0.02921   0.08585   0.02259   0.05945   0.03761   0.05817   0.08826   0.03563   0.21546   0.21620   8.40804   1.92431   1.04943   1.58227   0.97582  
  7 76.5725   2020.706627  x:  0.00000   0.06606   0.09430   0.06837   0.00338   0.06310   0.00950   0.05403   0.10262   0.13197   0.20284   0.01786   0.23396   0.02667   0.08184   0.02885   0.06068   0.03712   0.06046   0.08797   0.03574   0.21605   0.21908   8.40937   1.92169   1.05190   1.59035   0.96824  
  8 25.5441   2020.340600  x:  0.00000   0.06601   0.09755   0.06554   0.00344   0.06556   0.00939   0.05180   0.10059   0.13047   0.21558   0.00987   0.22717   0.03305   0.07978   0.02338   0.06176   0.03855   0.06210   0.08941   0.04188   0.21861   0.22760   8.41418   1.91275   1.06038   1.61914   0.94138  
  9 33.1686   2019.817480  x:  0.00000   0.07015   0.09669   0.07285   0.00332   0.06029   0.00924   0.05653   0.10508   0.12692   0.22955   0.01056   0.21802   0.02691   0.08252   0.02616   0.05935   0.03738   0.05882   0.09265   0.04145   0.22374   0.23714   8.42285   1.89832   1.07470   1.66886   0.89504  
 10 64.8637   2019.508265  x:  0.00000   0.07188   0.09378   0.07275   0.00340   0.06609   0.00919   0.05230   0.10371   0.12929   0.22363   0.01991   0.21756   0.02620   0.08351   0.02344   0.06169   0.03734   0.06123   0.08976   0.03436   0.22346   0.23351   8.42988   1.89073   1.08436   1.70385   0.86259  
 11 40.9571   2019.241206  x:  0.00000   0.07115   0.09165   0.06870   0.00334   0.06202   0.00917   0.05459   0.10238   0.13196   0.20876   0.01818   0.22143   0.02984   0.08516   0.02570   0.06035   0.03600   0.06004   0.08609   0.03570   0.21805   0.22428   8.43741   1.88627   1.09294   1.73659   0.83289  
 12 48.4452   2019.194873  x:  0.00000   0.07078   0.09251   0.06988   0.00328   0.06261   0.00916   0.05438   0.10315   0.13108   0.20571   0.01772   0.22436   0.02819   0.08290   0.02539   0.06027   0.03929   0.05966   0.08826   0.03776   0.21581   0.22243   8.43964   1.88749   1.09412   1.74330   0.82805  
 13 17.9122   2019.171626  x:  0.00000   0.07082   0.09374   0.07090   0.00328   0.06297   0.00917   0.05414   0.10351   0.13054   0.20519   0.01822   0.22713   0.02850   0.08175   0.02534   0.06047   0.03679   0.06009   0.09048   0.03864   0.21434   0.22212   8.44184   1.89059   1.09430   1.74750   0.82647  
 14 10.0279   2019.094137  x:  0.00000   0.07206   0.09464   0.06879   0.00332   0.06160   0.00923   0.05462   0.10273   0.13009   0.20803   0.01743   0.23603   0.02929   0.08442   0.02534   0.06057   0.03813   0.06057   0.09181   0.03457   0.21069   0.22383   8.45388   1.91164   1.09375   1.76494   0.82505  
 15  9.4916   2018.987781  x:  0.00000   0.07275   0.09222   0.06970   0.00332   0.06364   0.00931   0.05383   0.10251   0.13147   0.21031   0.01674   0.24156   0.02726   0.08503   0.02518   0.05965   0.03716   0.05834   0.08538   0.03726   0.20883   0.22556   8.47244   1.94411   1.09407   1.78948   0.82494  
 16 31.2176   2018.808634  x:  0.00000   0.07110   0.08895   0.07347   0.00327   0.06052   0.00950   0.05441   0.10372   0.13487   0.20741   0.01459   0.23499   0.02874   0.07981   0.02477   0.06133   0.03766   0.06266   0.08481   0.03626   0.21207   0.22511   8.50698   2.00254   1.09904   1.83089   0.82740  
 17 38.0406   2018.632088  x:  0.00000   0.06883   0.09051   0.07004   0.00330   0.06330   0.00967   0.05397   0.10332   0.13435   0.20241   0.01491   0.22398   0.02809   0.08249   0.02501   0.05946   0.03720   0.05885   0.09112   0.03738   0.21689   0.22294   8.54253   2.06006   1.10816   1.87070   0.83108  
 18 74.0949   2018.580898  x:  0.00000   0.06841   0.09466   0.06922   0.00333   0.06152   0.00970   0.05303   0.10410   0.13098   0.20169   0.01593   0.22208   0.02654   0.08459   0.02430   0.06099   0.03714   0.06092   0.08920   0.03875   0.21757   0.22135   8.55442   2.07501   1.11676   1.88044   0.83323  
 19 20.8246   2018.493822  x:  0.00000   0.06824   0.09890   0.07170   0.00328   0.06385   0.00976   0.05466   0.10537   0.12800   0.20232   0.01442   0.22197   0.02877   0.08377   0.02491   0.05940   0.03735   0.05978   0.08619   0.03573   0.21737   0.21835   8.57720   2.09746   1.14013   1.89419   0.83844  
 20 23.2960   2018.294373  x:  0.00000   0.06962   0.09280   0.07174   0.00337   0.06216   0.00992   0.05210   0.10341   0.13279   0.20557   0.01251   0.22669   0.02713   0.08419   0.02462   0.06118   0.03697   0.05896   0.08962   0.03700   0.21718   0.21477   8.63333   2.14560   1.20168   1.92302   0.85207  
 21 43.1710   2018.270706  x:  0.00000   0.06973   0.09210   0.07045   0.00334   0.06328   0.00993   0.05459   0.10420   0.13375   0.20472   0.01292   0.22740   0.02641   0.08429   0.02412   0.06016   0.03692   0.06102   0.08990   0.03773   0.21706   0.21664   8.64079   2.15027   1.20824   1.92602   0.85374  
 22 19.7336   2018.239447  x:  0.00000   0.06921   0.09231   0.06943   0.00338   0.06280   0.00992   0.05332   0.10678   0.13439   0.20057   0.01311   0.22806   0.02676   0.08378   0.02434   0.06028   0.03689   0.06013   0.08950   0.03723   0.21637   0.22388   8.65299   2.15339   1.21393   1.92882   0.85592  
 23  9.0061   2018.202664  x:  0.00000   0.06800   0.09172   0.07225   0.00332   0.06336   0.00986   0.05434   0.10283   0.13288   0.19761   0.01214   0.22828   0.02673   0.08566   0.02426   0.06180   0.03693   0.06026   0.08958   0.03718   0.21585   0.22775   8.67074   2.15300   1.21528   1.93053   0.85809  
 24  7.2981   2017.974002  x:  0.00000   0.06780   0.09139   0.07464   0.00345   0.06206   0.00949   0.04939   0.09979   0.13149   0.19480   0.00895   0.23037   0.02571   0.08712   0.02371   0.05276   0.03669   0.06406   0.08967   0.03652   0.21896   0.22825   8.78482   2.14259   1.21153   1.93734   0.86935  
 25 20.4727   2016.790770  x:  0.00000   0.06970   0.09203   0.07238   0.00374   0.06308   0.00822   0.05090   0.10358   0.13177   0.19100   0.00000   0.23699   0.02284   0.08663   0.02206   0.05678   0.03512   0.06250   0.08906   0.03481   0.22928   0.22267   9.18852   2.10470   1.19509   1.95962   0.90744  
 26 263.3033   2016.461085  x:  0.00000   0.06220   0.08806   0.07248   0.00380   0.06407   0.00771   0.04983   0.10977   0.13305   0.19574   0.00000   0.22795   0.02188   0.09004   0.02143   0.05681   0.03439   0.06378   0.08958   0.03360   0.20694   0.21985   9.36167   2.09410   1.18806   1.95927   0.91297  
 27 87.7719   2015.443635  x:  0.00000   0.06283   0.08852   0.07229   0.00416   0.06621   0.00606   0.04976   0.11504   0.13292   0.19480   0.00000   0.23259   0.01661   0.09234   0.01853   0.05875   0.03172   0.06448   0.08990   0.03096   0.21680   0.22126  10.09763   2.10719   1.16367   1.86378   0.82234  
 28 37.6019   2015.428654  x:  0.00136   0.06283   0.08852   0.07229   0.00416   0.06622   0.00606   0.04975   0.11506   0.13292   0.19480   0.00000   0.23261   0.01659   0.09235   0.01851   0.05876   0.03171   0.06448   0.08990   0.03095   0.21684   0.22126  10.10067   2.10722   1.16357   1.86339   0.82198  
 29 58.1376   2015.323678  x:  0.00132   0.06175   0.09095   0.07322   0.00413   0.06687   0.00912   0.04973   0.11684   0.13824   0.19463   0.00000   0.23408   0.01622   0.09449   0.01809   0.05930   0.03161   0.06471   0.08986   0.03047   0.21817   0.22045  10.21736   2.09100   1.15640   1.85425   0.82100  
 30  2.3573   2014.867640  x:  0.00133   0.06619   0.09168   0.07159   0.00494   0.06958   0.00708   0.05019   0.12408   0.14071   0.18764   0.00000   0.23937   0.02014   0.09821   0.01696   0.06299   0.03017   0.06445   0.09015   0.02805   0.22292   0.21244  10.94707   2.03418   1.12965   1.85096   0.86174  
 31  0.8794   2014.807527  x:  0.00126   0.06700   0.09292   0.07148   0.00521   0.06940   0.00644   0.05079   0.12410   0.14227   0.18653   0.00000   0.23681   0.01710   0.09818   0.01812   0.06342   0.03117   0.06378   0.09011   0.02890   0.22140   0.21291  11.15884   2.03467   1.13463   1.85605   0.86532  
 32  0.2560   2014.781943  x:  0.00123   0.06564   0.09421   0.07198   0.00541   0.06893   0.00618   0.05098   0.12354   0.14472   0.18765   0.00000   0.23520   0.01823   0.09861   0.01774   0.06342   0.03152   0.06343   0.08988   0.02909   0.22096   0.21452  11.31998   2.04285   1.14175   1.85591   0.85699  
 33  0.1384   2014.776376  x:  0.00114   0.06537   0.09485   0.07256   0.00542   0.06871   0.00624   0.05061   0.12248   0.14654   0.18844   0.00000   0.23635   0.01797   0.09888   0.01784   0.06293   0.03111   0.06366   0.08984   0.02886   0.22118   0.21429  11.34069   2.04346   1.14053   1.85823   0.85970  
 34  0.0155   2014.774898  x:  0.00112   0.06581   0.09497   0.07262   0.00537   0.06880   0.00614   0.05063   0.12226   0.14720   0.18783   0.00000   0.23649   0.01811   0.09900   0.01782   0.06285   0.03144   0.06377   0.08992   0.02909   0.22102   0.21403  11.30712   2.04260   1.13933   1.85669   0.86007  
 35  0.0228   2014.774390  x:  0.00113   0.06558   0.09511   0.07261   0.00532   0.06884   0.00609   0.05075   0.12251   0.14745   0.18803   0.00000   0.23634   0.01809   0.09916   0.01783   0.06295   0.03134   0.06370   0.08992   0.02897   0.22120   0.21423  11.27487   2.04231   1.13999   1.85636   0.85968  
 36  0.0221   2014.774361  x:  0.00114   0.06561   0.09516   0.07262   0.00531   0.06884   0.00611   0.05071   0.12257   0.14749   0.18801   0.00000   0.23629   0.01806   0.09918   0.01781   0.06297   0.03133   0.06369   0.08992   0.02900   0.22111   0.21419  11.27244   2.04229   1.13997   1.85628   0.85946  
 37  0.0030   2014.774359  x:  0.00114   0.06560   0.09516   0.07263   0.00532   0.06883   0.00611   0.05070   0.12259   0.14749   0.18801   0.00000   0.23631   0.01806   0.09919   0.01782   0.06298   0.03133   0.06369   0.08991   0.02899   0.22112   0.21417  11.27278   2.04225   1.13992   1.85628   0.85941  
 38  0.0004   2014.774359  x:  0.00114   0.06560   0.09517   0.07263   0.00532   0.06883   0.00611   0.05070   0.12260   0.14749   0.18801   0.00000   0.23631   0.01806   0.09919   0.01781   0.06298   0.03133   0.06369   0.08991   0.02899   0.22111   0.21417  11.27289   2.04225   1.13991   1.85630   0.85942  
 39  0.0001   2014.774359  x:  0.00114   0.06561   0.09517   0.07263   0.00532   0.06883   0.00611   0.05070   0.12260   0.14749   0.18801   0.00000   0.23631   0.01806   0.09919   0.01781   0.06298   0.03133   0.06369   0.08992   0.02899   0.22111   0.21417  11.27286   2.04226   1.13991   1.85630   0.85942  
 40  0.0000   2014.774359  x:  0.00114   0.06561   0.09517   0.07263   0.00532   0.06883   0.00611   0.05070   0.12260   0.14749   0.18801   0.00000   0.23631   0.01806   0.09919   0.01781   0.06298   0.03133   0.06369   0.08992   0.02899   0.22111   0.21417  11.27282   2.04226   1.13991   1.85630   0.85942  
 41  0.0000   2014.774359  x:  0.00114   0.06561   0.09517   0.07263   0.00532   0.06883   0.00611   0.05070   0.12260   0.14749   0.18801   0.00000   0.23631   0.01806   0.09919   0.01781   0.06298   0.03133   0.06369   0.08992   0.02899   0.22111   0.21417  11.27280   2.04226   1.13991   1.85630   0.85942  
 42  0.0000   2014.774359  x:  0.00114   0.06561   0.09517   0.07263   0.00532   0.06883   0.00611   0.05070   0.12260   0.14749   0.18801   0.00000   0.23631   0.01806   0.09919   0.01781   0.06298   0.03133   0.06369   0.08992   0.02899   0.22111   0.21417  11.27279   2.04226   1.13991   1.85630   0.85942  
 43  0.0000   2014.774359  x:  0.00114   0.06561   0.09517   0.07263   0.00532   0.06883   0.00611   0.05070   0.12260   0.14749   0.18801   0.00000   0.23631   0.01806   0.09919   0.01781   0.06298   0.03133   0.06369   0.08992   0.02899   0.22111   0.21417  11.27279   2.04226   1.13991   1.85630   0.85942  

TREE # 2

  0  0.0000   2280.881939  x:  0.00114   0.06561   0.09517   0.07263   0.00532   0.06883   0.00611   0.05070   0.12260   0.14749   0.18801   0.00000   0.23631   0.01806   0.09919   0.01781   0.06298   0.03133   0.06369   0.08992   0.02899   0.22111   0.21417  11.27279   1.99881   1.02784   1.67617   0.85942  
  1 99.0000   2146.543152  x:  0.38580   0.08021   0.10889   0.09821   0.02917   0.06451   0.12981   0.06353   0.11698   0.14074   0.18203   0.03902   0.23389   0.07994   0.10602   0.08782   0.06990   0.05918   0.06850   0.08460   0.01851   0.21303   0.20257  11.27280   1.99865   1.02848   1.67628   0.85903  
  2 5313.6389   2118.797621  x:  0.38174   0.06621   0.12639   0.12370   0.03184   0.05149   0.12664   0.07006   0.10662   0.12379   0.16811   0.03245   0.21662   0.10043   0.10411   0.10215   0.07475   0.07937   0.07237   0.07555   0.00000   0.19852   0.18137  11.27282   1.99761   1.03110   1.67625   0.85838  
  3 466.9748   2072.355097  x:  0.38900   0.00000   0.14026   0.12677   0.00504   0.00695   0.11905   0.08434   0.06850   0.04470   0.10797   0.04555   0.12958   0.10777   0.07673   0.11609   0.07454   0.04619   0.06434   0.05222   0.00000   0.13772   0.08071  11.27288   1.99325   1.04165   1.67704   0.85534  
  4 511.7983   2058.014984  x:  0.39176   0.00000   0.14393   0.12430   0.02184   0.00507   0.11473   0.09110   0.05220   0.00598   0.07868   0.05228   0.08448   0.10799   0.06298   0.11903   0.07405   0.03408   0.06080   0.04401   0.00000   0.10788   0.02867  11.27291   1.99114   1.04641   1.67778   0.85395  
  5 1754.4118   2052.828970  x:  0.39325   0.00000   0.14470   0.12160   0.01777   0.01448   0.11298   0.09318   0.04872   0.00400   0.06690   0.05526   0.06203   0.10751   0.05763   0.11885   0.07413   0.03799   0.06039   0.04321   0.00000   0.09475   0.00460  11.27292   1.99021   1.04835   1.67838   0.85338  
  6 661.3540   2052.217129  x:  0.39342   0.00000   0.14478   0.12129   0.01743   0.01533   0.11278   0.09341   0.04836   0.00395   0.06561   0.05559   0.05951   0.10745   0.05704   0.11882   0.07415   0.03840   0.06035   0.04315   0.00122   0.09329   0.00214  11.27292   1.99011   1.04856   1.67845   0.85332  
  7 3538.0497   2046.779685  x:  0.39595   0.00000   0.14619   0.11583   0.01858   0.01831   0.10840   0.09757   0.04294   0.01075   0.04246   0.06147   0.01038   0.10648   0.04625   0.11783   0.07455   0.04357   0.05875   0.04137   0.00229   0.06531   0.00603  11.27293   1.98809   1.05258   1.67992   0.85222  
  8 329.7052   2046.180500  x:  0.39653   0.00000   0.14595   0.11465   0.01917   0.01598   0.10766   0.09712   0.04594   0.01036   0.04402   0.06158   0.00198   0.10656   0.04632   0.11645   0.07525   0.04536   0.05897   0.04335   0.00192   0.06274   0.00494  11.27293   1.98770   1.05312   1.68053   0.85208  
  9 166.0062   2045.702963  x:  0.39687   0.00817   0.14611   0.11402   0.01875   0.01605   0.10696   0.09677   0.04768   0.00885   0.04479   0.06161   0.00000   0.10713   0.04643   0.11541   0.07602   0.04611   0.05930   0.04445   0.00206   0.06044   0.00548  11.27293   1.98730   1.05372   1.68115   0.85195  
 10 124.8907   2045.657989  x:  0.39705   0.00865   0.14611   0.11361   0.01923   0.01543   0.10618   0.09685   0.04806   0.00997   0.04483   0.06153   0.00046   0.10792   0.04650   0.11508   0.07646   0.04560   0.05958   0.04459   0.00183   0.05870   0.00473  11.27293   1.98687   1.05441   1.68174   0.85179  
 11 30.0873   2045.566521  x:  0.39775   0.00772   0.14598   0.11212   0.01883   0.01608   0.10350   0.09685   0.04954   0.00907   0.04604   0.06089   0.00104   0.11072   0.04720   0.11374   0.07806   0.04504   0.06074   0.04536   0.00197   0.05410   0.00524  11.27293   1.98524   1.05700   1.68410   0.85116  
 12 40.6678   2045.385044  x:  0.39952   0.00803   0.14612   0.11047   0.01876   0.01669   0.09742   0.09685   0.04753   0.00962   0.04635   0.05905   0.00000   0.11500   0.04770   0.11034   0.08065   0.04377   0.06233   0.04429   0.00198   0.05694   0.00526  11.27292   1.97979   1.06559   1.69227   0.84911  
 13 19.5812   2045.180705  x:  0.40103   0.00773   0.14606   0.10875   0.01889   0.01473   0.09237   0.09695   0.04844   0.00859   0.04341   0.05833   0.00171   0.11409   0.04590   0.10680   0.08093   0.04785   0.06247   0.04532   0.00187   0.05861   0.00510  11.27291   1.97062   1.08001   1.70642   0.84569  
 14 45.5311   2044.403327  x:  0.40012   0.00740   0.15201   0.11882   0.01884   0.01716   0.08793   0.09875   0.05483   0.00940   0.04707   0.05553   0.00202   0.10681   0.04208   0.10699   0.07694   0.04525   0.05729   0.04766   0.00204   0.05956   0.00556  11.27283   1.93368   1.13816   1.76536   0.83197  
 15 85.4765   2043.750853  x:  0.39260   0.00825   0.14956   0.11578   0.01973   0.01662   0.09817   0.09811   0.04942   0.00985   0.05101   0.05730   0.00179   0.10388   0.05362   0.11308   0.07473   0.04836   0.06030   0.04636   0.00201   0.05811   0.00557  11.27273   1.90396   1.18526   1.81749   0.82113  
 16 107.3832   2043.474980  x:  0.38678   0.00828   0.14438   0.11522   0.01996   0.01683   0.10756   0.09521   0.05383   0.00982   0.04709   0.05813   0.00132   0.11096   0.05095   0.11612   0.07664   0.04675   0.06367   0.04822   0.00195   0.06068   0.00558  11.27264   1.89548   1.20006   1.83948   0.81817  
 17 50.6258   2043.280390  x:  0.38389   0.00817   0.14226   0.11458   0.02016   0.01637   0.11213   0.09263   0.05061   0.00992   0.05139   0.05800   0.00177   0.11406   0.04366   0.11471   0.07871   0.04896   0.06079   0.04667   0.00200   0.05958   0.00558  11.27250   1.89667   1.20218   1.85421   0.81885  
 18 19.6935   2041.888861  x:  0.37206   0.00649   0.15636   0.11415   0.02046   0.01621   0.11964   0.08378   0.05121   0.01015   0.04573   0.05074   0.00191   0.11943   0.04981   0.10657   0.08722   0.04992   0.04383   0.04594   0.00221   0.05817   0.00550  11.27128   1.93308   1.18601   1.95370   0.83389  
 19 29.9985   2038.687293  x:  0.34551   0.00388   0.18632   0.12024   0.02046   0.01553   0.12154   0.08084   0.05006   0.01040   0.04515   0.04153   0.00113   0.11467   0.04385   0.10047   0.08865   0.04945   0.07179   0.04257   0.00203   0.05530   0.00543  11.26809   2.03606   1.13980   2.20462   0.87368  
 20 246.2713   2036.585401  x:  0.32736   0.00473   0.17697   0.12490   0.02038   0.01561   0.10033   0.10063   0.04965   0.01019   0.04981   0.05619   0.00153   0.12747   0.04486   0.12190   0.07566   0.05345   0.06560   0.05073   0.00210   0.05928   0.00573  11.26616   2.10876   1.11769   2.34727   0.89526  
 21 167.9872   2035.768552  x:  0.32316   0.00554   0.15876   0.13283   0.02028   0.01569   0.09271   0.10096   0.05534   0.01017   0.04954   0.04795   0.00145   0.12458   0.04872   0.12915   0.07606   0.05560   0.06384   0.03766   0.00235   0.05829   0.00575  11.26554   2.14202   1.11965   2.38365   0.89875  
 22 68.1123   2035.011279  x:  0.31887   0.00584   0.14456   0.14387   0.01991   0.01550   0.08910   0.09756   0.04896   0.01051   0.04796   0.03624   0.00121   0.12109   0.05196   0.13245   0.07932   0.05554   0.06436   0.04745   0.00218   0.05642   0.00567  11.26501   2.17995   1.13070   2.40605   0.89829  
 23 74.3983   2029.969260  x:  0.26808   0.00235   0.14852   0.18320   0.02256   0.01637   0.08856   0.07292   0.05101   0.01197   0.05342   0.06888   0.00198   0.12911   0.06798   0.11294   0.09286   0.06299   0.07276   0.04964   0.00229   0.05992   0.00651  11.26173   2.48728   1.27471   2.47929   0.86782  
 24 73.0655   2025.302478  x:  0.22281   0.00216   0.17440   0.16796   0.02463   0.01695   0.10527   0.10012   0.06154   0.01362   0.06146   0.03508   0.00326   0.14465   0.06590   0.11408   0.08496   0.06952   0.07247   0.04935   0.00257   0.06933   0.00746  11.25904   2.74729   1.40260   2.52693   0.83992  
 25 259.5611   2025.037636  x:  0.22057   0.00226   0.18026   0.16146   0.02536   0.01737   0.10084   0.08938   0.06243   0.01392   0.06245   0.03254   0.00333   0.14406   0.06310   0.12647   0.08604   0.06999   0.07209   0.04978   0.00259   0.07067   0.00754  11.25890   2.75773   1.40873   2.52579   0.84025  
 26 27.6402   2023.846226  x:  0.20581   0.00103   0.18430   0.16531   0.02570   0.01801   0.10017   0.10133   0.06571   0.01430   0.06527   0.03673   0.00422   0.13721   0.06346   0.13194   0.11826   0.07238   0.07235   0.05195   0.00275   0.07497   0.00792  11.25866   2.60916   1.36429   2.38325   0.92663  
 27  6.6834   2021.680774  x:  0.18605   0.00000   0.18627   0.17678   0.02638   0.01862   0.09854   0.08796   0.06646   0.01518   0.06735   0.03080   0.00429   0.15096   0.06987   0.12027   0.09530   0.07608   0.07363   0.05236   0.00292   0.07574   0.00811  11.25837   2.37284   1.28885   2.15938   1.05173  
 28 182.8430   2019.528615  x:  0.16641   0.00000   0.19161   0.18745   0.02697   0.01880   0.09423   0.08821   0.06829   0.01616   0.06952   0.03071   0.00570   0.15308   0.07344   0.11811   0.10715   0.08047   0.07387   0.05410   0.00299   0.07825   0.00848  11.26014   2.08492   1.09725   1.91967   0.89339  
 29 17.7173   2016.509620  x:  0.22515   0.00000   0.21418   0.20613   0.02765   0.01832   0.08155   0.09726   0.06525   0.01749   0.06491   0.03273   0.00203   0.17148   0.06936   0.13041   0.10189   0.09159   0.07416   0.05262   0.00306   0.06988   0.00765  11.22060   1.91969   1.08984   1.71275   0.86261  
 30  0.3221   2015.567825  x:  0.21734   0.00000   0.22031   0.21681   0.02814   0.01757   0.08291   0.10069   0.06201   0.01760   0.06065   0.03308   0.00000   0.17982   0.06619   0.14009   0.09591   0.09716   0.07383   0.05039   0.00311   0.06411   0.00701  11.21306   2.03382   1.14976   1.84497   0.84003  
 31  0.3717   2015.024825  x:  0.22123   0.00000   0.22448   0.23099   0.02939   0.01803   0.09358   0.09953   0.06443   0.01865   0.06331   0.02814   0.00060   0.18955   0.06652   0.14596   0.09298   0.10831   0.07392   0.05058   0.00359   0.06897   0.00716  11.22134   2.06953   1.14656   1.88428   0.86324  
 32  0.0673   2014.896976  x:  0.21379   0.00000   0.22544   0.23810   0.02964   0.01803   0.09222   0.09874   0.06407   0.01868   0.06312   0.03313   0.00045   0.19255   0.06607   0.15007   0.09295   0.11369   0.07355   0.05056   0.00378   0.06888   0.00690  11.23226   2.04902   1.14354   1.86590   0.86586  
 33  0.0410   2014.834885  x:  0.21207   0.00000   0.22323   0.24103   0.02946   0.01805   0.08887   0.10040   0.06410   0.01858   0.06343   0.03090   0.00086   0.19169   0.06597   0.15006   0.09644   0.11849   0.07307   0.05066   0.00402   0.06911   0.00666  11.25388   2.03670   1.13797   1.84937   0.85131  
 34  0.0268   2014.794972  x:  0.21563   0.00000   0.21917   0.23943   0.02908   0.01810   0.08903   0.09879   0.06388   0.01810   0.06342   0.03110   0.00130   0.18844   0.06566   0.14711   0.09563   0.12222   0.07246   0.05095   0.00435   0.06899   0.00636  11.28632   2.03948   1.13941   1.85486   0.86487  
 35  0.0190   2014.784871  x:  0.21426   0.00000   0.21969   0.23754   0.02898   0.01810   0.09067   0.09881   0.06353   0.01783   0.06283   0.03139   0.00116   0.18745   0.06529   0.14698   0.09515   0.12332   0.07241   0.05079   0.00454   0.06861   0.00624  11.28886   2.04335   1.14030   1.85481   0.85748  
 36  0.0062   2014.780079  x:  0.21359   0.00000   0.22132   0.23581   0.02891   0.01820   0.08953   0.09937   0.06358   0.01768   0.06282   0.03138   0.00117   0.18746   0.06540   0.14756   0.09491   0.12372   0.07258   0.05069   0.00474   0.06882   0.00625  11.28165   2.04421   1.14072   1.85999   0.85928  
 37  0.0050   2014.777576  x:  0.21457   0.00000   0.22196   0.23521   0.02898   0.01813   0.09021   0.09924   0.06382   0.01771   0.06308   0.03130   0.00120   0.18784   0.06577   0.14760   0.09538   0.12348   0.07274   0.05071   0.00495   0.06900   0.00624  11.27014   2.04056   1.13899   1.85349   0.85992  
 38  0.0054   2014.774961  x:  0.21431   0.00000   0.22118   0.23598   0.02901   0.01798   0.08988   0.09911   0.06368   0.01778   0.06297   0.03129   0.00102   0.18849   0.06585   0.14750   0.09505   0.12291   0.07266   0.05069   0.00523   0.06860   0.00610  11.26147   2.03983   1.13926   1.85495   0.85945  
 39  0.0028   2014.774484  x:  0.21421   0.00000   0.22098   0.23612   0.02900   0.01805   0.08987   0.09912   0.06367   0.01780   0.06301   0.03138   0.00114   0.18832   0.06574   0.14744   0.09520   0.12269   0.07263   0.05071   0.00529   0.06882   0.00611  11.26380   2.04316   1.14007   1.85683   0.85897  
 40  0.0040   2014.774392  x:  0.21408   0.00000   0.22101   0.23619   0.02900   0.01807   0.08994   0.09920   0.06366   0.01781   0.06296   0.03132   0.00114   0.18816   0.06562   0.14748   0.09523   0.12261   0.07262   0.05070   0.00531   0.06883   0.00611  11.26715   2.04244   1.14020   1.85638   0.85959  
 41  0.0031   2014.774364  x:  0.21418   0.00000   0.22108   0.23626   0.02900   0.01807   0.08992   0.09918   0.06370   0.01781   0.06297   0.03133   0.00114   0.18804   0.06557   0.14749   0.09517   0.12260   0.07263   0.05071   0.00532   0.06884   0.00611  11.27040   2.04205   1.13979   1.85626   0.85936  
 42  0.0025   2014.774360  x:  0.21417   0.00000   0.22111   0.23631   0.02900   0.01806   0.08991   0.09919   0.06370   0.01781   0.06298   0.03133   0.00114   0.18801   0.06559   0.14750   0.09516   0.12260   0.07263   0.05070   0.00532   0.06883   0.00611  11.27187   2.04230   1.13992   1.85625   0.85943  
 43  0.0010   2014.774359  x:  0.21417   0.00000   0.22111   0.23631   0.02899   0.01806   0.08992   0.09919   0.06369   0.01781   0.06298   0.03133   0.00114   0.18801   0.06560   0.14749   0.09517   0.12260   0.07263   0.05070   0.00532   0.06883   0.00611  11.27237   2.04225   1.13992   1.85630   0.85941  
 44  0.0004   2014.774359  x:  0.21417   0.00000   0.22111   0.23631   0.02899   0.01806   0.08992   0.09919   0.06369   0.01781   0.06298   0.03133   0.00114   0.18801   0.06561   0.14749   0.09517   0.12260   0.07263   0.05070   0.00532   0.06883   0.00611  11.27262   2.04226   1.13991   1.85630   0.85942  
 45  0.0001   2014.774359  x:  0.21417   0.00000   0.22111   0.23631   0.02899   0.01806   0.08991   0.09919   0.06369   0.01781   0.06298   0.03133   0.00114   0.18801   0.06561   0.14749   0.09517   0.12260   0.07263   0.05070   0.00532   0.06883   0.00611  11.27276   2.04226   1.13991   1.85630   0.85942  
 46  0.0001   2014.774359  x:  0.21417   0.00000   0.22111   0.23631   0.02899   0.01806   0.08992   0.09919   0.06369   0.01781   0.06298   0.03133   0.00114   0.18801   0.06561   0.14749   0.09517   0.12260   0.07263   0.05070   0.00532   0.06883   0.00611  11.27278   2.04226   1.13991   1.85630   0.85942  
 47  0.0000   2014.774359  x:  0.21417   0.00000   0.22111   0.23631   0.02899   0.01806   0.08992   0.09919   0.06369   0.01781   0.06298   0.03133   0.00114   0.18801   0.06561   0.14749   0.09517   0.12260   0.07263   0.05070   0.00532   0.06883   0.00611  11.27279   2.04226   1.13991   1.85630   0.85942  
 48  0.0000   2014.774359  x:  0.21417   0.00000   0.22111   0.23631   0.02899   0.01806   0.08992   0.09919   0.06369   0.01781   0.06298   0.03133   0.00114   0.18801   0.06561   0.14749   0.09517   0.12260   0.07263   0.05070   0.00532   0.06883   0.00611  11.27279   2.04226   1.13991   1.85630   0.85942  