

TREE # 1

  0  0.0000   1915.069559  x:  0.01972   0.20925   0.02571   0.03211   0.02495   0.05815   0.02188   0.05666   0.08536   0.02661   0.17168   0.01972   0.20925   0.02571   0.03211   0.02495   0.05815   0.02188   0.05666   0.08536   0.02661   0.17168   0.21568   8.40433   2.07814   1.69185   1.73943   1.00000  
  1 99.0000   1904.448923  x:  0.00000   0.21222   0.04158   0.02221   0.03108   0.05788   0.01877   0.05441   0.08191   0.02718   0.17321   0.01207   0.21270   0.02462   0.05903   0.04469   0.05465   0.00694   0.04889   0.08981   0.01972   0.16657   0.21650   8.40448   2.07736   1.68983   1.74138   1.00073  
  2 332.7034   1903.440232  x:  0.00000   0.21664   0.04054   0.01340   0.03050   0.05764   0.01989   0.05208   0.07747   0.02553   0.17588   0.00902   0.21923   0.02347   0.06125   0.04019   0.05128   0.01103   0.03956   0.09353   0.01180   0.15839   0.21800   8.40475   2.07589   1.68619   1.74498   1.00202  
  3 88.8675   1902.723370  x:  0.00000   0.22355   0.03927   0.01605   0.03014   0.05737   0.01974   0.04994   0.07218   0.02583   0.18006   0.01005   0.22994   0.02422   0.06304   0.03522   0.04709   0.00793   0.02973   0.09773   0.01609   0.14550   0.22046   8.40524   2.07324   1.67962   1.75144   1.00436  
  4 91.1072   1902.156853  x:  0.00000   0.23268   0.03965   0.02068   0.03061   0.05724   0.01870   0.04971   0.06835   0.02665   0.18500   0.01217   0.24393   0.02400   0.06378   0.03895   0.04597   0.01374   0.03370   0.10109   0.01599   0.12907   0.22363   8.40603   2.06899   1.66909   1.76172   1.00807  
  5 83.3461   1901.784287  x:  0.00000   0.23888   0.03853   0.01817   0.02997   0.05735   0.01993   0.05127   0.06923   0.02554   0.18751   0.01213   0.25325   0.02357   0.06042   0.03945   0.04800   0.00795   0.03952   0.10077   0.01439   0.11984   0.22557   8.40680   2.06501   1.65920   1.77124   1.01149  
  6 76.8147   1901.516536  x:  0.00000   0.24342   0.04113   0.01468   0.03081   0.05747   0.01824   0.05260   0.07438   0.02578   0.18749   0.00969   0.25987   0.02479   0.05940   0.03908   0.05241   0.00937   0.03855   0.09676   0.01811   0.11917   0.22652   8.40799   2.05908   1.64478   1.78489   1.01636  
  7 43.5448   1901.065917  x:  0.00000   0.24925   0.04322   0.01905   0.03138   0.05749   0.01961   0.05303   0.08169   0.02645   0.18581   0.01063   0.26858   0.02366   0.05965   0.03856   0.05537   0.00913   0.03425   0.09002   0.01308   0.12434   0.22735   8.41047   2.04698   1.61571   1.81214   1.02610  
  8 95.4639   1900.361866  x:  0.00000   0.25310   0.03647   0.01663   0.02803   0.05684   0.01953   0.04946   0.08047   0.02362   0.18101   0.01281   0.27516   0.02362   0.06394   0.04051   0.04704   0.00960   0.03675   0.08673   0.01518   0.13726   0.22674   8.41514   2.02494   1.56386   1.86012   1.04322  
  9 107.0275   1899.894445  x:  0.00000   0.25089   0.03823   0.01784   0.03114   0.05653   0.01813   0.04962   0.07304   0.02782   0.17758   0.00651   0.27283   0.02394   0.06149   0.03790   0.04466   0.00858   0.03959   0.09108   0.01457   0.14231   0.22484   8.41867   2.00904   1.52776   1.89289   1.05495  
 10 118.9920   1899.566253  x:  0.00000   0.24487   0.04172   0.01649   0.03109   0.05661   0.02018   0.05164   0.06694   0.02586   0.17633   0.01104   0.26540   0.02371   0.05931   0.03882   0.04974   0.00864   0.03791   0.09702   0.01531   0.14136   0.22268   8.42184   1.99567   1.49917   1.91816   1.06412  
 11 98.8671   1899.377268  x:  0.00000   0.23890   0.03958   0.01809   0.02861   0.05665   0.01731   0.05176   0.06858   0.02307   0.17706   0.00918   0.25712   0.02331   0.05958   0.04001   0.05151   0.00854   0.03624   0.09861   0.01471   0.13568   0.22113   8.42409   1.98710   1.48271   1.93211   1.06927  
 12 65.1485   1899.246585  x:  0.00000   0.23359   0.03820   0.01759   0.02954   0.05661   0.02020   0.05070   0.07215   0.02536   0.17872   0.00933   0.24929   0.02357   0.06104   0.03983   0.05001   0.00909   0.03600   0.09754   0.01519   0.12929   0.22017   8.42611   1.98002   1.47061   1.94188   1.07297  
 13 62.7674   1899.220374  x:  0.00000   0.23251   0.03895   0.01707   0.03006   0.05652   0.01872   0.05042   0.07263   0.02585   0.17950   0.01076   0.24748   0.02350   0.06105   0.03902   0.04888   0.00896   0.03626   0.09638   0.01481   0.12791   0.22023   8.42677   1.97811   1.46819   1.94354   1.07368  
 14 25.6882   1899.210236  x:  0.00000   0.23235   0.03998   0.01726   0.02985   0.05645   0.01910   0.05050   0.07188   0.02488   0.18045   0.01043   0.24657   0.02351   0.06085   0.03882   0.04813   0.00905   0.03639   0.09470   0.01490   0.12750   0.22071   8.42757   1.97628   1.46724   1.94358   1.07386  
 15  7.9607   1899.198886  x:  0.00000   0.23269   0.03922   0.01715   0.02981   0.05645   0.01893   0.05071   0.07042   0.02561   0.18214   0.01031   0.24560   0.02369   0.06074   0.03944   0.04874   0.00895   0.03599   0.09297   0.01478   0.12767   0.22190   8.42948   1.97224   1.46613   1.94250   1.07391  
 16  6.9274   1899.165374  x:  0.00000   0.23441   0.03875   0.01738   0.03105   0.05663   0.01893   0.05027   0.07082   0.02477   0.18608   0.01012   0.24388   0.02304   0.06197   0.03825   0.04981   0.00895   0.03679   0.09423   0.01495   0.12923   0.22549   8.43759   1.95576   1.46262   1.93655   1.07371  
 17 10.2075   1899.126587  x:  0.00000   0.23592   0.03984   0.01724   0.02894   0.05663   0.01904   0.05033   0.07217   0.02570   0.18856   0.00999   0.24280   0.02399   0.06126   0.03866   0.04902   0.00887   0.03677   0.09628   0.01482   0.13053   0.22839   8.44760   1.93585   1.45841   1.92886   1.07337  
 18 41.8073   1899.074729  x:  0.00000   0.23640   0.03958   0.01697   0.03077   0.05633   0.01896   0.05116   0.07308   0.02512   0.18729   0.00992   0.24323   0.02304   0.05900   0.04083   0.04728   0.00881   0.03553   0.09696   0.01512   0.13057   0.22896   8.46211   1.90814   1.45227   1.91710   1.07274  
 19 39.1202   1898.946066  x:  0.00000   0.23547   0.03941   0.01715   0.03035   0.05625   0.01899   0.05115   0.07181   0.02516   0.17927   0.01016   0.24665   0.02436   0.06146   0.03932   0.04862   0.00880   0.03626   0.09498   0.01463   0.12851   0.22560   8.49886   1.84027   1.43609   1.88648   1.07100  
 20 72.9054   1898.937023  x:  0.00000   0.23523   0.03965   0.01707   0.02980   0.05655   0.01900   0.05059   0.07171   0.02557   0.17945   0.01005   0.24712   0.02291   0.06147   0.03928   0.04882   0.00879   0.03633   0.09483   0.01493   0.12854   0.22471   8.50183   1.83614   1.43422   1.88378   1.07085  
 21 19.0018   1898.907129  x:  0.00000   0.23385   0.03982   0.01708   0.03024   0.05766   0.01898   0.04882   0.07181   0.02530   0.18334   0.00989   0.24944   0.02380   0.06090   0.03975   0.04905   0.00863   0.03635   0.09488   0.01475   0.12954   0.21952   8.51358   1.82546   1.42446   1.87220   1.07027  
 22 14.5400   1898.881669  x:  0.00000   0.23311   0.03957   0.01706   0.03007   0.05638   0.01899   0.05169   0.07203   0.02546   0.18592   0.00982   0.25090   0.02349   0.06176   0.03935   0.04855   0.00877   0.03641   0.09506   0.01479   0.13026   0.21658   8.52456   1.81782   1.41450   1.86115   1.06976  
 23 26.8958   1898.747300  x:  0.00000   0.23487   0.03998   0.01709   0.03020   0.05307   0.01902   0.04961   0.07216   0.02537   0.18323   0.00958   0.25146   0.02357   0.06168   0.03984   0.04911   0.00863   0.03636   0.09497   0.01481   0.13019   0.22208   8.58676   1.78884   1.35408   1.79805   1.06730  
 24 21.0841   1898.721444  x:  0.00000   0.23552   0.03990   0.01709   0.03021   0.05665   0.01898   0.05077   0.07218   0.02537   0.18239   0.00960   0.25133   0.02358   0.06202   0.03977   0.04865   0.00870   0.03628   0.09494   0.01481   0.13009   0.22338   8.59960   1.78333   1.34216   1.78562   1.06695  
 25 54.6619   1898.698153  x:  0.00000   0.24241   0.03997   0.01713   0.03024   0.05655   0.01897   0.05070   0.07209   0.02530   0.18158   0.00985   0.24733   0.02358   0.06216   0.03985   0.04864   0.00868   0.03622   0.09500   0.01484   0.12957   0.21949   8.62570   1.78363   1.34185   1.78342   1.07185  
 26  2.0075   1898.116596  x:  0.00000   0.23434   0.04232   0.01648   0.03098   0.05659   0.01870   0.05049   0.07166   0.02549   0.18266   0.00850   0.25056   0.02338   0.06767   0.04259   0.04826   0.00761   0.03575   0.09607   0.01430   0.12990   0.22405   9.36310   1.80959   1.37463   1.76532   1.20778  
 27 13.6156   1897.255329  x:  0.00000   0.23585   0.04612   0.01572   0.03219   0.05683   0.01829   0.05021   0.07126   0.02534   0.18232   0.00787   0.24940   0.02285   0.07580   0.04670   0.04776   0.00624   0.03483   0.09747   0.01369   0.12872   0.22374  10.44730   1.85251   1.40038   1.83163   1.07085  
 28 15.7041   1897.191539  x:  0.00000   0.23657   0.04631   0.01618   0.03209   0.05659   0.01820   0.05005   0.07107   0.02547   0.18266   0.00815   0.24987   0.02296   0.07709   0.04706   0.04755   0.00829   0.03477   0.09749   0.01397   0.12919   0.22381  10.75453   1.83701   1.38786   1.82846   1.09029  
 29  0.3314   1897.174565  x:  0.00000   0.23685   0.04603   0.01610   0.03186   0.05654   0.01837   0.05027   0.07147   0.02541   0.18264   0.00817   0.25004   0.02300   0.07679   0.04687   0.04797   0.00735   0.03529   0.09706   0.01404   0.12945   0.22375  10.97206   1.82850   1.38078   1.82445   1.09933  
 30  0.1889   1897.171288  x:  0.00000   0.23677   0.04573   0.01610   0.03182   0.05662   0.01834   0.05022   0.07133   0.02540   0.18265   0.00811   0.25015   0.02298   0.07613   0.04653   0.04789   0.00741   0.03515   0.09713   0.01396   0.12930   0.22382  11.04009   1.83311   1.38431   1.82511   1.09336  
 31  0.0510   1897.171060  x:  0.00000   0.23670   0.04567   0.01611   0.03184   0.05661   0.01833   0.05021   0.07133   0.02541   0.18265   0.00813   0.25005   0.02299   0.07581   0.04640   0.04787   0.00743   0.03514   0.09714   0.01400   0.12934   0.22384  11.04031   1.83358   1.38458   1.82649   1.09500  
 32  0.0019   1897.171055  x:  0.00000   0.23672   0.04568   0.01611   0.03184   0.05660   0.01834   0.05022   0.07134   0.02541   0.18266   0.00813   0.25007   0.02299   0.07578   0.04640   0.04787   0.00744   0.03515   0.09713   0.01399   0.12934   0.22384  11.03904   1.83322   1.38435   1.82617   1.09484  
 33  0.0013   1897.171055  x:  0.00000   0.23672   0.04568   0.01611   0.03184   0.05660   0.01834   0.05022   0.07134   0.02541   0.18266   0.00813   0.25007   0.02299   0.07577   0.04640   0.04787   0.00744   0.03515   0.09713   0.01399   0.12934   0.22383  11.03887   1.83323   1.38434   1.82617   1.09483  
 34  0.0001   1897.171055  x:  0.00000   0.23672   0.04568   0.01611   0.03184   0.05660   0.01834   0.05022   0.07134   0.02541   0.18266   0.00813   0.25007   0.02299   0.07577   0.04640   0.04787   0.00744   0.03515   0.09713   0.01399   0.12934   0.22383  11.03889   1.83323   1.38435   1.82618   1.09483  
 35  0.0000   1897.171055  x:  0.00000   0.23672   0.04568   0.01611   0.03184   0.05660   0.01834   0.05022   0.07134   0.02541   0.18266   0.00813   0.25007   0.02299   0.07577   0.04640   0.04787   0.00744   0.03515   0.09713   0.01399   0.12934   0.22383  11.03889   1.83323   1.38435   1.82618   1.09484  
 36  0.0000   1897.171055  x:  0.00000   0.23672   0.04568   0.01611   0.03184   0.05660   0.01834   0.05022   0.07134   0.02541   0.18266   0.00813   0.25007   0.02299   0.07577   0.04640   0.04787   0.00744   0.03515   0.09713   0.01399   0.12934   0.22383  11.03889   1.83323   1.38435   1.82618   1.09484  
 37  0.0000   1897.171055  x:  0.00000   0.23672   0.04568   0.01611   0.03184   0.05660   0.01834   0.05022   0.07134   0.02541   0.18266   0.00813   0.25007   0.02299   0.07577   0.04640   0.04787   0.00744   0.03515   0.09713   0.01399   0.12934   0.22383  11.03889   1.83323   1.38435   1.82618   1.09484  
 38  0.0000   1897.171055  x:  0.00000   0.23672   0.04568   0.01611   0.03184   0.05660   0.01834   0.05022   0.07134   0.02541   0.18266   0.00813   0.25007   0.02299   0.07577   0.04640   0.04787   0.00744   0.03515   0.09713   0.01399   0.12934   0.22383  11.03889   1.83323   1.38435   1.82618   1.09484  
check convergence!


TREE # 2

  0  0.0000   2195.451205  x:  0.00000   0.23672   0.04568   0.01611   0.03184   0.05660   0.01834   0.05022   0.07134   0.02541   0.18266   0.00813   0.25007   0.02299   0.07577   0.04640   0.04787   0.00744   0.03515   0.09713   0.01399   0.12934   0.22383  11.03889   1.79420   1.24813   1.64883   1.09484  
  1 99.0000   2010.847188  x:  0.33111   0.23895   0.09102   0.21878   0.02777   0.04825   0.10145   0.05811   0.06258   0.03996   0.16909   0.00288   0.24800   0.10360   0.12669   0.03908   0.04846   0.15305   0.02884   0.08830   0.02445   0.11993   0.20777  11.03887   1.79358   1.24942   1.64929   1.09487  
  2 3609.7953   1976.010674  x:  0.32253   0.19546   0.10591   0.23405   0.00225   0.01898   0.10270   0.07046   0.03854   0.05275   0.12716   0.01774   0.19876   0.14221   0.18100   0.02215   0.04374   0.12709   0.00000   0.06224   0.02856   0.09034   0.15529  11.03895   1.79088   1.25450   1.65004   1.09435  
  3 365.4545   1954.072199  x:  0.31480   0.15470   0.11850   0.24778   0.02175   0.00000   0.10357   0.08086   0.01929   0.06134   0.08857   0.02272   0.15246   0.17403   0.22617   0.01257   0.04279   0.10464   0.00400   0.04082   0.03302   0.06406   0.10626  11.03903   1.78843   1.25913   1.65080   1.09388  
  4 1816.2441   1929.375936  x:  0.30478   0.09372   0.13454   0.26758   0.02017   0.02705   0.10730   0.09606   0.00754   0.06923   0.03392   0.02227   0.08266   0.21429   0.28436   0.01585   0.04320   0.07412   0.02510   0.01901   0.03724   0.03041   0.03355  11.03914   1.78494   1.26565   1.65210   1.09313  
  5 1819.6124   1921.952626  x:  0.30203   0.07072   0.13896   0.27415   0.02084   0.02661   0.10794   0.09934   0.02284   0.06995   0.02050   0.01895   0.05573   0.22566   0.30130   0.01832   0.04387   0.06574   0.02676   0.02541   0.03766   0.02738   0.00912  11.03918   1.78372   1.26792   1.65267   1.09288  
  6 994.6268   1909.226157  x:  0.29748   0.02479   0.14476   0.28530   0.02063   0.02741   0.10855   0.10144   0.01763   0.06597   0.02705   0.00872   0.00000   0.24159   0.32626   0.02410   0.04575   0.05601   0.02858   0.03748   0.03645   0.03982   0.00539  11.03924   1.78139   1.27212   1.65400   1.09245  
  7 448.6385   1907.603684  x:  0.29510   0.00431   0.14730   0.29013   0.02099   0.02827   0.10871   0.10224   0.02034   0.06422   0.02649   0.00755   0.00000   0.24859   0.33724   0.02543   0.04631   0.05262   0.02978   0.03974   0.03611   0.04143   0.01189  11.03927   1.78030   1.27408   1.65464   1.09225  
  8 680.7396   1907.289981  x:  0.29372   0.00000   0.14776   0.29132   0.02143   0.02902   0.10839   0.10128   0.02160   0.06239   0.02942   0.01077   0.00000   0.24965   0.33931   0.02489   0.04634   0.05430   0.03015   0.03857   0.03554   0.04145   0.01115  11.03928   1.77979   1.27491   1.65502   1.09218  
  9 109.6764   1907.289981  x:  0.29372   0.00000   0.14776   0.29132   0.02143   0.02902   0.10839   0.10128   0.02160   0.06239   0.02942   0.01077   0.00000   0.24965   0.33931   0.02489   0.04634   0.05430   0.03015   0.03857   0.03554   0.04145   0.01115  11.03928   1.77979   1.27491   1.65502   1.09218  
 10 58.1166   1903.318885  x:  0.28754   0.00344   0.14505   0.28784   0.01129   0.02193   0.10539   0.09448   0.03560   0.05488   0.04691   0.00899   0.00000   0.24225   0.33128   0.02360   0.04597   0.06335   0.01759   0.04805   0.03243   0.05333   0.03151  11.03930   1.77903   1.27594   1.65593   1.09218  
 11 212.4987   1901.378088  x:  0.27599   0.00605   0.13975   0.28130   0.01657   0.02064   0.10067   0.08337   0.03908   0.04438   0.05406   0.00348   0.00000   0.22859   0.31621   0.02425   0.04611   0.07257   0.01099   0.05406   0.03006   0.06086   0.01896  11.03932   1.77751   1.27808   1.65766   1.09214  
 12 117.6966   1900.675000  x:  0.26858   0.00673   0.13649   0.27709   0.01691   0.02061   0.09811   0.07700   0.04042   0.04001   0.05700   0.00998   0.00000   0.21992   0.30648   0.02484   0.04629   0.07698   0.01248   0.05637   0.02970   0.06393   0.01402  11.03934   1.77650   1.27949   1.65883   1.09211  
 13 263.7997   1899.279778  x:  0.24918   0.00592   0.12868   0.26608   0.01330   0.02407   0.09334   0.06510   0.03747   0.03770   0.05523   0.00603   0.00000   0.19772   0.28065   0.02622   0.04669   0.08232   0.02394   0.05627   0.03243   0.06500   0.01699  11.03938   1.77376   1.28334   1.66212   1.09204  
 14 160.5152   1898.098524  x:  0.22903   0.00913   0.12284   0.25481   0.01466   0.02519   0.09134   0.06247   0.03456   0.04590   0.04933   0.00861   0.00000   0.17605   0.25299   0.02456   0.04572   0.08070   0.01497   0.05192   0.03278   0.06082   0.02093  11.03942   1.77056   1.28773   1.66625   1.09201  
 15 139.0539   1897.820795  x:  0.22274   0.00873   0.12310   0.25122   0.01154   0.02167   0.09332   0.06905   0.03756   0.04652   0.05020   0.00779   0.00000   0.17153   0.24341   0.02576   0.04592   0.07720   0.01570   0.05151   0.03121   0.05911   0.01833  11.03943   1.76905   1.28974   1.66861   1.09205  
 16 56.0722   1897.731787  x:  0.22019   0.00865   0.12412   0.24973   0.01456   0.02216   0.09478   0.07271   0.03867   0.04526   0.05161   0.00789   0.00000   0.17091   0.23895   0.02601   0.04599   0.07532   0.01692   0.05204   0.03114   0.05899   0.01930  11.03943   1.76807   1.29101   1.67030   1.09210  
 17 44.9316   1897.685581  x:  0.21889   0.00883   0.12595   0.24884   0.01348   0.02402   0.09620   0.07394   0.03708   0.04324   0.05210   0.00804   0.00000   0.17266   0.23566   0.02521   0.04580   0.07417   0.01621   0.05265   0.03217   0.05952   0.01923  11.03943   1.76680   1.29265   1.67267   1.09218  
 18 19.8107   1897.637509  x:  0.21790   0.00810   0.12897   0.24780   0.01393   0.02181   0.09715   0.07249   0.03562   0.04341   0.05139   0.00815   0.00000   0.17743   0.23109   0.02560   0.04581   0.07429   0.01621   0.05296   0.03191   0.06055   0.01958  11.03941   1.76399   1.29634   1.67821   1.09239  
 19 15.2833   1897.604216  x:  0.21779   0.00844   0.13048   0.24724   0.01375   0.02332   0.09700   0.07140   0.03765   0.04492   0.05114   0.00794   0.00000   0.18097   0.22821   0.02589   0.04585   0.07513   0.01644   0.05261   0.03133   0.06044   0.01916  11.03939   1.76118   1.30011   1.68404   1.09261  
 20 20.3642   1897.565633  x:  0.21893   0.00675   0.12919   0.24703   0.01383   0.02315   0.09513   0.07168   0.03835   0.04439   0.05190   0.00793   0.00000   0.18253   0.22722   0.02516   0.04574   0.07590   0.01599   0.05165   0.03266   0.05845   0.01911  11.03936   1.75664   1.30660   1.69428   1.09301  
 21 14.2199   1897.515891  x:  0.22081   0.00934   0.12712   0.24713   0.01375   0.02245   0.09318   0.07253   0.03757   0.04356   0.05245   0.00791   0.00000   0.18320   0.22709   0.02545   0.04582   0.07617   0.01633   0.05124   0.03268   0.05699   0.01934  11.03932   1.75023   1.31600   1.70935   1.09360  
 22 46.7350   1897.455849  x:  0.22269   0.00822   0.12481   0.24744   0.01353   0.02340   0.09323   0.07345   0.03635   0.04400   0.05190   0.00803   0.00000   0.18173   0.22864   0.02646   0.04596   0.07530   0.01611   0.05257   0.03036   0.05893   0.01954  11.03926   1.74278   1.32767   1.72841   1.09432  
 23 44.9064   1897.423586  x:  0.22304   0.00856   0.12511   0.24784   0.01371   0.02289   0.09515   0.07308   0.03726   0.04475   0.05110   0.00792   0.00000   0.17972   0.23057   0.02532   0.04572   0.07456   0.01643   0.05306   0.03216   0.06077   0.01916  11.03923   1.73926   1.33423   1.73960   1.09471  
 24 31.5776   1897.407258  x:  0.22203   0.00843   0.12728   0.24823   0.01373   0.02292   0.09686   0.07197   0.03755   0.04396   0.05144   0.00792   0.00000   0.17802   0.23253   0.02597   0.04589   0.07458   0.01619   0.05192   0.03181   0.05969   0.01932  11.03921   1.73874   1.33753   1.74601   1.09485  
 25 12.5421   1897.401231  x:  0.22091   0.00837   0.12844   0.24844   0.01373   0.02292   0.09644   0.07215   0.03715   0.04442   0.05190   0.00787   0.00000   0.17763   0.23344   0.02515   0.04573   0.07505   0.01643   0.05242   0.03137   0.05923   0.01923  11.03920   1.73993   1.33867   1.74896   1.09485  
 26  6.3296   1897.393607  x:  0.21916   0.00832   0.12938   0.24873   0.01367   0.02301   0.09521   0.07269   0.03703   0.04469   0.05173   0.00791   0.00000   0.17763   0.23450   0.02604   0.04588   0.07534   0.01626   0.05294   0.03208   0.05937   0.01921  11.03919   1.74301   1.34003   1.75332   1.09476  
 27  8.4209   1897.379106  x:  0.21668   0.00841   0.12908   0.24919   0.01363   0.02291   0.09401   0.07296   0.03761   0.04366   0.05049   0.00797   0.00000   0.17843   0.23557   0.02538   0.04578   0.07480   0.01628   0.05193   0.03151   0.06023   0.01940  11.03918   1.75121   1.34253   1.76230   1.09449  
 28 11.1426   1897.340190  x:  0.21401   0.00865   0.12561   0.24980   0.01370   0.02292   0.09583   0.07190   0.03702   0.04471   0.05254   0.00780   0.00000   0.18044   0.23607   0.02555   0.04582   0.07345   0.01638   0.05151   0.03174   0.05995   0.01907  11.03913   1.77684   1.34948   1.78747   1.09357  
 29 20.6833   1897.308402  x:  0.21640   0.00867   0.12534   0.24930   0.01367   0.02279   0.09723   0.07222   0.03747   0.04397   0.05057   0.00793   0.00000   0.17989   0.23463   0.02555   0.04568   0.07497   0.01617   0.05359   0.03162   0.05834   0.01937  11.03911   1.79915   1.35590   1.80788   1.09274  
 30 27.3938   1897.284337  x:  0.22048   0.00853   0.12734   0.24827   0.01365   0.02285   0.09625   0.07289   0.03694   0.04434   0.05117   0.00790   0.00000   0.17814   0.23281   0.02556   0.04576   0.07550   0.01624   0.05186   0.03169   0.05966   0.01923  11.03909   1.81663   1.36169   1.82286   1.09209  
 31 27.6401   1897.280770  x:  0.22114   0.00850   0.12784   0.24794   0.01366   0.02285   0.09552   0.07225   0.03715   0.04429   0.05129   0.00787   0.00000   0.17788   0.23267   0.02554   0.04568   0.07414   0.01625   0.05231   0.03164   0.05941   0.01920  11.03910   1.81938   1.36352   1.82450   1.09201  
 32  5.6570   1897.264038  x:  0.22091   0.00867   0.12763   0.24560   0.01368   0.02286   0.09592   0.07257   0.03709   0.04440   0.05120   0.00787   0.00000   0.17860   0.23423   0.02545   0.04621   0.07444   0.01622   0.05221   0.03167   0.05941   0.01922  11.03920   1.83419   1.38425   1.82523   1.09198  
 33  2.6743   1897.262686  x:  0.22088   0.00865   0.12764   0.24631   0.01368   0.02287   0.09594   0.07261   0.03709   0.04439   0.05121   0.00787   0.00000   0.17855   0.23408   0.02562   0.04537   0.07448   0.01624   0.05217   0.03167   0.05942   0.01921  11.03921   1.83534   1.38595   1.82522   1.09205  
 34  3.5289   1897.261012  x:  0.22086   0.00860   0.12770   0.24838   0.01367   0.02287   0.09591   0.07261   0.03708   0.04440   0.05119   0.00787   0.00000   0.17836   0.23350   0.02555   0.04578   0.07445   0.01623   0.05219   0.03167   0.05941   0.01921  11.03922   1.83670   1.38804   1.82515   1.09227  
 35  2.7462   1897.230457  x:  0.22206   0.00837   0.12832   0.24875   0.01372   0.02290   0.09627   0.07361   0.03653   0.04502   0.05013   0.00771   0.00000   0.17994   0.23464   0.02551   0.04567   0.07333   0.01609   0.05153   0.03167   0.05847   0.01900  11.04012   1.83858   1.38787   1.82549   1.12480  
 36  0.1235   1897.172289  x:  0.22434   0.00815   0.12949   0.25041   0.01387   0.02293   0.09715   0.07580   0.03540   0.04638   0.04806   0.00742   0.00000   0.18317   0.23739   0.02537   0.04568   0.07123   0.01586   0.05028   0.03174   0.05669   0.01859  11.04277   1.83353   1.38410   1.82607   1.09537  
 37  0.4159   1897.171107  x:  0.22385   0.00813   0.12935   0.25007   0.01397   0.02298   0.09713   0.07576   0.03515   0.04639   0.04788   0.00736   0.00000   0.18266   0.23673   0.02541   0.04568   0.07136   0.01609   0.05023   0.03183   0.05662   0.01834  11.04166   1.83331   1.38438   1.82624   1.09493  
 38  0.0018   1897.171057  x:  0.22383   0.00813   0.12933   0.25007   0.01400   0.02299   0.09713   0.07578   0.03515   0.04640   0.04789   0.00743   0.00000   0.18265   0.23671   0.02541   0.04568   0.07134   0.01611   0.05022   0.03185   0.05661   0.01835  11.04066   1.83320   1.38434   1.82616   1.09480  
 39  0.0008   1897.171055  x:  0.22384   0.00813   0.12934   0.25007   0.01399   0.02299   0.09713   0.07577   0.03515   0.04640   0.04787   0.00744   0.00000   0.18266   0.23672   0.02541   0.04568   0.07134   0.01611   0.05022   0.03184   0.05660   0.01834  11.04008   1.83323   1.38435   1.82618   1.09485  
 40  0.0005   1897.171055  x:  0.22384   0.00813   0.12934   0.25007   0.01399   0.02299   0.09713   0.07577   0.03515   0.04640   0.04788   0.00744   0.00000   0.18266   0.23673   0.02541   0.04568   0.07134   0.01611   0.05022   0.03184   0.05660   0.01834  11.03922   1.83324   1.38435   1.82618   1.09483  
 41  0.0004   1897.171055  x:  0.22383   0.00813   0.12934   0.25007   0.01399   0.02299   0.09713   0.07577   0.03515   0.04640   0.04787   0.00744   0.00000   0.18266   0.23672   0.02541   0.04568   0.07134   0.01611   0.05022   0.03184   0.05660   0.01834  11.03891   1.83323   1.38435   1.82618   1.09483  
 42  0.0002   1897.171055  x:  0.22383   0.00813   0.12934   0.25007   0.01399   0.02299   0.09713   0.07577   0.03515   0.04640   0.04787   0.00744   0.00000   0.18266   0.23672   0.02541   0.04568   0.07134   0.01611   0.05022   0.03184   0.05660   0.01834  11.03890   1.83323   1.38435   1.82618   1.09484  