

TREE # 1

  0  0.0000   2033.763821  x:  0.01972   0.20925   0.02571   0.03211   0.02495   0.05815   0.02188   0.05666   0.08536   0.02661   0.17168   0.01972   0.20925   0.02571   0.03211   0.02495   0.05815   0.02188   0.05666   0.08536   0.02661   0.17168   0.21568   8.40433   1.33284   1.02099   1.21012   1.00000  
  1 99.0000   2008.591416  x:  0.00441   0.20853   0.00975   0.05677   0.01464   0.06092   0.01794   0.05151   0.10271   0.01981   0.16856   0.00000   0.20490   0.01131   0.09920   0.02042   0.05803   0.04651   0.06563   0.08675   0.04055   0.18056   0.21516   8.40432   1.33419   1.01989   1.21077   0.99830  
  2 562.1679   2007.404360  x:  0.00000   0.20826   0.00750   0.05715   0.01427   0.06152   0.01849   0.05028   0.10679   0.02028   0.16764   0.00000   0.20319   0.00645   0.09845   0.01927   0.05797   0.04442   0.06728   0.08673   0.04003   0.18384   0.21513   8.40432   1.33475   1.01948   1.21102   0.99754  
  3 151.7404   2006.300447  x:  0.00000   0.20760   0.02169   0.05948   0.01481   0.06376   0.01713   0.04559   0.12524   0.02125   0.16399   0.00000   0.19275   0.00310   0.09765   0.01874   0.05777   0.03885   0.07399   0.08743   0.04215   0.20256   0.21539   8.40430   1.33858   1.01677   1.21256   0.99241  
  4 120.5363   2005.692078  x:  0.00000   0.20705   0.01735   0.05901   0.01536   0.06454   0.01881   0.04448   0.13700   0.01848   0.16084   0.00000   0.18195   0.01383   0.09501   0.01979   0.05770   0.03860   0.07669   0.08841   0.04356   0.21979   0.21587   8.40428   1.34319   1.01369   1.21436   0.98617  
  5 91.4651   2005.370559  x:  0.00000   0.20693   0.01635   0.05685   0.01459   0.06304   0.01459   0.04828   0.13649   0.02068   0.15984   0.00000   0.17260   0.01294   0.09337   0.02149   0.05783   0.04467   0.07323   0.08874   0.04230   0.23107   0.21675   8.40427   1.34848   1.01037   1.21640   0.97873  
  6 48.0624   2005.172715  x:  0.00000   0.20681   0.01729   0.05623   0.01526   0.06197   0.01951   0.05047   0.13275   0.02002   0.15978   0.00000   0.16537   0.01115   0.09386   0.02122   0.05791   0.04689   0.06988   0.08890   0.04209   0.23871   0.21769   8.40425   1.35376   1.00719   1.21844   0.97116  
  7 65.8640   2004.938512  x:  0.00000   0.20642   0.01689   0.05757   0.01493   0.06174   0.01731   0.04909   0.12463   0.01690   0.16094   0.00000   0.15793   0.01063   0.09571   0.01883   0.05786   0.04200   0.06788   0.08901   0.04357   0.24556   0.21924   8.40421   1.36272   1.00212   1.22197   0.95792  
  8 47.7414   2004.779300  x:  0.00000   0.20589   0.01588   0.05883   0.01507   0.06259   0.01774   0.04663   0.11985   0.02193   0.16243   0.00000   0.15486   0.01135   0.09741   0.02056   0.05779   0.03944   0.06969   0.08914   0.04446   0.24824   0.22054   8.40417   1.37144   0.99748   1.22550   0.94469  
  9 53.2441   2004.273858  x:  0.00000   0.20282   0.01589   0.05981   0.01539   0.06585   0.01786   0.04278   0.11698   0.01793   0.16804   0.00000   0.15646   0.00987   0.09597   0.02335   0.05746   0.04524   0.08037   0.08935   0.04227   0.24685   0.22436   8.40399   1.40479   0.98120   1.23942   0.89250  
 10 52.7604   2003.799526  x:  0.00000   0.20048   0.01601   0.05911   0.01393   0.06483   0.01803   0.04783   0.12235   0.02050   0.17101   0.00000   0.16124   0.01136   0.09751   0.01566   0.05737   0.04537   0.07994   0.08929   0.04340   0.24235   0.22654   8.40379   1.43599   0.96767   1.25285   0.84238  
 11 116.3910   2003.576598  x:  0.00000   0.19997   0.01539   0.05875   0.01628   0.06270   0.01752   0.04984   0.12733   0.01941   0.17039   0.00000   0.16409   0.01056   0.09993   0.02048   0.05759   0.04237   0.07447   0.08901   0.04441   0.23904   0.22640   8.40365   1.45189   0.96250   1.26008   0.81593  
 12 100.7534   2003.522991  x:  0.00000   0.20062   0.01561   0.05880   0.01362   0.06257   0.01791   0.04764   0.12821   0.01929   0.16855   0.00000   0.16437   0.01069   0.10001   0.02121   0.05756   0.04254   0.07206   0.08889   0.04392   0.23803   0.22530   8.40359   1.45516   0.96320   1.26198   0.80982  
 13 29.3384   2003.466308  x:  0.00000   0.20219   0.01562   0.05920   0.01536   0.06294   0.01764   0.04436   0.12859   0.01970   0.16487   0.00000   0.16418   0.01090   0.10020   0.02000   0.05743   0.04385   0.06994   0.08874   0.04317   0.23687   0.22298   8.40346   1.45842   0.96627   1.26444   0.80299  
 14 28.8152   2003.341836  x:  0.00000   0.20734   0.01575   0.06011   0.01501   0.06425   0.01769   0.04736   0.12704   0.01940   0.15482   0.00000   0.16266   0.01078   0.10118   0.02024   0.05742   0.04368   0.07327   0.08854   0.04397   0.23504   0.21583   8.40301   1.46435   0.98002   1.27113   0.78846  
 15 20.9355   2003.191016  x:  0.00000   0.20972   0.01543   0.05659   0.01493   0.05910   0.01778   0.04580   0.12738   0.01923   0.16128   0.00000   0.16357   0.01044   0.10486   0.01982   0.05829   0.04396   0.07559   0.09030   0.04417   0.23827   0.21436   8.40202   1.47022   1.00691   1.28265   0.77543  
 16 12.4273   2003.056071  x:  0.00000   0.20936   0.01494   0.06154   0.01491   0.06411   0.01773   0.04716   0.12834   0.01936   0.16851   0.00000   0.16480   0.01040   0.10587   0.02004   0.05760   0.04467   0.07341   0.09010   0.04372   0.24149   0.21661   8.40097   1.47609   1.03167   1.29435   0.76617  
 17 36.0236   2002.941925  x:  0.00000   0.20166   0.01479   0.05958   0.01484   0.06523   0.01771   0.04648   0.12853   0.01934   0.16418   0.00000   0.16424   0.01002   0.10842   0.01998   0.05775   0.04576   0.07359   0.08555   0.04706   0.24087   0.22630   8.39965   1.48510   1.04563   1.30728   0.76856  
 18 10.2014   2002.847706  x:  0.00000   0.19717   0.01500   0.06230   0.01481   0.06259   0.01766   0.04707   0.12893   0.01944   0.16050   0.00000   0.16342   0.01072   0.11145   0.01983   0.05783   0.04536   0.07441   0.08788   0.04229   0.23984   0.23172   8.39841   1.49422   1.05339   1.31866   0.77424  
 19 21.4765   2002.616657  x:  0.00000   0.19961   0.01412   0.06386   0.01457   0.06342   0.01762   0.04640   0.13081   0.01933   0.15984   0.00000   0.16264   0.00922   0.11557   0.01980   0.05730   0.04775   0.07389   0.09871   0.04872   0.23780   0.22909   8.39472   1.52252   1.06193   1.34914   0.79886  
 20 17.6673   2002.407180  x:  0.00000   0.20572   0.01385   0.06239   0.01445   0.06558   0.01750   0.04672   0.13290   0.01908   0.16295   0.00000   0.16267   0.00975   0.12363   0.01951   0.05822   0.04780   0.07429   0.08993   0.04492   0.23810   0.22055   8.39133   1.54770   1.06621   1.37396   0.82210  
 21 34.3605   2002.390460  x:  0.00000   0.20578   0.01371   0.06441   0.01441   0.06352   0.01753   0.04659   0.13277   0.01915   0.16298   0.00000   0.16367   0.00967   0.12319   0.01952   0.05727   0.04828   0.07449   0.08813   0.04580   0.23890   0.21949   8.39099   1.54911   1.06613   1.37433   0.82367  
 22  7.3026   2002.350064  x:  0.00000   0.20275   0.01361   0.06448   0.01438   0.06405   0.01752   0.04658   0.13134   0.01918   0.16121   0.00000   0.16977   0.00951   0.12497   0.01943   0.05917   0.04851   0.07422   0.08870   0.04573   0.24388   0.21686   8.38969   1.54772   1.06339   1.36366   0.82482  
 23  3.2536   2002.299220  x:  0.00000   0.20196   0.01343   0.06336   0.01434   0.06485   0.01749   0.04662   0.13158   0.01910   0.16092   0.00000   0.17035   0.00940   0.12771   0.01940   0.05420   0.04860   0.07440   0.08933   0.04522   0.24473   0.21647   8.38791   1.54337   1.05918   1.34708   0.82499  
 24 10.1776   2002.154480  x:  0.00000   0.20388   0.01252   0.06564   0.01413   0.06449   0.01746   0.04635   0.13459   0.01901   0.16239   0.00000   0.16430   0.00896   0.13261   0.01906   0.05773   0.05001   0.07545   0.08904   0.04619   0.24108   0.21876   8.38259   1.52746   1.04581   1.29763   0.82424  
 25 29.2875   2002.072306  x:  0.00000   0.21124   0.01191   0.06606   0.01400   0.06448   0.01746   0.04615   0.13466   0.01885   0.16027   0.00000   0.16745   0.00861   0.13599   0.01884   0.05759   0.05053   0.07590   0.08893   0.04603   0.24402   0.22425   8.37850   1.49242   1.02711   1.29222   0.81753  
 26  4.2122   2002.021166  x:  0.00000   0.20451   0.01165   0.06645   0.01392   0.06459   0.01743   0.04602   0.13524   0.01890   0.16140   0.00000   0.16452   0.00855   0.13779   0.01873   0.05760   0.05098   0.07620   0.08896   0.04627   0.24276   0.21881   8.37571   1.46849   1.01538   1.29150   0.81271  
 27 10.9049   2001.458374  x:  0.00000   0.20223   0.00492   0.06615   0.01364   0.06454   0.01776   0.04559   0.14044   0.01933   0.15859   0.00000   0.16393   0.00412   0.13570   0.01754   0.05761   0.04842   0.07703   0.08895   0.04525   0.24573   0.21840   8.30105   1.48378   1.02760   1.30503   0.81280  
 28  0.1805   2001.341924  x:  0.00000   0.20140   0.00648   0.06602   0.01345   0.06454   0.01814   0.04528   0.14327   0.01935   0.15694   0.00000   0.16431   0.00145   0.13434   0.01669   0.05764   0.04684   0.07764   0.08887   0.04434   0.24619   0.21809   8.25598   1.48821   1.03242   1.30965   0.81287  
 29  0.1185   2001.303074  x:  0.00000   0.20047   0.00671   0.06615   0.01324   0.06476   0.01839   0.04469   0.14700   0.01980   0.15554   0.00000   0.16521   0.00266   0.13270   0.01582   0.05762   0.04473   0.07888   0.08889   0.04324   0.24652   0.21773   8.21055   1.49081   1.03609   1.31244   0.81358  
 30  0.0666   2001.298697  x:  0.00000   0.20049   0.00637   0.06639   0.01327   0.06484   0.01843   0.04473   0.14851   0.01992   0.15569   0.00000   0.16517   0.00229   0.13241   0.01592   0.05758   0.04439   0.07931   0.08901   0.04340   0.24706   0.21772   8.19070   1.48938   1.03486   1.31102   0.81334  
 31  0.0242   2001.298345  x:  0.00000   0.20061   0.00643   0.06647   0.01330   0.06487   0.01841   0.04479   0.14883   0.01989   0.15585   0.00000   0.16505   0.00232   0.13249   0.01603   0.05757   0.04457   0.07934   0.08899   0.04356   0.24727   0.21774   8.18785   1.48871   1.03405   1.31031   0.81314  
 32  0.0033   2001.298336  x:  0.00000   0.20060   0.00643   0.06646   0.01329   0.06487   0.01839   0.04479   0.14890   0.01987   0.15583   0.00000   0.16504   0.00232   0.13248   0.01601   0.05758   0.04459   0.07931   0.08898   0.04354   0.24732   0.21774   8.18752   1.48878   1.03408   1.31036   0.81312  
 33  0.0003   2001.298336  x:  0.00000   0.20060   0.00643   0.06646   0.01329   0.06487   0.01839   0.04479   0.14890   0.01988   0.15583   0.00000   0.16504   0.00232   0.13247   0.01601   0.05758   0.04459   0.07931   0.08898   0.04354   0.24732   0.21774   8.18764   1.48879   1.03410   1.31037   0.81313  
 34  0.0001   2001.298336  x:  0.00000   0.20060   0.00643   0.06646   0.01329   0.06487   0.01839   0.04479   0.14890   0.01988   0.15583   0.00000   0.16504   0.00232   0.13247   0.01601   0.05758   0.04459   0.07931   0.08898   0.04354   0.24732   0.21774   8.18769   1.48878   1.03410   1.31037   0.81313  
 35  0.0000   2001.298336  x:  0.00000   0.20060   0.00643   0.06646   0.01329   0.06487   0.01839   0.04479   0.14890   0.01988   0.15583   0.00000   0.16504   0.00232   0.13247   0.01601   0.05758   0.04459   0.07931   0.08898   0.04354   0.24732   0.21774   8.18771   1.48878   1.03410   1.31037   0.81313  
 36  0.0000   2001.298336  x:  0.00000   0.20060   0.00643   0.06646   0.01329   0.06487   0.01839   0.04479   0.14890   0.01988   0.15583   0.00000   0.16504   0.00232   0.13247   0.01601   0.05758   0.04459   0.07931   0.08898   0.04354   0.24732   0.21774   8.18771   1.48878   1.03410   1.31037   0.81313  
 37  0.0000   2001.298336  x:  0.00000   0.20060   0.00643   0.06646   0.01329   0.06487   0.01839   0.04479   0.14890   0.01988   0.15583   0.00000   0.16504   0.00232   0.13247   0.01601   0.05758   0.04459   0.07931   0.08898   0.04354   0.24732   0.21774   8.18771   1.48878   1.03410   1.31037   0.81313  

TREE # 2

  0  0.0000   2355.533914  x:  0.00000   0.20060   0.00643   0.06646   0.01329   0.06487   0.01839   0.04479   0.14890   0.01988   0.15583   0.00000   0.16504   0.00232   0.13247   0.01601   0.05758   0.04459   0.07931   0.08898   0.04354   0.24732   0.21774   8.18771   1.46333   0.95109   1.20658   0.81313  
  1 99.0000   2181.315359  x:  0.14619   0.20193   0.09342   0.07764   0.02122   0.06185   0.03226   0.05299   0.14712   0.02833   0.15443   0.35211   0.16803   0.08014   0.13733   0.01728   0.05454   0.05317   0.07891   0.08686   0.04091   0.24447   0.21413   8.18772   1.46326   0.95108   1.20677   0.81326  
  2 15064.6078   2099.046153  x:  0.16517   0.15576   0.17682   0.14726   0.07254   0.01691   0.12776   0.13312   0.12076   0.00000   0.12022   0.31416   0.12345   0.11907   0.16715   0.02799   0.01021   0.14894   0.07261   0.05723   0.00377   0.20360   0.16215   8.18784   1.46078   0.95681   1.20888   0.81262  
  3 648.8580   2087.025274  x:  0.17373   0.13688   0.19139   0.15571   0.07002   0.00128   0.13045   0.13941   0.11275   0.00318   0.10955   0.30581   0.10547   0.12713   0.17376   0.02362   0.00000   0.15675   0.07057   0.05069   0.03127   0.18818   0.14181   8.18787   1.45986   0.95910   1.20960   0.81233  
  4 572.5695   2085.592008  x:  0.17448   0.13523   0.19263   0.15642   0.06979   0.00000   0.13065   0.13993   0.11207   0.00344   0.10863   0.30509   0.10390   0.12782   0.17432   0.02327   0.00067   0.15741   0.07041   0.05014   0.03328   0.18684   0.14003   8.18788   1.45978   0.95930   1.20966   0.81230  
  5 3512.7949   2034.653567  x:  0.22304   0.02512   0.24055   0.17111   0.02791   0.00000   0.09503   0.13570   0.07450   0.02746   0.05528   0.27156   0.00000   0.15741   0.19867   0.00200   0.00041   0.15312   0.06236   0.03172   0.01585   0.10067   0.02319   8.18811   1.45491   0.97201   1.21341   0.81092  
  6 728.9285   2030.976300  x:  0.22947   0.01033   0.24662   0.17277   0.02275   0.00000   0.09003   0.13487   0.06975   0.03041   0.04851   0.26720   0.00000   0.16122   0.20176   0.00573   0.00035   0.15222   0.06139   0.02976   0.01411   0.08935   0.00803   8.18814   1.45427   0.97368   1.21392   0.81074  
  7 4902.9468   2028.628385  x:  0.23334   0.00000   0.24956   0.17295   0.02450   0.00000   0.08715   0.13399   0.06829   0.03024   0.04658   0.26479   0.00000   0.16318   0.20295   0.00599   0.00035   0.15106   0.06130   0.03161   0.01369   0.08325   0.00947   8.18815   1.45388   0.97462   1.21430   0.81067  
  8 334.4089   2027.795810  x:  0.24253   0.00000   0.25451   0.17133   0.02960   0.00000   0.08446   0.13148   0.07157   0.02408   0.05364   0.25955   0.00000   0.16715   0.20313   0.00534   0.00037   0.14750   0.06275   0.03488   0.01397   0.07498   0.00552   8.18819   1.45294   0.97670   1.21557   0.81059  
  9 130.9012   2027.030346  x:  0.25093   0.00000   0.25945   0.17036   0.02622   0.00993   0.08410   0.12994   0.07473   0.01946   0.05990   0.25455   0.00000   0.17098   0.20317   0.00553   0.00036   0.14531   0.06376   0.03260   0.01371   0.06971   0.00701   8.18823   1.45206   0.97866   1.21682   0.81052  
 10 207.3556   2026.414827  x:  0.26565   0.00000   0.26795   0.16826   0.02194   0.00601   0.08341   0.12716   0.08004   0.01261   0.06929   0.24580   0.00000   0.17745   0.20284   0.00571   0.00035   0.14180   0.06528   0.03052   0.01334   0.06258   0.00859   8.18829   1.45048   0.98214   1.21917   0.81034  
 11 174.1225   2025.759846  x:  0.29097   0.00000   0.28028   0.16219   0.02464   0.00503   0.08539   0.12345   0.08678   0.02299   0.07516   0.23072   0.00000   0.18642   0.19910   0.00615   0.00034   0.13709   0.06507   0.02836   0.01221   0.07048   0.00940   8.18844   1.44749   0.98889   1.22426   0.80984  
 12 66.6730   2025.421106  x:  0.30600   0.00000   0.28588   0.15727   0.02198   0.00565   0.08799   0.12232   0.08682   0.02046   0.07119   0.22276   0.00000   0.19006   0.19467   0.00604   0.00036   0.13605   0.06410   0.03465   0.01275   0.07989   0.00898   8.18856   1.44559   0.99356   1.22813   0.80950  
 13 67.4216   2025.253047  x:  0.31440   0.00000   0.28707   0.15333   0.02399   0.00571   0.08779   0.12156   0.08514   0.01625   0.06730   0.21914   0.00000   0.19073   0.19080   0.00601   0.00037   0.13532   0.06374   0.03106   0.01343   0.08419   0.00880   8.18865   1.44451   0.99669   1.23097   0.80927  
 14 53.0119   2025.113702  x:  0.32359   0.00000   0.28349   0.14877   0.02365   0.00555   0.08952   0.12628   0.08140   0.01797   0.06838   0.21676   0.00000   0.18744   0.18208   0.00601   0.00034   0.14051   0.06561   0.03099   0.01527   0.08080   0.00881   8.18892   1.44331   1.00260   1.23792   0.80881  
 15 15.2662   2025.041824  x:  0.32657   0.00000   0.28023   0.15349   0.02373   0.00553   0.08902   0.12660   0.08565   0.01804   0.06715   0.21619   0.00000   0.18624   0.18268   0.00604   0.00036   0.14242   0.06101   0.03101   0.01660   0.07980   0.00879   8.18933   1.44353   1.00908   1.24730   0.80824  
 16  7.6439   2024.933867  x:  0.32820   0.00000   0.27725   0.16122   0.02387   0.00545   0.08880   0.12585   0.08571   0.01806   0.06678   0.21548   0.00000   0.18619   0.18862   0.00609   0.00030   0.14191   0.06721   0.03107   0.01822   0.08119   0.00882   8.19018   1.44537   1.02100   1.26526   0.80725  
 17 15.7021   2024.803550  x:  0.32480   0.00000   0.27857   0.16021   0.02421   0.00525   0.09010   0.12577   0.07864   0.01786   0.07136   0.21541   0.00000   0.18745   0.19493   0.00621   0.00034   0.13937   0.06295   0.03125   0.01890   0.08221   0.00899   8.19144   1.45109   1.03559   1.28790   0.80613  
 18 16.0758   2024.498291  x:  0.31018   0.00000   0.28764   0.14590   0.02438   0.00533   0.09115   0.12753   0.08572   0.01810   0.06749   0.21678   0.00000   0.18966   0.19632   0.00623   0.00036   0.13862   0.06466   0.03147   0.01872   0.07930   0.00896   8.19482   1.47252   1.06764   1.33916   0.80419  
 19 23.9046   2024.177492  x:  0.30298   0.00000   0.29342   0.15248   0.02464   0.00551   0.08287   0.12238   0.08378   0.01750   0.06996   0.21601   0.00000   0.18956   0.17941   0.00637   0.00040   0.14222   0.06506   0.03227   0.01618   0.08129   0.00921   8.19870   1.50603   1.09341   1.38208   0.80364  
 20 23.1641   2023.781266  x:  0.31028   0.00000   0.28225   0.15631   0.02550   0.00508   0.09442   0.12030   0.08336   0.01760   0.06707   0.21307   0.00000   0.18358   0.17289   0.00646   0.00054   0.13053   0.06477   0.03289   0.01341   0.07630   0.00926   8.20398   1.56021   1.11454   1.41871   0.80497  
 21 23.4377   2023.224137  x:  0.32599   0.00000   0.26516   0.15037   0.02602   0.00499   0.08607   0.12903   0.08458   0.01607   0.06857   0.20630   0.00000   0.17919   0.18546   0.00664   0.00056   0.13818   0.06518   0.03382   0.01028   0.07925   0.00954   8.21164   1.64058   1.13611   1.45496   0.80815  
 22 41.9857   2022.481334  x:  0.32646   0.00000   0.27123   0.14510   0.02771   0.00474   0.09049   0.11159   0.08332   0.01733   0.06782   0.19462   0.00000   0.18938   0.18983   0.00701   0.00050   0.14942   0.06604   0.03472   0.01551   0.07658   0.00977   8.22296   1.74725   1.15283   1.46923   0.81308  
 23 22.5323   2021.979466  x:  0.32356   0.00000   0.28340   0.14906   0.02814   0.00429   0.08429   0.12921   0.08451   0.01709   0.06799   0.18660   0.00000   0.19401   0.18636   0.00734   0.00056   0.13600   0.06587   0.03535   0.01960   0.07798   0.00997   8.23080   1.80584   1.16411   1.47007   0.81489  
 24 36.5322   2020.217837  x:  0.32590   0.00000   0.30502   0.15000   0.03065   0.00368   0.08201   0.12320   0.08689   0.01625   0.07094   0.17178   0.00000   0.14404   0.19669   0.00820   0.00072   0.13458   0.06690   0.03814   0.02018   0.07707   0.01079   8.25947   1.80616   1.22247   1.41624   0.79801  
 25  5.5673   2015.836759  x:  0.31326   0.00000   0.25911   0.14531   0.03786   0.00187   0.07921   0.12321   0.08791   0.01492   0.06986   0.12517   0.00000   0.19222   0.19028   0.01038   0.00119   0.13299   0.06856   0.04589   0.01811   0.06799   0.01299   8.33607   1.74994   1.33983   1.28936   0.75893  
 26 37.8389   2007.616696  x:  0.32377   0.00000   0.25779   0.13642   0.04782   0.00000   0.06911   0.11681   0.08590   0.01416   0.06463   0.04229   0.00000   0.18400   0.18973   0.01351   0.00192   0.12527   0.06893   0.05608   0.01885   0.05272   0.01575   8.45082   1.57987   1.15949   1.29924   0.81444  
 27 19.1742   2007.092556  x:  0.31727   0.00000   0.25671   0.13688   0.04874   0.00046   0.07008   0.11719   0.08608   0.01349   0.06482   0.04270   0.00000   0.18123   0.18998   0.01376   0.00191   0.12616   0.06925   0.05678   0.01897   0.05324   0.01610   8.45223   1.56316   1.11380   1.30707   0.72866  
 28  1.6457   2004.061714  x:  0.25369   0.00000   0.23955   0.14496   0.05451   0.00245   0.07999   0.12006   0.08752   0.01105   0.06740   0.06031   0.00000   0.16569   0.19265   0.01534   0.00238   0.13192   0.06940   0.06100   0.01818   0.05839   0.01831   8.44461   1.42127   0.99042   1.29035   0.81054  
 29  2.8812   2002.324327  x:  0.21183   0.00000   0.24362   0.15797   0.05187   0.00574   0.08294   0.12056   0.07969   0.01956   0.05538   0.04340   0.00000   0.15829   0.19986   0.01637   0.00264   0.13703   0.06763   0.05702   0.01616   0.06406   0.01837   8.34694   1.47323   1.02266   1.30934   0.81908  
 30  0.2297   2001.673995  x:  0.21561   0.00000   0.24403   0.16561   0.04674   0.00195   0.09007   0.12991   0.07734   0.01597   0.05759   0.04672   0.00000   0.15179   0.20107   0.01656   0.00282   0.14930   0.06597   0.04855   0.01386   0.06872   0.01853   8.18544   1.52297   1.05911   1.32483   0.81278  
 31  0.1446   2001.545093  x:  0.21962   0.00000   0.24718   0.16626   0.04484   0.00159   0.09008   0.13259   0.07778   0.01636   0.05654   0.04265   0.00000   0.15355   0.20096   0.01683   0.00303   0.15119   0.06564   0.04534   0.01274   0.06573   0.01851   8.15207   1.48802   1.03176   1.31111   0.81252  
 32  0.0669   2001.495198  x:  0.21407   0.00000   0.24850   0.16596   0.04397   0.00210   0.08926   0.13418   0.07975   0.01622   0.05762   0.04512   0.00000   0.15681   0.20109   0.01715   0.00326   0.15046   0.06616   0.04399   0.01293   0.06340   0.01854   8.16865   1.48142   1.02927   1.30724   0.81304  
 33  0.0183   2001.451819  x:  0.21681   0.00000   0.24639   0.16537   0.04347   0.00300   0.08923   0.13468   0.08120   0.01506   0.05914   0.04337   0.00000   0.15783   0.20095   0.01780   0.00365   0.14905   0.06693   0.04365   0.01378   0.06531   0.01866   8.20897   1.48247   1.03129   1.30577   0.81577  
 34  0.0285   2001.373362  x:  0.22161   0.00000   0.24597   0.16475   0.04163   0.00316   0.08871   0.13208   0.07932   0.01628   0.05685   0.04616   0.00000   0.15480   0.20138   0.01909   0.00459   0.14748   0.06715   0.04315   0.01349   0.06544   0.01872   8.24178   1.48718   1.03172   1.31095   0.81477  
 35  0.0162   2001.328695  x:  0.21569   0.00000   0.24634   0.16396   0.04212   0.00222   0.08916   0.13085   0.07909   0.01581   0.05813   0.04485   0.00000   0.15406   0.20014   0.02022   0.00525   0.14767   0.06682   0.04451   0.01322   0.06523   0.01918   8.22293   1.48833   1.03093   1.31200   0.81307  
 36  0.0192   2001.311934  x:  0.21798   0.00000   0.24686   0.16459   0.04260   0.00248   0.08868   0.13204   0.07929   0.01618   0.05742   0.04420   0.00000   0.15642   0.19993   0.02075   0.00568   0.14877   0.06639   0.04515   0.01334   0.06435   0.01909   8.18198   1.48914   1.03608   1.31044   0.81336  
 37  0.0288   2001.307035  x:  0.21824   0.00000   0.24807   0.16531   0.04315   0.00230   0.08874   0.13283   0.07939   0.01596   0.05751   0.04479   0.00000   0.15599   0.20070   0.02095   0.00591   0.14902   0.06648   0.04498   0.01336   0.06513   0.01893   8.17337   1.48816   1.03299   1.30935   0.81302  
 38  0.0056   2001.304027  x:  0.21768   0.00000   0.24702   0.16532   0.04377   0.00237   0.08925   0.13270   0.07913   0.01597   0.05754   0.04472   0.00000   0.15557   0.20093   0.02088   0.00604   0.14887   0.06658   0.04472   0.01313   0.06474   0.01860   8.18808   1.48906   1.03487   1.31116   0.81311  
 39  0.0069   2001.302079  x:  0.21794   0.00000   0.24780   0.16476   0.04398   0.00230   0.08905   0.13234   0.07933   0.01607   0.05758   0.04457   0.00000   0.15611   0.20029   0.02063   0.00609   0.14870   0.06654   0.04457   0.01331   0.06483   0.01825   8.19942   1.49002   1.03441   1.31101   0.81309  
 40  0.0056   2001.300717  x:  0.21777   0.00000   0.24696   0.16516   0.04366   0.00226   0.08873   0.13237   0.07934   0.01598   0.05748   0.04458   0.00000   0.15572   0.20059   0.02038   0.00616   0.14896   0.06644   0.04467   0.01336   0.06494   0.01806   8.18689   1.48706   1.03380   1.30946   0.81329  
 41  0.0049   2001.299661  x:  0.21768   0.00000   0.24728   0.16505   0.04331   0.00235   0.08899   0.13244   0.07925   0.01602   0.05769   0.04460   0.00000   0.15574   0.20055   0.02021   0.00627   0.14892   0.06646   0.04492   0.01327   0.06486   0.01804   8.17731   1.48952   1.03380   1.31028   0.81333  
 42  0.0043   2001.298839  x:  0.21767   0.00000   0.24744   0.16492   0.04341   0.00231   0.08921   0.13266   0.07947   0.01599   0.05751   0.04462   0.00000   0.15600   0.20053   0.02003   0.00639   0.14881   0.06656   0.04498   0.01327   0.06492   0.01822   8.19044   1.48820   1.03439   1.31084   0.81277  
 43  0.0043   2001.298373  x:  0.21778   0.00000   0.24738   0.16511   0.04352   0.00233   0.08898   0.13257   0.07927   0.01601   0.05760   0.04456   0.00000   0.15578   0.20064   0.01988   0.00643   0.14894   0.06646   0.04482   0.01331   0.06485   0.01837   8.19478   1.48870   1.03398   1.31045   0.81307  
 44  0.0024   2001.298339  x:  0.21774   0.00000   0.24733   0.16505   0.04353   0.00232   0.08897   0.13247   0.07931   0.01601   0.05757   0.04459   0.00000   0.15584   0.20060   0.01987   0.00643   0.14893   0.06645   0.04479   0.01328   0.06488   0.01839   8.18961   1.48887   1.03415   1.31037   0.81317  
 45  0.0042   2001.298336  x:  0.21774   0.00000   0.24732   0.16504   0.04354   0.00232   0.08898   0.13247   0.07931   0.01602   0.05758   0.04459   0.00000   0.15583   0.20060   0.01988   0.00643   0.14890   0.06646   0.04479   0.01329   0.06487   0.01839   8.18793   1.48878   1.03409   1.31035   0.81315  
 46  0.0016   2001.298336  x:  0.21774   0.00000   0.24733   0.16504   0.04354   0.00232   0.08898   0.13247   0.07931   0.01601   0.05757   0.04459   0.00000   0.15583   0.20060   0.01988   0.00643   0.14890   0.06646   0.04479   0.01329   0.06487   0.01839   8.18772   1.48878   1.03409   1.31037   0.81313  
 47  0.0002   2001.298336  x:  0.21775   0.00000   0.24732   0.16504   0.04354   0.00232   0.08898   0.13247   0.07931   0.01601   0.05758   0.04459   0.00000   0.15583   0.20060   0.01988   0.00643   0.14890   0.06646   0.04479   0.01329   0.06487   0.01839   8.18771   1.48878   1.03410   1.31037   0.81313  
 48  0.0000   2001.298336  x:  0.21775   0.00000   0.24732   0.16504   0.04354   0.00232   0.08898   0.13247   0.07931   0.01601   0.05758   0.04459   0.00000   0.15583   0.20060   0.01988   0.00643   0.14890   0.06646   0.04479   0.01329   0.06487   0.01839   8.18771   1.48878   1.03410   1.31037   0.81313  