

TREE # 1

  0  0.0000   2106.013823  x:  0.01972   0.20925   0.02571   0.03211   0.02495   0.05815   0.02188   0.05666   0.08536   0.02661   0.17168   0.01972   0.20925   0.02571   0.03211   0.02495   0.05815   0.02188   0.05666   0.08536   0.02661   0.17168   0.21568   8.40433   1.77777   1.31837   1.49832   1.00000  
  1 99.0000   2075.915327  x:  0.01071   0.21584   0.01051   0.05144   0.01874   0.07799   0.12519   0.06708   0.09808   0.06790   0.17041   0.01638   0.20535   0.05131   0.01308   0.00984   0.06491   0.01719   0.07119   0.06533   0.10118   0.16549   0.21751   8.40410   1.77609   1.31411   1.50384   1.00071  
  2 704.0096   2073.526851  x:  0.00864   0.22271   0.00000   0.05684   0.01625   0.08502   0.12161   0.07599   0.10573   0.07193   0.16967   0.01747   0.20028   0.04622   0.00735   0.02155   0.06900   0.02163   0.07894   0.04224   0.10138   0.15834   0.21967   8.40378   1.77410   1.30827   1.51101   1.00153  
  3 132.8276   2072.332904  x:  0.00788   0.22827   0.00571   0.06065   0.01556   0.08949   0.11912   0.08184   0.11141   0.07537   0.16916   0.01807   0.19631   0.04329   0.01075   0.02285   0.07153   0.02206   0.08378   0.02637   0.10161   0.15279   0.22134   8.40352   1.77246   1.30341   1.51691   1.00213  
  4 256.1651   2071.645069  x:  0.00886   0.23461   0.00143   0.06221   0.01722   0.09262   0.11520   0.08514   0.11577   0.07702   0.16874   0.01828   0.19158   0.04221   0.01217   0.01380   0.07275   0.01813   0.08621   0.02222   0.10108   0.14642   0.22328   8.40315   1.77018   1.29679   1.52494   1.00300  
  5 94.5369   2070.895220  x:  0.00858   0.24617   0.00342   0.06432   0.01678   0.09690   0.11051   0.08936   0.12282   0.08019   0.16785   0.01845   0.18306   0.04184   0.00744   0.01038   0.07410   0.01844   0.08935   0.02874   0.10145   0.13530   0.22673   8.40242   1.76563   1.28357   1.54090   1.00466  
  6 107.9731   2070.360743  x:  0.00805   0.25637   0.00167   0.06506   0.01638   0.09966   0.10834   0.09131   0.12784   0.08236   0.16706   0.01863   0.17562   0.04292   0.01308   0.01236   0.07450   0.01899   0.09092   0.03525   0.10280   0.12604   0.22974   8.40169   1.76111   1.27060   1.55654   1.00628  
  7 226.2586   2069.040347  x:  0.00697   0.27926   0.00275   0.05519   0.01934   0.09258   0.11030   0.07837   0.12652   0.07684   0.16552   0.02097   0.16170   0.05128   0.01030   0.01730   0.06734   0.01506   0.08103   0.02950   0.10482   0.11521   0.23560   8.39907   1.74528   1.22654   1.60945   1.01152  
  8 80.9413   2068.559267  x:  0.00591   0.28623   0.00210   0.05304   0.01604   0.08942   0.11228   0.07489   0.12424   0.07375   0.16508   0.02003   0.15938   0.05071   0.01097   0.01366   0.06666   0.02359   0.07839   0.02744   0.10465   0.11601   0.23689   8.39778   1.73768   1.20620   1.63395   1.01391  
  9 143.2714   2067.359079  x:  0.00569   0.29341   0.00218   0.05771   0.01455   0.08524   0.11950   0.07829   0.11596   0.06791   0.16520   0.01594   0.16597   0.03752   0.01128   0.01422   0.07307   0.01874   0.08092   0.02953   0.10147   0.13319   0.23585   8.39405   1.71633   1.15186   1.69978   1.02017  
 10 112.8074   2067.024280  x:  0.00674   0.28948   0.00221   0.05830   0.02050   0.08679   0.11860   0.08158   0.11488   0.07026   0.16575   0.01987   0.17174   0.04186   0.01131   0.01416   0.07295   0.02112   0.08315   0.02994   0.10000   0.13860   0.23345   8.39259   1.70853   1.13428   1.72181   1.02217  
 11 86.4102   2066.718939  x:  0.00547   0.28022   0.00203   0.05712   0.01539   0.08923   0.11505   0.08368   0.11555   0.07488   0.16618   0.01887   0.17811   0.04859   0.01127   0.01386   0.07041   0.01924   0.08447   0.02962   0.09886   0.14063   0.22976   8.39101   1.70065   1.11903   1.74192   1.02387  
 12 81.7291   2066.571465  x:  0.00747   0.27027   0.00211   0.05705   0.01717   0.09035   0.11391   0.08226   0.11730   0.07723   0.16632   0.01434   0.18023   0.04671   0.01114   0.01420   0.06871   0.01989   0.08321   0.02933   0.10022   0.13706   0.22696   8.38982   1.69551   1.11218   1.75264   1.02462  
 13 38.4473   2066.463514  x:  0.00796   0.26005   0.00215   0.05781   0.01644   0.09054   0.11362   0.08037   0.11877   0.07773   0.16596   0.01801   0.18078   0.04302   0.01121   0.01401   0.06848   0.01974   0.08179   0.02943   0.10202   0.13262   0.22465   8.38858   1.69069   1.10748   1.76141   1.02513  
 14 46.6239   2066.438963  x:  0.00632   0.25673   0.00224   0.05856   0.01695   0.08992   0.11369   0.08066   0.11843   0.07615   0.16538   0.01781   0.17942   0.04370   0.01121   0.01387   0.06983   0.01970   0.08220   0.02940   0.10216   0.13133   0.22444   8.38796   1.68882   1.10720   1.76375   1.02517  
 15 14.5234   2066.422470  x:  0.00783   0.25427   0.00236   0.05905   0.01655   0.08934   0.11399   0.08131   0.11788   0.07472   0.16501   0.01774   0.17766   0.04476   0.01116   0.01394   0.07091   0.01971   0.08287   0.02932   0.10211   0.13065   0.22458   8.38725   1.68698   1.10757   1.76564   1.02514  
 16 16.5943   2066.408353  x:  0.00784   0.25230   0.00239   0.05797   0.01662   0.08951   0.11464   0.08243   0.11711   0.07541   0.16422   0.01783   0.17452   0.04427   0.01119   0.01389   0.06957   0.01972   0.08351   0.02939   0.10122   0.13170   0.22568   8.38558   1.68342   1.11007   1.76817   1.02492  
 17  5.9054   2066.393675  x:  0.00790   0.25219   0.00231   0.05950   0.01661   0.09003   0.11402   0.08100   0.11754   0.07676   0.16414   0.01777   0.17360   0.04467   0.01119   0.01394   0.07047   0.01969   0.08219   0.02937   0.10091   0.13332   0.22706   8.38204   1.67714   1.11558   1.77207   1.02441  
 18  5.2788   2066.374113  x:  0.00781   0.25385   0.00243   0.05844   0.01665   0.09009   0.11356   0.08103   0.11772   0.07524   0.16500   0.01775   0.17643   0.04444   0.01120   0.01390   0.07001   0.01969   0.08335   0.02942   0.10234   0.13266   0.22748   8.37550   1.66743   1.12465   1.77793   1.02348  
 19  8.0011   2066.371194  x:  0.00782   0.25431   0.00240   0.05830   0.01663   0.08980   0.11427   0.08174   0.11773   0.07541   0.16492   0.01777   0.17682   0.04449   0.01120   0.01391   0.07022   0.01970   0.08257   0.02941   0.10132   0.13204   0.22634   8.37336   1.66638   1.12583   1.77868   1.02329  
 20  2.6774   2066.367256  x:  0.00785   0.25478   0.00238   0.05881   0.01664   0.08973   0.11451   0.08085   0.11773   0.07548   0.16450   0.01778   0.17644   0.04454   0.01121   0.01388   0.06982   0.01968   0.08355   0.02944   0.10069   0.13202   0.22424   8.36789   1.66626   1.12660   1.77927   1.02294  
 21  2.1142   2066.349978  x:  0.00793   0.25534   0.00251   0.05733   0.01670   0.09075   0.11308   0.08104   0.11742   0.07527   0.16382   0.01777   0.17480   0.04436   0.01123   0.01385   0.07106   0.01962   0.08285   0.02948   0.10272   0.13336   0.22007   8.33991   1.66798   1.12835   1.78119   1.02134  
 22  6.3438   2066.255098  x:  0.00788   0.25492   0.00262   0.06149   0.01668   0.08890   0.11072   0.08395   0.11755   0.07290   0.16507   0.01773   0.17341   0.04458   0.01139   0.01349   0.06621   0.01941   0.07980   0.02969   0.10519   0.13500   0.21754   8.18204   1.68006   1.13552   1.79068   1.01302  
 23 28.9055   2065.785196  x:  0.00809   0.24919   0.00365   0.05704   0.01741   0.08291   0.10867   0.08030   0.11673   0.07480   0.17074   0.01747   0.17486   0.04414   0.01206   0.01180   0.06967   0.01807   0.08184   0.03095   0.09968   0.13482   0.22164   7.41479   1.73948   1.16836   1.83543   0.97404  
 24 239.6325   2065.732008  x:  0.00843   0.24862   0.00408   0.05718   0.01730   0.08881   0.10955   0.07915   0.11495   0.07210   0.16731   0.01739   0.17629   0.04433   0.01214   0.01161   0.06911   0.01791   0.08075   0.03111   0.09780   0.13410   0.22309   7.32443   1.74558   1.17166   1.83978   0.97112  
 25 113.3332   2065.712941  x:  0.00894   0.24879   0.00409   0.05732   0.01736   0.08736   0.10877   0.07937   0.11442   0.07279   0.16146   0.01734   0.17772   0.04428   0.01216   0.01157   0.06908   0.01788   0.08076   0.03113   0.09844   0.13379   0.22395   7.29235   1.74535   1.17172   1.83918   0.97407  
 26 17.8547   2065.625291  x:  0.00895   0.24868   0.00456   0.05609   0.01748   0.08716   0.10881   0.07887   0.11813   0.07054   0.16324   0.01732   0.17692   0.04436   0.01229   0.01133   0.06894   0.01761   0.08039   0.03143   0.09750   0.13546   0.22339   7.13935   1.72734   1.16331   1.82143   1.01383  
 27 11.9387   2065.610101  x:  0.00884   0.24903   0.00465   0.05692   0.01745   0.08739   0.10792   0.07888   0.11406   0.07195   0.16469   0.01737   0.17672   0.04418   0.01228   0.01129   0.06899   0.01762   0.08044   0.03138   0.09790   0.13418   0.22320   7.11334   1.72326   1.16125   1.81760   1.01975  
 28 24.2521   2065.547322  x:  0.00884   0.25119   0.00469   0.05668   0.01757   0.08709   0.10718   0.07869   0.11460   0.07152   0.16465   0.01737   0.17612   0.04417   0.01235   0.01126   0.06894   0.01753   0.08022   0.03150   0.09756   0.13436   0.22381   7.00954   1.67443   1.12813   1.77574   0.99747  
 29  3.0739   2065.472423  x:  0.00857   0.25191   0.00534   0.05686   0.01712   0.08839   0.10378   0.07952   0.11572   0.07169   0.16418   0.01760   0.17611   0.04359   0.01165   0.01391   0.06967   0.01891   0.08164   0.03074   0.09504   0.13320   0.22534   7.02180   1.67255   1.12749   1.77084   1.00080  
 30  0.0157   2065.424799  x:  0.00874   0.25216   0.00518   0.05612   0.01728   0.08825   0.09887   0.07885   0.11545   0.07043   0.16395   0.01765   0.17634   0.04330   0.01198   0.01294   0.06979   0.01892   0.08140   0.03071   0.09171   0.13265   0.22624   7.18196   1.66956   1.12488   1.76797   1.00493  
 31  0.1048   2065.419533  x:  0.00875   0.25180   0.00522   0.05605   0.01737   0.08767   0.09785   0.07876   0.11524   0.06971   0.16420   0.01763   0.17623   0.04318   0.01203   0.01294   0.06946   0.01865   0.08094   0.03081   0.09134   0.13317   0.22541   7.12365   1.67568   1.12888   1.77494   1.00225  
 32  0.0638   2065.419483  x:  0.00875   0.25182   0.00522   0.05606   0.01737   0.08762   0.09797   0.07877   0.11520   0.06969   0.16423   0.01762   0.17620   0.04315   0.01203   0.01295   0.06940   0.01863   0.08089   0.03085   0.09136   0.13327   0.22526   7.12485   1.67513   1.12856   1.77475   1.00244  
 33  0.0015   2065.419482  x:  0.00875   0.25183   0.00522   0.05606   0.01737   0.08762   0.09796   0.07877   0.11520   0.06970   0.16423   0.01762   0.17619   0.04315   0.01203   0.01295   0.06940   0.01863   0.08089   0.03086   0.09137   0.13327   0.22525   7.12472   1.67512   1.12856   1.77476   1.00244  
 34  0.0002   2065.419482  x:  0.00875   0.25183   0.00522   0.05606   0.01737   0.08762   0.09796   0.07877   0.11520   0.06970   0.16423   0.01761   0.17619   0.04315   0.01203   0.01295   0.06940   0.01863   0.08089   0.03086   0.09137   0.13327   0.22525   7.12473   1.67513   1.12856   1.77476   1.00244  
 35  0.0000   2065.419482  x:  0.00875   0.25183   0.00522   0.05606   0.01737   0.08762   0.09796   0.07877   0.11520   0.06970   0.16423   0.01761   0.17619   0.04315   0.01203   0.01295   0.06940   0.01863   0.08089   0.03086   0.09137   0.13327   0.22525   7.12473   1.67513   1.12856   1.77476   1.00244  
 36  0.0000   2065.419482  x:  0.00875   0.25183   0.00522   0.05606   0.01737   0.08762   0.09796   0.07877   0.11520   0.06970   0.16423   0.01762   0.17619   0.04315   0.01203   0.01295   0.06940   0.01863   0.08089   0.03086   0.09137   0.13327   0.22525   7.12473   1.67513   1.12856   1.77476   1.00244  
 37  0.0000   2065.419482  x:  0.00875   0.25183   0.00522   0.05606   0.01737   0.08762   0.09796   0.07877   0.11520   0.06970   0.16423   0.01762   0.17619   0.04315   0.01203   0.01295   0.06940   0.01863   0.08089   0.03086   0.09137   0.13327   0.22525   7.12473   1.67513   1.12856   1.77476   1.00244  

TREE # 2

  0  0.0000   2359.025618  x:  0.00875   0.25183   0.00522   0.05606   0.01737   0.08762   0.09796   0.07877   0.11520   0.06970   0.16423   0.01762   0.17619   0.04315   0.01203   0.01295   0.06940   0.01863   0.08089   0.03086   0.09137   0.13327   0.22525   7.12473   1.64215   1.02528   1.61448   1.00244  
  1 99.0000   2156.185091  x:  0.18614   0.24753   0.27651   0.10362   0.08575   0.08042   0.08568   0.06412   0.10972   0.05611   0.15443   0.01593   0.17341   0.10151   0.22734   0.13797   0.05691   0.06730   0.08455   0.05557   0.07849   0.12731   0.21569   7.12476   1.64187   1.02553   1.61500   1.00259  
  2 3760.3363   2108.422369  x:  0.20173   0.19362   0.25515   0.13696   0.09213   0.04945   0.03694   0.00384   0.08926   0.00167   0.11464   0.01806   0.11924   0.13467   0.23569   0.11679   0.00000   0.09500   0.07577   0.08507   0.02496   0.10350   0.17680   7.12487   1.63695   1.03223   1.61606   1.00235  
  3 371.3015   2108.422369  x:  0.20173   0.19362   0.25515   0.13696   0.09213   0.04945   0.03694   0.00384   0.08926   0.00167   0.11464   0.01806   0.11924   0.13467   0.23569   0.11679   0.00000   0.09500   0.07577   0.08507   0.02496   0.10350   0.17680   7.12487   1.63695   1.03223   1.61606   1.00235  
  4 873.4268   2104.793181  x:  0.20200   0.19007   0.25310   0.13771   0.09214   0.04894   0.03649   0.01300   0.08889   0.02236   0.11286   0.01896   0.11578   0.13530   0.23568   0.11550   0.00089   0.09550   0.07517   0.08491   0.02351   0.10264   0.17484   7.12488   1.63673   1.03251   1.61618   1.00232  
  5 765.5274   2087.561465  x:  0.20695   0.12601   0.21639   0.15124   0.09182   0.03998   0.02264   0.01790   0.08091   0.02014   0.07993   0.01717   0.05342   0.14639   0.23535   0.09224   0.01019   0.10414   0.06430   0.08211   0.00000   0.08783   0.13976   7.12494   1.63279   1.03789   1.61815   1.00172  
  6 230.1633   2076.224012  x:  0.21122   0.07099   0.18495   0.16276   0.09157   0.03259   0.01161   0.02181   0.07421   0.01854   0.05207   0.01585   0.00000   0.15582   0.23509   0.07240   0.01742   0.11146   0.05521   0.07986   0.00321   0.07559   0.10997   7.12500   1.62942   1.04249   1.61985   1.00124  
  7 3884.5841   2076.224012  x:  0.21122   0.07099   0.18495   0.16276   0.09157   0.03259   0.01161   0.02181   0.07421   0.01854   0.05207   0.01585   0.00000   0.15582   0.23509   0.07240   0.01742   0.11146   0.05521   0.07986   0.00321   0.07559   0.10997   7.12500   1.62942   1.04249   1.61985   1.00124  
  8 423.3443   2071.625389  x:  0.21194   0.06506   0.18214   0.16330   0.09180   0.03569   0.02778   0.01734   0.07498   0.01616   0.05560   0.01765   0.00419   0.15675   0.23569   0.07200   0.01246   0.11152   0.05570   0.08014   0.03196   0.07760   0.10918   7.12500   1.62920   1.04283   1.62019   1.00126  
  9 519.2023   2069.028503  x:  0.21400   0.04594   0.17331   0.16493   0.09228   0.04181   0.03502   0.00699   0.07762   0.00986   0.06440   0.01979   0.00921   0.15896   0.23729   0.07107   0.00000   0.11182   0.05579   0.07994   0.02648   0.08160   0.10600   7.12499   1.62839   1.04394   1.62130   1.00127  
 10 158.0329   2066.857428  x:  0.21703   0.01706   0.15982   0.16746   0.09278   0.04840   0.04302   0.01230   0.08120   0.01066   0.07474   0.02094   0.01319   0.16188   0.24001   0.07106   0.00372   0.11305   0.05688   0.08011   0.02200   0.08658   0.10175   7.12498   1.62715   1.04564   1.62313   1.00117  
 11 222.5275   2066.634386  x:  0.21825   0.01333   0.15455   0.16887   0.09260   0.04722   0.04062   0.00942   0.08171   0.01367   0.07476   0.01902   0.01123   0.16251   0.24114   0.07105   0.00434   0.11346   0.05710   0.08005   0.02329   0.08752   0.10051   7.12498   1.62648   1.04652   1.62417   1.00112  
 12 58.4088   2066.393399  x:  0.22095   0.01259   0.14340   0.17219   0.09223   0.04521   0.03637   0.01157   0.08246   0.01166   0.07446   0.01773   0.00933   0.16401   0.24377   0.07082   0.00218   0.11416   0.05729   0.07977   0.02542   0.08934   0.09796   7.12496   1.62491   1.04857   1.62665   1.00103  
 13 56.8436   2066.234708  x:  0.22348   0.01493   0.13363   0.17522   0.09202   0.04457   0.03529   0.01032   0.08302   0.01046   0.07464   0.01953   0.01036   0.16554   0.24649   0.07082   0.00432   0.11489   0.05751   0.07954   0.02571   0.09072   0.09598   7.12495   1.62332   1.05065   1.62924   1.00091  
 14 74.0980   2066.184917  x:  0.22451   0.01636   0.13023   0.17637   0.09198   0.04474   0.03617   0.01074   0.08302   0.01239   0.07450   0.01998   0.01089   0.16607   0.24772   0.07068   0.00347   0.11506   0.05740   0.07937   0.02523   0.09097   0.09552   7.12494   1.62248   1.05176   1.63065   1.00086  
 15 45.2899   2066.152822  x:  0.22554   0.01694   0.12854   0.17724   0.09196   0.04534   0.03824   0.01062   0.08231   0.01208   0.07331   0.01821   0.00995   0.16616   0.24933   0.07055   0.00371   0.11510   0.05703   0.07914   0.02445   0.09023   0.09613   7.12493   1.62106   1.05369   1.63313   1.00077  
 16 16.9134   2066.113142  x:  0.22713   0.01600   0.12807   0.17821   0.09187   0.04566   0.03886   0.01061   0.08098   0.01193   0.07099   0.02005   0.00878   0.16596   0.25237   0.07024   0.00353   0.11505   0.05634   0.07891   0.02427   0.08843   0.09788   7.12490   1.61796   1.05800   1.63877   1.00057  
 17 18.0435   2066.057328  x:  0.22927   0.01527   0.12923   0.17918   0.09176   0.04591   0.03749   0.01067   0.08025   0.01198   0.07032   0.01915   0.01176   0.16587   0.25721   0.06985   0.00343   0.11516   0.05578   0.07901   0.02469   0.08677   0.09986   7.12485   1.61244   1.06583   1.64927   1.00020  
 18 28.2535   2065.969738  x:  0.23140   0.01643   0.13270   0.17955   0.09176   0.04612   0.03690   0.01070   0.08212   0.01217   0.07501   0.01920   0.00945   0.16517   0.26294   0.06960   0.00351   0.11586   0.05600   0.07975   0.02497   0.08791   0.09978   7.12476   1.60289   1.07984   1.66874   0.99952  
 19 32.4503   2065.918714  x:  0.22948   0.01604   0.13386   0.17774   0.09176   0.04362   0.03819   0.01071   0.08266   0.01200   0.07253   0.01930   0.01010   0.16530   0.26123   0.06998   0.00358   0.11633   0.05619   0.07895   0.02446   0.09080   0.09607   7.12470   1.59774   1.08891   1.68290   0.99906  
 20 17.0528   2065.888186  x:  0.22684   0.01627   0.13285   0.17634   0.09223   0.04676   0.03717   0.01069   0.08194   0.01212   0.07185   0.01923   0.01012   0.16569   0.25677   0.06973   0.00373   0.11607   0.05638   0.07819   0.02484   0.09092   0.09531   7.12465   1.59574   1.09453   1.69329   0.99879  
 21 15.2836   2065.868087  x:  0.22511   0.01625   0.13132   0.17600   0.09181   0.04519   0.03745   0.01071   0.08147   0.01208   0.07332   0.01924   0.01036   0.16590   0.25234   0.06954   0.00376   0.11550   0.05640   0.07854   0.02475   0.08925   0.09729   7.12461   1.59619   1.09782   1.70142   0.99868  
 22 11.5251   2065.851121  x:  0.22649   0.01613   0.13159   0.17817   0.09187   0.04554   0.03751   0.01070   0.08367   0.01205   0.07228   0.01924   0.01053   0.16538   0.24975   0.07080   0.00368   0.11545   0.05624   0.08028   0.02468   0.08943   0.09826   7.12454   1.60266   1.09892   1.71150   0.99886  
 23  4.7626   2065.812111  x:  0.22989   0.01596   0.13288   0.18106   0.09185   0.04528   0.03745   0.01071   0.08108   0.01208   0.07283   0.01922   0.01062   0.16423   0.24763   0.06957   0.00382   0.11512   0.05739   0.07830   0.02465   0.08966   0.09673   7.12436   1.62255   1.10065   1.73641   0.99945  
 24 13.5764   2065.776994  x:  0.22820   0.01609   0.13179   0.17664   0.09138   0.04531   0.03730   0.01071   0.08161   0.01205   0.07308   0.01918   0.01035   0.16471   0.25076   0.06992   0.00386   0.11496   0.05431   0.07812   0.02475   0.08885   0.09627   7.12419   1.64356   1.10365   1.75851   1.00007  
 25 14.6284   2065.765279  x:  0.22671   0.01613   0.13125   0.17508   0.09142   0.04534   0.03736   0.01070   0.08196   0.01204   0.07260   0.01918   0.01024   0.16506   0.25238   0.06942   0.00372   0.11524   0.05658   0.07890   0.02466   0.08889   0.09693   7.12414   1.65124   1.10568   1.76549   1.00030  
 26 16.3356   2065.755067  x:  0.22402   0.01611   0.13141   0.17700   0.09192   0.04524   0.03729   0.01071   0.08104   0.01206   0.07277   0.01917   0.01017   0.16535   0.25323   0.07058   0.00366   0.11563   0.05642   0.07864   0.02464   0.09001   0.09773   7.12413   1.65980   1.11236   1.76886   1.00049  
 27  3.9571   2065.743900  x:  0.22296   0.01610   0.13171   0.17838   0.09146   0.04526   0.03732   0.01071   0.08211   0.01206   0.07260   0.01917   0.01016   0.16529   0.25315   0.06894   0.00381   0.11519   0.05607   0.07860   0.02464   0.08882   0.09668   7.12413   1.66972   1.12161   1.77139   1.00073  
 28  8.8232   2065.734423  x:  0.22574   0.01622   0.13153   0.17639   0.09122   0.04531   0.03723   0.01072   0.08156   0.01208   0.07262   0.01915   0.01021   0.16486   0.25192   0.06990   0.00377   0.11534   0.05640   0.07891   0.02463   0.08880   0.09664   7.12414   1.67834   1.13063   1.77278   1.00106  
 29  6.4608   2065.733774  x:  0.22601   0.01624   0.13152   0.17619   0.09153   0.04525   0.03721   0.01072   0.08175   0.01208   0.07255   0.01915   0.01020   0.16494   0.25180   0.06953   0.00382   0.11526   0.05627   0.07861   0.02463   0.08919   0.09705   7.12414   1.67881   1.13113   1.77285   1.00114  
 30  1.4460   2065.727328  x:  0.22645   0.01634   0.13218   0.17625   0.09250   0.04497   0.03704   0.01076   0.08124   0.01213   0.07237   0.01912   0.00987   0.16800   0.25154   0.06919   0.00389   0.11564   0.05600   0.07954   0.02458   0.08887   0.09681   7.12423   1.67888   1.13134   1.77301   1.00420  
 31  0.1582   2065.701592  x:  0.22649   0.01673   0.13316   0.17634   0.09009   0.04472   0.03631   0.01091   0.08232   0.01228   0.07152   0.01899   0.00937   0.17035   0.25134   0.07051   0.00405   0.11561   0.05679   0.07686   0.02442   0.08812   0.09756   7.12461   1.67846   1.13151   1.77354   1.01584  
 32  3.1039   2065.642983  x:  0.22514   0.01754   0.13334   0.17609   0.09010   0.04372   0.03461   0.01126   0.08055   0.01265   0.06981   0.01868   0.00921   0.16475   0.25142   0.06926   0.00474   0.11375   0.05591   0.07925   0.02394   0.08878   0.09795   7.12552   1.67720   1.13162   1.77463   1.04050  
 33 10.4387   2065.635166  x:  0.22495   0.01763   0.13327   0.17601   0.09218   0.04331   0.03443   0.01131   0.08103   0.01267   0.06971   0.01865   0.00923   0.16356   0.25139   0.06971   0.00472   0.11505   0.05611   0.07855   0.02390   0.08749   0.09766   7.12568   1.67704   1.13154   1.77475   1.04180  
 34  3.5982   2065.598648  x:  0.22470   0.01814   0.13408   0.17591   0.09013   0.04294   0.03335   0.01152   0.08041   0.01291   0.06851   0.01846   0.00888   0.16296   0.25088   0.06806   0.00485   0.12032   0.05511   0.07899   0.02360   0.08750   0.09870   7.12688   1.67655   1.13012   1.77501   1.02551  
 35  1.6951   2065.550971  x:  0.22459   0.01879   0.13507   0.17582   0.09122   0.04192   0.03199   0.01181   0.08020   0.01319   0.06718   0.01822   0.00823   0.16369   0.25129   0.06971   0.00511   0.11516   0.05591   0.07880   0.02323   0.08658   0.09868   7.12848   1.67587   1.12831   1.77533   1.00196  
 36 12.1780   2065.428574  x:  0.22549   0.01798   0.13351   0.17641   0.09136   0.04311   0.03172   0.01267   0.08077   0.01326   0.06925   0.01871   0.00880   0.16405   0.25222   0.06972   0.00592   0.11518   0.05600   0.07878   0.01761   0.08744   0.09814   7.12596   1.67555   1.12997   1.77803   1.00199  
 37  0.0065   2065.420144  x:  0.22529   0.01764   0.13302   0.17624   0.09136   0.04321   0.03055   0.01215   0.08093   0.01301   0.06951   0.01865   0.00878   0.16433   0.25185   0.06969   0.00541   0.11525   0.05607   0.07874   0.01744   0.08772   0.09787   7.12423   1.67507   1.12876   1.77481   1.00325  
 38  0.0038   2065.419493  x:  0.22522   0.01761   0.13324   0.17617   0.09137   0.04315   0.03087   0.01203   0.08090   0.01294   0.06940   0.01863   0.00874   0.16425   0.25179   0.06970   0.00524   0.11520   0.05606   0.07876   0.01735   0.08764   0.09794   7.12450   1.67506   1.12846   1.77447   1.00251  
 39  0.0012   2065.419483  x:  0.22525   0.01762   0.13327   0.17619   0.09137   0.04315   0.03086   0.01203   0.08089   0.01294   0.06940   0.01863   0.00875   0.16423   0.25183   0.06970   0.00522   0.11520   0.05606   0.07877   0.01738   0.08762   0.09796   7.12471   1.67512   1.12853   1.77471   1.00244  
 40  0.0004   2065.419482  x:  0.22525   0.01762   0.13327   0.17620   0.09137   0.04315   0.03086   0.01203   0.08089   0.01295   0.06940   0.01863   0.00875   0.16423   0.25183   0.06970   0.00522   0.11520   0.05606   0.07877   0.01737   0.08762   0.09796   7.12473   1.67513   1.12856   1.77477   1.00244  
 41  0.0001   2065.419482  x:  0.22525   0.01762   0.13327   0.17619   0.09137   0.04315   0.03086   0.01203   0.08089   0.01295   0.06940   0.01863   0.00875   0.16423   0.25183   0.06970   0.00522   0.11520   0.05606   0.07877   0.01737   0.08762   0.09796   7.12473   1.67513   1.12856   1.77477   1.00244  
 42  0.0000   2065.419482  x:  0.22525   0.01762   0.13327   0.17619   0.09137   0.04315   0.03086   0.01203   0.08089   0.01295   0.06940   0.01863   0.00875   0.16423   0.25183   0.06970   0.00522   0.11520   0.05606   0.07877   0.01737   0.08762   0.09796   7.12473   1.67513   1.12856   1.77476   1.00244  