

TREE # 1

  0  0.0000   1994.125000  x:  0.01972   0.20925   0.02571   0.03211   0.02495   0.05815   0.02188   0.05666   0.08536   0.02661   0.17168   0.01972   0.20925   0.02571   0.03211   0.02495   0.05815   0.02188   0.05666   0.08536   0.02661   0.17168   0.21568   8.40433   1.61056   1.07334   1.43390   1.00000  
  1 99.0000   1973.497932  x:  0.00000   0.20273   0.03932   0.03567   0.03429   0.03711   0.00952   0.05437   0.07482   0.00345   0.18098   0.00479   0.20089   0.07404   0.03699   0.05773   0.09289   0.07708   0.04801   0.09653   0.07415   0.17821   0.21318   8.40450   1.61041   1.06976   1.43798   1.00006  
  2 502.3584   1972.271941  x:  0.00000   0.19899   0.04013   0.03651   0.03417   0.02826   0.01564   0.05338   0.06952   0.01607   0.18614   0.00293   0.19593   0.07732   0.03509   0.05861   0.10113   0.07846   0.04436   0.10123   0.07679   0.18278   0.21225   8.40461   1.61025   1.06768   1.44058   1.00009  
  3 180.1375   1970.040349  x:  0.00000   0.18985   0.03859   0.03630   0.03192   0.01249   0.01909   0.05212   0.05846   0.01026   0.19814   0.00386   0.18393   0.07659   0.02970   0.05469   0.11492   0.07166   0.03768   0.11101   0.07468   0.19395   0.21023   8.40490   1.60979   1.06258   1.44717   1.00017  
  4 171.9496   1968.442099  x:  0.00000   0.17622   0.03819   0.03487   0.03122   0.02413   0.02070   0.05228   0.04670   0.00770   0.21505   0.00272   0.16577   0.07722   0.02608   0.05176   0.13247   0.06479   0.03299   0.12346   0.07366   0.20949   0.20737   8.40537   1.60902   1.05447   1.45776   1.00028  
  5 171.3014   1967.647005  x:  0.00000   0.16671   0.03892   0.03523   0.03276   0.02407   0.01190   0.05323   0.05134   0.01044   0.22538   0.00523   0.15306   0.07656   0.02981   0.05193   0.13801   0.06172   0.03939   0.12819   0.07249   0.21912   0.20593   8.40580   1.60831   1.04750   1.46719   1.00037  
  6 99.0305   1967.246150  x:  0.00000   0.15966   0.03950   0.03664   0.03378   0.02388   0.01770   0.05331   0.05917   0.00842   0.23209   0.00411   0.14357   0.07599   0.03214   0.05348   0.13735   0.06210   0.04365   0.12831   0.07174   0.22510   0.20543   8.40626   1.60758   1.04066   1.47673   1.00048  
  7 82.6107   1966.771959  x:  0.00000   0.15090   0.03862   0.03513   0.03105   0.02396   0.01607   0.05273   0.06313   0.00933   0.23928   0.00481   0.13304   0.07590   0.02639   0.05557   0.12655   0.06763   0.03666   0.12106   0.07107   0.23103   0.20670   8.40738   1.60590   1.02604   1.49817   1.00074  
  8 47.7410   1966.398835  x:  0.00000   0.14710   0.03880   0.03571   0.03442   0.02318   0.01679   0.05235   0.05379   0.00935   0.24281   0.00613   0.13001   0.07769   0.03181   0.05430   0.11647   0.06895   0.03799   0.11527   0.07230   0.23330   0.20955   8.40889   1.60381   1.00851   1.52523   1.00105  
  9 48.9299   1966.136127  x:  0.00000   0.14846   0.03954   0.03623   0.03187   0.02282   0.01582   0.05268   0.05275   0.00930   0.24255   0.00125   0.13326   0.07935   0.02952   0.05322   0.11625   0.06703   0.04140   0.11520   0.07281   0.23207   0.21184   8.41041   1.60200   0.99368   1.54987   1.00127  
 10 48.8970   1965.809965  x:  0.00000   0.15163   0.04033   0.03673   0.02933   0.02338   0.01685   0.05295   0.05414   0.00912   0.24116   0.00557   0.13989   0.08219   0.02615   0.05276   0.11919   0.06505   0.04388   0.11682   0.07389   0.22991   0.21480   8.41273   1.59942   0.97249   1.58615   1.00150  
 11 173.7520   1965.595845  x:  0.00000   0.15448   0.03844   0.03542   0.03372   0.02343   0.01631   0.05249   0.05770   0.00907   0.23835   0.00458   0.14357   0.08115   0.02892   0.05289   0.12322   0.06401   0.03853   0.11931   0.07220   0.22710   0.21523   8.41454   1.59779   0.95965   1.61116   1.00155  
 12 75.8273   1965.535763  x:  0.00000   0.15503   0.03887   0.03583   0.03130   0.02349   0.01624   0.05204   0.05672   0.00903   0.23500   0.00484   0.14220   0.07757   0.03088   0.05467   0.12523   0.06658   0.03828   0.12024   0.07018   0.22495   0.21237   8.41565   1.59761   0.95869   1.62024   1.00127  
 13 17.9150   1965.501918  x:  0.00000   0.15494   0.03902   0.03595   0.03333   0.02341   0.01623   0.05222   0.05598   0.00902   0.23208   0.00511   0.14032   0.07584   0.02888   0.05480   0.12607   0.06759   0.03943   0.12037   0.07004   0.22326   0.20922   8.41677   1.59789   0.96042   1.62679   1.00084  
 14 16.5210   1965.457356  x:  0.00000   0.15431   0.03846   0.03528   0.03239   0.02332   0.01636   0.05265   0.05646   0.00906   0.22826   0.00545   0.13740   0.07719   0.02930   0.05272   0.12596   0.06571   0.03900   0.12031   0.07295   0.22122   0.20426   8.41917   1.59925   0.96692   1.63770   0.99976  
 15 14.3748   1965.402633  x:  0.00000   0.15403   0.04028   0.03783   0.03272   0.02343   0.01602   0.05137   0.05643   0.00897   0.22846   0.00535   0.13794   0.07929   0.02911   0.05523   0.12473   0.06328   0.03798   0.12085   0.07153   0.22161   0.20302   8.42391   1.60377   0.98173   1.65470   0.99754  
 16 11.9804   1965.312238  x:  0.00000   0.15402   0.03776   0.03436   0.03259   0.02324   0.01644   0.05160   0.05619   0.00900   0.23108   0.00509   0.14044   0.08065   0.02914   0.05643   0.12402   0.06451   0.03936   0.12164   0.06924   0.22358   0.20431   8.43241   1.61309   1.00771   1.68329   0.99368  
 17 42.1931   1965.264903  x:  0.00000   0.15431   0.03888   0.03583   0.03264   0.02330   0.01636   0.05337   0.05672   0.00893   0.23283   0.00492   0.14165   0.07879   0.02940   0.05299   0.12473   0.06681   0.03886   0.12118   0.06992   0.22480   0.20685   8.43746   1.61994   1.02141   1.69845   0.99166  
 18 35.7540   1965.244427  x:  0.00000   0.15473   0.03891   0.03558   0.03265   0.02339   0.01626   0.05112   0.05679   0.00891   0.23293   0.00493   0.14101   0.07662   0.02937   0.05325   0.12579   0.06615   0.03897   0.11982   0.07222   0.22484   0.20930   8.44052   1.62641   1.02631   1.70454   0.99098  
 19 11.1150   1965.218159  x:  0.00000   0.15523   0.03807   0.03594   0.03257   0.02327   0.01633   0.05373   0.05645   0.00889   0.23198   0.00504   0.13918   0.07600   0.02934   0.05514   0.12651   0.06484   0.03875   0.11899   0.07303   0.22411   0.21200   8.44578   1.63968   1.03098   1.71173   0.99042  
 20 11.7520   1965.155742  x:  0.00000   0.15528   0.04043   0.03424   0.03269   0.02316   0.01637   0.05301   0.05651   0.00879   0.22955   0.00524   0.13617   0.07847   0.02932   0.05369   0.12635   0.06517   0.03881   0.12042   0.07028   0.22222   0.21461   8.45973   1.67589   1.04009   1.72785   0.98958  
 21 24.5366   1965.124114  x:  0.00000   0.15453   0.03791   0.03626   0.03256   0.02337   0.01611   0.05166   0.05656   0.00881   0.22920   0.00521   0.13654   0.07926   0.02918   0.05281   0.12599   0.06598   0.03908   0.12130   0.06964   0.22190   0.21365   8.46719   1.69469   1.04422   1.73573   0.98940  
 22 39.1269   1965.091233  x:  0.00000   0.15283   0.03864   0.03560   0.03260   0.02329   0.01614   0.05223   0.05658   0.00876   0.23082   0.00490   0.14053   0.07746   0.02934   0.05353   0.12527   0.06571   0.03888   0.12117   0.07095   0.22306   0.20845   8.47603   1.71493   1.04796   1.74375   0.98975  
 23 20.4696   1965.087247  x:  0.00000   0.15455   0.03861   0.03563   0.03259   0.02330   0.01613   0.05219   0.05659   0.00874   0.23155   0.00488   0.14032   0.07781   0.02943   0.05338   0.12585   0.06568   0.03893   0.11967   0.07048   0.22375   0.20727   8.47852   1.71658   1.04825   1.74447   0.99053  
 24  2.5244   1965.054717  x:  0.00000   0.15897   0.03857   0.03563   0.03257   0.02323   0.01605   0.05222   0.05665   0.00860   0.23290   0.00496   0.13869   0.07650   0.02909   0.05362   0.12278   0.06572   0.03884   0.12347   0.07192   0.22502   0.20683   8.51705   1.71848   1.04984   1.74700   1.00550  
 25  1.9383   1964.918010  x:  0.00000   0.15272   0.03841   0.03554   0.03241   0.02295   0.01569   0.05230   0.05666   0.00789   0.23221   0.00518   0.13987   0.07685   0.02927   0.05272   0.12460   0.06432   0.03908   0.11962   0.06910   0.22391   0.20896   8.68562   1.72328   1.05651   1.75630   1.06671  
 26 31.3507   1964.351782  x:  0.00000   0.15127   0.03764   0.03528   0.03168   0.02175   0.01416   0.05234   0.05657   0.00499   0.22191   0.00451   0.13999   0.07263   0.02911   0.05066   0.11946   0.06004   0.03927   0.11854   0.06498   0.24220   0.21116   9.40414   1.71790   1.04550   1.76685   1.02861  
 27  8.9822   1964.202494  x:  0.00000   0.15124   0.03741   0.03521   0.03145   0.02139   0.01370   0.05236   0.05648   0.00420   0.23427   0.00527   0.13777   0.07112   0.02899   0.04998   0.11832   0.05858   0.03939   0.11850   0.06398   0.22762   0.21001   9.60060   1.71615   1.04264   1.76955   1.01649  
 28 93.5377   1964.059598  x:  0.00000   0.15192   0.03711   0.03504   0.03135   0.02204   0.01336   0.05244   0.05695   0.00684   0.23504   0.00555   0.13831   0.06971   0.02913   0.04952   0.11566   0.05750   0.03979   0.11735   0.06283   0.22381   0.21007   9.93654   1.71384   1.03962   1.77059   1.00821  
 29  0.5443   1964.039422  x:  0.00000   0.15256   0.03711   0.03513   0.03148   0.02243   0.01451   0.05251   0.05702   0.00666   0.23231   0.00559   0.13946   0.06890   0.02936   0.04917   0.11574   0.05661   0.04006   0.11742   0.06204   0.22602   0.21026  10.07747   1.71532   1.04091   1.76946   1.01573  
 30  0.1372   1964.038837  x:  0.00000   0.15236   0.03706   0.03516   0.03146   0.02248   0.01435   0.05247   0.05699   0.00656   0.23251   0.00559   0.13921   0.06885   0.02926   0.04910   0.11586   0.05663   0.03990   0.11760   0.06198   0.22607   0.21024  10.10338   1.71563   1.04113   1.76879   1.01605  
 31  0.0190   1964.038769  x:  0.00000   0.15240   0.03709   0.03515   0.03146   0.02249   0.01437   0.05248   0.05697   0.00653   0.23259   0.00559   0.13923   0.06896   0.02928   0.04917   0.11586   0.05667   0.03993   0.11757   0.06209   0.22601   0.21025  10.10907   1.71548   1.04109   1.76869   1.01592  
 32  0.0042   1964.038765  x:  0.00000   0.15240   0.03709   0.03515   0.03147   0.02249   0.01437   0.05248   0.05698   0.00653   0.23256   0.00558   0.13925   0.06896   0.02928   0.04917   0.11589   0.05671   0.03993   0.11757   0.06208   0.22604   0.21025  10.11072   1.71549   1.04108   1.76879   1.01602  
 33  0.0014   1964.038764  x:  0.00000   0.15240   0.03709   0.03515   0.03147   0.02249   0.01437   0.05248   0.05698   0.00653   0.23256   0.00558   0.13924   0.06897   0.02928   0.04917   0.11589   0.05670   0.03993   0.11757   0.06209   0.22604   0.21025  10.11128   1.71550   1.04108   1.76881   1.01603  
 34  0.0005   1964.038764  x:  0.00000   0.15240   0.03709   0.03515   0.03147   0.02248   0.01437   0.05248   0.05698   0.00653   0.23256   0.00558   0.13924   0.06897   0.02928   0.04917   0.11589   0.05670   0.03993   0.11757   0.06209   0.22604   0.21025  10.11136   1.71550   1.04108   1.76880   1.01602  
 35  0.0001   1964.038764  x:  0.00000   0.15240   0.03709   0.03515   0.03147   0.02248   0.01437   0.05248   0.05698   0.00653   0.23256   0.00558   0.13924   0.06897   0.02928   0.04917   0.11589   0.05670   0.03993   0.11757   0.06209   0.22604   0.21025  10.11136   1.71550   1.04108   1.76880   1.01602  
 36  0.0000   1964.038764  x:  0.00000   0.15240   0.03709   0.03515   0.03147   0.02248   0.01437   0.05248   0.05698   0.00653   0.23256   0.00558   0.13924   0.06897   0.02928   0.04917   0.11589   0.05670   0.03993   0.11757   0.06209   0.22604   0.21025  10.11136   1.71550   1.04108   1.76880   1.01602  
 37  0.0000   1964.038764  x:  0.00000   0.15240   0.03709   0.03515   0.03147   0.02248   0.01437   0.05248   0.05698   0.00653   0.23256   0.00558   0.13924   0.06897   0.02928   0.04917   0.11589   0.05670   0.03993   0.11757   0.06209   0.22604   0.21025  10.11136   1.71550   1.04108   1.76880   1.01602  

TREE # 2

  0  0.0000   2257.882192  x:  0.00000   0.15240   0.03709   0.03515   0.03147   0.02248   0.01437   0.05248   0.05698   0.00653   0.23256   0.00558   0.13924   0.06897   0.02928   0.04917   0.11589   0.05670   0.03993   0.11757   0.06209   0.22604   0.21025  10.11136   1.68205   0.94663   1.61044   1.01602  
  1 99.0000   2115.281977  x:  0.45125   0.15566   0.06888   0.06051   0.04028   0.03671   0.06534   0.05088   0.05597   0.05044   0.22895   0.07323   0.14235   0.08598   0.06124   0.04425   0.11104   0.05688   0.03815   0.11334   0.05782   0.21907   0.20311  10.11136   1.68192   0.94698   1.61051   1.01583  
  2 9082.2563   2037.328716  x:  0.43853   0.10987   0.17970   0.13071   0.08051   0.07391   0.11040   0.03133   0.03980   0.04833   0.20197   0.06220   0.09448   0.18127   0.14231   0.00000   0.07364   0.05893   0.02557   0.08296   0.02790   0.16748   0.15020  10.11144   1.67891   0.95223   1.61083   1.01631  
  3 618.9052   2020.661243  x:  0.42988   0.07756   0.25465   0.17798   0.10731   0.09871   0.14094   0.01805   0.02892   0.04700   0.18303   0.05472   0.06068   0.24593   0.19713   0.01749   0.04768   0.06025   0.01763   0.06183   0.00773   0.13109   0.11289  10.11148   1.67677   0.95596   1.61106   1.01666  
  4 6660.8003   1997.314210  x:  0.42639   0.02070   0.29801   0.19742   0.10855   0.10038   0.15730   0.02685   0.03908   0.05102   0.15393   0.05475   0.00000   0.28637   0.22366   0.02344   0.02002   0.05954   0.05211   0.04200   0.09475   0.06875   0.04926  10.11157   1.67250   0.96305   1.61184   1.01733  
  5 574.5963   1989.521663  x:  0.42675   0.00000   0.30206   0.19541   0.10146   0.09500   0.15689   0.02765   0.04074   0.05202   0.14427   0.05662   0.00000   0.29070   0.22316   0.02339   0.02970   0.05893   0.05157   0.04272   0.09444   0.04446   0.02334  10.11161   1.67071   0.96596   1.61233   1.01762  
  6 346.0401   1987.660282  x:  0.42755   0.00000   0.30264   0.19227   0.09414   0.08988   0.15459   0.02778   0.04023   0.05208   0.13769   0.05739   0.00000   0.29117   0.21945   0.02294   0.01681   0.05831   0.04936   0.04397   0.08974   0.03096   0.01238  10.11166   1.66922   0.96846   1.61294   1.01775  
  7 211.6955   1986.969489  x:  0.42829   0.00000   0.30846   0.19004   0.08401   0.08392   0.15224   0.02851   0.03895   0.05181   0.12624   0.05694   0.00000   0.29581   0.21563   0.02280   0.01596   0.05837   0.04999   0.04191   0.08773   0.02064   0.02185  10.11175   1.66643   0.97319   1.61437   1.01792  
  8 69.8723   1986.339387  x:  0.42941   0.00000   0.31980   0.18655   0.06941   0.07674   0.14808   0.03000   0.03829   0.05150   0.10947   0.05603   0.00000   0.30453   0.20817   0.02275   0.01573   0.05872   0.05035   0.04313   0.08616   0.02941   0.02127  10.11193   1.66104   0.98226   1.61746   1.01819  
  9 63.5338   1985.453694  x:  0.43278   0.00000   0.34707   0.16999   0.07043   0.08912   0.13054   0.03220   0.04493   0.05222   0.11563   0.05815   0.00000   0.32141   0.16872   0.02268   0.01572   0.05948   0.05111   0.04245   0.08178   0.02946   0.02180  10.11277   1.64135   1.01480   1.63234   1.01892  
 10 25.6644   1985.237866  x:  0.43391   0.00000   0.35167   0.16511   0.07092   0.08857   0.13117   0.02814   0.03677   0.05025   0.11915   0.05640   0.00000   0.32361   0.16113   0.02263   0.01630   0.05894   0.05074   0.04433   0.08290   0.02915   0.02154  10.11308   1.63599   1.02367   1.63779   1.01926  
 11 34.9213   1984.774750  x:  0.43453   0.00000   0.35451   0.15245   0.07366   0.07755   0.14949   0.03166   0.03869   0.05033   0.12686   0.05310   0.00000   0.32232   0.15693   0.02236   0.01620   0.05781   0.04396   0.04308   0.08041   0.02977   0.02239  10.11420   1.62296   1.04538   1.65672   1.02066  
 12 22.4584   1984.339159  x:  0.43378   0.00000   0.35030   0.14582   0.07542   0.07651   0.15808   0.02379   0.04210   0.05400   0.12587   0.06060   0.00000   0.31653   0.16083   0.02194   0.01564   0.05985   0.05001   0.04731   0.07410   0.03010   0.02356  10.11548   1.61289   1.06318   1.67722   1.02213  
 13 31.6414   1983.493681  x:  0.43608   0.00000   0.33404   0.14184   0.07775   0.08667   0.15986   0.03282   0.03418   0.05339   0.11787   0.06429   0.00000   0.30036   0.17170   0.02102   0.01576   0.06120   0.05706   0.04327   0.06094   0.03072   0.02259  10.11826   1.59739   1.09331   1.71928   1.02512  
 14 55.9867   1982.355982  x:  0.44363   0.00000   0.31179   0.15135   0.07557   0.09422   0.14821   0.02424   0.04092   0.04703   0.11169   0.05094   0.00000   0.28182   0.18404   0.02004   0.01681   0.05725   0.04748   0.04107   0.05285   0.02992   0.02244  10.12206   1.58482   1.12418   1.77265   1.02880  
 15 75.1021   1981.601842  x:  0.44603   0.00000   0.30072   0.16677   0.07229   0.08982   0.13631   0.02916   0.03956   0.05190   0.11620   0.05626   0.00000   0.27633   0.18932   0.01968   0.01747   0.05760   0.03538   0.05249   0.04957   0.02818   0.02459  10.12483   1.58507   1.13643   1.80701   1.03104  
 16 59.1325   1980.899681  x:  0.44901   0.00000   0.29227   0.17947   0.06809   0.07587   0.12756   0.02856   0.03844   0.05234   0.12609   0.06112   0.00000   0.27524   0.18498   0.01891   0.01824   0.05894   0.03980   0.04320   0.03898   0.02927   0.02272  10.12748   1.59684   1.13614   1.83323   1.03252  
 17 43.7828   1980.217798  x:  0.45321   0.00000   0.28720   0.17760   0.07057   0.07491   0.13203   0.03144   0.04063   0.04735   0.12288   0.05578   0.00000   0.27668   0.17206   0.01826   0.01854   0.05851   0.04561   0.05160   0.02809   0.02796   0.02304  10.13033   1.62372   1.12196   1.85181   1.03298  
 18 30.6409   1979.464899  x:  0.45534   0.00000   0.28244   0.16465   0.07116   0.08173   0.13815   0.02710   0.03880   0.05169   0.11415   0.06083   0.00000   0.27638   0.15768   0.01754   0.01901   0.05963   0.03449   0.04642   0.02284   0.02840   0.02303  10.13360   1.65822   1.10290   1.86897   1.03297  
 19 66.1536   1979.312971  x:  0.45631   0.00000   0.28767   0.15296   0.06563   0.08341   0.13397   0.02732   0.03920   0.04939   0.11906   0.06133   0.00000   0.27478   0.16497   0.01743   0.01904   0.05834   0.03381   0.04702   0.02145   0.02839   0.02321  10.13454   1.66821   1.09990   1.86904   1.03223  
 20 15.4953   1979.279556  x:  0.45666   0.00000   0.28975   0.15052   0.06826   0.08132   0.13133   0.02729   0.03881   0.05172   0.11839   0.05940   0.00000   0.27248   0.16664   0.01740   0.01906   0.06024   0.03394   0.04711   0.02108   0.02837   0.02314  10.13497   1.67144   1.10128   1.86689   1.03155  
 21  7.4896   1979.233543  x:  0.45662   0.00000   0.29242   0.15052   0.07178   0.07894   0.12980   0.02732   0.03899   0.04908   0.11657   0.06166   0.00000   0.26797   0.16718   0.01740   0.01922   0.05835   0.03324   0.04708   0.02111   0.02841   0.02317  10.13590   1.67693   1.10635   1.86106   1.02989  
 22  7.3486   1979.074667  x:  0.45552   0.00000   0.29665   0.15700   0.06734   0.08123   0.13370   0.02753   0.03913   0.05153   0.11757   0.06093   0.00000   0.25534   0.16578   0.01736   0.01998   0.05799   0.03390   0.04727   0.02032   0.02777   0.02254  10.13975   1.69688   1.12831   1.83717   1.02301  
 23 12.9364   1978.981504  x:  0.45548   0.00000   0.29111   0.15690   0.06696   0.08140   0.13403   0.02754   0.03961   0.04802   0.11781   0.06166   0.00000   0.25915   0.16690   0.01734   0.02019   0.06444   0.03275   0.04744   0.02057   0.02748   0.02236  10.14240   1.70700   1.14062   1.82489   1.01929  
 24 12.3853   1978.804396  x:  0.45503   0.00000   0.27749   0.15404   0.06855   0.08063   0.13260   0.02745   0.03926   0.05069   0.11763   0.06113   0.00000   0.27221   0.16996   0.01724   0.02058   0.05921   0.03307   0.04760   0.01999   0.02749   0.02229  10.14752   1.72370   1.16085   1.80521   1.01314  
 25 27.6372   1975.723897  x:  0.43484   0.00000   0.28668   0.12930   0.05924   0.07350   0.13136   0.02826   0.04095   0.05443   0.10584   0.06001   0.00000   0.28030   0.15536   0.01802   0.03295   0.05660   0.03312   0.05026   0.03317   0.01726   0.01104  10.25177   1.80996   1.14301   1.85705   1.00030  
 26  1.5699   1975.708346  x:  0.43472   0.00182   0.28673   0.12916   0.05919   0.07345   0.13135   0.02827   0.04096   0.05445   0.10578   0.06001   0.00000   0.28034   0.15528   0.01803   0.03302   0.05659   0.03312   0.05028   0.03325   0.01720   0.01097  10.25240   1.81023   1.14279   1.85709   1.00044  
 27 18.0516   1975.072466  x:  0.42955   0.00296   0.28134   0.12742   0.05900   0.07233   0.13124   0.02841   0.04118   0.05459   0.10627   0.06048   0.00000   0.27598   0.15323   0.01794   0.03482   0.05707   0.03286   0.05143   0.03302   0.01700   0.01062  10.27985   1.70184   1.07684   1.72383   1.11684  
 28  4.0345   1974.557782  x:  0.42402   0.00326   0.27550   0.12687   0.05957   0.07031   0.13096   0.02873   0.04109   0.05437   0.10690   0.06093   0.00000   0.27080   0.15169   0.01784   0.03623   0.05733   0.03274   0.05215   0.03240   0.01719   0.01082  10.30701   1.58743   1.00230   1.62742   1.02390  
 29  3.8644   1970.411587  x:  0.34836   0.00670   0.21249   0.12960   0.06565   0.06982   0.12058   0.02818   0.03856   0.05118   0.12485   0.05726   0.00000   0.23063   0.13837   0.01792   0.04266   0.05618   0.03703   0.05561   0.04328   0.03007   0.02137  10.56458   1.73328   0.97408   1.68938   1.02417  
 30  0.4766   1966.292025  x:  0.23486   0.00563   0.18984   0.14454   0.06098   0.06178   0.10967   0.03123   0.04074   0.04617   0.11977   0.06154   0.00000   0.20999   0.14311   0.01746   0.04874   0.05884   0.04159   0.05325   0.03784   0.02615   0.01330  10.64967   1.72807   1.05709   1.82460   1.00556  
 31  0.1617   1965.151848  x:  0.20803   0.00607   0.23007   0.12934   0.05931   0.06897   0.11544   0.03030   0.04103   0.04893   0.11675   0.05927   0.00000   0.22643   0.14077   0.01734   0.04642   0.05739   0.03744   0.05237   0.03536   0.02335   0.01451  10.51205   1.72620   1.07558   1.82002   1.02017  
 32  0.1869   1964.733078  x:  0.21430   0.00506   0.22802   0.13990   0.06184   0.06999   0.11966   0.02888   0.03942   0.05005   0.11482   0.05574   0.00000   0.23248   0.15717   0.01666   0.04140   0.05675   0.03297   0.05199   0.03150   0.02096   0.01384  10.31335   1.71080   1.05412   1.77573   1.02351  
 33  0.2291   1964.584168  x:  0.20896   0.00551   0.22600   0.14112   0.06283   0.06835   0.11708   0.02883   0.03922   0.04855   0.11576   0.05606   0.00000   0.23605   0.15172   0.01573   0.03746   0.05763   0.03483   0.05238   0.02912   0.02273   0.01433  10.15013   1.71525   1.03147   1.75096   1.01539  
 34  0.1119   1964.471397  x:  0.20948   0.00643   0.22244   0.13563   0.06179   0.07015   0.11782   0.02894   0.03998   0.04971   0.11672   0.05756   0.00000   0.22637   0.15247   0.01405   0.03400   0.05694   0.03421   0.05263   0.03011   0.02330   0.01547   9.99564   1.71702   1.03619   1.76461   1.01277  
 35  0.0586   1964.299304  x:  0.21243   0.00580   0.22329   0.13714   0.06087   0.06685   0.11635   0.02988   0.04109   0.04951   0.11613   0.05734   0.00000   0.23139   0.14680   0.01062   0.03250   0.05686   0.03563   0.05253   0.03049   0.02177   0.01345   9.86528   1.71260   1.05477   1.80055   1.01752  
 36  0.0513   1964.102054  x:  0.20545   0.00518   0.22194   0.14006   0.06219   0.06778   0.11730   0.02970   0.04058   0.04921   0.11467   0.05661   0.00000   0.23169   0.15349   0.00673   0.03498   0.05720   0.03623   0.05253   0.03323   0.02170   0.01386   9.89711   1.71313   1.05350   1.78703   1.01652  
 37  0.0207   1964.046763  x:  0.21227   0.00538   0.22673   0.13950   0.06218   0.06895   0.11741   0.02923   0.03989   0.04892   0.11542   0.05643   0.00000   0.23341   0.15255   0.00660   0.03677   0.05714   0.03510   0.05245   0.03270   0.02253   0.01443  10.01757   1.71344   1.04216   1.76711   1.01448  
 38  0.1277   1964.039751  x:  0.20982   0.00560   0.22614   0.13932   0.06212   0.06906   0.11787   0.02924   0.03986   0.04907   0.11589   0.05675   0.00000   0.23257   0.15249   0.00663   0.03726   0.05698   0.03503   0.05243   0.03167   0.02246   0.01431  10.06913   1.71341   1.03882   1.76610   1.01544  
 39  0.0524   1964.038968  x:  0.21017   0.00562   0.22605   0.13918   0.06207   0.06897   0.11756   0.02929   0.03993   0.04916   0.11591   0.05674   0.00000   0.23255   0.15238   0.00648   0.03717   0.05697   0.03515   0.05247   0.03144   0.02246   0.01438  10.08473   1.71503   1.04065   1.76810   1.01573  
 40  0.0178   1964.038821  x:  0.21027   0.00559   0.22601   0.13922   0.06208   0.06896   0.11751   0.02929   0.03994   0.04919   0.11590   0.05669   0.00000   0.23253   0.15240   0.00655   0.03716   0.05698   0.03517   0.05249   0.03142   0.02249   0.01438  10.09937   1.71581   1.04141   1.76890   1.01590  
 41  0.0161   1964.038770  x:  0.21027   0.00557   0.22601   0.13926   0.06209   0.06897   0.11760   0.02927   0.03992   0.04918   0.11589   0.05668   0.00000   0.23253   0.15238   0.00653   0.03711   0.05698   0.03514   0.05248   0.03146   0.02250   0.01436  10.10955   1.71567   1.04119   1.76903   1.01600  
 42  0.0075   1964.038764  x:  0.21025   0.00558   0.22603   0.13925   0.06209   0.06897   0.11757   0.02928   0.03993   0.04917   0.11589   0.05670   0.00000   0.23256   0.15240   0.00653   0.03710   0.05698   0.03515   0.05248   0.03147   0.02248   0.01438  10.11128   1.71552   1.04107   1.76885   1.01603  
 43  0.0019   1964.038764  x:  0.21025   0.00558   0.22604   0.13924   0.06209   0.06897   0.11757   0.02928   0.03993   0.04917   0.11589   0.05670   0.00000   0.23256   0.15240   0.00653   0.03709   0.05698   0.03515   0.05248   0.03147   0.02248   0.01437  10.11136   1.71551   1.04108   1.76880   1.01602  
 44  0.0001   1964.038764  x:  0.21025   0.00558   0.22604   0.13924   0.06209   0.06897   0.11757   0.02928   0.03993   0.04917   0.11589   0.05670   0.00000   0.23256   0.15240   0.00653   0.03709   0.05698   0.03515   0.05248   0.03147   0.02248   0.01437  10.11136   1.71551   1.04108   1.76880   1.01602  
 45  0.0000   1964.038764  x:  0.21025   0.00558   0.22604   0.13924   0.06209   0.06897   0.11757   0.02928   0.03993   0.04917   0.11589   0.05670   0.00000   0.23256   0.15240   0.00653   0.03709   0.05698   0.03515   0.05248   0.03147   0.02248   0.01437  10.11136   1.71550   1.04108   1.76880   1.01602  
 46  0.0000   1964.038764  x:  0.21025   0.00558   0.22604   0.13924   0.06209   0.06897   0.11757   0.02928   0.03993   0.04917   0.11589   0.05670   0.00000   0.23256   0.15240   0.00653   0.03709   0.05698   0.03515   0.05248   0.03147   0.02248   0.01437  10.11136   1.71550   1.04108   1.76880   1.01602  