

TREE # 1

  0  0.0000   2111.814493  x:  0.20925   0.02571   0.03211   0.02495   0.05815   0.02188   0.05666   0.08536   0.02661   0.17168   0.20925   0.02571   0.03211   0.02495   0.05815   0.02188   0.05666   0.08536   0.02661   0.17168   0.21568   8.40433   1.50181   0.87092   1.14139   1.00000  
  1 99.0000   2092.163112  x:  0.20562   0.02018   0.03623   0.02457   0.09620   0.04423   0.08568   0.08801   0.07054   0.17786   0.20669   0.02388   0.01909   0.04257   0.07603   0.09796   0.07965   0.07639   0.00825   0.17900   0.21825   8.40432   1.50189   0.86752   1.14719   0.99997  
  2 508.9008   2090.252037  x:  0.19977   0.01151   0.03668   0.02439   0.11310   0.03786   0.09879   0.09050   0.07155   0.18556   0.20311   0.02948   0.01474   0.03756   0.08311   0.09232   0.09179   0.06676   0.02295   0.18824   0.22175   8.40431   1.50191   0.86310   1.15569   0.99981  
  3 118.1214   2088.438368  x:  0.19118   0.01645   0.03612   0.02359   0.13125   0.03010   0.11277   0.09347   0.06997   0.19657   0.19744   0.02678   0.01412   0.03282   0.09074   0.07805   0.10465   0.05636   0.01095   0.20137   0.22693   8.40431   1.50183   0.85623   1.16984   0.99946  
  4 141.4591   2087.908707  x:  0.18445   0.01468   0.03371   0.02407   0.13607   0.03889   0.11549   0.09329   0.06699   0.20396   0.19279   0.02502   0.01622   0.04100   0.09177   0.07167   0.10598   0.06135   0.01039   0.20999   0.23079   8.40432   1.50167   0.84969   1.18517   0.99903  
  5 55.6719   2087.520162  x:  0.17810   0.01980   0.03497   0.02255   0.13563   0.03885   0.11382   0.09253   0.06688   0.21025   0.18813   0.02608   0.01087   0.04138   0.09004   0.07283   0.10300   0.06622   0.01225   0.21722   0.23439   8.40433   1.50150   0.84203   1.20506   0.99838  
  6 56.4905   2086.985279  x:  0.16906   0.01703   0.03702   0.02236   0.13209   0.03382   0.10923   0.09118   0.06797   0.21860   0.18134   0.02802   0.01692   0.03740   0.08685   0.07894   0.09775   0.06975   0.01139   0.22679   0.23948   8.40437   1.50134   0.82918   1.24070   0.99714  
  7 107.5244   2086.770060  x:  0.16811   0.01348   0.03522   0.02496   0.12882   0.03443   0.10717   0.09113   0.06803   0.21934   0.18029   0.02498   0.01389   0.03591   0.08596   0.08004   0.09625   0.06545   0.01043   0.22764   0.24028   8.40440   1.50164   0.82408   1.25852   0.99637  
  8 57.9558   2086.540041  x:  0.16983   0.01656   0.03330   0.02553   0.12513   0.03669   0.10601   0.09173   0.06913   0.21756   0.18086   0.02410   0.01583   0.03678   0.08646   0.08057   0.09682   0.05785   0.01278   0.22566   0.23986   8.40445   1.50253   0.81863   1.28206   0.99519  
  9 71.9732   2086.298754  x:  0.17474   0.01489   0.03491   0.02148   0.12294   0.03719   0.10681   0.09269   0.06921   0.21232   0.18376   0.02897   0.01441   0.03917   0.08809   0.07874   0.09947   0.05625   0.01056   0.21972   0.23752   8.40452   1.50457   0.81430   1.31057   0.99351  
 10 60.6406   2086.074430  x:  0.18065   0.01523   0.03706   0.02374   0.12466   0.03536   0.11009   0.09379   0.06906   0.20566   0.18788   0.02581   0.01468   0.03848   0.08996   0.07751   0.10293   0.06228   0.01138   0.21203   0.23399   8.40461   1.50788   0.81255   1.33959   0.99156  
 11 65.8801   2086.018972  x:  0.18127   0.01546   0.03335   0.02222   0.12764   0.03561   0.11087   0.09308   0.06802   0.20417   0.18888   0.02586   0.01490   0.03667   0.08889   0.07795   0.10170   0.06343   0.01137   0.21011   0.23257   8.40466   1.51056   0.81570   1.34752   0.99074  
 12 20.1478   2085.944965  x:  0.18073   0.01597   0.03437   0.02434   0.13268   0.03540   0.11127   0.09172   0.06568   0.20307   0.18978   0.02736   0.01502   0.03769   0.08637   0.07834   0.09786   0.06202   0.01101   0.20832   0.23034   8.40478   1.51755   0.82576   1.35952   0.98909  
 13 21.1260   2085.879649  x:  0.17973   0.01540   0.03624   0.02166   0.13429   0.03482   0.11079   0.09137   0.06584   0.20308   0.19001   0.02480   0.01520   0.03881   0.08584   0.07806   0.09638   0.06101   0.01161   0.20794   0.22900   8.40490   1.52589   0.83742   1.37019   0.98741  
 14 31.7374   2085.650401  x:  0.17645   0.01532   0.03545   0.02312   0.13044   0.03623   0.10863   0.09375   0.07104   0.20545   0.18932   0.02637   0.01500   0.03701   0.08958   0.07597   0.09955   0.06238   0.01137   0.20979   0.22679   8.40540   1.56270   0.88550   1.40951   0.98085  
 15 47.6440   2085.596904  x:  0.17790   0.01552   0.03405   0.02318   0.12788   0.03423   0.11035   0.09329   0.06728   0.20595   0.18889   0.02624   0.01481   0.03886   0.08946   0.07822   0.10196   0.06248   0.01144   0.21104   0.22890   8.40553   1.57471   0.89514   1.41795   0.97956  
 16 24.0018   2085.567924  x:  0.17988   0.01560   0.03543   0.02270   0.12702   0.03605   0.11190   0.09274   0.06554   0.20594   0.18864   0.02615   0.01501   0.03699   0.08862   0.07889   0.10242   0.06233   0.01138   0.21180   0.23135   8.40562   1.58410   0.89878   1.42211   0.97912  
 17 18.2759   2085.510097  x:  0.18433   0.01531   0.03476   0.02291   0.12772   0.03518   0.11302   0.09270   0.06875   0.20504   0.18842   0.02620   0.01507   0.03776   0.08723   0.07742   0.09969   0.06236   0.01139   0.21246   0.23697   8.40584   1.60951   0.90186   1.42935   0.97907  
 18 16.6105   2085.457615  x:  0.18211   0.01545   0.03487   0.02284   0.12976   0.03537   0.10872   0.09368   0.06696   0.20401   0.18860   0.02614   0.01497   0.03753   0.09027   0.07812   0.10013   0.06221   0.01136   0.21063   0.23597   8.40609   1.63709   0.90120   1.43497   0.98013  
 19 14.9217   2085.436728  x:  0.17913   0.01547   0.03488   0.02284   0.12856   0.03540   0.11037   0.09272   0.06762   0.20406   0.18861   0.02613   0.01495   0.03761   0.08801   0.07786   0.10129   0.06212   0.01133   0.20950   0.23221   8.40624   1.64886   0.90031   1.43703   0.98127  
 20 11.1708   2085.435130  x:  0.17934   0.01546   0.03486   0.02280   0.12820   0.03540   0.11108   0.09302   0.06748   0.20435   0.18849   0.02613   0.01497   0.03757   0.08861   0.07792   0.10052   0.06212   0.01134   0.20977   0.23125   8.40630   1.64977   0.90026   1.43724   0.98195  
 21  2.0085   2085.434087  x:  0.18021   0.01545   0.03486   0.02280   0.12838   0.03539   0.11069   0.09305   0.06748   0.20476   0.18833   0.02613   0.01497   0.03758   0.08833   0.07793   0.10074   0.06214   0.01133   0.21035   0.23041   8.40644   1.65023   0.90039   1.43755   0.98383  
 22  0.9207   2085.431079  x:  0.17983   0.01549   0.03486   0.02282   0.12828   0.03535   0.11074   0.09227   0.06751   0.20445   0.18850   0.02613   0.01495   0.03756   0.08871   0.07782   0.10069   0.06213   0.01132   0.21017   0.23094   8.40717   1.65110   0.90133   1.43876   0.99212  
 23  1.2523   2085.430414  x:  0.17963   0.01549   0.03486   0.02278   0.12827   0.03537   0.11082   0.09304   0.06742   0.20438   0.18851   0.02613   0.01496   0.03757   0.08842   0.07786   0.10068   0.06213   0.01132   0.21001   0.23116   8.40738   1.65128   0.90155   1.43903   0.99387  
 24  2.3036   2085.426495  x:  0.17991   0.01554   0.03484   0.02277   0.12823   0.03532   0.11074   0.09291   0.06731   0.20631   0.18690   0.02609   0.01493   0.03755   0.08840   0.07765   0.10059   0.06213   0.01130   0.20799   0.23147   8.41101   1.65188   0.90178   1.44057   0.99404  
 25  0.1122   2085.350979  x:  0.17651   0.01654   0.03468   0.02255   0.12603   0.03452   0.10863   0.09248   0.06514   0.20866   0.18819   0.02549   0.01457   0.03702   0.08680   0.07429   0.09801   0.06223   0.01082   0.21253   0.23265   8.48249   1.66370   0.90474   1.47031   0.99051  
 26  2.7098   2085.348362  x:  0.17638   0.01657   0.03467   0.02255   0.12602   0.03450   0.10860   0.09246   0.06508   0.20715   0.18611   0.02546   0.01455   0.03701   0.08678   0.07413   0.09798   0.06222   0.01082   0.21297   0.23247   8.48496   1.66408   0.90490   1.47131   0.99038  
 27  2.7051   2085.337244  x:  0.17736   0.01595   0.03466   0.02263   0.12481   0.03454   0.10800   0.09254   0.06439   0.20610   0.18673   0.02587   0.01479   0.03696   0.08663   0.07260   0.09788   0.06224   0.01154   0.21183   0.23201   8.49358   1.66395   0.90425   1.47125   0.99056  
 28  0.0082   2085.335550  x:  0.17773   0.01612   0.03465   0.02265   0.12451   0.03446   0.10791   0.09260   0.06422   0.20573   0.18702   0.02577   0.01485   0.03692   0.08671   0.07205   0.09795   0.06225   0.01127   0.21139   0.23183   8.48632   1.66247   0.90369   1.46728   0.99061  
 29  0.0078   2085.335479  x:  0.17761   0.01613   0.03465   0.02265   0.12452   0.03444   0.10786   0.09257   0.06418   0.20584   0.18695   0.02577   0.01484   0.03691   0.08665   0.07209   0.09787   0.06229   0.01130   0.21150   0.23188   8.48225   1.66218   0.90371   1.46630   0.99057  
 30  0.0039   2085.335478  x:  0.17761   0.01613   0.03465   0.02265   0.12452   0.03444   0.10786   0.09257   0.06419   0.20584   0.18695   0.02577   0.01483   0.03691   0.08665   0.07208   0.09787   0.06229   0.01130   0.21151   0.23188   8.48122   1.66219   0.90374   1.46633   0.99054  
 31  0.0008   2085.335478  x:  0.17761   0.01613   0.03465   0.02265   0.12452   0.03444   0.10786   0.09257   0.06419   0.20584   0.18695   0.02577   0.01483   0.03691   0.08665   0.07208   0.09787   0.06228   0.01130   0.21151   0.23188   8.48099   1.66219   0.90374   1.46634   0.99054  
 32  0.0002   2085.335478  x:  0.17761   0.01613   0.03465   0.02265   0.12452   0.03444   0.10786   0.09257   0.06419   0.20584   0.18695   0.02577   0.01483   0.03691   0.08665   0.07208   0.09787   0.06229   0.01130   0.21151   0.23188   8.48098   1.66219   0.90374   1.46634   0.99054  
 33  0.0000   2085.335478  x:  0.17761   0.01613   0.03465   0.02265   0.12452   0.03444   0.10786   0.09257   0.06419   0.20584   0.18695   0.02577   0.01483   0.03691   0.08665   0.07208   0.09787   0.06229   0.01130   0.21151   0.23188   8.48098   1.66219   0.90374   1.46634   0.99054  