

TREE # 1

  0  0.0000   2137.813796  x:  0.06505   0.00000   0.11060   0.00620   0.06329   0.06344   0.05347   0.04576   0.09061   0.11551   0.06265   0.14432   0.00765   0.10012   0.00522   0.04366   0.04708   0.06848   0.05452   0.06200   0.10934   0.06216   0.13175   0.08367   2.00000   1.42457   1.10555   1.58838   0.40000  
  1 99.0000   2127.633379  x:  0.06850   0.08462   0.12481   0.02698   0.05920   0.04917   0.05639   0.03953   0.09374   0.12609   0.05314   0.15125   0.01963   0.12213   0.00256   0.03229   0.03422   0.07777   0.04612   0.06805   0.10915   0.05843   0.13583   0.08712   2.00520   1.42446   1.10601   1.58821   0.41459  
  2 737.5624   2112.225542  x:  0.07428   0.08082   0.14708   0.01735   0.05020   0.01611   0.06157   0.02818   0.10028   0.14593   0.02739   0.16117   0.00808   0.16313   0.01376   0.00806   0.00722   0.09451   0.02854   0.07914   0.10905   0.05116   0.14335   0.09290   2.01873   1.42412   1.10731   1.58756   0.44991  
  3 308.6216   2107.943813  x:  0.07784   0.07640   0.16296   0.01727   0.04628   0.00755   0.06393   0.02734   0.10470   0.15917   0.01468   0.16776   0.00782   0.18890   0.00950   0.02154   0.02173   0.10372   0.02555   0.08624   0.10849   0.04688   0.14837   0.09646   2.03135   1.42373   1.10850   1.58712   0.47894  
  4 286.2893   2103.927736  x:  0.08204   0.06898   0.18504   0.02008   0.04415   0.02988   0.06626   0.02955   0.11053   0.17671   0.01379   0.17658   0.00907   0.22360   0.00000   0.02525   0.02537   0.11440   0.02644   0.09391   0.10755   0.04228   0.15505   0.10067   2.05193   1.42312   1.11053   1.58631   0.52300  
  5 423.7070   2102.421904  x:  0.08299   0.06648   0.19447   0.02328   0.04536   0.03438   0.06616   0.03220   0.11232   0.18346   0.02310   0.18005   0.01101   0.23773   0.01118   0.02769   0.02825   0.11691   0.03073   0.09517   0.10730   0.04400   0.15758   0.10161   2.06444   1.42278   1.11185   1.58573   0.54619  
  6 353.6443   2099.797134  x:  0.08023   0.06274   0.20254   0.02703   0.05215   0.02237   0.06168   0.03749   0.11067   0.18638   0.04085   0.18116   0.01346   0.24674   0.00000   0.02600   0.02555   0.11025   0.04216   0.08881   0.10616   0.05039   0.15761   0.09885   2.09338   1.42192   1.11548   1.58402   0.58764  
  7 167.2956   2094.753009  x:  0.06720   0.06749   0.20247   0.02191   0.05905   0.02686   0.05008   0.03765   0.09910   0.17577   0.02297   0.17419   0.01231   0.23688   0.00404   0.02542   0.02454   0.07734   0.04330   0.06190   0.10542   0.06423   0.14910   0.08582   2.18672   1.41952   1.12768   1.57784   0.69346  
  8 158.5002   2089.057710  x:  0.06833   0.07045   0.18025   0.02474   0.05127   0.02595   0.07202   0.02785   0.09313   0.14760   0.03333   0.15864   0.01130   0.19069   0.00507   0.02291   0.02819   0.07953   0.02207   0.08031   0.10909   0.05017   0.13664   0.08695   2.33276   1.41654   1.14489   1.56903   0.81661  
  9 185.3530   2087.033982  x:  0.07394   0.07247   0.16684   0.02300   0.04604   0.02507   0.07291   0.03418   0.09744   0.13973   0.02481   0.15416   0.01411   0.16860   0.00779   0.02106   0.02430   0.09322   0.04074   0.08839   0.11046   0.04344   0.13498   0.09256   2.40316   1.41552   1.15208   1.56551   0.85844  
 10 246.0029   2084.917152  x:  0.08239   0.07293   0.15155   0.02531   0.05293   0.02539   0.05275   0.03542   0.11123   0.14826   0.02475   0.15795   0.01170   0.15342   0.00718   0.02791   0.01847   0.11136   0.03110   0.08575   0.10949   0.05422   0.14280   0.10101   2.49978   1.41517   1.15890   1.56272   0.87233  
 11 109.3416   2080.584489  x:  0.08336   0.07466   0.13623   0.01637   0.05323   0.02561   0.05542   0.02645   0.12041   0.16919   0.02895   0.17195   0.01324   0.15317   0.00547   0.00843   0.03849   0.11432   0.03227   0.07242   0.10549   0.05311   0.15955   0.10198   2.72143   1.41578   1.17084   1.55875   0.85754  
 12 160.1651   2070.868840  x:  0.07223   0.07404   0.11889   0.01846   0.04096   0.02479   0.09055   0.03146   0.12091   0.20877   0.03437   0.20390   0.00322   0.17259   0.00483   0.03439   0.01732   0.09543   0.03796   0.05564   0.10373   0.03748   0.19143   0.09085   3.35191   1.41857   1.20173   1.54921   0.79235  
 13 689.0181   2063.310912  x:  0.06715   0.06106   0.14677   0.03475   0.04536   0.02355   0.08542   0.04290   0.10080   0.20782   0.02111   0.20987   0.03267   0.19517   0.00459   0.02843   0.01368   0.07585   0.03549   0.09875   0.10877   0.05944   0.19146   0.08577   3.88153   1.42271   1.22249   1.54418   0.72514  
 14 687.9507   2057.189775  x:  0.06930   0.06683   0.19459   0.02488   0.05006   0.02633   0.05712   0.03647   0.08445   0.17738   0.02758   0.19343   0.00393   0.21919   0.00396   0.02937   0.02041   0.08812   0.04188   0.10636   0.11368   0.05137   0.16218   0.08792   4.22559   1.42782   1.22832   1.54537   0.67688  
 15 450.7906   2055.845354  x:  0.07534   0.06453   0.21072   0.02103   0.05208   0.02563   0.06039   0.03722   0.09685   0.16119   0.02797   0.17889   0.01796   0.22947   0.00402   0.03131   0.01821   0.09499   0.03760   0.08977   0.11232   0.04775   0.14670   0.09396   4.31456   1.43088   1.22310   1.54992   0.66408  
 16 170.1868   2055.557136  x:  0.07670   0.06320   0.21338   0.02889   0.05215   0.02553   0.06510   0.03897   0.10289   0.15892   0.02578   0.17236   0.01341   0.23145   0.00385   0.02887   0.01986   0.09587   0.03796   0.08612   0.11068   0.05166   0.14261   0.09532   4.33339   1.43274   1.21720   1.55397   0.66181  
 17 60.5227   2055.266661  x:  0.07687   0.06522   0.21262   0.02345   0.04922   0.02596   0.06625   0.03690   0.10774   0.16315   0.02715   0.15952   0.01183   0.23282   0.00329   0.03044   0.01918   0.09231   0.03951   0.09020   0.10803   0.05673   0.14260   0.09549   4.35293   1.43911   1.19297   1.56995   0.66221  
 18 22.6348   2054.907667  x:  0.07558   0.06418   0.20986   0.02697   0.05249   0.02533   0.06220   0.03904   0.10379   0.16743   0.02632   0.15161   0.01334   0.23320   0.00414   0.02918   0.01928   0.09183   0.03801   0.08990   0.10786   0.04834   0.14422   0.09420   4.37782   1.44923   1.15365   1.59626   0.66412  
 19 46.4057   2054.666961  x:  0.07585   0.06388   0.20963   0.02647   0.05109   0.02546   0.06478   0.03774   0.09786   0.16337   0.02595   0.16146   0.01400   0.23190   0.00354   0.02950   0.01885   0.09618   0.03821   0.08725   0.11023   0.05320   0.14317   0.09447   4.39521   1.45676   1.12350   1.61777   0.66627  
 20 38.4818   2054.616270  x:  0.07582   0.06413   0.21038   0.02589   0.05099   0.02531   0.06380   0.03907   0.10200   0.16062   0.02611   0.16678   0.01313   0.23112   0.00365   0.02916   0.01906   0.09348   0.03783   0.08866   0.10987   0.05195   0.14264   0.09444   4.39904   1.45809   1.11812   1.62325   0.66691  
 21 14.4264   2054.599753  x:  0.07570   0.06378   0.21094   0.02672   0.05167   0.02534   0.06359   0.03659   0.10282   0.16019   0.02589   0.16752   0.01338   0.23064   0.00375   0.02955   0.01865   0.09310   0.03866   0.08897   0.10903   0.05151   0.14289   0.09432   4.40044   1.45806   1.11843   1.62572   0.66722  
 22  4.3391   2054.313814  x:  0.07358   0.06344   0.22060   0.02542   0.05251   0.02503   0.06537   0.03863   0.10174   0.16009   0.02534   0.16783   0.01301   0.22317   0.00434   0.02930   0.01799   0.09635   0.03741   0.08850   0.09684   0.05116   0.14880   0.09220   4.42633   1.45431   1.14090   1.67345   0.67362  
 23  7.3915   2053.732636  x:  0.07803   0.06173   0.22603   0.02679   0.04703   0.02430   0.06380   0.03742   0.10260   0.16414   0.02575   0.16575   0.01242   0.21868   0.00426   0.02801   0.01776   0.09339   0.03704   0.08621   0.11288   0.05022   0.14972   0.09665   4.48132   1.45052   1.19036   1.76994   0.68762  
 24 53.6241   2053.428769  x:  0.07654   0.06243   0.21570   0.02362   0.05735   0.02452   0.06641   0.03814   0.10322   0.16333   0.02463   0.16609   0.01123   0.22660   0.00441   0.02824   0.01771   0.09580   0.03743   0.08964   0.11540   0.05099   0.14149   0.09516   4.51033   1.45643   1.21469   1.81199   0.69542  
 25 45.5620   2053.105734  x:  0.07487   0.06106   0.20144   0.02605   0.04966   0.02438   0.06082   0.03742   0.10194   0.15880   0.02562   0.16664   0.01240   0.23819   0.00425   0.02785   0.01776   0.09772   0.03699   0.09098   0.10874   0.05127   0.13386   0.09349   4.54022   1.47130   1.23710   1.84538   0.70372  
 26 47.5637   2052.247807  x:  0.08871   0.05999   0.19417   0.02541   0.05332   0.02396   0.06102   0.03769   0.09600   0.14386   0.02487   0.16430   0.00848   0.24782   0.00423   0.02746   0.01735   0.09212   0.03690   0.09107   0.10397   0.05151   0.15028   0.10733   4.62447   1.55562   1.28370   1.89100   0.72767  
 27 25.9595   2049.936352  x:  0.07087   0.05424   0.20738   0.02462   0.05024   0.02196   0.06023   0.03598   0.10823   0.14569   0.02409   0.16373   0.00852   0.23821   0.00395   0.02478   0.01565   0.10764   0.03463   0.09165   0.11836   0.05168   0.15634   0.08949   4.85269   1.79746   1.39831   1.98776   0.79171  
 28 113.6990   2049.311070  x:  0.07846   0.05259   0.21395   0.02407   0.05011   0.02122   0.06134   0.03581   0.10454   0.16317   0.02401   0.16935   0.00861   0.22839   0.00462   0.02452   0.01429   0.10401   0.03431   0.09151   0.11147   0.04923   0.13649   0.09708   4.91314   1.85503   1.42389   2.00712   0.80835  
 29 81.7973   2040.962684  x:  0.08462   0.03582   0.21700   0.02060   0.05037   0.01573   0.05769   0.03298   0.10987   0.16063   0.02105   0.16047   0.00000   0.23511   0.00564   0.01654   0.01022   0.11712   0.02977   0.09451   0.11031   0.04772   0.14583   0.10324   5.68451   1.44780   1.15326   1.60517   1.00397  
 30  6.8295   2037.772244  x:  0.08250   0.01509   0.19955   0.01571   0.05055   0.01547   0.06112   0.02828   0.10967   0.17987   0.02399   0.17421   0.01669   0.24000   0.00609   0.01168   0.02095   0.11497   0.02774   0.09295   0.10835   0.05004   0.15608   0.10111   6.44949   1.44834   1.16427   1.61418   1.08674  
 31  0.8901   2035.793324  x:  0.07860   0.00718   0.19437   0.01224   0.05097   0.01737   0.06583   0.03052   0.10752   0.18049   0.02487   0.17990   0.00744   0.23840   0.00582   0.01882   0.01720   0.10338   0.03303   0.08446   0.10783   0.05133   0.15264   0.09721   7.24257   1.56020   1.24761   1.75016   1.08827  
 32  0.6023   2034.945936  x:  0.07665   0.01653   0.19307   0.01496   0.05136   0.01874   0.06496   0.03402   0.10586   0.17518   0.02470   0.17894   0.00137   0.22846   0.00591   0.02018   0.01665   0.09642   0.03438   0.08130   0.10870   0.05095   0.15260   0.09526   7.55991   1.52994   1.22710   1.72630   1.04695  
 33  0.3666   2034.329284  x:  0.07689   0.01534   0.19320   0.01948   0.05080   0.01807   0.06128   0.03427   0.10602   0.17244   0.02418   0.17605   0.00727   0.22336   0.00651   0.01927   0.01375   0.09792   0.03289   0.08199   0.10911   0.04927   0.15676   0.09550   8.06292   1.45538   1.17423   1.64257   1.02826  
 34  0.4575   2033.879567  x:  0.08024   0.01475   0.19220   0.01506   0.05006   0.01828   0.06030   0.03228   0.10931   0.17482   0.02451   0.17447   0.00502   0.22415   0.00693   0.01542   0.01647   0.10415   0.03091   0.08636   0.10906   0.05045   0.15852   0.09886   8.73890   1.48565   1.18909   1.65746   1.01131  
 35  0.4783   2033.817243  x:  0.07955   0.01452   0.19125   0.01609   0.05077   0.01757   0.06305   0.03137   0.10868   0.17531   0.02531   0.17589   0.00505   0.22637   0.00662   0.01609   0.01517   0.10394   0.03218   0.08536   0.10892   0.05047   0.15655   0.09816   8.93691   1.50051   1.20239   1.68272   1.00430  
 36  0.1861   2033.807876  x:  0.07931   0.01490   0.19218   0.01521   0.05088   0.01776   0.06325   0.03195   0.10835   0.17542   0.02506   0.17629   0.00545   0.22708   0.00657   0.01650   0.01523   0.10368   0.03220   0.08494   0.10890   0.05042   0.15579   0.09792   9.01276   1.49553   1.19957   1.67984   1.00502  
 37  0.0817   2033.803302  x:  0.07932   0.01470   0.19300   0.01584   0.05080   0.01787   0.06301   0.03226   0.10831   0.17585   0.02474   0.17662   0.00533   0.22776   0.00652   0.01641   0.01563   0.10362   0.03212   0.08493   0.10890   0.05038   0.15570   0.09793   9.07394   1.49368   1.19829   1.67753   1.00824  
 38  0.0655   2033.801389  x:  0.07943   0.01493   0.19318   0.01580   0.05073   0.01776   0.06276   0.03194   0.10844   0.17604   0.02483   0.17650   0.00535   0.22831   0.00639   0.01659   0.01557   0.10363   0.03208   0.08534   0.10896   0.05043   0.15609   0.09804   9.09477   1.49628   1.19947   1.67853   1.01260  
 39  0.0153   2033.801162  x:  0.07940   0.01500   0.19307   0.01580   0.05076   0.01772   0.06290   0.03204   0.10840   0.17589   0.02480   0.17643   0.00529   0.22836   0.00637   0.01651   0.01555   0.10365   0.03205   0.08527   0.10897   0.05040   0.15610   0.09801   9.09185   1.49609   1.19964   1.67913   1.01420  
 40  0.0029   2033.801146  x:  0.07940   0.01502   0.19306   0.01581   0.05076   0.01776   0.06292   0.03201   0.10841   0.17587   0.02479   0.17643   0.00528   0.22830   0.00637   0.01652   0.01555   0.10365   0.03207   0.08523   0.10895   0.05041   0.15609   0.09802   9.09102   1.49592   1.19955   1.67898   1.01436  
 41  0.0009   2033.801144  x:  0.07940   0.01503   0.19305   0.01582   0.05076   0.01776   0.06291   0.03201   0.10842   0.17588   0.02480   0.17644   0.00529   0.22828   0.00638   0.01651   0.01555   0.10366   0.03207   0.08523   0.10895   0.05041   0.15609   0.09802   9.09147   1.49600   1.19960   1.67901   1.01436  
 42  0.0004   2033.801144  x:  0.07940   0.01503   0.19305   0.01581   0.05076   0.01776   0.06291   0.03201   0.10842   0.17588   0.02481   0.17644   0.00528   0.22828   0.00638   0.01651   0.01555   0.10366   0.03207   0.08523   0.10895   0.05041   0.15609   0.09802   9.09172   1.49597   1.19958   1.67901   1.01437  
 43  0.0002   2033.801144  x:  0.07940   0.01503   0.19305   0.01581   0.05076   0.01776   0.06291   0.03201   0.10842   0.17588   0.02481   0.17644   0.00529   0.22828   0.00638   0.01651   0.01555   0.10366   0.03207   0.08523   0.10895   0.05041   0.15609   0.09802   9.09171   1.49598   1.19959   1.67901   1.01438  
 44  0.0000   2033.801144  x:  0.07940   0.01503   0.19305   0.01581   0.05076   0.01776   0.06291   0.03201   0.10842   0.17588   0.02481   0.17644   0.00529   0.22828   0.00638   0.01651   0.01555   0.10366   0.03207   0.08523   0.10895   0.05041   0.15609   0.09802   9.09170   1.49598   1.19959   1.67901   1.01438  
 45  0.0000   2033.801144  x:  0.07940   0.01503   0.19305   0.01581   0.05076   0.01776   0.06291   0.03201   0.10842   0.17588   0.02481   0.17644   0.00529   0.22828   0.00638   0.01651   0.01555   0.10366   0.03207   0.08523   0.10895   0.05041   0.15609   0.09802   9.09170   1.49598   1.19959   1.67901   1.01438  