

TREE # 1

  0  0.0000   2538.192482  x:  0.20925   0.02571   0.03211   0.02495   0.05815   0.02188   0.05666   0.08536   0.02661   0.17168   0.20925   0.02571   0.03211   0.02495   0.05815   0.02188   0.05666   0.08536   0.02661   0.17168   0.21568   8.40433   1.59559   1.17763   1.30354   1.00000  
  1 99.0000   2368.874887  x:  0.22326   0.05988   0.04771   0.05015   0.05380   0.02640   0.04541   0.08497   0.04475   0.17361   0.21673   0.04725   0.01820   0.00000   0.41555   0.04291   0.07364   0.10652   0.05272   0.18233   0.21808   8.40453   1.59595   1.17252   1.30758   1.00088  
  2 1703.6938   2365.422943  x:  0.24631   0.04883   0.04304   0.03781   0.04980   0.01970   0.03343   0.08354   0.03527   0.17671   0.22961   0.03871   0.02339   0.00000   0.42085   0.02205   0.08109   0.12712   0.04224   0.19925   0.22228   8.40503   1.59681   1.16395   1.31451   1.00272  
  3 118.6568   2363.856018  x:  0.27639   0.04501   0.04373   0.03954   0.04931   0.03436   0.03751   0.08259   0.03639   0.18031   0.24686   0.03870   0.02623   0.00000   0.41912   0.03112   0.08138   0.14529   0.04048   0.21968   0.22782   8.40589   1.59835   1.14983   1.32571   1.00567  
  4 98.8085   2362.979239  x:  0.29666   0.05050   0.04639   0.04445   0.05101   0.02444   0.04137   0.08267   0.04117   0.18199   0.25858   0.04273   0.01895   0.00000   0.41633   0.03192   0.07831   0.15037   0.04621   0.23149   0.23141   8.40679   1.59990   1.13686   1.33597   1.00844  
  5 92.3966   2362.494368  x:  0.31021   0.05595   0.04485   0.04270   0.05287   0.02458   0.03567   0.08394   0.03701   0.18000   0.26626   0.04365   0.02372   0.00000   0.41671   0.03233   0.07458   0.13279   0.04666   0.23212   0.23281   8.40874   1.60290   1.11438   1.35391   1.01344  
  6 32.8713   2362.266186  x:  0.31456   0.05314   0.04452   0.04256   0.05129   0.02678   0.03991   0.08380   0.03750   0.17830   0.26832   0.04108   0.02003   0.00000   0.41766   0.02897   0.07493   0.12485   0.04492   0.22952   0.23275   8.41025   1.60504   1.09944   1.36597   1.01685  
  7 50.1333   2362.071208  x:  0.31456   0.04763   0.04525   0.04280   0.04937   0.02324   0.04120   0.08282   0.03999   0.17644   0.26755   0.04064   0.02258   0.00000   0.41802   0.03188   0.07767   0.12450   0.04424   0.22422   0.23175   8.41233   1.60773   1.08217   1.38017   1.02089  
  8 41.0616   2361.843289  x:  0.31049   0.04774   0.04619   0.04302   0.05063   0.02563   0.03670   0.08179   0.04076   0.17465   0.26406   0.04277   0.01998   0.00000   0.41718   0.03090   0.07945   0.13124   0.04648   0.21665   0.22990   8.41564   1.61168   1.05884   1.39991   1.02654  
  9 50.4386   2361.769178  x:  0.30737   0.05129   0.04509   0.04249   0.05116   0.02510   0.03942   0.08217   0.03815   0.17499   0.26202   0.04165   0.02077   0.00000   0.41733   0.03104   0.07783   0.13488   0.04496   0.21567   0.22932   8.41735   1.61339   1.05085   1.40743   1.02871  
 10 29.4896   2361.741397  x:  0.30375   0.05061   0.04443   0.04310   0.04976   0.02509   0.03862   0.08305   0.03893   0.17697   0.26042   0.04137   0.02082   0.00000   0.41752   0.03087   0.07500   0.13491   0.04462   0.21974   0.22951   8.41941   1.61485   1.04870   1.41163   1.03000  
 11  8.1648   2361.724617  x:  0.30109   0.05012   0.04536   0.04235   0.05098   0.02521   0.03927   0.08294   0.03876   0.17833   0.25945   0.04205   0.02128   0.00000   0.41760   0.03043   0.07592   0.13421   0.04533   0.22341   0.22973   8.42163   1.61629   1.04826   1.41487   1.03103  
 12  9.4930   2361.714152  x:  0.29991   0.05071   0.04507   0.04274   0.05097   0.02502   0.03870   0.08219   0.03845   0.17851   0.25917   0.04133   0.02039   0.00000   0.41750   0.03132   0.07772   0.13372   0.04479   0.22523   0.22980   8.42409   1.61776   1.04920   1.41742   1.03186  
 13  6.4818   2361.680420  x:  0.29898   0.05215   0.04371   0.04307   0.04860   0.02544   0.03922   0.08128   0.03916   0.17650   0.25971   0.04268   0.02138   0.00000   0.41748   0.03035   0.07927   0.13374   0.04530   0.22637   0.22957   8.43551   1.62439   1.05627   1.42704   1.03502  
 14  6.8883   2361.486750  x:  0.29685   0.05033   0.04502   0.04126   0.05005   0.02493   0.03899   0.08163   0.03791   0.16623   0.26330   0.04230   0.02000   0.00000   0.41927   0.03151   0.07608   0.13532   0.04529   0.22726   0.22828   8.50480   1.66450   1.10006   1.48310   1.05324  
 15 46.2411   2361.420074  x:  0.29774   0.05068   0.04557   0.04444   0.05223   0.02515   0.03871   0.08304   0.03937   0.16968   0.26345   0.04054   0.02173   0.00000   0.41975   0.02995   0.07669   0.13560   0.04448   0.22506   0.22866   8.52975   1.67917   1.11442   1.50120   1.05860  
 16 48.8268   2361.337523  x:  0.30032   0.05052   0.04439   0.04227   0.05086   0.02498   0.03886   0.08394   0.03857   0.17951   0.26219   0.04144   0.02050   0.00000   0.42040   0.03107   0.07749   0.13555   0.04543   0.22071   0.22982   8.56167   1.69812   1.13071   1.52146   1.06380  
 17 52.0579   2361.307033  x:  0.30194   0.05081   0.04684   0.04261   0.04994   0.02499   0.03869   0.08053   0.03797   0.18059   0.25963   0.04223   0.02067   0.00000   0.42067   0.03075   0.07641   0.13538   0.04405   0.22047   0.22999   8.57524   1.70620   1.13318   1.52442   1.06282  
 18 10.9736   2361.211756  x:  0.30647   0.05014   0.04330   0.04226   0.05218   0.02491   0.03890   0.07719   0.03910   0.17910   0.25153   0.04098   0.02110   0.00000   0.42185   0.03057   0.07531   0.13532   0.04578   0.22182   0.22983   8.61994   1.73210   1.13631   1.52810   1.05626  
 19 26.2811   2361.082447  x:  0.31005   0.05067   0.04536   0.04255   0.05017   0.02488   0.03864   0.08428   0.03800   0.17589   0.24510   0.04113   0.02077   0.00000   0.42291   0.03078   0.07752   0.13548   0.04564   0.22381   0.22921   8.68309   1.76673   1.13842   1.53081   1.04585  
 20 64.8160   2360.927153  x:  0.30404   0.05060   0.04381   0.04157   0.05195   0.02463   0.03850   0.08414   0.03990   0.17652   0.25736   0.04427   0.02005   0.00000   0.42475   0.03068   0.07737   0.13595   0.04128   0.22303   0.22834   8.76093   1.80013   1.13771   1.53084   1.03274  
 21 34.1954   2360.835731  x:  0.29993   0.05009   0.04474   0.04279   0.05042   0.02470   0.03853   0.08237   0.03759   0.17729   0.26561   0.04117   0.02077   0.00000   0.42573   0.03033   0.07690   0.13642   0.04538   0.22229   0.22824   8.80779   1.81686   1.13701   1.53067   1.02549  
 22 84.6479   2360.767791  x:  0.29948   0.05205   0.04650   0.03962   0.04976   0.02501   0.03814   0.08215   0.04084   0.17714   0.26647   0.03832   0.02124   0.00000   0.42643   0.03041   0.07682   0.13661   0.04589   0.22212   0.22999   8.84414   1.81624   1.13640   1.53091   1.02331  
 23 17.5491   2358.225133  x:  0.30110   0.04905   0.04387   0.04197   0.05011   0.02312   0.03679   0.08263   0.03684   0.16793   0.26457   0.04135   0.02148   0.00000   0.45835   0.02696   0.07827   0.14044   0.04403   0.21933   0.29771  10.29935   1.71216   1.11274   1.54185   0.95893  
 24 111.8018   2355.738203  x:  0.31842   0.04909   0.04407   0.04064   0.04958   0.02180   0.03532   0.08224   0.03665   0.17858   0.26413   0.04044   0.02223   0.00000   0.48621   0.02433   0.07903   0.14177   0.04405   0.23000   0.21985  11.57558   1.61731   1.08932   1.53424   0.94254  
 25 280.0350   2354.001153  x:  0.32315   0.04883   0.04361   0.04023   0.04924   0.02092   0.03437   0.08247   0.03585   0.17826   0.26813   0.04045   0.02288   0.00000   0.50879   0.02206   0.07974   0.14403   0.04355   0.23220   0.22651  12.57359   1.59841   1.04687   1.43181   1.13024  
 26 64.7439   2348.204645  x:  0.30263   0.05528   0.04697   0.04346   0.05045   0.02975   0.03838   0.08215   0.04206   0.17988   0.26912   0.04253   0.02184   0.00000   0.66879   0.04228   0.07954   0.14066   0.04690   0.22216   0.24080  13.72580   1.82705   1.15679   1.53359   1.07220  
 27  0.3698   2344.266769  x:  0.31582   0.05437   0.04606   0.04528   0.05062   0.02168   0.03844   0.08347   0.03909   0.17329   0.26203   0.04385   0.02304   0.00000   0.77617   0.02481   0.07315   0.14126   0.04822   0.22877   0.24186  12.01425   1.55111   1.07097   1.40988   1.03320  
 28  0.6577   2343.240779  x:  0.31166   0.05313   0.04547   0.04393   0.04978   0.02351   0.03634   0.08264   0.03810   0.17749   0.26459   0.04297   0.02245   0.00000   0.82029   0.02542   0.07787   0.14087   0.04687   0.22702   0.22760  10.63525   1.65290   1.08411   1.44554   1.05447  
 29  1.0080   2343.197359  x:  0.31080   0.05366   0.04587   0.04372   0.05002   0.02421   0.03675   0.08261   0.03905   0.17818   0.26507   0.04300   0.02285   0.00000   0.82661   0.02791   0.07799   0.14131   0.04673   0.22684   0.23197  10.59308   1.64400   1.09031   1.43904   1.06640  
 30  0.0500   2343.195300  x:  0.31116   0.05391   0.04600   0.04382   0.05010   0.02414   0.03695   0.08262   0.03927   0.17821   0.26536   0.04310   0.02315   0.00000   0.82956   0.02745   0.07744   0.14154   0.04683   0.22701   0.23182  10.61285   1.64324   1.09076   1.43839   1.06832  
 31  0.0188   2343.195101  x:  0.31123   0.05390   0.04597   0.04384   0.05008   0.02411   0.03691   0.08263   0.03922   0.17817   0.26536   0.04309   0.02302   0.00000   0.83069   0.02751   0.07751   0.14155   0.04684   0.22706   0.23173  10.62708   1.64354   1.09061   1.43871   1.06826  
 32  0.0116   2343.195090  x:  0.31119   0.05388   0.04596   0.04383   0.05008   0.02413   0.03690   0.08263   0.03921   0.17817   0.26533   0.04309   0.02303   0.00000   0.83091   0.02750   0.07752   0.14153   0.04683   0.22703   0.23179  10.62427   1.64350   1.09059   1.43871   1.06806  
 33  0.0030   2343.195090  x:  0.31119   0.05387   0.04596   0.04382   0.05008   0.02413   0.03691   0.08262   0.03921   0.17817   0.26533   0.04309   0.02304   0.00000   0.83091   0.02750   0.07752   0.14153   0.04682   0.22703   0.23179  10.62486   1.64351   1.09061   1.43870   1.06803  
 34  0.0006   2343.195090  x:  0.31119   0.05388   0.04596   0.04382   0.05008   0.02413   0.03691   0.08263   0.03921   0.17817   0.26533   0.04309   0.02304   0.00000   0.83091   0.02750   0.07752   0.14153   0.04682   0.22703   0.23179  10.62482   1.64351   1.09061   1.43870   1.06802  
 35  0.0000   2343.195090  x:  0.31119   0.05388   0.04596   0.04382   0.05008   0.02413   0.03691   0.08263   0.03921   0.17817   0.26533   0.04309   0.02304   0.00000   0.83091   0.02750   0.07752   0.14153   0.04682   0.22703   0.23179  10.62483   1.64351   1.09061   1.43870   1.06802  
 36  0.0000   2343.195090  x:  0.31119   0.05388   0.04596   0.04382   0.05008   0.02413   0.03691   0.08263   0.03921   0.17817   0.26533   0.04309   0.02304   0.00000   0.83091   0.02750   0.07752   0.14153   0.04682   0.22703   0.23179  10.62482   1.64351   1.09061   1.43870   1.06802  
 37  0.0000   2343.195090  x:  0.31119   0.05388   0.04596   0.04382   0.05008   0.02413   0.03691   0.08263   0.03921   0.17817   0.26533   0.04309   0.02304   0.00000   0.83091   0.02750   0.07752   0.14153   0.04682   0.22703   0.23179  10.62483   1.64351   1.09061   1.43870   1.06802  