

TREE # 1

  0  0.0000   1964.368526  x:  0.01972   0.20925   0.02571   0.03211   0.02495   0.05815   0.02188   0.05666   0.08536   0.02661   0.17168   0.01972   0.20925   0.02571   0.03211   0.02495   0.05815   0.02188   0.05666   0.08536   0.02661   0.17168   0.21568   8.40433   1.48947   1.44184   1.49957   1.00000  
  1 99.0000   1951.383555  x:  0.00000   0.20537   0.02041   0.03690   0.03100   0.05791   0.01896   0.04413   0.08316   0.03603   0.17552   0.00301   0.20357   0.02521   0.01895   0.05288   0.06564   0.01904   0.07074   0.08777   0.04352   0.18002   0.22029   8.40441   1.48936   1.44065   1.50116   0.99973  
  2 351.8703   1950.644182  x:  0.00000   0.20464   0.02009   0.03702   0.03087   0.05788   0.01908   0.04253   0.08288   0.03602   0.17619   0.00000   0.20258   0.02429   0.01779   0.05239   0.06622   0.01899   0.07138   0.08824   0.04326   0.18129   0.22109   8.40442   1.48935   1.44044   1.50144   0.99968  
  3 231.9129   1947.770811  x:  0.00000   0.17868   0.02713   0.03642   0.03177   0.05766   0.01445   0.02112   0.07813   0.03626   0.19796   0.00000   0.17201   0.02645   0.03630   0.05090   0.06983   0.02148   0.07319   0.09781   0.04435   0.21364   0.24652   8.40485   1.48862   1.43356   1.51038   0.99793  
  4 134.6879   1945.933813  x:  0.00000   0.14991   0.02298   0.03678   0.03225   0.05770   0.02899   0.03516   0.07584   0.03559   0.21954   0.00000   0.13834   0.02626   0.03957   0.05281   0.06997   0.01736   0.07303   0.10219   0.04482   0.24351   0.27264   8.40540   1.48781   1.42527   1.52125   0.99572  
  5 157.9016   1945.097454  x:  0.00000   0.13614   0.01998   0.03658   0.03066   0.05776   0.01701   0.04444   0.07798   0.03548   0.22839   0.00000   0.12327   0.02552   0.03353   0.05393   0.06665   0.02049   0.06947   0.09898   0.04319   0.25267   0.28405   8.40578   1.48740   1.42035   1.52796   0.99425  
  6 104.6154   1944.894565  x:  0.00000   0.13044   0.02551   0.03625   0.03160   0.05787   0.01748   0.04308   0.08133   0.03626   0.23136   0.00000   0.11901   0.02711   0.02861   0.05454   0.06361   0.01864   0.06593   0.09337   0.04283   0.25101   0.28838   8.40613   1.48715   1.41669   1.53336   0.99293  
  7 37.1110   1944.777710  x:  0.00000   0.12627   0.02254   0.03579   0.03145   0.05789   0.01936   0.04057   0.08348   0.03504   0.23357   0.00000   0.11728   0.02914   0.02809   0.05455   0.06315   0.02131   0.06568   0.08871   0.04319   0.24599   0.29184   8.40662   1.48684   1.41198   1.54059   0.99112  
  8 27.4998   1944.671904  x:  0.00000   0.12321   0.02064   0.03631   0.03116   0.05780   0.01838   0.03996   0.08398   0.03524   0.23571   0.00000   0.11643   0.02991   0.02905   0.05308   0.06444   0.01771   0.06823   0.08652   0.04317   0.23986   0.29529   8.40731   1.48647   1.40580   1.55028   0.98864  
  9 35.0167   1944.556789  x:  0.00000   0.12178   0.02339   0.03720   0.03139   0.05767   0.01832   0.04152   0.08244   0.03687   0.23793   0.00000   0.11609   0.02945   0.02883   0.05177   0.06655   0.01998   0.07204   0.08762   0.04312   0.23328   0.29905   8.40841   1.48599   1.39662   1.56494   0.98484  
 10 39.9032   1944.380676  x:  0.00000   0.12541   0.02324   0.03438   0.03158   0.05764   0.01807   0.04111   0.07822   0.03388   0.23947   0.00000   0.11701   0.02977   0.02690   0.05373   0.06437   0.01932   0.06888   0.09386   0.04337   0.22955   0.30248   8.41067   1.48533   1.37957   1.59305   0.97735  
 11 32.9650   1944.268061  x:  0.00000   0.12873   0.02174   0.03784   0.03096   0.05764   0.01854   0.04049   0.07921   0.03711   0.23849   0.00000   0.11830   0.02739   0.02810   0.05473   0.06331   0.01935   0.06531   0.09429   0.04239   0.23169   0.30212   8.41252   1.48511   1.36770   1.61364   0.97169  
 12 41.0417   1944.173197  x:  0.00000   0.13040   0.02264   0.03594   0.03157   0.05755   0.01833   0.04112   0.08271   0.03514   0.23540   0.00000   0.11964   0.02483   0.02949   0.05501   0.06501   0.01930   0.06656   0.09110   0.04318   0.23725   0.29860   8.41449   1.48530   1.35796   1.63224   0.96632  
 13 33.3128   1944.130154  x:  0.00000   0.12916   0.02261   0.03598   0.03057   0.05748   0.01828   0.04114   0.08234   0.03577   0.23250   0.00000   0.11975   0.02917   0.02837   0.05331   0.06485   0.01934   0.06843   0.09033   0.04334   0.24083   0.29433   8.41588   1.48601   1.35448   1.64143   0.96335  
 14 16.9658   1944.120263  x:  0.00000   0.12820   0.02243   0.03648   0.03215   0.05751   0.01819   0.04106   0.08127   0.03555   0.23180   0.00000   0.11927   0.02917   0.02839   0.05309   0.06436   0.01939   0.06861   0.09003   0.04307   0.24111   0.29269   8.41649   1.48661   1.35459   1.64359   0.96249  
 15  7.7488   1944.103108  x:  0.00000   0.12609   0.02263   0.03619   0.03099   0.05756   0.01836   0.04078   0.07931   0.03565   0.23105   0.00000   0.11776   0.02771   0.02882   0.05382   0.06401   0.01933   0.06822   0.08972   0.04320   0.24062   0.28947   8.41809   1.48848   1.35651   1.64731   0.96073  
 16  7.6708   1944.065896  x:  0.00000   0.12416   0.02243   0.03604   0.03151   0.05735   0.01834   0.04060   0.08157   0.03580   0.23202   0.00000   0.11518   0.02749   0.02848   0.05398   0.06655   0.01926   0.06628   0.09250   0.04354   0.23940   0.28527   8.42285   1.49441   1.36444   1.65556   0.95639  
 17  7.8102   1943.972602  x:  0.00000   0.12424   0.02253   0.03716   0.03081   0.05756   0.01856   0.04011   0.08526   0.03462   0.23669   0.00000   0.11337   0.02696   0.02817   0.05525   0.06275   0.01924   0.06951   0.09487   0.04188   0.23935   0.28222   8.43583   1.51085   1.38719   1.67600   0.94570  
 18 20.7948   1943.768252  x:  0.00000   0.12652   0.02143   0.03386   0.03212   0.05771   0.01843   0.04012   0.08244   0.03829   0.24503   0.00000   0.11475   0.02672   0.02637   0.05289   0.06233   0.01937   0.06968   0.09129   0.04454   0.24252   0.28369   8.46528   1.54817   1.43848   1.72058   0.92336  
 19 60.2797   1943.663360  x:  0.00000   0.12699   0.02229   0.03722   0.03111   0.05745   0.01818   0.04030   0.07971   0.03526   0.24642   0.00000   0.11611   0.02773   0.02515   0.05372   0.06550   0.01926   0.06855   0.08881   0.04421   0.24441   0.28660   8.48061   1.56756   1.46432   1.74304   0.91306  
 20 98.5463   1943.579806  x:  0.00000   0.12457   0.02203   0.03562   0.03144   0.05709   0.01835   0.03995   0.07985   0.03631   0.23884   0.00000   0.11674   0.02762   0.02490   0.05600   0.06658   0.01917   0.06861   0.08983   0.04031   0.24517   0.29286   8.49324   1.58329   1.48240   1.75943   0.90910  
 21 28.5847   1943.512638  x:  0.00000   0.12253   0.02197   0.03658   0.03126   0.05728   0.01836   0.03968   0.08094   0.03587   0.23102   0.00000   0.11622   0.02624   0.02458   0.05479   0.06508   0.01920   0.06854   0.09179   0.04361   0.24539   0.29842   8.50388   1.59627   1.49580   1.77217   0.90822  
 22 44.8200   1943.380176  x:  0.00000   0.12925   0.02181   0.03658   0.03134   0.05893   0.01849   0.03894   0.08010   0.03605   0.22804   0.00000   0.10597   0.02723   0.02380   0.05446   0.06605   0.01912   0.06990   0.08963   0.04345   0.24511   0.29985   8.52741   1.62148   1.50742   1.79069   0.92872  
 23  8.6002   1943.029975  x:  0.00000   0.12420   0.02143   0.03690   0.03131   0.05047   0.01858   0.03808   0.07992   0.03621   0.23448   0.00000   0.10953   0.02577   0.02055   0.05529   0.06602   0.01904   0.07030   0.09070   0.04378   0.24956   0.29846   8.59164   1.68611   1.53066   1.83600   0.99175  
 24 39.2462   1942.917393  x:  0.00000   0.12093   0.02132   0.03697   0.03128   0.05770   0.01853   0.03785   0.08006   0.03625   0.23727   0.00000   0.11275   0.02519   0.01934   0.05581   0.06657   0.01900   0.07013   0.09164   0.04361   0.25137   0.29786   8.61328   1.70623   1.53770   1.85024   1.01216  
 25 82.8487   1941.570052  x:  0.00000   0.11593   0.01940   0.03786   0.03134   0.05700   0.01909   0.03265   0.07890   0.03727   0.24339   0.00000   0.10471   0.02054   0.00719   0.05871   0.06915   0.01852   0.07327   0.09485   0.04389   0.26222   0.30576   8.87082   1.60863   1.52140   1.82676   1.01382  
 26  3.2680   1941.386424  x:  0.00000   0.11540   0.01905   0.03796   0.03136   0.05691   0.01924   0.03167   0.07877   0.03748   0.24538   0.00000   0.10326   0.01965   0.00588   0.05906   0.06968   0.01840   0.07416   0.09534   0.04427   0.26417   0.30688   8.91902   1.64201   1.48479   1.79359   0.98177  
 27  4.5912   1940.334434  x:  0.00000   0.10842   0.01570   0.03947   0.03150   0.05681   0.02090   0.02347   0.07639   0.03874   0.25631   0.00000   0.09333   0.01247   0.01214   0.06354   0.07518   0.01733   0.08096   0.10039   0.04596   0.28204   0.31754   9.31956   1.58567   1.41832   1.72486   0.95443  
 28  1.1020   1937.023891  x:  0.00000   0.01369   0.02170   0.04330   0.03312   0.05760   0.01387   0.01975   0.07277   0.04079   0.35821   0.00000   0.00000   0.05911   0.01110   0.06807   0.09653   0.01693   0.12128   0.10266   0.05021   0.42144   0.42982  11.41537   1.39558   1.37919   1.71315   1.01362  
 29  0.4642   1932.361995  x:  0.00000   0.00912   0.01863   0.03915   0.03179   0.05714   0.01820   0.03153   0.07830   0.03812   0.34278   0.00000   0.00000   0.02313   0.01168   0.06768   0.08059   0.01829   0.09338   0.09995   0.04798   0.37997   0.41063  10.25421   1.71979   1.48502   1.85196   1.00083  
 30  0.7112   1932.277690  x:  0.00000   0.00630   0.01861   0.03912   0.03178   0.05712   0.01822   0.03134   0.07831   0.03808   0.34578   0.00000   0.00000   0.02225   0.01155   0.06798   0.08047   0.01826   0.09304   0.10015   0.04803   0.38261   0.41373  10.25902   1.71909   1.48616   1.85443   1.00136  
 31  0.1620   1931.496935  x:  0.00000   0.00657   0.01806   0.03851   0.03158   0.05697   0.01925   0.02842   0.07826   0.03745   0.35852   0.00000   0.00000   0.00864   0.01005   0.07028   0.07696   0.01775   0.08474   0.10229   0.04820   0.38826   0.42642  10.03537   1.69347   1.48860   1.85845   0.99800  
 32  1.1747   1931.196729  x:  0.00000   0.00767   0.01754   0.03862   0.03174   0.05696   0.01966   0.02465   0.07744   0.03735   0.37423   0.00000   0.00000   0.01276   0.01003   0.06977   0.07708   0.01730   0.08422   0.10293   0.04883   0.40433   0.44280  10.01003   1.64186   1.45495   1.82386   0.98430  
 33  0.1187   1931.146595  x:  0.00000   0.00744   0.01814   0.03870   0.03178   0.05692   0.01885   0.02514   0.07687   0.03753   0.37539   0.00000   0.00000   0.01065   0.01058   0.06970   0.07698   0.01747   0.08176   0.10438   0.04902   0.40725   0.44413   9.87791   1.60982   1.43347   1.79388   0.97571  
 34  0.1655   1931.140029  x:  0.00000   0.00736   0.01788   0.03880   0.03180   0.05700   0.01870   0.02470   0.07689   0.03764   0.37290   0.00000   0.00000   0.01074   0.01090   0.06916   0.07731   0.01756   0.08126   0.10455   0.04901   0.40725   0.44193   9.79753   1.61164   1.43805   1.79599   0.97988  
 35  0.0663   1931.139181  x:  0.00000   0.00738   0.01806   0.03881   0.03180   0.05701   0.01869   0.02498   0.07692   0.03761   0.37283   0.00000   0.00000   0.01083   0.01099   0.06904   0.07752   0.01754   0.08147   0.10459   0.04901   0.40813   0.44197   9.77925   1.61369   1.43880   1.79740   0.97990  
 36  0.0214   1931.139044  x:  0.00000   0.00738   0.01801   0.03879   0.03179   0.05699   0.01875   0.02490   0.07694   0.03759   0.37287   0.00000   0.00000   0.01080   0.01096   0.06905   0.07752   0.01753   0.08152   0.10456   0.04899   0.40853   0.44206   9.76753   1.61382   1.43846   1.79743   0.97906  
 37  0.0104   1931.139033  x:  0.00000   0.00739   0.01800   0.03879   0.03179   0.05699   0.01874   0.02492   0.07693   0.03759   0.37281   0.00000   0.00000   0.01082   0.01094   0.06907   0.07751   0.01754   0.08156   0.10454   0.04897   0.40854   0.44200   9.76596   1.61359   1.43844   1.79728   0.97906  
 38  0.0014   1931.139032  x:  0.00000   0.00738   0.01801   0.03879   0.03179   0.05699   0.01873   0.02491   0.07693   0.03759   0.37281   0.00000   0.00000   0.01082   0.01093   0.06908   0.07750   0.01753   0.08156   0.10455   0.04898   0.40854   0.44199   9.76568   1.61365   1.43846   1.79728   0.97909  
 39  0.0003   1931.139032  x:  0.00000   0.00738   0.01801   0.03879   0.03179   0.05699   0.01873   0.02492   0.07693   0.03760   0.37281   0.00000   0.00000   0.01082   0.01093   0.06908   0.07750   0.01753   0.08156   0.10455   0.04898   0.40854   0.44199   9.76556   1.61367   1.43846   1.79728   0.97910  
 40  0.0001   1931.139032  x:  0.00000   0.00738   0.01801   0.03879   0.03179   0.05699   0.01873   0.02492   0.07693   0.03760   0.37282   0.00000   0.00000   0.01082   0.01093   0.06908   0.07750   0.01753   0.08156   0.10455   0.04898   0.40853   0.44199   9.76550   1.61366   1.43846   1.79727   0.97909  
 41  0.0001   1931.139032  x:  0.00000   0.00738   0.01801   0.03879   0.03179   0.05699   0.01873   0.02492   0.07693   0.03760   0.37282   0.00000   0.00000   0.01082   0.01093   0.06908   0.07750   0.01753   0.08156   0.10455   0.04898   0.40853   0.44199   9.76549   1.61366   1.43846   1.79728   0.97909  
 42  0.0000   1931.139032  x:  0.00000   0.00738   0.01801   0.03879   0.03179   0.05699   0.01873   0.02492   0.07693   0.03760   0.37282   0.00000   0.00000   0.01082   0.01093   0.06908   0.07750   0.01753   0.08156   0.10455   0.04898   0.40853   0.44199   9.76548   1.61366   1.43846   1.79728   0.97909  

TREE # 2

  0  0.0000   2603.974189  x:  0.00000   0.00738   0.01801   0.03879   0.03179   0.05699   0.01873   0.02492   0.07693   0.03760   0.37282   0.00000   0.00000   0.01082   0.01093   0.06908   0.07750   0.01753   0.08156   0.10455   0.04898   0.40853   0.44199   9.76548   1.58038   1.30104   1.62782   0.97909  
  1 99.0000   2265.955364  x:  0.30403   0.00742   0.01809   0.03881   0.03179   0.05699   0.01876   0.02491   0.07693   0.03760   0.37281   0.00003   0.00200   0.01093   0.01105   0.06908   0.07750   0.01755   0.08156   0.10454   0.04898   0.40853   0.44199   9.76546   1.58038   1.30103   1.62767   0.97892  
  2 6764028.6826   2158.999622  x:  0.30404   0.00568   0.04656   0.04511   0.03314   0.05635   0.02621   0.02418   0.07782   0.03914   0.37114   0.00814   0.00000   0.05255   0.03873   0.06869   0.07629   0.02409   0.08060   0.10271   0.04750   0.40669   0.43993   9.76546   1.58024   1.30123   1.62766   0.97895  
  3 3791.7158   2144.263342  x:  0.30404   0.00000   0.05968   0.05549   0.03596   0.05432   0.03742   0.02181   0.07988   0.04033   0.36636   0.00646   0.00000   0.04467   0.03761   0.06619   0.07170   0.03404   0.07781   0.09779   0.04354   0.40171   0.43436   9.76547   1.57987   1.30181   1.62762   0.97904  
  4 677.5604   2115.607500  x:  0.30405   0.00000   0.03977   0.09496   0.04623   0.03156   0.04361   0.00000   0.09255   0.05731   0.32054   0.01629   0.00000   0.04920   0.04065   0.04394   0.02678   0.03618   0.05027   0.05126   0.00792   0.35359   0.38027   9.76553   1.57631   1.30736   1.62714   0.97991  
  5 432.4216   2110.213975  x:  0.30405   0.00000   0.03656   0.10301   0.04809   0.02622   0.04405   0.00581   0.09551   0.06142   0.30862   0.01733   0.00000   0.04971   0.04169   0.03869   0.01585   0.03576   0.04361   0.03959   0.00000   0.34112   0.36619   9.76554   1.57539   1.30878   1.62703   0.98015  
  6 2424.3688   2101.951276  x:  0.30405   0.00000   0.04119   0.10725   0.04772   0.01884   0.03779   0.00613   0.09817   0.06611   0.28540   0.01257   0.00000   0.04746   0.04416   0.03213   0.00328   0.02983   0.03418   0.02043   0.00873   0.31730   0.33897   9.76556   1.57362   1.31141   1.62688   0.98066  
  7 809.3895   2096.112583  x:  0.30405   0.00000   0.04325   0.11055   0.04741   0.01367   0.03397   0.00633   0.10027   0.07006   0.26488   0.00898   0.00000   0.04626   0.04590   0.02751   0.00905   0.02678   0.02718   0.00617   0.01114   0.29608   0.31469   9.76557   1.57206   1.31371   1.62678   0.98108  
  8 1505.1459   2074.903491  x:  0.30405   0.00000   0.04548   0.11607   0.04532   0.00596   0.02781   0.00645   0.10536   0.08214   0.19336   0.00000   0.00000   0.04516   0.04920   0.01850   0.01307   0.02398   0.01268   0.01656   0.01578   0.22167   0.22916   9.76561   1.56671   1.32151   1.62655   0.98252  
  9 1096.5920   2036.386015  x:  0.30406   0.00000   0.04648   0.11930   0.04028   0.01193   0.02569   0.00884   0.11276   0.10636   0.04596   0.01720   0.00000   0.04041   0.05038   0.01384   0.01720   0.02435   0.01156   0.02145   0.03253   0.06633   0.04955   9.76568   1.55567   1.33745   1.62631   0.98545  
 10 4838.2183   2033.071517  x:  0.30406   0.00000   0.04434   0.11837   0.04010   0.01098   0.02847   0.00854   0.11312   0.10723   0.03328   0.00985   0.00000   0.04319   0.04963   0.01937   0.01607   0.02555   0.01747   0.01942   0.03266   0.04856   0.02667   9.76569   1.55423   1.33940   1.62640   0.98578  
 11 925.2915   2032.129796  x:  0.30406   0.00000   0.04470   0.11545   0.04008   0.01190   0.02973   0.00832   0.11226   0.10593   0.03844   0.00988   0.00000   0.04384   0.04843   0.01932   0.01572   0.02588   0.01467   0.01894   0.03216   0.04204   0.01500   9.76568   1.55321   1.34061   1.62662   0.98595  
 12 173.2628   2032.058466  x:  0.30406   0.00000   0.04533   0.11459   0.04022   0.01090   0.02894   0.00814   0.11192   0.10523   0.03919   0.01011   0.00000   0.04346   0.04865   0.01804   0.01561   0.02602   0.01605   0.01898   0.03127   0.04057   0.01457   9.76568   1.55255   1.34139   1.62676   0.98605  
 13 44.0298   2031.968468  x:  0.30407   0.00000   0.04591   0.11193   0.04082   0.01095   0.02918   0.00774   0.11068   0.10291   0.03891   0.01009   0.00000   0.04299   0.04925   0.01838   0.01514   0.02608   0.01529   0.01855   0.02957   0.03730   0.01640   9.76566   1.55006   1.34432   1.62733   0.98644  
 14 30.1993   2031.794262  x:  0.30407   0.00000   0.04576   0.10918   0.04233   0.01107   0.03046   0.00767   0.10806   0.09665   0.03652   0.00995   0.00000   0.04393   0.04836   0.01591   0.01474   0.02691   0.01478   0.01798   0.02878   0.03883   0.01589   9.76561   1.54149   1.35441   1.62930   0.98778  
 15 29.8338   2031.544802  x:  0.30407   0.00000   0.04674   0.10921   0.04398   0.00936   0.02902   0.00761   0.10531   0.08868   0.03481   0.01153   0.00000   0.04349   0.04842   0.01805   0.01451   0.02665   0.01411   0.01804   0.02727   0.04120   0.01430   9.76553   1.52781   1.37056   1.63243   0.98993  
 16 130.1912   2030.969177  x:  0.30408   0.00000   0.04611   0.11673   0.04550   0.01478   0.02715   0.00797   0.10174   0.07516   0.03564   0.01084   0.00000   0.04251   0.05163   0.01780   0.01474   0.02361   0.01540   0.01842   0.02718   0.04083   0.01375   9.76534   1.49336   1.41136   1.64027   0.99535  
 17 178.9057   2030.502460  x:  0.30409   0.00000   0.04343   0.12168   0.04359   0.01393   0.02638   0.00916   0.10123   0.06794   0.03756   0.01166   0.00000   0.04406   0.05117   0.01802   0.01537   0.02734   0.01527   0.01877   0.03117   0.03815   0.01550   9.76518   1.46542   1.44453   1.64669   0.99980  
 18 288.7265   2030.108976  x:  0.30410   0.00000   0.04433   0.12166   0.03959   0.01178   0.03003   0.00923   0.10367   0.06862   0.03875   0.01258   0.00000   0.04541   0.04830   0.01811   0.01577   0.02390   0.01593   0.01929   0.03165   0.03760   0.01674   9.76504   1.44220   1.47229   1.65220   1.00356  
 19 171.6741   2029.280825  x:  0.30411   0.00000   0.04720   0.11437   0.03260   0.01449   0.02869   0.00783   0.11035   0.07996   0.04023   0.01087   0.00000   0.04566   0.04695   0.01906   0.01489   0.02691   0.01634   0.01848   0.02790   0.04149   0.01691   9.76473   1.39341   1.53107   1.66419   1.01154  
 20 256.7153   2028.974082  x:  0.30412   0.00000   0.04597   0.11038   0.03766   0.01281   0.03117   0.00792   0.11289   0.08649   0.04164   0.01086   0.00000   0.04389   0.05082   0.01938   0.01522   0.02736   0.01679   0.01883   0.02933   0.04304   0.01661   9.76461   1.37617   1.55244   1.66885   1.01447  
 21 148.3169   2028.880862  x:  0.30412   0.00000   0.04681   0.11016   0.04194   0.01305   0.03037   0.00803   0.11229   0.08920   0.04211   0.01071   0.00000   0.04505   0.04841   0.01965   0.01539   0.02718   0.01696   0.01899   0.02969   0.04267   0.01714   9.76456   1.37261   1.55774   1.67039   1.01523  
 22 41.3538   2028.147879  x:  0.30413   0.00000   0.04677   0.11257   0.04027   0.00986   0.03295   0.00836   0.08146   0.10261   0.04370   0.01020   0.00000   0.04517   0.04878   0.01998   0.01543   0.02739   0.01728   0.01898   0.02999   0.04358   0.01761   9.76409   1.37989   1.57207   1.68338   1.01791  
 23 10.1114   2003.800406  x:  0.30459   0.00000   0.06662   0.09138   0.04795   0.01870   0.04401   0.00854   0.08958   0.02488   0.06982   0.00813   0.00000   0.06026   0.05748   0.02910   0.01514   0.03919   0.02629   0.02082   0.02027   0.06775   0.02500   9.74627   1.94384   1.81413   2.15025   1.07221  
 24 20.4914   2000.233698  x:  0.30460   0.00000   0.06997   0.09422   0.04774   0.01883   0.04512   0.00899   0.08562   0.02238   0.06922   0.00880   0.00000   0.06275   0.05979   0.02910   0.01552   0.04016   0.02629   0.02161   0.02068   0.06687   0.02428   9.73563   1.78398   1.61398   2.31681   0.90227  
 25  9.7392   1979.153688  x:  0.30436   0.00000   0.09276   0.10550   0.04928   0.02220   0.05908   0.01218   0.07001   0.05430   0.07723   0.01666   0.00000   0.08077   0.07605   0.03441   0.02112   0.05039   0.03188   0.02961   0.02837   0.07062   0.02374   9.61811   1.33394   1.03717   1.42767   1.00148  
 26  4.8932   1976.015542  x:  0.30426   0.00000   0.09683   0.10676   0.04949   0.02226   0.06155   0.01278   0.07003   0.06553   0.07835   0.01789   0.00000   0.08387   0.07862   0.03531   0.02220   0.05215   0.03278   0.03108   0.03088   0.07060   0.02344   9.59406   1.42518   1.15500   1.40851   0.80349  
 27  9.8913   1969.407514  x:  0.30469   0.00000   0.10706   0.11596   0.04846   0.02235   0.06708   0.01367   0.07614   0.10225   0.07785   0.02113   0.00000   0.09202   0.08688   0.03639   0.02509   0.05611   0.03397   0.03476   0.03731   0.06627   0.02100   9.50904   1.73769   1.44431   2.00744   0.94449  
 28 12.1989   1954.794243  x:  0.30434   0.00000   0.14798   0.15098   0.04564   0.02699   0.08701   0.01574   0.10375   0.08013   0.08506   0.02427   0.00000   0.13123   0.11896   0.04365   0.02752   0.07211   0.04137   0.03812   0.03864   0.05819   0.01304   9.18821   1.46628   1.47928   1.50501   1.13667  
 29  0.5219   1946.833464  x:  0.30362   0.00000   0.18533   0.15297   0.04750   0.02212   0.10446   0.01339   0.09011   0.08416   0.09411   0.01935   0.00000   0.16785   0.14338   0.04806   0.02334   0.08405   0.04676   0.03365   0.02574   0.05804   0.01960   9.23316   1.51842   1.39182   1.79713   0.91058  
 30  0.2560   1943.989090  x:  0.30271   0.00000   0.21305   0.14205   0.04751   0.02006   0.11447   0.01424   0.07757   0.05650   0.09194   0.01809   0.00000   0.19400   0.15746   0.04844   0.02101   0.09103   0.04852   0.02945   0.02620   0.05570   0.02091   9.40356   1.53314   1.38252   1.64424   1.00719  
 31  0.1473   1942.640974  x:  0.30163   0.00000   0.23412   0.11874   0.04745   0.01596   0.11896   0.01374   0.09516   0.06299   0.08185   0.01648   0.00000   0.21372   0.16253   0.04500   0.01849   0.09261   0.04655   0.02449   0.03119   0.05158   0.01684   9.62848   1.52028   1.41766   1.70452   0.97430  
 32  0.1128   1941.927691  x:  0.30080   0.00000   0.24523   0.10782   0.04822   0.01400   0.11625   0.01289   0.08042   0.06997   0.07381   0.01743   0.00000   0.22279   0.15706   0.03960   0.01636   0.08842   0.04278   0.02165   0.03233   0.05887   0.02059   9.70217   1.58276   1.43644   1.73314   0.98139  
 33  0.0461   1941.288883  x:  0.30023   0.00000   0.25178   0.11700   0.04743   0.01871   0.10630   0.01190   0.08566   0.06320   0.06816   0.02021   0.00000   0.22685   0.14257   0.03419   0.01650   0.07963   0.03765   0.02332   0.03304   0.06097   0.01982   9.60567   1.52715   1.39418   1.67327   0.97074  
 34  0.0472   1940.758781  x:  0.29976   0.00000   0.27140   0.11330   0.04827   0.01897   0.10300   0.00978   0.08707   0.06683   0.07702   0.01781   0.00000   0.24379   0.13098   0.03575   0.01640   0.07492   0.03669   0.02466   0.02945   0.05618   0.01565   9.53939   1.54852   1.40948   1.73882   0.97734  
 35  0.0282   1940.387359  x:  0.29953   0.00000   0.29525   0.09341   0.04783   0.01787   0.10062   0.00982   0.08657   0.06389   0.08126   0.01710   0.00000   0.26317   0.11825   0.03728   0.01754   0.07151   0.03681   0.02599   0.03312   0.05672   0.02086   9.67451   1.57383   1.43247   1.73302   0.98993  
 36  0.0572   1940.183736  x:  0.30114   0.00000   0.31173   0.07640   0.04549   0.01783   0.09618   0.01001   0.08176   0.06620   0.08049   0.01718   0.00000   0.27516   0.09776   0.03889   0.01869   0.06852   0.03711   0.02729   0.03466   0.05569   0.01721   9.80789   1.55847   1.42916   1.75277   0.95109  
 37  0.0402   1936.046365  x:  0.31160   0.00000   0.39119   0.00000   0.04368   0.01537   0.08679   0.00966   0.09506   0.06739   0.07857   0.01623   0.00000   0.33722   0.02153   0.04661   0.01948   0.06669   0.04275   0.02647   0.03295   0.05895   0.01563  10.33866   1.65685   1.45112   1.82342   0.96834  
 38  0.0940   1936.046365  x:  0.31160   0.00000   0.39119   0.00000   0.04368   0.01537   0.08679   0.00966   0.09506   0.06739   0.07857   0.01623   0.00000   0.33722   0.02153   0.04661   0.01948   0.06669   0.04275   0.02647   0.03295   0.05895   0.01563  10.33866   1.65685   1.45112   1.82342   0.96834  
 39  0.4925   1934.493079  x:  0.32132   0.00000   0.39209   0.00000   0.04569   0.01755   0.09143   0.01197   0.09220   0.06691   0.07823   0.01822   0.00000   0.33952   0.00677   0.04104   0.01741   0.07094   0.04013   0.02475   0.03201   0.05803   0.02111  10.33860   1.65640   1.45116   1.82365   0.96867  
 40 117.8853   1933.090333  x:  0.35312   0.00000   0.39534   0.00000   0.05136   0.01036   0.10352   0.00769   0.08383   0.06500   0.07716   0.01789   0.00000   0.34753   0.00861   0.02918   0.01798   0.08116   0.03516   0.02332   0.03041   0.05577   0.01914  10.33840   1.65497   1.45126   1.82444   0.96962  
 41 93.0121   1932.389339  x:  0.37941   0.00000   0.39829   0.00000   0.05275   0.00906   0.11066   0.01648   0.07836   0.06616   0.07665   0.01670   0.00000   0.35449   0.00991   0.03323   0.01912   0.08505   0.03612   0.02530   0.03118   0.05527   0.01580  10.33821   1.65369   1.45133   1.82513   0.97043  
 42 133.7018   1931.726613  x:  0.40694   0.00000   0.40171   0.00000   0.05054   0.01083   0.11399   0.01028   0.07508   0.06893   0.07672   0.01670   0.00000   0.36218   0.00906   0.04335   0.01884   0.08366   0.04047   0.02700   0.03296   0.05632   0.01778  10.33798   1.65217   1.45147   1.82582   0.97137  
 43 118.7450   1931.451577  x:  0.42159   0.00000   0.40402   0.00000   0.04657   0.00805   0.10896   0.01091   0.07949   0.07099   0.07754   0.01807   0.00000   0.36678   0.00862   0.04217   0.01701   0.07636   0.04112   0.02391   0.03202   0.05790   0.01783  10.33779   1.65095   1.45171   1.82609   0.97212  
 44 47.9324   1931.352782  x:  0.42792   0.00000   0.40522   0.00000   0.04630   0.01131   0.10542   0.01093   0.08192   0.07157   0.07788   0.01701   0.00000   0.36893   0.00893   0.03988   0.01835   0.07297   0.04047   0.02443   0.03172   0.05823   0.01732  10.33767   1.65023   1.45188   1.82618   0.97256  
 45 52.3411   1931.329452  x:  0.42949   0.00000   0.40575   0.00000   0.04749   0.01066   0.10308   0.01100   0.08300   0.07084   0.07792   0.01684   0.00000   0.36964   0.00875   0.03991   0.01869   0.07282   0.03995   0.02608   0.03223   0.05784   0.01809  10.33758   1.64975   1.45202   1.82616   0.97286  
 46 16.3860   1931.320648  x:  0.43007   0.00000   0.40619   0.00000   0.04831   0.01092   0.10150   0.01087   0.08342   0.07007   0.07787   0.01722   0.00000   0.37009   0.00860   0.04037   0.01824   0.07350   0.03977   0.02571   0.03232   0.05746   0.01744  10.33749   1.64924   1.45218   1.82611   0.97318  
 47  9.9300   1931.318125  x:  0.43020   0.00000   0.40648   0.00000   0.04829   0.01106   0.10093   0.01098   0.08347   0.06968   0.07781   0.01709   0.00000   0.37032   0.00881   0.04048   0.01833   0.07399   0.03988   0.02525   0.03221   0.05738   0.01784  10.33741   1.64885   1.45230   1.82606   0.97342  
 48  6.1249   1931.316407  x:  0.43015   0.00000   0.40693   0.00000   0.04776   0.01101   0.10059   0.01094   0.08342   0.06934   0.07773   0.01698   0.00000   0.37062   0.00866   0.04039   0.01853   0.07442   0.04012   0.02538   0.03207   0.05746   0.01768  10.33727   1.64813   1.45251   1.82594   0.97388  
 49  3.6246   1931.314641  x:  0.42999   0.00000   0.40760   0.00000   0.04742   0.01119   0.10052   0.01101   0.08331   0.06920   0.07768   0.01727   0.00000   0.37105   0.00884   0.04022   0.01821   0.07462   0.04016   0.02565   0.03213   0.05759   0.01777  10.33704   1.64693   1.45286   1.82575   0.97463  
 50  4.5977   1931.306284  x:  0.42883   0.00000   0.41115   0.00000   0.04769   0.01105   0.10103   0.01098   0.08301   0.06933   0.07757   0.01687   0.00000   0.37321   0.00872   0.04030   0.01820   0.07421   0.03968   0.02538   0.03270   0.05795   0.01772  10.33561   1.63994   1.45481   1.82457   0.97903  
 51  7.6013   1931.304063  x:  0.42859   0.00000   0.41189   0.00000   0.04795   0.01101   0.10121   0.01097   0.08305   0.06952   0.07765   0.01728   0.00000   0.37363   0.00872   0.04034   0.01855   0.07409   0.03984   0.02539   0.03225   0.05775   0.01775  10.33518   1.63793   1.45532   1.82418   0.98030  
 52 11.0583   1931.302868  x:  0.42856   0.00000   0.41194   0.00000   0.04806   0.01101   0.10130   0.01096   0.08319   0.06969   0.07775   0.01704   0.00000   0.37361   0.00872   0.04032   0.01829   0.07410   0.04007   0.02549   0.03190   0.05743   0.01776  10.33487   1.63670   1.45554   1.82388   0.98107  
 53  5.0881   1931.299591  x:  0.42893   0.00000   0.41080   0.00000   0.04782   0.01106   0.10140   0.01095   0.08369   0.07007   0.07808   0.01710   0.00000   0.37263   0.00875   0.04018   0.01839   0.07444   0.04031   0.02541   0.03250   0.05678   0.01774  10.33375   1.63284   1.45589   1.82264   0.98350  
 54  4.2589   1931.295018  x:  0.42962   0.00000   0.40861   0.00000   0.04772   0.01113   0.10131   0.01092   0.08375   0.06988   0.07805   0.01710   0.00000   0.37092   0.00880   0.04044   0.01839   0.07455   0.03967   0.02547   0.03211   0.05753   0.01776  10.33201   1.62731   1.45610   1.82064   0.98697  
 55  9.1552   1931.293937  x:  0.42976   0.00000   0.40808   0.00000   0.04794   0.01113   0.10120   0.01096   0.08337   0.06957   0.07777   0.01713   0.00000   0.37059   0.00878   0.04027   0.01837   0.07424   0.04012   0.02544   0.03221   0.05769   0.01776  10.33148   1.62606   1.45588   1.82000   0.98773  
 56  3.9296   1931.292940  x:  0.42978   0.00000   0.40781   0.00000   0.04774   0.01112   0.10108   0.01097   0.08290   0.06943   0.07752   0.01715   0.00000   0.37072   0.00877   0.04032   0.01838   0.07395   0.03986   0.02543   0.03217   0.05716   0.01778  10.33068   1.62516   1.45484   1.81897   0.98817  
 57  1.4676   1931.279500  x:  0.42973   0.00000   0.40593   0.00000   0.04803   0.01102   0.10082   0.01098   0.08243   0.07051   0.07792   0.01712   0.00000   0.37440   0.00861   0.04002   0.01835   0.07463   0.03990   0.02541   0.03216   0.05759   0.01785  10.31812   1.61433   1.43663   1.80276   0.99251  
 58  3.8781   1931.275565  x:  0.42996   0.00000   0.40619   0.00000   0.04796   0.01116   0.10177   0.01099   0.08347   0.06926   0.07780   0.01718   0.00000   0.37459   0.00860   0.04013   0.01834   0.07444   0.03991   0.02540   0.03217   0.05747   0.01788  10.31423   1.61118   1.43144   1.79788   0.99330  
 59  9.6864   1931.269092  x:  0.43106   0.00000   0.40971   0.00000   0.04803   0.01112   0.10163   0.01099   0.08327   0.06974   0.07735   0.01720   0.00000   0.37086   0.00852   0.04002   0.01833   0.07464   0.03987   0.02539   0.03216   0.05748   0.01792  10.30702   1.60600   1.42437   1.78961   0.99231  
 60  3.8435   1931.267915  x:  0.43121   0.00000   0.40999   0.00000   0.04803   0.01111   0.10159   0.01102   0.08292   0.06946   0.07831   0.01718   0.00000   0.37059   0.00849   0.03999   0.01833   0.07452   0.03985   0.02538   0.03215   0.05748   0.01793  10.30545   1.60501   1.42381   1.78819   0.99146  
 61  2.2466   1931.255668  x:  0.43216   0.00000   0.40902   0.00000   0.04817   0.01107   0.10201   0.01106   0.08296   0.06960   0.07779   0.01725   0.00000   0.37230   0.00828   0.03978   0.01829   0.07486   0.03976   0.02535   0.03213   0.05745   0.01805  10.28707   1.59453   1.42384   1.77465   0.97761  
 62  2.8202   1931.191485  x:  0.43826   0.00000   0.40848   0.00000   0.04875   0.01104   0.10383   0.01122   0.08182   0.06920   0.07752   0.01753   0.00000   0.37231   0.00691   0.03809   0.01795   0.07637   0.03898   0.02497   0.03184   0.05705   0.01880  10.15104   1.59884   1.42623   1.80513   0.97371  
 63  0.7377   1931.172678  x:  0.44057   0.00000   0.40892   0.00000   0.04898   0.01104   0.10451   0.01126   0.08158   0.06918   0.07753   0.01763   0.00000   0.37286   0.00654   0.03765   0.01788   0.07690   0.03880   0.02490   0.03180   0.05701   0.01904  10.10774   1.61341   1.43811   1.79808   0.98267  
 64  2.7084   1931.145768  x:  0.44433   0.00000   0.40880   0.00000   0.04914   0.01093   0.10505   0.01084   0.08132   0.06897   0.07747   0.01757   0.00000   0.37325   0.00770   0.03714   0.01799   0.07737   0.03861   0.02487   0.03174   0.05691   0.01890   9.90041   1.61532   1.44003   1.79903   0.98170  
 65  0.1959   1931.139380  x:  0.44297   0.00000   0.40862   0.00000   0.04903   0.01065   0.10464   0.01085   0.08157   0.06909   0.07751   0.01751   0.00000   0.37302   0.00737   0.03761   0.01804   0.07700   0.03878   0.02490   0.03178   0.05699   0.01866   9.77018   1.61287   1.43776   1.79701   0.97875  
 66  0.0920   1931.139038  x:  0.44204   0.00000   0.40853   0.00000   0.04897   0.01080   0.10456   0.01096   0.08155   0.06908   0.07750   0.01754   0.00000   0.37281   0.00738   0.03760   0.01800   0.07694   0.03879   0.02491   0.03179   0.05699   0.01872   9.76640   1.61366   1.43847   1.79725   0.97911  
 67  0.0037   1931.139032  x:  0.44200   0.00000   0.40853   0.00000   0.04898   0.01082   0.10455   0.01093   0.08156   0.06908   0.07750   0.01754   0.00000   0.37282   0.00738   0.03760   0.01801   0.07693   0.03879   0.02492   0.03179   0.05699   0.01873   9.76555   1.61367   1.43847   1.79728   0.97910  
 68  0.0008   1931.139032  x:  0.44199   0.00000   0.40853   0.00000   0.04898   0.01082   0.10455   0.01093   0.08156   0.06908   0.07750   0.01753   0.00000   0.37282   0.00738   0.03760   0.01801   0.07693   0.03879   0.02492   0.03179   0.05699   0.01873   9.76548   1.61366   1.43846   1.79728   0.97909  
 69  0.0001   1931.139032  x:  0.44199   0.00000   0.40853   0.00000   0.04898   0.01082   0.10455   0.01093   0.08156   0.06908   0.07750   0.01753   0.00000   0.37282   0.00738   0.03760   0.01801   0.07693   0.03879   0.02492   0.03179   0.05699   0.01873   9.76549   1.61366   1.43846   1.79728   0.97909  
 70  0.0000   1931.139032  x:  0.44199   0.00000   0.40853   0.00000   0.04898   0.01082   0.10455   0.01093   0.08156   0.06908   0.07750   0.01753   0.00000   0.37282   0.00738   0.03760   0.01801   0.07693   0.03879   0.02492   0.03179   0.05699   0.01873   9.76548   1.61366   1.43846   1.79728   0.97909  
 71  0.0000   1931.139032  x:  0.44199   0.00000   0.40853   0.00000   0.04898   0.01082   0.10455   0.01093   0.08156   0.06908   0.07750   0.01753   0.00000   0.37282   0.00738   0.03760   0.01801   0.07693   0.03879   0.02492   0.03179   0.05699   0.01873   9.76548   1.61366   1.43846   1.79728   0.97909  