

TREE # 1

  0  0.0000   2217.326345  x:  0.07301   0.00000   0.11516   0.02056   0.06420   0.08114   0.03993   0.05760   0.07790   0.06584   0.08310   0.13583   0.00796   0.08631   0.02632   0.06339   0.06864   0.05412   0.05121   0.07389   0.10501   0.05674   0.11590   0.09163   2.00000   1.75195   1.20547   1.69762   0.40000  
  1 99.0000   2210.963761  x:  0.07859   0.06882   0.12653   0.02047   0.06173   0.07850   0.04106   0.05478   0.07383   0.06946   0.08242   0.14004   0.01389   0.10250   0.03129   0.06212   0.07031   0.05679   0.04716   0.07448   0.10293   0.05272   0.11942   0.09721   2.00301   1.75156   1.20530   1.69799   0.40927  
  2 968.9595   2186.635628  x:  0.11513   0.05565   0.19917   0.02167   0.04209   0.05802   0.04811   0.03390   0.04193   0.09562   0.07540   0.16378   0.00986   0.21058   0.05546   0.05169   0.08279   0.07456   0.01738   0.07829   0.08616   0.02122   0.14311   0.13375   2.02941   1.74840   1.20474   1.70048   0.48578  
  3 303.2851   2181.798631  x:  0.12339   0.05322   0.22691   0.01590   0.04282   0.05801   0.04527   0.04516   0.04589   0.09997   0.07201   0.17223   0.00265   0.24260   0.05046   0.05172   0.08582   0.07469   0.05765   0.07637   0.08081   0.04013   0.15028   0.14201   2.05117   1.74586   1.20508   1.70200   0.53242  
  4 225.1957   2177.183897  x:  0.11674   0.05270   0.24428   0.01662   0.05591   0.07226   0.03832   0.05403   0.06705   0.09016   0.07521   0.17548   0.00828   0.24813   0.02396   0.05621   0.08046   0.05743   0.04574   0.07285   0.08316   0.03933   0.15058   0.13536   2.09881   1.74045   1.20763   1.70405   0.60570  
  5 126.1041   2173.389987  x:  0.10646   0.05363   0.24796   0.01694   0.05678   0.07605   0.04139   0.05414   0.07074   0.08154   0.07728   0.17353   0.00000   0.23713   0.03995   0.05851   0.07533   0.05392   0.03976   0.07346   0.08836   0.04346   0.14658   0.12508   2.14637   1.73524   1.21044   1.70593   0.66461  
  6 191.7238   2168.799669  x:  0.09188   0.05278   0.23979   0.00813   0.04406   0.06701   0.04736   0.04381   0.05470   0.07729   0.07960   0.16621   0.02962   0.20122   0.04520   0.05540   0.07479   0.07216   0.04522   0.07593   0.09280   0.04070   0.13966   0.11050   2.25606   1.72376   1.21706   1.71013   0.77616  
  7 288.2247   2167.023485  x:  0.09102   0.05397   0.23114   0.02847   0.04107   0.06027   0.04642   0.04128   0.04462   0.08329   0.07937   0.16184   0.02965   0.18342   0.04050   0.05280   0.07837   0.07933   0.04925   0.07670   0.09131   0.03713   0.13695   0.10964   2.31144   1.71829   1.22021   1.71242   0.82029  
  8 312.7202   2164.130481  x:  0.10377   0.05730   0.20663   0.01663   0.04447   0.05019   0.04090   0.04365   0.04056   0.10175   0.06877   0.15416   0.00969   0.16204   0.03185   0.04937   0.08819   0.08390   0.04599   0.07744   0.08280   0.02902   0.13658   0.12239   2.40347   1.71035   1.22456   1.71662   0.86267  
  9 173.5007   2161.381855  x:  0.12640   0.05691   0.17174   0.01902   0.04247   0.06447   0.04574   0.04130   0.05215   0.11617   0.07135   0.15407   0.01686   0.15976   0.03984   0.05271   0.09448   0.08354   0.03925   0.07683   0.07599   0.04348   0.14419   0.14502   2.53245   1.70086   1.22956   1.72292   0.88189  
 10 145.7649   2154.734015  x:  0.13621   0.05728   0.13284   0.01574   0.04338   0.06989   0.04560   0.04753   0.03277   0.09295   0.09195   0.17291   0.01100   0.18727   0.03928   0.06115   0.07982   0.06811   0.05308   0.06852   0.09329   0.02252   0.15867   0.15483   2.87574   1.67915   1.24124   1.73925   0.86481  
 11 173.3169   2144.991621  x:  0.12672   0.05730   0.14499   0.01582   0.04511   0.03847   0.03936   0.02944   0.04927   0.07076   0.09700   0.19518   0.00000   0.21102   0.02494   0.04423   0.07237   0.07980   0.04552   0.07690   0.10083   0.04492   0.16591   0.14534   3.39873   1.64924   1.25704   1.76352   0.80918  
 12 501.0566   2134.513713  x:  0.10162   0.05415   0.21421   0.01887   0.05433   0.05839   0.03990   0.07570   0.05346   0.09005   0.07298   0.20528   0.00000   0.21684   0.03646   0.04207   0.08719   0.09667   0.03945   0.09138   0.08774   0.03712   0.15891   0.12024   4.07285   1.61584   1.27345   1.79373   0.72206  
 13 785.5126   2131.591222  x:  0.10068   0.05384   0.24784   0.01651   0.04602   0.06637   0.04363   0.05038   0.04963   0.10188   0.06647   0.18886   0.00000   0.20979   0.03497   0.06579   0.08892   0.07308   0.04704   0.07957   0.07975   0.03472   0.14707   0.11930   4.24363   1.61470   1.27187   1.79938   0.69800  
 14 251.0622   2130.958501  x:  0.10677   0.05345   0.25958   0.01549   0.04786   0.06727   0.04026   0.04965   0.04702   0.10260   0.07401   0.17322   0.00000   0.20548   0.03846   0.05361   0.08588   0.06412   0.04855   0.07254   0.08159   0.03474   0.14219   0.12539   4.27566   1.62213   1.26550   1.79844   0.69360  
 15 63.4719   2130.731002  x:  0.11060   0.05351   0.26340   0.01602   0.04713   0.06609   0.04667   0.05210   0.04928   0.09790   0.07529   0.16188   0.00000   0.20543   0.03663   0.05526   0.08384   0.06715   0.04890   0.07497   0.08435   0.03318   0.14137   0.12922   4.29198   1.63361   1.25614   1.79604   0.69239  
 16 30.9847   2130.635543  x:  0.11089   0.05351   0.26356   0.01615   0.04707   0.06640   0.04479   0.05226   0.04881   0.09680   0.07476   0.15961   0.00492   0.20591   0.03670   0.05635   0.08366   0.06800   0.04861   0.07587   0.08467   0.03361   0.14167   0.12951   4.29606   1.63896   1.25189   1.79478   0.69238  
 17 40.0146   2130.408336  x:  0.11093   0.05348   0.26301   0.01679   0.04726   0.06746   0.03848   0.05242   0.04732   0.09350   0.07162   0.15218   0.00241   0.20848   0.03723   0.05926   0.08334   0.07028   0.04784   0.07842   0.08521   0.03490   0.14226   0.12955   4.31199   1.66194   1.23368   1.78932   0.69262  
 18 50.6142   2129.924475  x:  0.10423   0.05355   0.25765   0.01723   0.04935   0.06773   0.04367   0.05053   0.04705   0.09724   0.06752   0.15374   0.00335   0.21320   0.03698   0.05366   0.08577   0.06658   0.04840   0.07577   0.08140   0.03480   0.14403   0.12285   4.34615   1.71800   1.19014   1.77562   0.69422  
 19 58.7946   2129.816715  x:  0.10460   0.05349   0.25866   0.01689   0.04615   0.06591   0.04192   0.05187   0.05000   0.09974   0.07223   0.15896   0.00308   0.21106   0.03756   0.05537   0.08582   0.06707   0.04855   0.07534   0.08208   0.03320   0.14276   0.12322   4.35521   1.73200   1.18054   1.77208   0.69451  
 20 32.6242   2129.774661  x:  0.10646   0.05344   0.26044   0.01646   0.04765   0.06639   0.04260   0.05203   0.04766   0.09936   0.07304   0.16348   0.00279   0.20837   0.03687   0.05638   0.08499   0.06765   0.04763   0.07583   0.08312   0.03486   0.14170   0.12508   4.35934   1.73802   1.17812   1.77035   0.69465  
 21 14.7522   2129.751690  x:  0.10780   0.05338   0.26128   0.01676   0.04768   0.06746   0.04233   0.05094   0.04856   0.09763   0.07118   0.16583   0.00279   0.20663   0.03736   0.05540   0.08445   0.06787   0.04850   0.07623   0.08307   0.03344   0.14184   0.12642   4.36135   1.74142   1.17924   1.76904   0.69495  
 22  6.7801   2129.658544  x:  0.10868   0.05333   0.26210   0.01696   0.04352   0.06609   0.04268   0.05349   0.04765   0.09471   0.06952   0.16685   0.00251   0.20488   0.03718   0.05511   0.08552   0.06489   0.04726   0.07578   0.08109   0.03469   0.14516   0.12730   4.37080   1.75520   1.19295   1.76300   0.69688  
 23  6.0505   2129.343277  x:  0.10842   0.05292   0.26307   0.01678   0.05058   0.06369   0.04277   0.05223   0.04898   0.09590   0.07346   0.16561   0.00183   0.20450   0.03941   0.05830   0.08827   0.06607   0.04775   0.07447   0.08014   0.03355   0.15234   0.12704   4.40394   1.80210   1.24322   1.74349   0.70415  
 24 42.0950   2129.157331  x:  0.10717   0.05311   0.26201   0.01574   0.04696   0.06939   0.04268   0.05026   0.04864   0.10017   0.07433   0.16488   0.00169   0.20797   0.03632   0.05550   0.08556   0.06933   0.04726   0.07572   0.08458   0.03456   0.14817   0.12579   4.42926   1.82646   1.27025   1.73648   0.70801  
 25 47.8316   2129.003594  x:  0.10790   0.05272   0.25894   0.01645   0.04799   0.06575   0.04270   0.05208   0.04950   0.10161   0.07112   0.16552   0.00233   0.21193   0.03770   0.05620   0.08275   0.06644   0.04728   0.07806   0.08432   0.03446   0.13589   0.12652   4.44035   1.84028   1.28396   1.74122   0.71268  
 26 14.7843   2128.211414  x:  0.10847   0.05216   0.25596   0.01528   0.04811   0.06998   0.04271   0.05064   0.04937   0.08945   0.07726   0.16676   0.00238   0.21625   0.03703   0.05556   0.09753   0.07249   0.04491   0.07008   0.07352   0.03439   0.12022   0.12709   4.52882   1.88762   1.31876   1.81039   0.73332  
 27 18.9643   2123.668223  x:  0.11037   0.04718   0.25357   0.01382   0.04760   0.06806   0.04330   0.04611   0.05270   0.09924   0.07241   0.16722   0.00000   0.21217   0.03964   0.05485   0.10194   0.06206   0.03733   0.07618   0.09701   0.03466   0.13997   0.12899   4.97518   2.12732   1.47988   2.20163   0.84681  
 28 149.5356   2123.668223  x:  0.11037   0.04718   0.25357   0.01382   0.04760   0.06806   0.04330   0.04611   0.05270   0.09924   0.07241   0.16722   0.00000   0.21217   0.03964   0.05485   0.10194   0.06206   0.03733   0.07618   0.09701   0.03466   0.13997   0.12899   4.97518   2.12732   1.47988   2.20163   0.84681  
 29 144.1144   2121.115896  x:  0.11188   0.01246   0.24820   0.01441   0.04574   0.06406   0.04352   0.04254   0.04961   0.09452   0.07646   0.16770   0.00018   0.21644   0.04284   0.05236   0.08926   0.06707   0.03012   0.07573   0.08901   0.03161   0.14414   0.13050   4.97786   2.12521   1.47886   2.19994   0.85264  
 30 97.0181   2120.902792  x:  0.11283   0.01224   0.24442   0.01264   0.04636   0.06337   0.04357   0.04376   0.05025   0.09225   0.07752   0.16976   0.00463   0.21963   0.04256   0.05298   0.08303   0.06798   0.03480   0.07532   0.08539   0.03292   0.14767   0.13145   4.98063   2.12296   1.47757   2.19841   0.85834  
 31 35.1687   2120.681528  x:  0.11365   0.01450   0.23913   0.01498   0.04725   0.06312   0.04355   0.04464   0.05089   0.09003   0.07846   0.17240   0.00000   0.22350   0.04188   0.05373   0.07678   0.06805   0.03620   0.07509   0.08196   0.03341   0.15143   0.13227   4.98520   2.11925   1.47546   2.19590   0.86746  
 32 48.1074   2120.681528  x:  0.11365   0.01450   0.23913   0.01498   0.04725   0.06312   0.04355   0.04464   0.05089   0.09003   0.07846   0.17240   0.00000   0.22350   0.04188   0.05373   0.07678   0.06805   0.03620   0.07509   0.08196   0.03341   0.15143   0.13227   4.98520   2.11925   1.47546   2.19590   0.86746  
 33 41.6828   2120.555940  x:  0.11359   0.01271   0.23770   0.01204   0.04647   0.06360   0.04348   0.04332   0.05042   0.09097   0.07764   0.17267   0.00042   0.22419   0.04203   0.05340   0.08034   0.06708   0.03147   0.07553   0.08419   0.03202   0.15162   0.13221   4.98758   2.11737   1.47437   2.19459   0.87174  
 34 24.9084   2120.501137  x:  0.11358   0.01310   0.23706   0.01278   0.04640   0.06379   0.04348   0.04314   0.05027   0.09138   0.07755   0.17286   0.00000   0.22449   0.04212   0.05334   0.08155   0.06689   0.03120   0.07563   0.08494   0.03192   0.15167   0.13220   4.98892   2.11631   1.47377   2.19386   0.87409  
 35 30.6119   2120.179609  x:  0.11365   0.01378   0.22934   0.00864   0.04638   0.06450   0.04363   0.04435   0.05034   0.09406   0.07638   0.17488   0.00000   0.22840   0.04278   0.05300   0.08870   0.06700   0.03791   0.07573   0.08931   0.03361   0.15307   0.13227   5.00750   2.10170   1.46547   2.18365   0.90588  
 36 69.2781   2119.681254  x:  0.11410   0.00695   0.22056   0.01127   0.04771   0.06352   0.04352   0.04610   0.05149   0.09392   0.07735   0.17678   0.00000   0.23294   0.04200   0.05250   0.08558   0.06805   0.03708   0.07509   0.08702   0.03319   0.15507   0.13272   5.03808   2.07790   1.45214   2.16667   0.95572  
 37 105.9243   2119.040533  x:  0.11480   0.01337   0.21085   0.00968   0.04879   0.06172   0.04328   0.04675   0.05275   0.09174   0.07872   0.17915   0.00000   0.23823   0.04092   0.05228   0.07663   0.06923   0.03056   0.07426   0.08103   0.03134   0.15779   0.13342   5.08379   2.04256   1.43238   2.14124   1.02804  
 38 354.5484   2118.732678  x:  0.11473   0.01292   0.22007   0.00943   0.04516   0.06383   0.04360   0.03897   0.04875   0.08802   0.07873   0.17641   0.00000   0.23396   0.04445   0.05579   0.07393   0.06728   0.03182   0.07559   0.08008   0.03237   0.15598   0.13335   5.10942   2.02383   1.42212   2.12688   1.05846  
 39 60.2061   2118.345378  x:  0.11439   0.01287   0.24293   0.00880   0.04616   0.06529   0.04396   0.04650   0.04982   0.08599   0.07822   0.17026   0.00000   0.22289   0.04288   0.05583   0.07594   0.06579   0.03143   0.07651   0.08131   0.03008   0.15160   0.13301   5.14890   1.99633   1.40720   2.10472   1.09394  
 40 75.2984   2118.217345  x:  0.11445   0.01287   0.24957   0.00861   0.04821   0.06237   0.04285   0.04368   0.05272   0.08965   0.07889   0.16949   0.00000   0.22018   0.04146   0.05254   0.07661   0.06851   0.03083   0.07521   0.08144   0.03378   0.15129   0.13307   5.16546   1.98586   1.40162   2.09536   1.10078  
 41 40.8870   2117.970143  x:  0.11496   0.01296   0.25424   0.00888   0.04629   0.05898   0.04473   0.04234   0.05132   0.09683   0.08085   0.17236   0.00000   0.22042   0.04179   0.05214   0.07565   0.07251   0.03358   0.07273   0.08067   0.02725   0.15417   0.13358   5.20644   1.96239   1.38934   2.07207   1.10052  
 42 32.9002   2117.052857  x:  0.11668   0.01347   0.26163   0.01076   0.04291   0.06190   0.04630   0.05123   0.04596   0.10759   0.08408   0.18443   0.00000   0.22659   0.04894   0.05859   0.07188   0.07451   0.03341   0.07070   0.07813   0.03672   0.16442   0.13529   5.37674   1.86689   1.33931   1.97538   1.08803  
 43 145.8212   2115.524221  x:  0.11771   0.01494   0.26183   0.01441   0.05328   0.07077   0.03967   0.04669   0.05542   0.09715   0.08201   0.19540   0.00000   0.23573   0.04139   0.06023   0.07098   0.06721   0.04283   0.07522   0.07572   0.03414   0.17085   0.13633   5.65759   1.71166   1.25734   1.81642   1.06199  
 44 340.9881   2114.848850  x:  0.11678   0.01584   0.25406   0.01621   0.04946   0.06223   0.04850   0.04778   0.05318   0.08464   0.08061   0.18985   0.00000   0.23548   0.04058   0.05186   0.07162   0.06983   0.04475   0.07645   0.07886   0.03663   0.16365   0.13540   5.78367   1.64506   1.22017   1.74677   1.04918  
 45 225.1595   2114.513260  x:  0.11593   0.01630   0.24513   0.01599   0.04822   0.05933   0.04023   0.04923   0.05212   0.08624   0.08138   0.17883   0.00000   0.23095   0.04404   0.05467   0.07138   0.07281   0.04446   0.07523   0.07981   0.03562   0.15386   0.13455   5.84932   1.61472   1.19999   1.71341   1.04242  
 46 102.6494   2114.328879  x:  0.11602   0.01636   0.23933   0.01504   0.04995   0.06408   0.04537   0.04805   0.05303   0.09188   0.08229   0.17126   0.00000   0.22667   0.04283   0.05726   0.07133   0.07234   0.04337   0.07408   0.07823   0.03579   0.14907   0.13464   5.89034   1.59947   1.18675   1.69534   1.03856  
 47 73.8213   2114.003028  x:  0.11875   0.01519   0.23660   0.01294   0.04614   0.06597   0.04269   0.04742   0.04852   0.09572   0.08228   0.17082   0.00000   0.22007   0.03979   0.05083   0.07401   0.06599   0.04024   0.07603   0.07723   0.03524   0.15720   0.13737   5.97315   1.58222   1.15889   1.66957   1.03269  
 48 34.6986   2113.667191  x:  0.11986   0.01370   0.23713   0.01074   0.04831   0.06348   0.04458   0.04582   0.05263   0.09421   0.08061   0.17551   0.00000   0.21726   0.04570   0.05466   0.07762   0.06743   0.03464   0.07761   0.08245   0.03289   0.16495   0.13848   6.06400   1.56689   1.12934   1.64470   1.02692  
 49 112.4179   2113.545189  x:  0.11757   0.01310   0.23970   0.00983   0.04724   0.06504   0.04392   0.04517   0.05049   0.09305   0.08009   0.17938   0.00000   0.22218   0.04110   0.05717   0.07936   0.07123   0.03242   0.07477   0.08391   0.03313   0.16200   0.13618   6.09945   1.56402   1.12062   1.63847   1.02543  
 50 43.5456   2113.442871  x:  0.11498   0.01269   0.24319   0.00904   0.04709   0.06599   0.04395   0.04508   0.05116   0.09497   0.08047   0.18192   0.00000   0.23088   0.04419   0.05369   0.07940   0.06842   0.03165   0.07481   0.08302   0.03214   0.15507   0.13360   6.13369   1.56511   1.11665   1.63706   1.02493  
 51 29.6257   2113.311576  x:  0.11758   0.01273   0.24567   0.00895   0.04722   0.06084   0.04462   0.04498   0.05070   0.09698   0.08057   0.17849   0.00000   0.23875   0.04150   0.05708   0.08029   0.06538   0.03146   0.07992   0.08227   0.03271   0.15288   0.13620   6.18519   1.57334   1.11935   1.64325   1.02578  
 52 21.8179   2112.722232  x:  0.12780   0.01343   0.24992   0.00959   0.04587   0.06814   0.04355   0.04479   0.05156   0.09488   0.07907   0.16096   0.00000   0.25596   0.04333   0.05258   0.07953   0.07353   0.03077   0.08109   0.08679   0.03150   0.15726   0.14642   6.42921   1.61905   1.14219   1.68171   1.03152  
 53 78.0079   2111.280467  x:  0.12002   0.01441   0.24496   0.01013   0.05196   0.06195   0.04421   0.04385   0.04859   0.08953   0.07929   0.15316   0.00000   0.25154   0.04504   0.05485   0.08358   0.06173   0.03120   0.05954   0.08636   0.03188   0.16462   0.13863   7.00918   1.73079   1.20511   1.78020   1.04674  
 54 204.9398   2109.797141  x:  0.10539   0.01502   0.23377   0.01083   0.04450   0.06402   0.04409   0.04399   0.05402   0.09022   0.08011   0.16417   0.00000   0.22998   0.04315   0.05473   0.08554   0.06849   0.03165   0.07776   0.08092   0.03226   0.16179   0.12401   7.64055   1.85178   1.27543   1.89006   1.06363  
 55 577.0375   2109.550383  x:  0.11080   0.01485   0.23097   0.01026   0.04998   0.06448   0.04405   0.04378   0.04897   0.09126   0.07822   0.17362   0.00000   0.22273   0.04284   0.05333   0.08142   0.06873   0.03172   0.07974   0.08588   0.03193   0.15351   0.12942   7.74402   1.86988   1.28721   1.90972   1.06627  
 56 133.6430   2109.502849  x:  0.11378   0.01480   0.23030   0.01033   0.04691   0.06456   0.04400   0.04381   0.05169   0.09097   0.07881   0.17661   0.00000   0.22093   0.04238   0.05382   0.08134   0.06767   0.03173   0.07793   0.08637   0.03212   0.15059   0.13240   7.76412   1.87212   1.28960   1.91455   1.06664  
 57 39.8058   2109.490936  x:  0.11475   0.01476   0.23021   0.01016   0.04739   0.06460   0.04400   0.04375   0.05130   0.09023   0.07960   0.17721   0.00000   0.22066   0.04302   0.05381   0.08332   0.06835   0.03156   0.07767   0.08402   0.03201   0.14996   0.13336   7.76985   1.86971   1.29053   1.91820   1.06637  
 58  6.0143   2109.424070  x:  0.11401   0.01452   0.22993   0.00983   0.04702   0.06461   0.04397   0.04351   0.05131   0.09091   0.07848   0.17642   0.00000   0.22123   0.04275   0.05378   0.08274   0.06788   0.03078   0.07785   0.08542   0.03179   0.15072   0.13262   7.80551   1.84214   1.29729   1.94999   1.06327  
 59  7.7915   2109.422527  x:  0.11396   0.01452   0.22993   0.00971   0.04714   0.06467   0.04396   0.04351   0.05127   0.09075   0.07974   0.17638   0.00000   0.22126   0.04267   0.05375   0.08267   0.06782   0.03080   0.07797   0.08583   0.03180   0.15076   0.13257   7.80695   1.84187   1.29678   1.95056   1.06324  
 60  1.3995   2109.379247  x:  0.11380   0.01490   0.23009   0.01064   0.04726   0.06440   0.04390   0.04376   0.05136   0.09036   0.07888   0.17593   0.00000   0.22172   0.04264   0.05365   0.08195   0.06795   0.03212   0.07776   0.08515   0.03207   0.15053   0.13241   7.85731   1.84142   1.27219   1.96157   1.06389  
 61  2.0508   2108.729907  x:  0.11756   0.01699   0.24319   0.01417   0.04764   0.06528   0.04364   0.04447   0.05103   0.09387   0.07993   0.17800   0.00000   0.23625   0.04351   0.05421   0.08419   0.06881   0.03563   0.07693   0.08691   0.03287   0.15598   0.13616   8.73404   1.78191   1.27660   1.89075   1.10432  
 62  4.5235   2108.611977  x:  0.11698   0.01663   0.23659   0.01315   0.04744   0.06473   0.04364   0.04424   0.05083   0.09333   0.07964   0.17514   0.00000   0.23017   0.04340   0.05410   0.08285   0.06830   0.03273   0.07654   0.08591   0.03231   0.15543   0.13559   9.09447   1.77581   1.24929   1.87394   1.10204  
 63  0.2831   2108.606204  x:  0.11669   0.01639   0.23722   0.01264   0.04749   0.06502   0.04380   0.04418   0.05093   0.09323   0.07974   0.17591   0.00000   0.23086   0.04336   0.05414   0.08342   0.06838   0.03316   0.07656   0.08625   0.03235   0.15475   0.13530   9.16847   1.77351   1.25329   1.87540   1.09815  
 64  0.0593   2108.606059  x:  0.11676   0.01634   0.23753   0.01255   0.04749   0.06499   0.04378   0.04422   0.05093   0.09327   0.07978   0.17587   0.00000   0.23091   0.04339   0.05415   0.08339   0.06838   0.03313   0.07661   0.08622   0.03238   0.15497   0.13537   9.17621   1.77469   1.25324   1.87588   1.09855  
 65  0.0075   2108.606057  x:  0.11677   0.01634   0.23751   0.01254   0.04749   0.06498   0.04377   0.04422   0.05092   0.09326   0.07978   0.17584   0.00000   0.23091   0.04339   0.05415   0.08339   0.06838   0.03314   0.07660   0.08622   0.03237   0.15495   0.13537   9.17648   1.77479   1.25332   1.87601   1.09865  
 66  0.0003   2108.606057  x:  0.11676   0.01634   0.23751   0.01255   0.04749   0.06498   0.04377   0.04422   0.05092   0.09326   0.07978   0.17584   0.00000   0.23091   0.04339   0.05415   0.08339   0.06838   0.03314   0.07660   0.08622   0.03237   0.15495   0.13537   9.17649   1.77480   1.25334   1.87602   1.09866  
 67  0.0000   2108.606057  x:  0.11676   0.01634   0.23751   0.01255   0.04749   0.06498   0.04377   0.04422   0.05092   0.09326   0.07978   0.17584   0.00000   0.23091   0.04339   0.05415   0.08339   0.06838   0.03314   0.07660   0.08622   0.03237   0.15495   0.13537   9.17650   1.77480   1.25333   1.87602   1.09865  
 68  0.0000   2108.606057  x:  0.11676   0.01634   0.23751   0.01255   0.04749   0.06498   0.04377   0.04422   0.05092   0.09326   0.07978   0.17584   0.00000   0.23091   0.04339   0.05415   0.08339   0.06838   0.03314   0.07660   0.08622   0.03237   0.15495   0.13537   9.17649   1.77480   1.25333   1.87602   1.09865  