

TREE # 1

  0  0.0000   2122.941241  x:  0.01972   0.20925   0.02571   0.03211   0.02495   0.05815   0.02188   0.05666   0.08536   0.02661   0.17168   0.01972   0.20925   0.02571   0.03211   0.02495   0.05815   0.02188   0.05666   0.08536   0.02661   0.17168   0.21568   8.40433   1.46201   1.14103   1.22060   1.00000  
  1 99.0000   2087.280486  x:  0.00229   0.20625   0.03748   0.10369   0.03352   0.06503   0.04017   0.07587   0.10134   0.07187   0.16613   0.00000   0.20323   0.02079   0.00478   0.05800   0.05494   0.04264   0.09049   0.08152   0.05934   0.17372   0.21444   8.40429   1.46239   1.13981   1.22320   0.99826  
  2 643.5944   2086.161928  x:  0.00000   0.20566   0.03672   0.10399   0.03311   0.06551   0.03940   0.07674   0.10212   0.07201   0.16546   0.00000   0.20245   0.01979   0.00074   0.05743   0.05467   0.04189   0.09172   0.08117   0.05918   0.17422   0.21439   8.40428   1.46246   1.13966   1.22351   0.99798  
  3 230.0947   2086.037773  x:  0.00000   0.20558   0.03669   0.10397   0.03313   0.06552   0.03940   0.07674   0.10217   0.07200   0.16538   0.00000   0.20232   0.01978   0.00000   0.05740   0.05467   0.04190   0.09173   0.08115   0.05923   0.17432   0.21441   8.40428   1.46247   1.13963   1.22356   0.99792  
  4 635.2844   2085.390409  x:  0.00000   0.19326   0.04253   0.10474   0.02622   0.06369   0.03669   0.07683   0.10193   0.07582   0.15698   0.00000   0.18436   0.02632   0.00000   0.06222   0.05392   0.03904   0.09164   0.07976   0.04978   0.18373   0.21802   8.40397   1.46444   1.13302   1.23475   0.98645  
  5 60.7829   2085.132048  x:  0.00000   0.18671   0.04356   0.10620   0.03332   0.06404   0.03584   0.07749   0.09650   0.07662   0.15645   0.00000   0.17674   0.02305   0.00000   0.06290   0.05358   0.03775   0.09127   0.08087   0.04497   0.18188   0.21922   8.40363   1.46633   1.12696   1.24500   0.97556  
  6 37.4321   2084.666038  x:  0.00000   0.17600   0.04144   0.10819   0.02780   0.06540   0.03477   0.07771   0.08604   0.07608   0.16013   0.00000   0.16764   0.01895   0.00000   0.06086   0.05335   0.03736   0.09097   0.08375   0.05011   0.17150   0.22013   8.40273   1.47108   1.11237   1.26995   0.94833  
  7 52.8226   2084.152576  x:  0.00000   0.17075   0.03605   0.10874   0.02955   0.06610   0.03521   0.07912   0.09550   0.07567   0.16613   0.00000   0.16971   0.02814   0.00000   0.05601   0.05333   0.03740   0.09417   0.08248   0.04858   0.16137   0.21866   8.40123   1.47853   1.09251   1.30551   0.90735  
  8 52.2014   2083.745278  x:  0.00000   0.17540   0.03978   0.10554   0.02744   0.06451   0.03551   0.07781   0.10347   0.07661   0.16819   0.00000   0.17753   0.01960   0.00000   0.05826   0.05353   0.03861   0.09422   0.07863   0.04667   0.16369   0.21618   8.39977   1.48546   1.07838   1.33391   0.87213  
  9 61.6551   2083.575421  x:  0.00000   0.18175   0.03987   0.10500   0.02868   0.06581   0.03238   0.08002   0.10079   0.07618   0.16571   0.00000   0.18266   0.02094   0.00000   0.06060   0.05239   0.03433   0.09509   0.07911   0.04944   0.16914   0.21445   8.39888   1.48933   1.07462   1.34569   0.85537  
 10 40.1805   2083.483193  x:  0.00000   0.18667   0.03723   0.10643   0.02770   0.06716   0.03424   0.08164   0.09723   0.07491   0.16186   0.00000   0.18515   0.02150   0.00000   0.05913   0.05227   0.03674   0.09668   0.08048   0.04716   0.17269   0.21326   8.39815   1.49225   1.07514   1.35124   0.84544  
 11 28.4352   2083.409345  x:  0.00000   0.19054   0.03769   0.11013   0.02766   0.06451   0.03293   0.07937   0.09743   0.07442   0.15666   0.00000   0.18452   0.02127   0.00000   0.05519   0.05367   0.03564   0.09631   0.08079   0.04708   0.17102   0.21254   8.39693   1.49655   1.08245   1.35295   0.83657  
 12 10.9915   2083.257705  x:  0.00000   0.19403   0.03711   0.10860   0.02741   0.06829   0.03353   0.08005   0.10012   0.07247   0.15000   0.00000   0.18118   0.02065   0.00000   0.05857   0.05113   0.03510   0.09646   0.07898   0.04702   0.16377   0.21212   8.39363   1.50768   1.10435   1.35338   0.81927  
 13 18.0073   2083.139290  x:  0.00000   0.19228   0.03733   0.10548   0.02740   0.06663   0.03084   0.08459   0.10035   0.07479   0.15347   0.00000   0.18045   0.02059   0.00000   0.05823   0.05399   0.03719   0.09990   0.07983   0.04701   0.16380   0.21276   8.39045   1.51795   1.12319   1.35327   0.80816  
 14 21.2233   2083.052073  x:  0.00000   0.18931   0.03677   0.10541   0.02677   0.06601   0.03401   0.08568   0.10040   0.07632   0.15835   0.00000   0.18097   0.02002   0.00000   0.05670   0.05355   0.03373   0.10163   0.08036   0.04647   0.16618   0.21322   8.38786   1.52607   1.13665   1.35352   0.80178  
 15 35.4141   2082.983914  x:  0.00000   0.18570   0.03514   0.10823   0.02648   0.06772   0.03153   0.08354   0.10069   0.07570   0.16252   0.00000   0.18247   0.01962   0.00000   0.05593   0.05044   0.03436   0.10105   0.07969   0.04573   0.16938   0.21301   8.38549   1.53301   1.14570   1.35464   0.79975  
 16 20.5932   2082.913015  x:  0.00000   0.18223   0.03494   0.11031   0.02611   0.07057   0.03108   0.08371   0.10091   0.07291   0.16185   0.00000   0.18463   0.01923   0.00000   0.05664   0.05519   0.03330   0.10132   0.07768   0.04526   0.17022   0.21052   8.38205   1.54178   1.15028   1.35906   0.80581  
 17  8.2988   2082.627034  x:  0.00000   0.17520   0.03695   0.10905   0.02573   0.06804   0.03084   0.08906   0.10153   0.07227   0.15257   0.00000   0.19038   0.01807   0.00000   0.05362   0.05010   0.03309   0.10599   0.07634   0.04553   0.16820   0.20088   8.36714   1.57776   1.16169   1.38087   0.84004  
 18 23.6282   2082.493335  x:  0.00000   0.17894   0.03116   0.10776   0.02511   0.06890   0.02960   0.08741   0.10344   0.07760   0.15111   0.00000   0.18826   0.01671   0.00000   0.05458   0.05104   0.03171   0.10699   0.07901   0.04455   0.16737   0.20216   8.35979   1.59356   1.16552   1.39189   0.85742  
 19 29.7389   2082.421998  x:  0.00000   0.18521   0.03349   0.10842   0.02484   0.07193   0.02918   0.08867   0.10455   0.07630   0.15387   0.00000   0.18360   0.01669   0.00000   0.05201   0.05063   0.03154   0.10902   0.07813   0.04441   0.16735   0.20655   8.35538   1.60059   1.16708   1.39821   0.86702  
 20 17.6123   2082.402719  x:  0.00000   0.18691   0.03242   0.10927   0.02479   0.06985   0.02922   0.08947   0.10471   0.07405   0.15497   0.00000   0.18202   0.01653   0.00000   0.05311   0.05034   0.03141   0.10981   0.07689   0.04439   0.16746   0.20782   8.35396   1.60134   1.16755   1.39983   0.86922  
 21  8.9739   2082.071811  x:  0.00000   0.18701   0.03086   0.11221   0.02482   0.07084   0.02954   0.09371   0.10880   0.07512   0.15575   0.00000   0.17380   0.01513   0.00000   0.05269   0.05028   0.03169   0.10788   0.07895   0.04573   0.17221   0.19654   8.31417   1.54262   1.18323   1.42104   0.87853  
 22  1.9177   2081.928748  x:  0.00000   0.18420   0.03068   0.11095   0.02565   0.07136   0.02967   0.08845   0.10654   0.07703   0.15254   0.00000   0.17549   0.01544   0.00000   0.05256   0.05030   0.03202   0.11582   0.07406   0.04665   0.17296   0.20130   8.29636   1.52150   1.18707   1.42627   0.88065  
 23 22.6523   2081.751720  x:  0.00000   0.17800   0.03093   0.11376   0.02548   0.07160   0.02964   0.09210   0.10947   0.07576   0.14592   0.00000   0.18097   0.01346   0.00000   0.05287   0.05012   0.03196   0.11470   0.07883   0.04769   0.17398   0.21650   8.27330   1.50764   1.18433   1.42326   0.87937  
 24 13.5079   2081.274293  x:  0.00000   0.17378   0.02661   0.11817   0.02587   0.07242   0.03047   0.09979   0.10899   0.08519   0.14115   0.00000   0.17625   0.01263   0.00000   0.04937   0.05031   0.03278   0.10772   0.06572   0.05025   0.17843   0.22027   8.21155   1.50187   1.16127   1.39408   0.86783  
 25 14.7765   2080.132992  x:  0.00000   0.16475   0.02620   0.12583   0.02846   0.07480   0.03201   0.09502   0.11749   0.08604   0.13533   0.00000   0.15506   0.00978   0.00000   0.05219   0.05079   0.03525   0.12255   0.07350   0.05740   0.19206   0.21035   8.06135   1.49820   1.10146   1.31813   0.83753  
 26 90.5246   2079.740407  x:  0.00000   0.16389   0.02705   0.12925   0.03047   0.07393   0.03468   0.09245   0.11886   0.08851   0.13520   0.00000   0.15191   0.01164   0.00000   0.05491   0.05181   0.03825   0.11979   0.07423   0.06141   0.19853   0.21427   8.00004   1.59099   1.16778   1.40566   0.84890  
 27  2.9788   2079.619941  x:  0.00000   0.16246   0.02656   0.13410   0.02939   0.07423   0.03409   0.09474   0.12152   0.09076   0.13654   0.00000   0.15494   0.01573   0.00000   0.05495   0.05112   0.03759   0.12252   0.07444   0.06246   0.19977   0.21333   7.92089   1.57113   1.15313   1.38496   0.84168  
 28  0.1295   2079.595189  x:  0.00000   0.16355   0.02715   0.13692   0.02915   0.07399   0.03407   0.09505   0.12252   0.09241   0.13856   0.00000   0.15803   0.01456   0.00000   0.05550   0.05097   0.03763   0.12339   0.07381   0.06366   0.20026   0.21249   7.87036   1.57313   1.15745   1.38959   0.83866  
 29  0.0615   2079.593575  x:  0.00000   0.16363   0.02680   0.13756   0.02901   0.07393   0.03402   0.09513   0.12281   0.09272   0.13789   0.00000   0.15698   0.01435   0.00000   0.05534   0.05102   0.03758   0.12359   0.07388   0.06379   0.20014   0.21264   7.86135   1.57219   1.15810   1.38976   0.83921  
 30  0.0093   2079.593536  x:  0.00000   0.16353   0.02680   0.13765   0.02903   0.07394   0.03402   0.09509   0.12282   0.09272   0.13789   0.00000   0.15703   0.01432   0.00000   0.05531   0.05104   0.03757   0.12355   0.07392   0.06377   0.20002   0.21269   7.86416   1.57215   1.15777   1.38926   0.83923  
 31  0.0025   2079.593535  x:  0.00000   0.16355   0.02681   0.13767   0.02903   0.07394   0.03402   0.09508   0.12282   0.09271   0.13789   0.00000   0.15702   0.01432   0.00000   0.05532   0.05103   0.03757   0.12354   0.07391   0.06376   0.20000   0.21268   7.86467   1.57211   1.15774   1.38926   0.83924  
 32  0.0005   2079.593535  x:  0.00000   0.16354   0.02681   0.13767   0.02903   0.07394   0.03402   0.09508   0.12282   0.09271   0.13789   0.00000   0.15703   0.01433   0.00000   0.05532   0.05103   0.03757   0.12354   0.07391   0.06376   0.20000   0.21268   7.86470   1.57211   1.15775   1.38928   0.83924  
 33  0.0000   2079.593535  x:  0.00000   0.16354   0.02681   0.13767   0.02903   0.07394   0.03402   0.09508   0.12282   0.09271   0.13789   0.00000   0.15703   0.01433   0.00000   0.05531   0.05103   0.03757   0.12354   0.07391   0.06376   0.20000   0.21268   7.86468   1.57212   1.15775   1.38928   0.83924  
 34  0.0000   2079.593535  x:  0.00000   0.16354   0.02681   0.13768   0.02903   0.07394   0.03402   0.09508   0.12282   0.09271   0.13789   0.00000   0.15703   0.01433   0.00000   0.05531   0.05103   0.03757   0.12354   0.07391   0.06376   0.20000   0.21268   7.86468   1.57212   1.15775   1.38928   0.83924  
 35  0.0000   2079.593535  x:  0.00000   0.16354   0.02681   0.13767   0.02903   0.07394   0.03402   0.09508   0.12282   0.09271   0.13789   0.00000   0.15703   0.01433   0.00000   0.05531   0.05103   0.03757   0.12354   0.07391   0.06376   0.20000   0.21268   7.86468   1.57212   1.15775   1.38928   0.83924  

TREE # 2

  0  0.0000   2382.186311  x:  0.00000   0.16354   0.02681   0.13767   0.02903   0.07394   0.03402   0.09508   0.12282   0.09271   0.13789   0.00000   0.15703   0.01433   0.00000   0.05531   0.05103   0.03757   0.12354   0.07391   0.06376   0.20000   0.21268   7.86468   1.54367   1.05979   1.27328   0.83924  
  1 99.0000   2208.866396  x:  0.13609   0.16418   0.03818   0.13882   0.03154   0.07231   0.03669   0.09258   0.12291   0.09262   0.13694   0.04303   0.15856   0.04614   0.35311   0.06207   0.05328   0.04244   0.12410   0.07471   0.06227   0.19835   0.21051   7.86468   1.54371   1.05980   1.27333   0.83921  
  2 21802.4426   2128.151561  x:  0.17628   0.08756   0.28098   0.18266   0.10821   0.01289   0.12090   0.00000   0.12504   0.05286   0.07737   0.02664   0.09710   0.14581   0.32912   0.08490   0.02717   0.19445   0.13795   0.09919   0.01185   0.13882   0.13226   7.86487   1.54107   1.06638   1.27609   0.83746  
  3 609.4898   2098.716536  x:  0.20339   0.00000   0.30614   0.18174   0.08861   0.00586   0.10538   0.00000   0.12410   0.05023   0.03558   0.06003   0.01555   0.16029   0.31480   0.08734   0.01148   0.20050   0.13622   0.10468   0.06460   0.08762   0.05493   7.86505   1.53720   1.07537   1.27874   0.83569  
  4 305.7856   2095.433594  x:  0.20788   0.00000   0.30849   0.18129   0.08576   0.01062   0.10247   0.00000   0.12392   0.05074   0.03578   0.05907   0.00000   0.16171   0.31326   0.08796   0.01290   0.20008   0.13588   0.10446   0.06277   0.08097   0.04386   7.86508   1.53651   1.07686   1.27928   0.83540  
  5 403.0987   2094.269951  x:  0.21543   0.00000   0.31021   0.17943   0.08001   0.00406   0.09667   0.00000   0.12378   0.05149   0.03854   0.05585   0.00000   0.16317   0.31085   0.08860   0.01481   0.19748   0.13516   0.10346   0.05713   0.07229   0.02982   7.86513   1.53530   1.07948   1.28027   0.83487  
  6 236.0993   2093.639062  x:  0.23206   0.00000   0.31571   0.17501   0.07276   0.00465   0.08711   0.00000   0.12357   0.05081   0.03455   0.05345   0.00000   0.16673   0.30461   0.08834   0.00747   0.19164   0.13388   0.10152   0.05076   0.06548   0.03483   7.86526   1.53240   1.08565   1.28299   0.83361  
  7 53.3929   2093.260656  x:  0.24817   0.00000   0.32232   0.17021   0.06934   0.00471   0.08123   0.00000   0.12354   0.05009   0.03469   0.05547   0.00000   0.17044   0.29775   0.09004   0.01558   0.18640   0.13392   0.10098   0.05126   0.06538   0.03985   7.86541   1.52911   1.09272   1.28638   0.83211  
  8 64.6512   2092.983680  x:  0.26240   0.00000   0.32719   0.16539   0.07119   0.00527   0.08143   0.00000   0.12376   0.05088   0.04129   0.05747   0.00000   0.17239   0.29181   0.08976   0.01324   0.17951   0.13343   0.10147   0.05355   0.07201   0.03847   7.86559   1.52541   1.10093   1.29058   0.83037  
  9 48.8693   2092.815085  x:  0.27024   0.00000   0.32726   0.16226   0.07467   0.00507   0.08573   0.00000   0.12402   0.05179   0.03631   0.05541   0.00000   0.17121   0.28908   0.08922   0.01402   0.17251   0.13352   0.10162   0.05236   0.07681   0.03586   7.86579   1.52215   1.10870   1.29485   0.82869  
 10 33.1870   2092.640577  x:  0.27308   0.00000   0.32559   0.16317   0.07770   0.00476   0.09404   0.00000   0.12413   0.04948   0.03813   0.05448   0.00000   0.16722   0.28820   0.08862   0.01455   0.16636   0.13568   0.10198   0.05331   0.06961   0.03796   7.86623   1.51688   1.12319   1.30385   0.82545  
 11 16.3874   2092.169855  x:  0.26489   0.00000   0.32380   0.17482   0.07334   0.00440   0.09160   0.00000   0.12387   0.05951   0.03821   0.05703   0.00000   0.16016   0.29042   0.08924   0.01420   0.16676   0.14054   0.10367   0.05003   0.07130   0.03903   7.86792   1.50231   1.17114   1.33688   0.81464  
 12 20.5146   2091.859555  x:  0.25799   0.00000   0.32014   0.17701   0.07255   0.00486   0.08535   0.00000   0.12372   0.04870   0.03800   0.05549   0.00000   0.15891   0.29263   0.08870   0.01396   0.16855   0.14006   0.10289   0.04917   0.07549   0.03743   7.86906   1.49640   1.19871   1.35772   0.80855  
 13 51.9416   2091.442916  x:  0.24888   0.00000   0.31033   0.16190   0.07894   0.00501   0.08066   0.00000   0.12451   0.05264   0.03878   0.04862   0.00000   0.16900   0.29489   0.08593   0.01485   0.17441   0.12996   0.09782   0.05228   0.07239   0.03859   7.87087   1.50261   1.22364   1.38484   0.80410  
 14 21.7908   2090.881562  x:  0.24306   0.00000   0.29473   0.14694   0.06892   0.00596   0.09006   0.00000   0.12438   0.05139   0.03888   0.05810   0.00000   0.17869   0.29324   0.08626   0.01503   0.17795   0.12296   0.09980   0.04255   0.07294   0.03857   7.87345   1.52652   1.24172   1.41756   0.80347  
 15 28.0522   2088.308577  x:  0.25175   0.00000   0.23809   0.15485   0.06063   0.00682   0.08972   0.00000   0.12127   0.05171   0.04127   0.03541   0.00000   0.18367   0.28297   0.09576   0.01427   0.17134   0.14121   0.11733   0.04134   0.07677   0.03966   7.88521   1.67285   1.27936   1.54572   0.81712  
 16 40.6612   2086.829451  x:  0.25401   0.00000   0.21286   0.16345   0.07777   0.00623   0.07791   0.00000   0.12189   0.05206   0.04164   0.04695   0.00000   0.17175   0.27608   0.09053   0.01595   0.15865   0.14458   0.10670   0.02758   0.07426   0.03887   7.89232   1.76257   1.29874   1.61628   0.82748  
 17 143.7224   2085.851109  x:  0.24929   0.00000   0.21811   0.16542   0.06722   0.00701   0.07993   0.00000   0.12407   0.05254   0.04292   0.04183   0.00000   0.14923   0.27662   0.07855   0.01935   0.14493   0.13316   0.08581   0.02871   0.07732   0.03870   7.89692   1.81807   1.30986   1.65160   0.83599  
 18 67.0628   2085.616095  x:  0.24350   0.00000   0.22405   0.15966   0.06767   0.00719   0.07627   0.00000   0.12334   0.05281   0.04317   0.04105   0.00000   0.13917   0.27861   0.08088   0.01976   0.13668   0.12695   0.09572   0.02742   0.07620   0.03924   7.89816   1.82816   1.31320   1.65134   0.83951  
 19 20.4855   2085.257868  x:  0.23342   0.00000   0.22285   0.15127   0.06634   0.00777   0.07497   0.00000   0.12103   0.05321   0.04364   0.04036   0.00000   0.14314   0.28028   0.09005   0.01818   0.12507   0.14084   0.08963   0.02589   0.07679   0.03879   7.90044   1.82050   1.32192   1.60841   0.85006  
 20  9.1440   2084.685570  x:  0.23409   0.00000   0.20592   0.15501   0.06451   0.00811   0.07516   0.00000   0.12673   0.05352   0.04449   0.03806   0.00000   0.14653   0.27756   0.07558   0.02090   0.12562   0.13892   0.09601   0.02321   0.07739   0.03963   7.90418   1.79526   1.33265   1.52823   0.86597  
 21 30.3320   2084.499008  x:  0.23828   0.00000   0.19714   0.15786   0.06497   0.00803   0.07661   0.00000   0.12461   0.05360   0.04481   0.03723   0.00000   0.14172   0.27539   0.08499   0.02039   0.13084   0.13035   0.09340   0.02287   0.07779   0.04003   7.90551   1.78074   1.33108   1.50255   0.86914  
 22 27.7180   2084.055313  x:  0.24059   0.00000   0.18777   0.14930   0.06398   0.00832   0.07580   0.00000   0.11172   0.05423   0.04530   0.03590   0.00000   0.13128   0.27320   0.07943   0.02088   0.13450   0.13758   0.09318   0.02126   0.07768   0.03964   7.90914   1.69631   1.26847   1.47355   0.85274  
 23  9.8400   2083.624196  x:  0.23784   0.00000   0.18013   0.15147   0.06251   0.00869   0.07545   0.00000   0.12568   0.05446   0.04575   0.03459   0.00000   0.13397   0.27171   0.08309   0.02108   0.12433   0.13601   0.09294   0.01984   0.07737   0.03941   7.91277   1.60876   1.20112   1.44777   0.83456  
 24 69.4385   2083.603319  x:  0.23702   0.00000   0.18000   0.15381   0.06249   0.00862   0.07566   0.00000   0.12227   0.05450   0.04578   0.03454   0.00000   0.13669   0.27169   0.08281   0.02135   0.12158   0.13392   0.09304   0.01983   0.07737   0.03947   7.91296   1.60472   1.19787   1.44649   0.83348  
 25  8.2383   2083.166218  x:  0.23885   0.00000   0.18045   0.15575   0.06262   0.01056   0.07419   0.00000   0.12320   0.05558   0.04741   0.03637   0.00000   0.13514   0.26850   0.08347   0.02272   0.11952   0.13522   0.09369   0.02621   0.07615   0.03771   7.91807   1.59344   1.17882   1.39663   0.77350  
 26  0.2912   2082.737550  x:  0.24018   0.00000   0.18119   0.15705   0.06272   0.01245   0.07255   0.00000   0.12313   0.05636   0.04894   0.03821   0.00000   0.13418   0.26544   0.08335   0.02433   0.11855   0.13503   0.09412   0.03305   0.07444   0.03571   7.92145   1.54860   1.15799   1.38015   0.84144  
 27  4.0136   2082.362812  x:  0.24588   0.00000   0.19580   0.16139   0.05890   0.01634   0.07067   0.00000   0.12373   0.05687   0.05142   0.04194   0.00000   0.13560   0.25676   0.08544   0.02693   0.12221   0.13439   0.09461   0.02965   0.07150   0.03039   7.91835   1.58132   1.16530   1.38661   0.83351  
 28  0.0306   2081.343978  x:  0.23004   0.00000   0.18582   0.16073   0.06928   0.02314   0.07374   0.00000   0.12588   0.05328   0.05947   0.03946   0.00000   0.13667   0.22064   0.08558   0.03454   0.12107   0.13274   0.09509   0.03067   0.07587   0.03778   7.90195   1.65889   1.18862   1.43617   0.83198  
 29  0.0294   2080.416819  x:  0.21853   0.00000   0.19783   0.15392   0.06219   0.02576   0.07287   0.00000   0.12351   0.05323   0.06047   0.03573   0.00000   0.14025   0.18485   0.08988   0.03348   0.12506   0.13822   0.09487   0.02801   0.07880   0.03676   7.88085   1.52541   1.13239   1.34791   0.82688  
 30  0.0925   2079.813942  x:  0.21477   0.00000   0.19661   0.15655   0.06039   0.02129   0.07300   0.00000   0.12378   0.05563   0.05355   0.03737   0.00000   0.13554   0.16316   0.09320   0.02655   0.11905   0.13889   0.09414   0.02861   0.07469   0.03134   7.86482   1.57563   1.17538   1.41369   0.84737  
 31  0.0552   2079.641598  x:  0.21156   0.00000   0.20027   0.15779   0.06390   0.01619   0.07326   0.00000   0.12361   0.05579   0.04934   0.03828   0.00000   0.13764   0.16794   0.09321   0.02369   0.12234   0.13808   0.09504   0.02882   0.07310   0.03377   7.87306   1.57264   1.16529   1.39541   0.84352  
 32  0.0237   2079.602149  x:  0.21386   0.00000   0.19994   0.15673   0.06418   0.01500   0.07383   0.00000   0.12367   0.05502   0.05023   0.03759   0.00000   0.13838   0.16282   0.09198   0.02578   0.12317   0.13701   0.09518   0.02918   0.07412   0.03474   7.86788   1.57289   1.15552   1.38609   0.83835  
 33  0.0146   2079.594645  x:  0.21177   0.00000   0.19971   0.15697   0.06358   0.01441   0.07398   0.00000   0.12356   0.05509   0.05081   0.03749   0.00000   0.13789   0.16411   0.09230   0.02665   0.12309   0.13738   0.09508   0.02920   0.07411   0.03411   7.86414   1.57271   1.15620   1.38866   0.83819  
 34  0.0047   2079.593565  x:  0.21277   0.00000   0.19999   0.15703   0.06379   0.01432   0.07391   0.00000   0.12355   0.05528   0.05099   0.03756   0.00000   0.13784   0.16362   0.09264   0.02681   0.12280   0.13769   0.09506   0.02905   0.07394   0.03395   7.86393   1.57199   1.15761   1.38908   0.83893  
 35  0.0025   2079.593537  x:  0.21267   0.00000   0.20001   0.15703   0.06375   0.01433   0.07391   0.00000   0.12354   0.05531   0.05102   0.03759   0.00000   0.13789   0.16353   0.09270   0.02682   0.12282   0.13769   0.09508   0.02903   0.07394   0.03402   7.86432   1.57211   1.15778   1.38927   0.83916  
 36  0.0007   2079.593535  x:  0.21268   0.00000   0.20001   0.15703   0.06376   0.01433   0.07391   0.00000   0.12354   0.05532   0.05103   0.03757   0.00000   0.13789   0.16354   0.09271   0.02681   0.12282   0.13768   0.09508   0.02903   0.07394   0.03402   7.86459   1.57213   1.15777   1.38929   0.83923  
 37  0.0003   2079.593535  x:  0.21268   0.00000   0.20000   0.15703   0.06376   0.01432   0.07391   0.00000   0.12354   0.05532   0.05103   0.03757   0.00000   0.13789   0.16354   0.09271   0.02681   0.12282   0.13767   0.09508   0.02903   0.07394   0.03402   7.86469   1.57211   1.15775   1.38927   0.83924  
 38  0.0001   2079.593535  x:  0.21268   0.00000   0.20000   0.15703   0.06376   0.01433   0.07391   0.00000   0.12354   0.05531   0.05103   0.03757   0.00000   0.13789   0.16354   0.09271   0.02681   0.12282   0.13767   0.09508   0.02903   0.07394   0.03402   7.86469   1.57212   1.15775   1.38928   0.83924  
 39  0.0000   2079.593535  x:  0.21268   0.00000   0.20000   0.15703   0.06376   0.01433   0.07391   0.00000   0.12354   0.05531   0.05103   0.03757   0.00000   0.13789   0.16354   0.09271   0.02681   0.12282   0.13767   0.09508   0.02903   0.07394   0.03402   7.86468   1.57212   1.15775   1.38928   0.83924  
 40  0.0000   2079.593535  x:  0.21268   0.00000   0.20000   0.15703   0.06376   0.01433   0.07391   0.00000   0.12354   0.05531   0.05103   0.03757   0.00000   0.13789   0.16354   0.09271   0.02681   0.12282   0.13767   0.09508   0.02903   0.07394   0.03402   7.86468   1.57212   1.15775   1.38928   0.83924  