

TREE # 1

  0  0.0000   2213.118072  x:  0.04703   0.00457   0.09562   0.00000   0.10512   0.06641   0.06186   0.04218   0.09260   0.06504   0.06966   0.09665   0.01765   0.07299   0.01502   0.03908   0.10514   0.03450   0.05439   0.08682   0.10497   0.06319   0.09200   0.06565   2.00000   1.37968   0.86195   1.29747   0.40000  
  1 99.0000   2195.081341  x:  0.05362   0.01402   0.10076   0.12511   0.10376   0.05948   0.06444   0.03812   0.09314   0.08056   0.06991   0.10077   0.01166   0.08367   0.01918   0.03582   0.10183   0.03373   0.04985   0.09977   0.10495   0.06173   0.09815   0.07224   2.00231   1.37936   0.86186   1.29813   0.40531  
  2 2439.6072   2178.223161  x:  0.06303   0.01376   0.10733   0.12308   0.09924   0.04772   0.06782   0.03249   0.09293   0.09699   0.06714   0.10706   0.00000   0.09916   0.02306   0.03008   0.09588   0.03285   0.04196   0.11896   0.10477   0.05914   0.10779   0.08165   2.00654   1.37879   0.86200   1.29915   0.41433  
  3 455.0872   2170.631282  x:  0.05899   0.01467   0.12102   0.12313   0.08078   0.01406   0.07006   0.02964   0.09390   0.09989   0.05399   0.11178   0.00000   0.09534   0.00383   0.02279   0.07999   0.03937   0.02940   0.12072   0.10382   0.05442   0.11267   0.07761   2.02040   1.37691   0.86305   1.30236   0.43704  
  4 231.5551   2168.498045  x:  0.05689   0.01483   0.12573   0.12315   0.07377   0.00261   0.07056   0.02926   0.09440   0.09984   0.04898   0.11290   0.00000   0.09290   0.00730   0.02137   0.07425   0.04153   0.02582   0.11984   0.10381   0.05336   0.11353   0.07551   2.02583   1.37620   0.86345   1.30361   0.44534  
  5 644.1059   2164.524213  x:  0.05130   0.01462   0.14517   0.12332   0.04493   0.01176   0.07276   0.02918   0.09764   0.10300   0.02815   0.11720   0.00000   0.08595   0.01266   0.01915   0.05120   0.04842   0.01475   0.11806   0.10413   0.04963   0.11690   0.06992   2.05081   1.37304   0.86525   1.30936   0.48145  
  6 250.2884   2162.601641  x:  0.05383   0.01338   0.15779   0.12322   0.03029   0.01141   0.07240   0.03103   0.09947   0.10708   0.02218   0.11714   0.00000   0.08621   0.01191   0.03023   0.04538   0.04863   0.03413   0.11540   0.10508   0.05043   0.11540   0.07245   2.07776   1.37001   0.86708   1.31536   0.51218  
  7 165.5460   2157.391371  x:  0.05629   0.01556   0.19152   0.12195   0.04960   0.01284   0.06768   0.03667   0.10333   0.11095   0.04680   0.10846   0.00000   0.08569   0.01307   0.03260   0.05827   0.03362   0.03360   0.09973   0.11013   0.05766   0.10035   0.07491   2.20079   1.35720   0.87607   1.34144   0.62872  
  8 148.8831   2153.613857  x:  0.05409   0.00597   0.17256   0.12363   0.06147   0.01399   0.06622   0.03234   0.09931   0.09018   0.02988   0.10004   0.00000   0.09054   0.01408   0.02746   0.08171   0.04234   0.03768   0.11554   0.10955   0.05891   0.09945   0.07271   2.31193   1.34882   0.88500   1.36153   0.68966  
  9 159.4967   2152.238745  x:  0.05401   0.02275   0.15631   0.12274   0.06398   0.01456   0.06659   0.03055   0.09660   0.08415   0.02347   0.09876   0.00000   0.09111   0.01469   0.02632   0.09010   0.04493   0.03963   0.12020   0.10839   0.05852   0.10127   0.07263   2.37443   1.34503   0.89008   1.37192   0.71454  
 10 391.0799   2147.215756  x:  0.05370   0.01994   0.09350   0.12292   0.05159   0.01438   0.07176   0.03040   0.08901   0.09843   0.03729   0.10476   0.00000   0.08202   0.01503   0.02822   0.09098   0.04321   0.03681   0.11300   0.10219   0.05303   0.11306   0.07232   2.56319   1.33793   0.90556   1.39901   0.75055  
 11 252.2728   2134.708426  x:  0.06074   0.01679   0.09707   0.12400   0.05034   0.01216   0.05584   0.04798   0.10356   0.06748   0.04578   0.12884   0.00000   0.12419   0.01207   0.02943   0.04221   0.03415   0.03168   0.10345   0.09726   0.06171   0.10700   0.07936   3.17153   1.33999   0.95116   1.46787   0.68776  
 12 181.3613   2118.491712  x:  0.04436   0.01713   0.15877   0.12108   0.06806   0.01102   0.06823   0.04481   0.11757   0.12241   0.03013   0.12839   0.00000   0.09539   0.01170   0.03100   0.04191   0.05700   0.03845   0.12117   0.10691   0.05952   0.09602   0.06298   4.05961   1.35465   1.01074   1.56228   0.56517  
 13 886.5965   2114.858156  x:  0.06174   0.01587   0.17968   0.12127   0.05002   0.01105   0.07286   0.03126   0.11230   0.11778   0.02731   0.11644   0.00000   0.07870   0.01183   0.02938   0.06230   0.04721   0.03015   0.11518   0.11165   0.05357   0.10509   0.08036   4.24795   1.36523   1.01809   1.57803   0.53646  
 14 451.6359   2114.152150  x:  0.05483   0.01673   0.18459   0.12121   0.04127   0.01146   0.07450   0.02673   0.10392   0.11779   0.03021   0.10801   0.00000   0.08664   0.01173   0.02881   0.06859   0.04038   0.02967   0.11403   0.11279   0.05299   0.11005   0.07345   4.28386   1.37522   1.01354   1.57646   0.53211  
 15 95.4320   2113.403696  x:  0.05636   0.01663   0.18642   0.12127   0.04285   0.01130   0.07373   0.03918   0.08570   0.11972   0.02716   0.10005   0.00000   0.08615   0.01146   0.02562   0.06533   0.03892   0.02997   0.11408   0.11236   0.05529   0.11345   0.07498   4.32489   1.41025   0.99050   1.56094   0.53326  
 16 44.3763   2111.799348  x:  0.05718   0.01686   0.18656   0.12112   0.04693   0.01208   0.07148   0.02428   0.07998   0.11617   0.03286   0.10490   0.00000   0.08316   0.01174   0.03118   0.05855   0.04617   0.03007   0.11703   0.11051   0.05403   0.10947   0.07580   4.41043   1.50087   0.92927   1.51699   0.54124  
 17 100.4945   2111.015474  x:  0.05637   0.01653   0.18383   0.12102   0.04489   0.01138   0.07447   0.03019   0.09766   0.11813   0.02842   0.10928   0.00000   0.08558   0.01145   0.02825   0.06539   0.04066   0.02970   0.11548   0.11089   0.05164   0.10729   0.07499   4.45450   1.54986   0.89710   1.49120   0.54568  
 18 127.7194   2110.942034  x:  0.05650   0.01676   0.18329   0.12097   0.04433   0.01146   0.07262   0.02928   0.10075   0.11845   0.02943   0.10649   0.00000   0.08466   0.01146   0.02484   0.06424   0.04105   0.03124   0.11607   0.11142   0.05529   0.10926   0.07512   4.45791   1.55280   0.89845   1.48634   0.54652  
 19 11.3478   2110.678554  x:  0.05687   0.01697   0.18213   0.12086   0.04607   0.01087   0.07040   0.02962   0.10523   0.11931   0.02840   0.09917   0.00000   0.08483   0.01087   0.03239   0.06220   0.04052   0.02758   0.11809   0.11283   0.05659   0.11270   0.07549   4.46880   1.55899   0.91405   1.46286   0.55055  
 20 14.0893   2109.851695  x:  0.05825   0.01713   0.18348   0.12064   0.04676   0.01139   0.07607   0.03005   0.10253   0.11915   0.03021   0.10258   0.00000   0.08853   0.01182   0.02694   0.06352   0.04445   0.03080   0.11654   0.11517   0.04807   0.11086   0.07687   4.50070   1.57311   0.96457   1.39130   0.56307  
 21 55.2876   2109.582650  x:  0.05748   0.01663   0.18396   0.12063   0.04561   0.01133   0.07497   0.02905   0.09879   0.11999   0.02786   0.11088   0.00000   0.08651   0.01151   0.02733   0.06637   0.03870   0.03015   0.11895   0.11349   0.05566   0.10868   0.07610   4.51052   1.57477   0.97601   1.37306   0.56650  
 22 40.5147   2108.294885  x:  0.05774   0.01714   0.19018   0.11992   0.04099   0.01172   0.06155   0.03630   0.09837   0.12273   0.03354   0.12114   0.00000   0.09019   0.01255   0.03049   0.07869   0.05227   0.02652   0.12004   0.09527   0.05812   0.12209   0.07636   4.55021   1.55177   0.96489   1.35103   0.57697  
 23  9.5355   2098.036820  x:  0.06953   0.01348   0.19707   0.11540   0.06103   0.01045   0.08779   0.01685   0.09795   0.13970   0.01858   0.12087   0.00000   0.11003   0.01381   0.02295   0.06362   0.03664   0.02874   0.12314   0.05292   0.05748   0.15209   0.08814   4.83853   1.36449   0.84493   1.23141   0.65199  
 24 96.3898   2086.291316  x:  0.08257   0.01347   0.19724   0.10944   0.05238   0.00792   0.09805   0.02135   0.09213   0.15017   0.03312   0.13339   0.00000   0.12682   0.01200   0.01942   0.05198   0.03120   0.02097   0.17213   0.11271   0.05309   0.16631   0.10117   5.22155   1.11701   0.68135   1.08156   0.75065  
 25 629.3287   2085.210633  x:  0.08625   0.01386   0.19296   0.10879   0.04584   0.00726   0.07956   0.01735   0.09031   0.16054   0.02880   0.12542   0.00000   0.13249   0.01172   0.01429   0.05224   0.02920   0.01764   0.17447   0.11088   0.04627   0.14512   0.10486   5.25018   1.11076   0.67763   1.08321   0.75793  
 26 53.5632   2084.228932  x:  0.08981   0.01507   0.19136   0.10819   0.03647   0.00667   0.09059   0.02051   0.09132   0.16155   0.03486   0.11854   0.00000   0.13665   0.01130   0.01483   0.05309   0.03555   0.01238   0.18270   0.10379   0.05420   0.12979   0.10841   5.27313   1.13198   0.69187   1.11133   0.76559  
 27 31.7949   2078.316648  x:  0.09144   0.01511   0.19332   0.10551   0.03568   0.00613   0.09079   0.02458   0.09536   0.16021   0.04653   0.12847   0.00000   0.13284   0.01223   0.00931   0.04466   0.01655   0.01664   0.21861   0.10127   0.03591   0.14458   0.11004   5.40122   1.31051   0.81127   1.32974   0.81601  
 28 94.5853   2074.500632  x:  0.09818   0.01269   0.19065   0.10350   0.04316   0.00506   0.09192   0.01480   0.09297   0.17498   0.03305   0.14294   0.00000   0.15359   0.01126   0.00946   0.04823   0.02715   0.01133   0.20084   0.12798   0.04842   0.16234   0.11677   5.48875   1.43721   0.89481   1.48367   0.85041  
 29 333.1960   2067.352772  x:  0.10939   0.01417   0.17988   0.09152   0.04200   0.00869   0.07614   0.02704   0.09625   0.20663   0.03772   0.13934   0.00000   0.18265   0.01813   0.02533   0.05677   0.04194   0.03555   0.25426   0.11966   0.04019   0.14523   0.12797   6.26023   1.53608   0.98097   1.56615   0.90605  
 30  0.8011   2061.153171  x:  0.11118   0.00735   0.18984   0.06775   0.03883   0.00379   0.09413   0.02176   0.10145   0.24167   0.02801   0.14760   0.00000   0.20434   0.02306   0.01829   0.03572   0.03215   0.02703   0.29264   0.11513   0.04421   0.18061   0.12974   7.89731   1.52589   0.97423   1.42960   0.95337  
 31  0.7166   2058.774873  x:  0.10191   0.01480   0.19163   0.05197   0.04343   0.00794   0.08553   0.01878   0.09838   0.24675   0.03194   0.14687   0.00000   0.20544   0.02786   0.01497   0.05706   0.03217   0.01823   0.30347   0.10887   0.03429   0.18223   0.12046   8.76171   1.47951   0.93582   1.44915   0.96186  
 32  0.5402   2057.252665  x:  0.09631   0.01559   0.17739   0.03777   0.04728   0.00736   0.08262   0.02072   0.09583   0.24572   0.03459   0.13887   0.00000   0.20618   0.02854   0.00865   0.05092   0.03586   0.02271   0.29611   0.11114   0.04729   0.16401   0.11487   9.42741   1.45773   0.91816   1.49343   0.93990  
 33  0.4210   2056.399402  x:  0.09248   0.01308   0.17052   0.02934   0.04850   0.00501   0.07915   0.01992   0.09673   0.23910   0.03483   0.13774   0.00000   0.20049   0.02736   0.01968   0.04495   0.03477   0.02021   0.28468   0.11659   0.04576   0.15651   0.11103   9.83708   1.46786   0.92518   1.51218   0.92212  
 34  0.4988   2055.852743  x:  0.09264   0.00994   0.17564   0.02888   0.04582   0.00455   0.08580   0.02184   0.09844   0.22450   0.03592   0.14253   0.00000   0.19029   0.02586   0.01792   0.04509   0.03826   0.02090   0.27014   0.11964   0.03830   0.16060   0.11120   9.93444   1.50116   0.94850   1.49171   0.91414  
 35  0.0848   2055.666883  x:  0.09607   0.01161   0.17801   0.02864   0.04579   0.00642   0.08710   0.02056   0.09824   0.21656   0.03480   0.14384   0.00000   0.18878   0.02524   0.01664   0.04848   0.03503   0.02173   0.25976   0.12004   0.04309   0.16140   0.11462  10.02437   1.51317   0.95453   1.49685   0.91728  
 36  0.0601   2055.574724  x:  0.09857   0.01216   0.17824   0.02759   0.04688   0.00563   0.08291   0.02150   0.09860   0.21195   0.03492   0.14393   0.00000   0.18741   0.02432   0.01562   0.04703   0.03470   0.02130   0.25739   0.11616   0.04122   0.16185   0.11713  10.19540   1.50784   0.95056   1.50839   0.92872  
 37  0.1089   2055.539128  x:  0.09973   0.01152   0.17727   0.02904   0.04637   0.00532   0.08395   0.02042   0.09854   0.21041   0.03561   0.14248   0.00000   0.18839   0.02367   0.01665   0.04730   0.03434   0.02217   0.25973   0.11386   0.04163   0.16107   0.11829  10.27358   1.50659   0.94989   1.50739   0.93940  
 38  0.0446   2055.510325  x:  0.09941   0.01104   0.17610   0.02916   0.04675   0.00557   0.08388   0.02176   0.09762   0.21039   0.03404   0.14205   0.00000   0.19029   0.02330   0.01688   0.04791   0.03443   0.02176   0.26076   0.11451   0.04191   0.16171   0.11796  10.47610   1.50769   0.94997   1.49918   0.94755  
 39  0.1014   2055.489056  x:  0.09819   0.01192   0.17622   0.02963   0.04641   0.00580   0.08415   0.02106   0.09841   0.20916   0.03489   0.14217   0.00000   0.19054   0.02297   0.01653   0.04686   0.03536   0.02175   0.26149   0.11569   0.04162   0.16181   0.11675  10.65673   1.50785   0.94955   1.49762   0.94860  
 40  0.0982   2055.481623  x:  0.09806   0.01179   0.17702   0.03080   0.04619   0.00561   0.08353   0.02122   0.09833   0.20984   0.03455   0.14301   0.00000   0.19091   0.02283   0.01652   0.04721   0.03502   0.02166   0.26071   0.11652   0.04191   0.16177   0.11662  10.69802   1.50689   0.94951   1.50359   0.94604  
 41  0.0254   2055.478657  x:  0.09823   0.01159   0.17727   0.03059   0.04618   0.00564   0.08385   0.02116   0.09830   0.21099   0.03493   0.14303   0.00000   0.19103   0.02315   0.01649   0.04711   0.03478   0.02170   0.26097   0.11599   0.04176   0.16108   0.11679  10.75368   1.50820   0.95012   1.50405   0.94277  
 42  0.0264   2055.478117  x:  0.09846   0.01172   0.17733   0.03073   0.04629   0.00561   0.08387   0.02127   0.09835   0.21104   0.03478   0.14292   0.00000   0.19067   0.02322   0.01648   0.04717   0.03481   0.02178   0.26058   0.11585   0.04159   0.16130   0.11702  10.76167   1.50892   0.95069   1.50383   0.94234  
 43  0.0050   2055.477932  x:  0.09846   0.01172   0.17710   0.03070   0.04626   0.00561   0.08387   0.02119   0.09833   0.21125   0.03477   0.14282   0.00000   0.19034   0.02332   0.01652   0.04722   0.03484   0.02176   0.26056   0.11589   0.04169   0.16153   0.11702  10.76801   1.50854   0.95046   1.50410   0.94258  
 44  0.0030   2055.477908  x:  0.09847   0.01170   0.17705   0.03073   0.04625   0.00562   0.08384   0.02122   0.09830   0.21124   0.03481   0.14285   0.00000   0.19021   0.02333   0.01650   0.04719   0.03486   0.02175   0.26056   0.11589   0.04169   0.16149   0.11703  10.76684   1.50858   0.95043   1.50389   0.94273  
 45  0.0008   2055.477903  x:  0.09847   0.01171   0.17707   0.03073   0.04624   0.00561   0.08386   0.02122   0.09831   0.21126   0.03480   0.14288   0.00000   0.19019   0.02333   0.01649   0.04721   0.03485   0.02175   0.26058   0.11590   0.04169   0.16145   0.11703  10.76737   1.50859   0.95046   1.50390   0.94289  
 46  0.0003   2055.477903  x:  0.09847   0.01171   0.17708   0.03073   0.04625   0.00561   0.08386   0.02122   0.09831   0.21126   0.03480   0.14288   0.00000   0.19019   0.02334   0.01650   0.04720   0.03485   0.02175   0.26058   0.11591   0.04169   0.16144   0.11703  10.76741   1.50860   0.95046   1.50393   0.94292  
 47  0.0001   2055.477903  x:  0.09847   0.01171   0.17708   0.03073   0.04625   0.00561   0.08386   0.02122   0.09832   0.21126   0.03480   0.14288   0.00000   0.19018   0.02334   0.01650   0.04720   0.03485   0.02175   0.26058   0.11591   0.04169   0.16145   0.11703  10.76745   1.50859   0.95045   1.50391   0.94293  
 48  0.0000   2055.477903  x:  0.09847   0.01171   0.17708   0.03073   0.04625   0.00561   0.08386   0.02122   0.09831   0.21126   0.03480   0.14288   0.00000   0.19019   0.02334   0.01650   0.04720   0.03485   0.02175   0.26058   0.11591   0.04169   0.16145   0.11703  10.76744   1.50859   0.95045   1.50391   0.94293  
 49  0.0000   2055.477903  x:  0.09847   0.01171   0.17708   0.03073   0.04625   0.00561   0.08386   0.02122   0.09831   0.21126   0.03480   0.14288   0.00000   0.19019   0.02334   0.01650   0.04720   0.03485   0.02175   0.26058   0.11591   0.04169   0.16145   0.11703  10.76744   1.50859   0.95046   1.50392   0.94293  
 50  0.0000   2055.477903  x:  0.09847   0.01171   0.17708   0.03073   0.04625   0.00561   0.08386   0.02122   0.09831   0.21126   0.03480   0.14288   0.00000   0.19019   0.02334   0.01650   0.04720   0.03485   0.02175   0.26058   0.11591   0.04169   0.16145   0.11703  10.76744   1.50859   0.95046   1.50392   0.94293  
 51  0.0000   2055.477903  x:  0.09847   0.01171   0.17708   0.03073   0.04625   0.00561   0.08386   0.02122   0.09831   0.21126   0.03480   0.14288   0.00000   0.19019   0.02334   0.01650   0.04720   0.03485   0.02175   0.26058   0.11591   0.04169   0.16145   0.11703  10.76744   1.50859   0.95046   1.50392   0.94293  
 52  0.0000   2055.477903  x:  0.09847   0.01171   0.17708   0.03073   0.04625   0.00561   0.08386   0.02122   0.09831   0.21126   0.03480   0.14288   0.00000   0.19019   0.02334   0.01650   0.04720   0.03485   0.02175   0.26058   0.11591   0.04169   0.16145   0.11703  10.76744   1.50859   0.95046   1.50392   0.94293  
 53  0.0000   2055.477903  x:  0.09847   0.01171   0.17708   0.03073   0.04625   0.00561   0.08386   0.02122   0.09831   0.21126   0.03480   0.14288   0.00000   0.19019   0.02334   0.01650   0.04720   0.03485   0.02175   0.26058   0.11591   0.04169   0.16145   0.11703  10.76744   1.50859   0.95046   1.50392   0.94293  
 54  0.0000   2055.477903  x:  0.09847   0.01171   0.17708   0.03073   0.04625   0.00561   0.08386   0.02122   0.09831   0.21126   0.03480   0.14288   0.00000   0.19019   0.02334   0.01650   0.04720   0.03485   0.02175   0.26058   0.11591   0.04169   0.16145   0.11703  10.76744   1.50859   0.95046   1.50392   0.94293  
 55  0.0000   2055.477903  x:  0.09847   0.01171   0.17708   0.03073   0.04625   0.00561   0.08386   0.02122   0.09831   0.21126   0.03480   0.14288   0.00000   0.19019   0.02334   0.01650   0.04720   0.03485   0.02175   0.26058   0.11591   0.04169   0.16145   0.11703  10.76744   1.50859   0.95046   1.50392   0.94293  