

TREE # 1

  0  0.0000   2059.270154  x:  0.20925   0.02571   0.03211   0.02495   0.05815   0.02188   0.05666   0.08536   0.02661   0.17168   0.20925   0.02571   0.03211   0.02495   0.05815   0.02188   0.05666   0.08536   0.02661   0.17168   0.21568   8.40433   1.66192   1.18354   1.35060   1.00000  
  1 99.0000   2025.587216  x:  0.21815   0.04257   0.01947   0.01969   0.03697   0.00947   0.13154   0.07909   0.01528   0.17405   0.20787   0.03588   0.01795   0.02069   0.19499   0.00000   0.09472   0.06176   0.01358   0.17418   0.22382   8.40406   1.65994   1.18078   1.35646   1.00202  
  2 520.2609   2023.654453  x:  0.22135   0.04214   0.02004   0.01994   0.03390   0.02557   0.13756   0.07712   0.01796   0.17483   0.20739   0.03537   0.03159   0.02545   0.20500   0.00000   0.09580   0.05532   0.01911   0.17501   0.22667   8.40395   1.65914   1.17966   1.35894   1.00280  
  3 213.1471   2022.975684  x:  0.22873   0.03727   0.02071   0.02076   0.03055   0.01852   0.13927   0.07336   0.02077   0.17653   0.20616   0.03046   0.03873   0.02749   0.20612   0.00000   0.09094   0.04398   0.02050   0.17684   0.23330   8.40366   1.65703   1.17689   1.36545   1.00480  
  4 63.8613   2022.540771  x:  0.24114   0.03515   0.02019   0.01948   0.03379   0.02194   0.14044   0.06967   0.01721   0.17918   0.20397   0.03108   0.03557   0.02381   0.20584   0.00000   0.08431   0.03855   0.01814   0.17974   0.24465   8.40306   1.65271   1.17126   1.37873   1.00898  
  5 46.9975   2022.090047  x:  0.25751   0.03900   0.02075   0.02090   0.03349   0.02159   0.14173   0.06815   0.02112   0.18224   0.20108   0.03399   0.03239   0.02661   0.20573   0.00000   0.08006   0.04410   0.02112   0.18316   0.25963   8.40207   1.64575   1.16232   1.40011   1.01574  
  6 73.7973   2021.841204  x:  0.26464   0.03936   0.01999   0.01923   0.03106   0.02077   0.14104   0.07133   0.01733   0.18274   0.19988   0.03186   0.03594   0.02704   0.20457   0.00000   0.08413   0.04890   0.01836   0.18386   0.26621   8.40124   1.64027   1.15566   1.41683   1.02113  
  7 54.3925   2021.602547  x:  0.26662   0.03830   0.02055   0.02160   0.03288   0.02079   0.13929   0.07591   0.01919   0.18102   0.19982   0.03103   0.03571   0.02299   0.20342   0.00000   0.09274   0.04681   0.02052   0.18227   0.26799   8.40002   1.63273   1.14720   1.43971   1.02863  
  8 45.1397   2021.381499  x:  0.26390   0.03735   0.01991   0.01920   0.03353   0.02131   0.13750   0.07661   0.01994   0.17815   0.20071   0.03307   0.03305   0.02846   0.20256   0.00000   0.09649   0.04287   0.01958   0.17939   0.26537   8.39855   1.62431   1.13837   1.46526   1.03716  
  9 60.3931   2021.039153  x:  0.25398   0.03876   0.02135   0.02230   0.02997   0.02142   0.13729   0.07041   0.01785   0.17352   0.20311   0.03382   0.03383   0.02686   0.20392   0.00000   0.09074   0.04355   0.01898   0.17444   0.25587   8.39583   1.61027   1.12471   1.50833   1.05192  
 10 65.8086   2020.961869  x:  0.25127   0.03864   0.01980   0.01964   0.03160   0.02101   0.13805   0.06980   0.01934   0.17321   0.20361   0.03244   0.03480   0.02551   0.20487   0.00000   0.08826   0.04490   0.01960   0.17398   0.25320   8.39508   1.60715   1.12205   1.51842   1.05552  
 11 56.3885   2020.943043  x:  0.25025   0.03782   0.02053   0.02029   0.03294   0.02093   0.13903   0.07134   0.01907   0.17444   0.20353   0.03161   0.03480   0.02626   0.20532   0.00000   0.08700   0.04537   0.01954   0.17505   0.25211   8.39467   1.60657   1.12224   1.52136   1.05683  
 12 12.8822   2020.928877  x:  0.24923   0.03751   0.02006   0.02019   0.03179   0.02107   0.13975   0.07307   0.01917   0.17672   0.20316   0.03231   0.03459   0.02594   0.20496   0.00000   0.08619   0.04503   0.01969   0.17711   0.25099   8.39402   1.60649   1.12366   1.52403   1.05835  
 13  9.5697   2020.918774  x:  0.24851   0.03863   0.02041   0.02010   0.03207   0.02106   0.13994   0.07225   0.01944   0.17884   0.20255   0.03214   0.03480   0.02588   0.20448   0.00000   0.08693   0.04468   0.01909   0.17910   0.25024   8.39312   1.60700   1.12634   1.52644   1.06008  
 14  7.2031   2020.912653  x:  0.24816   0.03844   0.02012   0.02011   0.03227   0.02091   0.13990   0.07135   0.01884   0.17981   0.20212   0.03212   0.03474   0.02605   0.20436   0.00000   0.08754   0.04480   0.01987   0.18003   0.24995   8.39237   1.60761   1.12868   1.52811   1.06139  
 15 11.1001   2020.902115  x:  0.24796   0.03688   0.02012   0.02030   0.03193   0.02121   0.13953   0.07049   0.01951   0.18003   0.20140   0.03201   0.03441   0.02603   0.20470   0.00000   0.08800   0.04547   0.01939   0.18036   0.25002   8.39058   1.60950   1.13427   1.53138   1.06422  
 16  8.9024   2020.864957  x:  0.24793   0.03749   0.02127   0.01958   0.03211   0.02087   0.13799   0.07165   0.01917   0.17805   0.19965   0.03265   0.03486   0.02580   0.20594   0.00000   0.08709   0.04520   0.01974   0.17892   0.25113   8.38327   1.61797   1.15640   1.54380   1.07518  
 17 18.9274   2020.855607  x:  0.24803   0.03807   0.02004   0.02033   0.03224   0.02098   0.13797   0.07199   0.01917   0.17751   0.19966   0.03220   0.03482   0.02602   0.20594   0.00000   0.08681   0.04499   0.01953   0.17842   0.25137   8.38132   1.62047   1.16181   1.54696   1.07791  
 18 31.0283   2020.846904  x:  0.24863   0.03824   0.02030   0.02004   0.03176   0.02124   0.13987   0.07191   0.01914   0.17727   0.20181   0.03135   0.03422   0.02605   0.20485   0.00000   0.08701   0.04494   0.01980   0.17771   0.25129   8.37884   1.62481   1.16599   1.55026   1.08031  
 19  7.2807   2020.840517  x:  0.24915   0.03798   0.02018   0.02017   0.03219   0.02096   0.14116   0.07174   0.01917   0.17725   0.20362   0.03231   0.03477   0.02599   0.20417   0.00000   0.08721   0.04506   0.01953   0.17730   0.25112   8.37675   1.62879   1.16862   1.55282   1.08197  
 20 14.0976   2020.817190  x:  0.25052   0.03799   0.02022   0.02015   0.03211   0.02098   0.13793   0.07179   0.01917   0.17843   0.20686   0.03208   0.03469   0.02598   0.20621   0.00000   0.08689   0.04507   0.01958   0.17787   0.24952   8.36648   1.65088   1.17315   1.56330   1.08642  
 21  5.7340   2020.795528  x:  0.24909   0.03799   0.02017   0.02011   0.03207   0.02096   0.13985   0.07167   0.01918   0.17720   0.20190   0.03209   0.03465   0.02596   0.20535   0.00000   0.08693   0.04501   0.01957   0.17783   0.24955   8.35543   1.67311   1.17588   1.57347   1.08906  
 22  9.8076   2020.790905  x:  0.24654   0.03798   0.02017   0.02011   0.03207   0.02095   0.13974   0.07166   0.01919   0.17794   0.20260   0.03209   0.03465   0.02595   0.20552   0.00000   0.08692   0.04501   0.01956   0.17754   0.25230   8.35003   1.67563   1.17713   1.57619   1.08588  
 23  1.4388   2020.764804  x:  0.24779   0.03809   0.02011   0.02010   0.03206   0.02087   0.14009   0.07169   0.01909   0.17587   0.20287   0.03210   0.03459   0.02591   0.20601   0.00000   0.08696   0.04501   0.01951   0.17974   0.25098   8.31134   1.68261   1.18619   1.59161   1.06007  
 24  3.1103   2020.758864  x:  0.24864   0.03811   0.02010   0.02010   0.03205   0.02085   0.14015   0.07169   0.01907   0.17807   0.20207   0.03209   0.03457   0.02591   0.20615   0.00000   0.08698   0.04500   0.01950   0.17711   0.25012   8.30143   1.68361   1.18770   1.59415   1.05565  
 25  5.8127   2020.314550  x:  0.25184   0.03800   0.01978   0.01986   0.03177   0.01862   0.14451   0.07162   0.01859   0.17769   0.20128   0.03199   0.03275   0.02537   0.21812   0.00000   0.08905   0.04413   0.01864   0.17784   0.25321   7.41321   1.66437   1.17720   1.58545   1.06165  
 26  2.5824   2020.233172  x:  0.24857   0.03881   0.01975   0.01992   0.03181   0.01864   0.14820   0.07148   0.01836   0.17694   0.20179   0.03261   0.03103   0.02509   0.22885   0.00000   0.09011   0.04467   0.01838   0.17761   0.25053   7.58856   1.65386   1.17103   1.56515   1.06320  
 27  0.0781   2020.226109  x:  0.25021   0.03871   0.01965   0.01986   0.03166   0.01810   0.14893   0.07156   0.01841   0.17746   0.20159   0.03238   0.03170   0.02516   0.23095   0.00000   0.09042   0.04441   0.01840   0.17784   0.25192   7.59503   1.65936   1.17448   1.57310   1.06316  
 28  0.0117   2020.225766  x:  0.25038   0.03869   0.01966   0.01985   0.03166   0.01832   0.14899   0.07156   0.01837   0.17748   0.20158   0.03238   0.03160   0.02515   0.23127   0.00000   0.09046   0.04437   0.01838   0.17783   0.25205   7.59484   1.66000   1.17492   1.57481   1.06344  
 29  0.0020   2020.225753  x:  0.25034   0.03869   0.01966   0.01985   0.03166   0.01834   0.14900   0.07153   0.01838   0.17746   0.20159   0.03239   0.03165   0.02516   0.23131   0.00000   0.09044   0.04435   0.01840   0.17782   0.25201   7.59571   1.65971   1.17473   1.57464   1.06354  
 30  0.0009   2020.225753  x:  0.25034   0.03869   0.01966   0.01985   0.03166   0.01834   0.14900   0.07154   0.01838   0.17746   0.20159   0.03239   0.03165   0.02516   0.23131   0.00000   0.09044   0.04436   0.01840   0.17782   0.25202   7.59533   1.65971   1.17473   1.57460   1.06351  
 31  0.0004   2020.225753  x:  0.25035   0.03869   0.01966   0.01985   0.03166   0.01834   0.14900   0.07154   0.01838   0.17746   0.20159   0.03239   0.03165   0.02516   0.23131   0.00000   0.09044   0.04436   0.01840   0.17782   0.25202   7.59533   1.65971   1.17473   1.57460   1.06351  
 32  0.0000   2020.225753  x:  0.25035   0.03869   0.01966   0.01985   0.03166   0.01834   0.14900   0.07154   0.01838   0.17746   0.20159   0.03239   0.03165   0.02516   0.23131   0.00000   0.09044   0.04436   0.01840   0.17782   0.25202   7.59533   1.65971   1.17473   1.57460   1.06351  