

TREE # 1

  0  0.0000   2188.756528  x:  0.04666   0.00000   0.07520   0.03648   0.05144   0.09443   0.05897   0.03811   0.09228   0.05801   0.08732   0.13502   0.01726   0.06046   0.02620   0.07018   0.05375   0.03582   0.05414   0.05219   0.11311   0.05955   0.10762   0.06528   2.00000   1.71152   1.27169   1.57912   0.40000  
  1 99.0000   2188.754544  x:  0.04667   0.00000   0.07520   0.03648   0.05144   0.09443   0.05897   0.03811   0.09228   0.05801   0.08732   0.13503   0.01726   0.06046   0.02620   0.07018   0.05375   0.03582   0.05414   0.05219   0.11311   0.05955   0.10762   0.06529   2.00000   1.71152   1.27169   1.57912   0.40000  
  2 524.5190   2168.340133  x:  0.05037   0.00000   0.08073   0.03685   0.02601   0.05636   0.06365   0.00000   0.10708   0.06204   0.09455   0.16513   0.00318   0.03469   0.01111   0.05186   0.01083   0.03463   0.03371   0.05379   0.11759   0.05906   0.12684   0.06901   2.01036   1.71099   1.27120   1.58263   0.44541  
  3 514.3049   2166.543627  x:  0.05092   0.00000   0.08159   0.03691   0.02182   0.04997   0.06443   0.00113   0.10950   0.06264   0.09572   0.17008   0.00108   0.03073   0.00908   0.04883   0.00369   0.03446   0.03036   0.05404   0.11833   0.05900   0.12996   0.06956   2.01212   1.71091   1.27112   1.58323   0.45304  
  4 1568.5236   2164.826321  x:  0.04923   0.00000   0.08114   0.03676   0.01890   0.04224   0.06440   0.00119   0.11097   0.06106   0.09587   0.17346   0.00512   0.02810   0.01398   0.04629   0.00000   0.03483   0.02811   0.05420   0.11897   0.05926   0.13093   0.06788   2.01443   1.71088   1.27108   1.58399   0.46132  
  5 459.1345   2162.161310  x:  0.04551   0.00000   0.08033   0.03635   0.01207   0.02331   0.06443   0.00159   0.11476   0.05766   0.09645   0.18196   0.00994   0.02331   0.02005   0.03998   0.00539   0.03568   0.02274   0.05497   0.12068   0.06011   0.13362   0.06418   2.02014   1.71079   1.27099   1.58589   0.48183  
  6 999.1084   2159.295649  x:  0.03899   0.00000   0.07767   0.03547   0.01388   0.00631   0.06299   0.00171   0.11638   0.05164   0.09520   0.18597   0.01178   0.02795   0.01710   0.03558   0.00506   0.03708   0.02191   0.05508   0.12160   0.06094   0.13194   0.05767   2.02629   1.71081   1.27101   1.58791   0.50077  
  7 470.8621   2155.109154  x:  0.03095   0.00000   0.07083   0.03677   0.02713   0.01999   0.05746   0.00177   0.12388   0.04156   0.08789   0.19720   0.00981   0.02949   0.01980   0.02705   0.00559   0.04022   0.02954   0.05487   0.12475   0.06367   0.12293   0.04972   2.05518   1.71076   1.27132   1.59747   0.58089  
  8 177.9987   2151.601726  x:  0.04144   0.00000   0.06401   0.03699   0.02681   0.01779   0.05322   0.00197   0.11820   0.04911   0.07877   0.18713   0.01791   0.02881   0.01417   0.04406   0.00602   0.04105   0.03876   0.05278   0.12390   0.06473   0.10340   0.06032   2.08978   1.71133   1.27234   1.60840   0.65262  
  9 239.5207   2149.968132  x:  0.03888   0.00000   0.06638   0.03617   0.02115   0.01669   0.05600   0.00172   0.10923   0.05191   0.07792   0.16983   0.00624   0.03047   0.02100   0.05210   0.00508   0.03914   0.03798   0.05205   0.12111   0.06288   0.09893   0.05784   2.11333   1.71207   1.27371   1.61534   0.68271  
 10 171.4733   2148.668031  x:  0.03663   0.00000   0.07358   0.03695   0.01740   0.02118   0.06107   0.00176   0.10028   0.05017   0.08263   0.14947   0.01265   0.03300   0.01634   0.05185   0.00534   0.03626   0.03089   0.05287   0.11711   0.06014   0.10724   0.05569   2.14403   1.71336   1.27599   1.62389   0.70562  
 11 140.1047   2147.984215  x:  0.04002   0.00000   0.07707   0.03598   0.02748   0.01824   0.06099   0.00181   0.09793   0.05064   0.08681   0.14013   0.01228   0.03014   0.01825   0.04895   0.00572   0.03625   0.03001   0.05340   0.11478   0.05914   0.11332   0.05917   2.17147   1.71482   1.27835   1.63116   0.71285  
 12 104.5199   2142.962548  x:  0.04204   0.00000   0.07355   0.02646   0.01540   0.01725   0.04039   0.00188   0.10919   0.05643   0.09938   0.12573   0.01159   0.03140   0.01850   0.02928   0.00519   0.04748   0.05000   0.05265   0.10440   0.06238   0.11882   0.06207   2.42386   1.73015   1.30251   1.69599   0.71546  
 13 114.1034   2124.810109  x:  0.03409   0.00000   0.06342   0.06927   0.01962   0.01296   0.09843   0.00196   0.14447   0.05900   0.11727   0.15537   0.01334   0.02976   0.01807   0.04707   0.00551   0.05233   0.06511   0.05080   0.08937   0.07195   0.11136   0.05843   3.64546   1.80692   1.42045   2.00812   0.70476  
 14 781.2985   2113.566677  x:  0.04158   0.00000   0.07243   0.04069   0.02308   0.01816   0.08159   0.00202   0.12761   0.03518   0.08541   0.18372   0.01035   0.03383   0.01904   0.05804   0.00533   0.02944   0.02703   0.05457   0.11974   0.06167   0.10465   0.06794   4.20578   1.84649   1.47545   2.14745   0.69588  
 15 951.8133   2112.120717  x:  0.03646   0.00000   0.07383   0.03806   0.02721   0.01920   0.07567   0.00211   0.11886   0.04982   0.07680   0.19074   0.01222   0.03393   0.01827   0.05839   0.00557   0.02907   0.01982   0.05483   0.12738   0.05943   0.10730   0.06314   4.28898   1.85404   1.48370   2.16677   0.69487  
 16 497.3727   2111.643081  x:  0.03602   0.00000   0.07660   0.04261   0.02629   0.01853   0.07332   0.00213   0.10693   0.04957   0.07305   0.19580   0.01201   0.03331   0.01824   0.05911   0.00551   0.03174   0.02686   0.05460   0.13417   0.05791   0.11387   0.06283   4.31636   1.85967   1.48657   2.17049   0.69491  
 17 102.6677   2111.474884  x:  0.03672   0.00000   0.07263   0.04588   0.02617   0.01916   0.07119   0.00212   0.10131   0.04874   0.07718   0.19709   0.01121   0.03354   0.01840   0.05848   0.00541   0.03471   0.02391   0.05329   0.13645   0.06061   0.11337   0.06364   4.32490   1.86746   1.48768   2.16664   0.69530  
 18 26.1483   2111.036159  x:  0.03649   0.00000   0.06722   0.04364   0.02617   0.01944   0.07311   0.00211   0.09725   0.05032   0.08314   0.19872   0.01138   0.03346   0.01842   0.05657   0.00541   0.02594   0.02683   0.05384   0.14006   0.06364   0.11374   0.06381   4.34477   1.89985   1.49057   2.14582   0.69756  
 19 32.2099   2109.139258  x:  0.03710   0.00000   0.06866   0.03162   0.02612   0.02088   0.08541   0.00206   0.10105   0.05170   0.08441   0.19972   0.01167   0.03493   0.01861   0.05699   0.00540   0.03804   0.02844   0.05827   0.14843   0.06307   0.11525   0.06641   4.43488   2.06044   1.50374   2.03988   0.70825  
 20 146.6052   2107.997553  x:  0.03720   0.00000   0.07620   0.04685   0.02604   0.01981   0.07622   0.00212   0.11029   0.05127   0.07789   0.19735   0.01067   0.03543   0.01915   0.05680   0.00570   0.03318   0.02578   0.05557   0.14603   0.05980   0.11511   0.06778   4.48952   2.15939   1.51149   1.97426   0.71425  
 21 256.9608   2107.801519  x:  0.03663   0.00000   0.07556   0.04463   0.02649   0.02025   0.07355   0.00214   0.10811   0.05011   0.07638   0.20212   0.01043   0.03559   0.01937   0.06153   0.00590   0.03256   0.02510   0.05212   0.13369   0.06148   0.12025   0.06752   4.49557   2.17047   1.51120   1.96790   0.71567  
 22 20.3358   2107.593819  x:  0.03694   0.00000   0.07657   0.04513   0.02653   0.02048   0.07253   0.00215   0.10390   0.05022   0.07785   0.20647   0.01038   0.03592   0.01958   0.06007   0.00591   0.03246   0.02481   0.05990   0.12474   0.05664   0.11772   0.06829   4.49802   2.17486   1.50861   1.96774   0.71681  
 23 10.5528   2104.759932  x:  0.04070   0.00000   0.09024   0.04366   0.02499   0.02041   0.08436   0.00212   0.09405   0.05431   0.07565   0.21634   0.01035   0.03852   0.02067   0.03551   0.00690   0.03118   0.02557   0.03982   0.11286   0.05488   0.10612   0.07846   4.50746   2.18899   1.46549   2.00105   0.72924  
 24  9.5587   2088.201294  x:  0.03790   0.00000   0.10486   0.05304   0.01738   0.02169   0.08279   0.00231   0.13081   0.06903   0.09096   0.24824   0.00000   0.05665   0.03067   0.03182   0.00682   0.02745   0.02478   0.07419   0.12328   0.10134   0.16715   0.13034   4.57804   2.28434   1.10378   2.29606   0.84126  
 25 133.5442   2084.949862  x:  0.03639   0.00000   0.08496   0.05270   0.01694   0.02282   0.08051   0.00239   0.14195   0.07012   0.10627   0.25391   0.00000   0.05962   0.03226   0.03956   0.00829   0.02806   0.02485   0.05768   0.13018   0.05553   0.18265   0.13602   4.58661   2.28594   1.08587   2.32666   0.85792  
 26 82.3114   2079.259567  x:  0.04274   0.00000   0.05364   0.05998   0.01268   0.02251   0.09401   0.00233   0.14887   0.07363   0.08297   0.25266   0.00000   0.06521   0.03619   0.02058   0.00815   0.02761   0.02204   0.06614   0.12562   0.05262   0.20708   0.15591   4.59996   2.22658   1.23218   2.33410   0.89200  
 27 35.2039   2068.836179  x:  0.03647   0.00000   0.10151   0.05441   0.01358   0.02310   0.08439   0.00279   0.16985   0.08622   0.13386   0.28542   0.00000   0.07761   0.04126   0.03416   0.00852   0.02699   0.02826   0.06551   0.13407   0.06507   0.22007   0.17871   4.62911   2.08023   1.58858   2.33453   0.97180  
 28 264.8044   2065.374502  x:  0.03559   0.00000   0.09856   0.05237   0.01406   0.02286   0.08890   0.00285   0.16803   0.08873   0.13356   0.28920   0.00000   0.08030   0.04213   0.03092   0.00836   0.02767   0.02907   0.06671   0.13638   0.06733   0.22289   0.18581   4.85267   1.64812   1.39398   1.84537   0.99444  
 29  7.4388   2058.086928  x:  0.03194   0.00000   0.09095   0.04802   0.02144   0.01074   0.07483   0.00316   0.15723   0.09154   0.10686   0.30902   0.00000   0.09225   0.04263   0.04278   0.00780   0.02967   0.01886   0.05688   0.14004   0.05605   0.23744   0.20206   5.84234   1.85145   1.31401   1.68586   1.17137  
 30  0.7322   2054.860230  x:  0.02579   0.00000   0.09416   0.04761   0.02214   0.00505   0.06783   0.00403   0.15472   0.09796   0.09634   0.31609   0.00000   0.11012   0.04516   0.04175   0.00805   0.03301   0.02595   0.05417   0.13403   0.06034   0.23898   0.21546   6.41608   1.88954   1.38873   1.99026   1.29315  
 31  0.4685   2053.144724  x:  0.01666   0.00000   0.10075   0.04541   0.01436   0.01650   0.07276   0.00434   0.15167   0.10197   0.10546   0.31836   0.00000   0.12473   0.04326   0.03395   0.00695   0.03304   0.02835   0.05546   0.13189   0.06244   0.23254   0.22178   6.92820   1.76778   1.35285   1.90464   1.40095  
 32  0.4311   2052.005925  x:  0.00724   0.00000   0.09914   0.04558   0.02124   0.01189   0.07354   0.00499   0.15335   0.10204   0.10881   0.30517   0.00000   0.13835   0.04082   0.03404   0.00614   0.03018   0.02689   0.05756   0.13163   0.06087   0.21898   0.21895   7.45599   1.74610   1.33285   1.76531   1.49641  
 33  0.3046   2051.637610  x:  0.00295   0.00000   0.09803   0.04533   0.01787   0.00910   0.07425   0.00501   0.15469   0.09880   0.10884   0.29769   0.00000   0.14245   0.03773   0.03762   0.00479   0.03006   0.02334   0.05738   0.13348   0.05930   0.21439   0.21462   7.61028   1.81299   1.37170   1.85466   1.53726  
 34  0.1737   2051.542543  x:  0.00140   0.00000   0.09612   0.04629   0.01880   0.00975   0.07454   0.00535   0.15675   0.09740   0.10855   0.29126   0.00000   0.14629   0.03807   0.03854   0.00539   0.03169   0.02554   0.05719   0.13067   0.06107   0.21215   0.21247   7.58138   1.81184   1.38109   1.88465   1.52678  
 35  0.0375   2051.475236  x:  0.00000   0.00000   0.09756   0.04614   0.01781   0.00911   0.07456   0.00545   0.15799   0.09550   0.10973   0.28979   0.00000   0.14825   0.03733   0.03639   0.00528   0.03150   0.02592   0.05702   0.13135   0.06090   0.21214   0.21134   7.54546   1.79893   1.37579   1.87825   1.52210  
 36  0.0356   2051.474237  x:  0.00000   0.00000   0.09763   0.04614   0.01777   0.00908   0.07455   0.00545   0.15806   0.09540   0.10978   0.28972   0.00000   0.14835   0.03729   0.03628   0.00527   0.03149   0.02594   0.05701   0.13139   0.06089   0.21214   0.21305   7.54348   1.79830   1.37553   1.87791   1.52182  
 37  0.7350   2051.388122  x:  0.00000   0.00000   0.09889   0.04523   0.01706   0.00903   0.07363   0.00582   0.15954   0.09014   0.10961   0.28799   0.00000   0.15402   0.03623   0.03490   0.00544   0.03070   0.02535   0.05709   0.13221   0.06086   0.21592   0.20965   7.38876   1.78451   1.36813   1.85748   1.49266  
 38  0.1067   2051.387594  x:  0.00130   0.00000   0.09891   0.04521   0.01705   0.00903   0.07361   0.00583   0.15956   0.09006   0.10961   0.28797   0.00000   0.15410   0.03621   0.03488   0.00544   0.03069   0.02534   0.05709   0.13222   0.06086   0.21598   0.20960   7.38648   1.78432   1.36803   1.85718   1.49223  
 39  1.5990   2051.343437  x:  0.00264   0.00000   0.09824   0.04480   0.01849   0.00929   0.07402   0.00602   0.15769   0.09043   0.10920   0.29218   0.00000   0.15763   0.03620   0.03707   0.00542   0.03141   0.02482   0.05715   0.13145   0.06025   0.21863   0.20811   7.34895   1.80288   1.37288   1.85861   1.48686  
 40  0.0192   2051.324862  x:  0.00331   0.00000   0.09865   0.04536   0.01783   0.00930   0.07451   0.00612   0.15623   0.09201   0.10921   0.29505   0.00000   0.16063   0.03577   0.03729   0.00500   0.03100   0.02519   0.05743   0.13157   0.06119   0.21811   0.20727   7.32585   1.79434   1.36832   1.85891   1.48825  
 41  0.0105   2051.320009  x:  0.00349   0.00000   0.09886   0.04558   0.01813   0.00914   0.07438   0.00617   0.15672   0.09273   0.10963   0.29464   0.00000   0.16130   0.03571   0.03673   0.00497   0.03095   0.02520   0.05701   0.13190   0.06017   0.21679   0.20702   7.29251   1.79409   1.36957   1.85957   1.48424  
 42  0.0215   2051.318006  x:  0.00354   0.00000   0.09863   0.04550   0.01799   0.00907   0.07442   0.00617   0.15705   0.09319   0.10902   0.29373   0.00000   0.16126   0.03574   0.03694   0.00494   0.03106   0.02505   0.05709   0.13171   0.06054   0.21583   0.20700   7.26868   1.79402   1.36943   1.85641   1.48143  
 43  0.0166   2051.317819  x:  0.00354   0.00000   0.09863   0.04535   0.01798   0.00918   0.07435   0.00616   0.15700   0.09331   0.10898   0.29373   0.00000   0.16115   0.03578   0.03695   0.00494   0.03103   0.02501   0.05712   0.13173   0.06049   0.21584   0.20699   7.26397   1.79478   1.36991   1.85798   1.48147  
 44  0.0040   2051.317688  x:  0.00353   0.00000   0.09862   0.04520   0.01800   0.00912   0.07432   0.00615   0.15697   0.09335   0.10903   0.29361   0.00000   0.16119   0.03579   0.03694   0.00493   0.03104   0.02504   0.05715   0.13172   0.06047   0.21596   0.20700   7.26040   1.79464   1.36980   1.85776   1.48334  
 45  0.0012   2051.317612  x:  0.00355   0.00000   0.09863   0.04531   0.01799   0.00915   0.07432   0.00615   0.15696   0.09330   0.10906   0.29346   0.00000   0.16123   0.03581   0.03691   0.00494   0.03105   0.02504   0.05713   0.13175   0.06052   0.21604   0.20697   7.25464   1.79455   1.36981   1.85747   1.48424  
 46  0.0024   2051.317596  x:  0.00354   0.00000   0.09863   0.04534   0.01799   0.00915   0.07435   0.00614   0.15693   0.09329   0.10901   0.29352   0.00000   0.16119   0.03582   0.03695   0.00494   0.03103   0.02502   0.05712   0.13172   0.06047   0.21598   0.20699   7.25454   1.79461   1.36973   1.85753   1.48470  
 47  0.0003   2051.317588  x:  0.00354   0.00000   0.09866   0.04533   0.01800   0.00915   0.07435   0.00614   0.15694   0.09326   0.10901   0.29361   0.00000   0.16118   0.03582   0.03693   0.00495   0.03104   0.02503   0.05713   0.13173   0.06049   0.21591   0.20698   7.25338   1.79464   1.36978   1.85755   1.48470  
 48  0.0005   2051.317586  x:  0.00354   0.00000   0.09863   0.04532   0.01799   0.00915   0.07434   0.00614   0.15696   0.09325   0.10901   0.29362   0.00000   0.16120   0.03582   0.03694   0.00495   0.03104   0.02504   0.05712   0.13174   0.06049   0.21590   0.20698   7.25351   1.79454   1.36978   1.85750   1.48476  
 49  0.0001   2051.317585  x:  0.00354   0.00000   0.09861   0.04532   0.01800   0.00915   0.07434   0.00614   0.15697   0.09325   0.10901   0.29363   0.00000   0.16121   0.03582   0.03693   0.00495   0.03104   0.02503   0.05713   0.13174   0.06050   0.21590   0.20699   7.25392   1.79467   1.36981   1.85756   1.48484  
 50  0.0001   2051.317578  x:  0.00354   0.00000   0.09861   0.04533   0.01799   0.00915   0.07435   0.00612   0.15696   0.09326   0.10899   0.29364   0.00000   0.16123   0.03583   0.03692   0.00495   0.03104   0.02504   0.05713   0.13173   0.06048   0.21594   0.20698   7.25341   1.79458   1.36975   1.85748   1.48459  
 51  0.0001   2051.317576  x:  0.00354   0.00000   0.09863   0.04532   0.01800   0.00915   0.07434   0.00612   0.15696   0.09326   0.10901   0.29361   0.00000   0.16124   0.03582   0.03694   0.00495   0.03104   0.02503   0.05713   0.13174   0.06049   0.21591   0.20698   7.25393   1.79458   1.36982   1.85755   1.48462  
 52  0.0003   2051.317576  x:  0.00354   0.00000   0.09864   0.04532   0.01800   0.00915   0.07434   0.00611   0.15696   0.09326   0.10901   0.29360   0.00000   0.16125   0.03582   0.03694   0.00495   0.03104   0.02503   0.05713   0.13173   0.06049   0.21591   0.20698   7.25392   1.79460   1.36979   1.85753   1.48462  
 53  0.0000   2051.317576  x:  0.00354   0.00000   0.09863   0.04532   0.01800   0.00915   0.07434   0.00611   0.15696   0.09326   0.10901   0.29360   0.00000   0.16125   0.03582   0.03694   0.00495   0.03104   0.02503   0.05713   0.13173   0.06049   0.21591   0.20698   7.25390   1.79459   1.36978   1.85752   1.48461  
 54  0.0000   2051.317576  x:  0.00354   0.00000   0.09863   0.04532   0.01800   0.00915   0.07434   0.00611   0.15696   0.09326   0.10901   0.29360   0.00000   0.16124   0.03582   0.03694   0.00495   0.03104   0.02503   0.05713   0.13173   0.06049   0.21591   0.20698   7.25389   1.79459   1.36979   1.85753   1.48461  
 55  0.0000   2051.317576  x:  0.00354   0.00000   0.09863   0.04532   0.01800   0.00915   0.07434   0.00611   0.15696   0.09326   0.10901   0.29360   0.00000   0.16124   0.03582   0.03694   0.00495   0.03104   0.02503   0.05713   0.13173   0.06049   0.21591   0.20698   7.25389   1.79459   1.36979   1.85753   1.48461  
 56  0.0000   2051.317576  x:  0.00354   0.00000   0.09863   0.04532   0.01800   0.00915   0.07434   0.00611   0.15696   0.09326   0.10901   0.29360   0.00000   0.16124   0.03582   0.03694   0.00495   0.03104   0.02503   0.05713   0.13173   0.06049   0.21591   0.20698   7.25389   1.79459   1.36979   1.85752   1.48461  