

TREE # 1

  0  0.0000   2291.886352  x:  0.01972   0.20925   0.02571   0.03211   0.02495   0.05815   0.02188   0.05666   0.08536   0.02661   0.17168   0.01972   0.20925   0.02571   0.03211   0.02495   0.05815   0.02188   0.05666   0.08536   0.02661   0.17168   0.21568   8.40433   1.19655   0.97864   1.28570   1.00000  
  1 99.0000   2241.843683  x:  0.00212   0.21043   0.01099   0.02856   0.01804   0.13359   0.05305   0.05969   0.09916   0.00565   0.17496   0.00000   0.20180   0.07379   0.03036   0.03780   0.07062   0.05117   0.07774   0.09281   0.14313   0.17901   0.21710   8.40398   1.19799   0.97595   1.28788   1.00009  
  2 870.2358   2240.904690  x:  0.00000   0.21083   0.01234   0.02800   0.01778   0.13753   0.05185   0.06020   0.10136   0.00612   0.17587   0.00000   0.19999   0.07280   0.02952   0.03704   0.07190   0.04982   0.07978   0.09379   0.14209   0.18093   0.21746   8.40389   1.19832   0.97531   1.28842   1.00010  
  3 147.0239   2239.977301  x:  0.00000   0.21207   0.00817   0.02781   0.01798   0.14455   0.04950   0.06084   0.10526   0.00206   0.17836   0.00000   0.19555   0.07046   0.02863   0.03602   0.07388   0.04743   0.08297   0.09562   0.13862   0.18538   0.21837   8.40365   1.19915   0.97366   1.28984   1.00006  
  4 283.7632   2239.713214  x:  0.00000   0.21277   0.00522   0.02829   0.01835   0.14708   0.04896   0.06085   0.10647   0.00356   0.17964   0.00000   0.19339   0.06981   0.02878   0.03608   0.07433   0.04702   0.08371   0.09625   0.13742   0.18737   0.21881   8.40352   1.19958   0.97281   1.29058   1.00002  
  5 229.9684   2238.621339  x:  0.00000   0.22055   0.00647   0.04112   0.02460   0.15801   0.05097   0.05670   0.10861   0.00358   0.19298   0.00000   0.17236   0.06896   0.03748   0.04334   0.07135   0.05259   0.07953   0.09851   0.12980   0.20433   0.22311   8.40214   1.20407   0.96362   1.29851   0.99924  
  6 92.8071   2238.187447  x:  0.00000   0.22492   0.00650   0.03941   0.01588   0.15763   0.04975   0.05343   0.10585   0.00361   0.19998   0.00000   0.15924   0.07078   0.03550   0.04227   0.06927   0.05436   0.07575   0.09742   0.12940   0.21206   0.22553   8.40091   1.20774   0.95624   1.30520   0.99849  
  7 56.0874   2237.936734  x:  0.00000   0.22802   0.00674   0.03461   0.02101   0.15382   0.04909   0.05398   0.10264   0.00365   0.20464   0.00000   0.14888   0.07300   0.03139   0.03917   0.06926   0.05346   0.07526   0.09566   0.13171   0.21650   0.22736   8.39936   1.21206   0.94785   1.31311   0.99755  
  8 48.0150   2237.766789  x:  0.00000   0.22915   0.00676   0.03481   0.01958   0.14825   0.05052   0.05942   0.10280   0.00365   0.20598   0.00000   0.14437   0.07348   0.03473   0.04048   0.07183   0.05051   0.08014   0.09520   0.13379   0.21683   0.22836   8.39684   1.21853   0.93632   1.32472   0.99609  
  9 26.1517   2237.454540  x:  0.00000   0.22741   0.00669   0.03418   0.01975   0.14786   0.05393   0.05491   0.10951   0.00361   0.20258   0.00000   0.14838   0.06931   0.03291   0.04071   0.07080   0.05248   0.07896   0.09696   0.13453   0.21181   0.22860   8.38883   1.23737   0.90627   1.35773   0.99172  
 10 26.3315   2237.350434  x:  0.00000   0.22607   0.00669   0.03568   0.01987   0.15203   0.04939   0.05747   0.10550   0.00362   0.20069   0.00000   0.15164   0.07155   0.03345   0.03996   0.06992   0.05233   0.07648   0.09660   0.13375   0.21042   0.22784   8.38488   1.24492   0.89779   1.37061   0.98979  
 11 27.5599   2237.313472  x:  0.00000   0.22531   0.00670   0.03560   0.01991   0.15340   0.05001   0.05487   0.10228   0.00362   0.19996   0.00000   0.15262   0.07317   0.03337   0.04091   0.07091   0.05155   0.07877   0.09564   0.13242   0.21092   0.22684   8.38175   1.24871   0.89886   1.37663   0.98855  
 12 10.2207   2237.094728  x:  0.00000   0.22168   0.00662   0.03769   0.01915   0.15419   0.05512   0.05820   0.10377   0.00362   0.19748   0.00000   0.15309   0.07626   0.03066   0.03673   0.07039   0.05439   0.07979   0.09356   0.13111   0.21674   0.22003   8.35353   1.27665   0.92892   1.41863   0.97840  
 13 12.6431   2236.847228  x:  0.00000   0.21946   0.00677   0.03213   0.01979   0.15434   0.05137   0.05747   0.10691   0.00363   0.19638   0.00000   0.15256   0.07596   0.03406   0.04168   0.07011   0.05340   0.07729   0.09521   0.13468   0.22001   0.21600   8.32013   1.30876   0.96499   1.46554   0.96723  
 14 85.6645   2236.714130  x:  0.00000   0.22127   0.00682   0.03705   0.01976   0.15460   0.04858   0.05510   0.10499   0.00368   0.19826   0.00000   0.15164   0.07122   0.03223   0.04095   0.07107   0.05057   0.07745   0.09799   0.13993   0.21624   0.22014   8.30052   1.32633   0.98449   1.48894   0.96239  
 15 45.3473   2236.646234  x:  0.00000   0.22444   0.00689   0.03490   0.01968   0.15694   0.04953   0.05599   0.10408   0.00368   0.20077   0.00000   0.15166   0.07054   0.03389   0.03955   0.07060   0.05335   0.07903   0.09728   0.13898   0.21057   0.22706   8.28846   1.33520   0.99301   1.49792   0.96199  
 16 18.9984   2236.610277  x:  0.00000   0.22617   0.00690   0.03500   0.01953   0.15782   0.05064   0.05685   0.10553   0.00368   0.20155   0.00000   0.15194   0.07320   0.03187   0.04164   0.07097   0.05178   0.07794   0.09618   0.13791   0.20835   0.23055   8.28047   1.33958   0.99579   1.50003   0.96357  
 17 12.5304   2236.512414  x:  0.00000   0.22815   0.00695   0.03589   0.01972   0.15746   0.04959   0.05418   0.10877   0.00371   0.19990   0.00000   0.15269   0.07897   0.03432   0.03786   0.07158   0.04986   0.07794   0.09748   0.13864   0.20920   0.23351   8.25373   1.34995   0.99760   1.49797   0.97290  
 18 10.9157   2236.105441  x:  0.00000   0.23110   0.00713   0.03606   0.01947   0.15853   0.04539   0.05553   0.10923   0.00379   0.19188   0.00000   0.15333   0.07930   0.02972   0.04136   0.07132   0.05683   0.08383   0.10049   0.14413   0.21706   0.23585   8.13712   1.38976   1.00026   1.48381   1.01484  
 19 51.8747   2235.776414  x:  0.00000   0.22917   0.00740   0.03259   0.01872   0.16558   0.05309   0.05792   0.10559   0.00390   0.19044   0.00000   0.15193   0.07234   0.03211   0.04013   0.07214   0.05119   0.07953   0.09861   0.15017   0.22012   0.23226   8.04175   1.41660   1.00104   1.47263   1.04698  
 20 107.3927   2235.493591  x:  0.00000   0.21880   0.00753   0.03413   0.01869   0.16958   0.04971   0.05636   0.10955   0.00403   0.20486   0.00000   0.14760   0.07332   0.03209   0.03961   0.07320   0.05218   0.08183   0.09258   0.15388   0.21097   0.22037   7.95696   1.42106   0.99937   1.46755   1.06610  
 21 38.0244   2235.191325  x:  0.00000   0.21357   0.00777   0.03202   0.01816   0.17287   0.05315   0.05829   0.10786   0.00415   0.21235   0.00000   0.14622   0.07802   0.02975   0.03997   0.07145   0.05178   0.08337   0.10875   0.15501   0.20775   0.21628   7.85900   1.40379   0.99534   1.46843   1.07509  
 22 38.2886   2233.755724  x:  0.00000   0.21689   0.00889   0.03079   0.01686   0.18890   0.05152   0.05838   0.11387   0.00463   0.20578   0.00000   0.14929   0.07789   0.02833   0.03787   0.08785   0.05524   0.08433   0.10406   0.17419   0.22188   0.22675   7.40128   1.28839   0.97278   1.48164   1.08952  
 23 92.3380   2233.488576  x:  0.00000   0.21892   0.00909   0.03107   0.01674   0.19313   0.05095   0.05810   0.11612   0.00473   0.20180   0.00000   0.14792   0.07787   0.02828   0.03797   0.07539   0.05070   0.08984   0.10034   0.17876   0.22334   0.22790   7.31841   1.26910   0.96823   1.48175   1.08718  
 24 126.5408   2233.117650  x:  0.00000   0.22656   0.00933   0.03153   0.01644   0.20036   0.05064   0.05768   0.11809   0.00484   0.18756   0.00000   0.13364   0.08007   0.02796   0.03769   0.07825   0.05160   0.09043   0.10198   0.17960   0.21369   0.21954   7.19656   1.26409   0.95666   1.45720   1.03891  
 25 22.1315   2232.569686  x:  0.00000   0.22818   0.01004   0.02934   0.01587   0.20501   0.05074   0.05902   0.12053   0.00519   0.19916   0.00000   0.14440   0.08030   0.02622   0.03651   0.07932   0.05021   0.09365   0.10243   0.18547   0.22371   0.22089   7.01329   1.26660   0.93612   1.41250   0.95165  
 26 63.1480   2232.527769  x:  0.00000   0.21903   0.01001   0.02947   0.01587   0.20529   0.05071   0.05892   0.12063   0.00522   0.19735   0.00000   0.14180   0.08045   0.02630   0.03656   0.07926   0.05028   0.09360   0.10232   0.18538   0.22467   0.22649   6.99747   1.26718   0.93509   1.40958   0.94604  
 27  9.7980   2231.167151  x:  0.00000   0.21776   0.01189   0.02661   0.01565   0.20853   0.04249   0.06045   0.12611   0.00607   0.19737   0.00000   0.14006   0.06883   0.02374   0.03303   0.08308   0.04150   0.09716   0.10551   0.15053   0.22877   0.22567   6.33759   1.29380   0.94895   1.43500   0.96642  
 28  3.0627   2231.044556  x:  0.00000   0.21832   0.01206   0.03052   0.01689   0.21352   0.04316   0.06022   0.12811   0.00598   0.19799   0.00000   0.14276   0.06816   0.02678   0.03444   0.08316   0.04384   0.09880   0.10564   0.14331   0.22988   0.22590   6.33123   1.29057   0.94846   1.43147   0.96181  
 29  0.0189   2231.026912  x:  0.00000   0.21854   0.01235   0.02956   0.01672   0.21803   0.04370   0.06005   0.12854   0.00584   0.19882   0.00000   0.14343   0.06883   0.02612   0.03458   0.08253   0.04413   0.09952   0.10493   0.14288   0.23025   0.22667   6.40675   1.28825   0.94788   1.42953   0.96167  
 30  0.0606   2231.024583  x:  0.00000   0.21841   0.01246   0.02977   0.01663   0.21957   0.04352   0.05998   0.12848   0.00573   0.19886   0.00000   0.14331   0.06890   0.02618   0.03442   0.08258   0.04391   0.09951   0.10488   0.14370   0.23029   0.22658   6.37654   1.28890   0.94821   1.43012   0.96245  
 31  0.0295   2231.024028  x:  0.00000   0.21835   0.01258   0.02976   0.01665   0.21968   0.04337   0.06001   0.12829   0.00563   0.19869   0.00000   0.14314   0.06865   0.02619   0.03438   0.08273   0.04384   0.09931   0.10504   0.14329   0.23017   0.22643   6.38390   1.28959   0.94856   1.43091   0.96289  
 32  0.0053   2231.023821  x:  0.00000   0.21841   0.01266   0.02972   0.01668   0.21943   0.04350   0.06003   0.12824   0.00555   0.19869   0.00000   0.14319   0.06875   0.02618   0.03445   0.08271   0.04395   0.09925   0.10507   0.14345   0.23017   0.22647   6.38225   1.28942   0.94843   1.43065   0.96274  
 33  0.0011   2231.023793  x:  0.00000   0.21842   0.01269   0.02975   0.01666   0.21933   0.04346   0.06001   0.12829   0.00554   0.19873   0.00000   0.14322   0.06877   0.02619   0.03442   0.08266   0.04390   0.09930   0.10501   0.14344   0.23020   0.22650   6.38271   1.28926   0.94835   1.43052   0.96258  
 34  0.0005   2231.023791  x:  0.00000   0.21841   0.01270   0.02974   0.01666   0.21932   0.04346   0.06001   0.12831   0.00554   0.19873   0.00000   0.14321   0.06875   0.02618   0.03442   0.08267   0.04391   0.09932   0.10501   0.14343   0.23020   0.22649   6.38217   1.28928   0.94837   1.43055   0.96263  
 35  0.0005   2231.023791  x:  0.00000   0.21841   0.01270   0.02974   0.01666   0.21932   0.04347   0.06001   0.12832   0.00554   0.19873   0.00000   0.14321   0.06875   0.02618   0.03442   0.08267   0.04391   0.09932   0.10501   0.14344   0.23020   0.22649   6.38237   1.28929   0.94838   1.43056   0.96264  
 36  0.0002   2231.023791  x:  0.00000   0.21841   0.01270   0.02974   0.01666   0.21932   0.04346   0.06001   0.12831   0.00555   0.19873   0.00000   0.14321   0.06875   0.02618   0.03442   0.08267   0.04391   0.09932   0.10501   0.14343   0.23020   0.22649   6.38236   1.28929   0.94837   1.43056   0.96264  
 37  0.0000   2231.023791  x:  0.00000   0.21841   0.01270   0.02974   0.01666   0.21932   0.04346   0.06001   0.12831   0.00555   0.19873   0.00000   0.14321   0.06875   0.02618   0.03442   0.08267   0.04391   0.09932   0.10501   0.14343   0.23020   0.22649   6.38236   1.28929   0.94837   1.43056   0.96264  
 38  0.0000   2231.023791  x:  0.00000   0.21841   0.01270   0.02974   0.01666   0.21932   0.04346   0.06001   0.12831   0.00555   0.19873   0.00000   0.14321   0.06875   0.02618   0.03442   0.08267   0.04391   0.09932   0.10501   0.14343   0.23020   0.22649   6.38236   1.28929   0.94837   1.43056   0.96264  

TREE # 2

  0  0.0000   2608.250771  x:  0.00000   0.21841   0.01270   0.02974   0.01666   0.21932   0.04346   0.06001   0.12831   0.00555   0.19873   0.00000   0.14321   0.06875   0.02618   0.03442   0.08267   0.04391   0.09932   0.10501   0.14343   0.23020   0.22649   6.38236   1.26798   0.87464   1.32082   0.96264  
  1 99.0000   2488.961003  x:  0.09427   0.21851   0.03206   0.03752   0.02728   0.21847   0.04529   0.05974   0.12819   0.02081   0.19817   0.38065   0.14422   0.07184   0.03477   0.03419   0.08148   0.04603   0.09844   0.10447   0.14215   0.23002   0.22535   6.38235   1.26793   0.87471   1.32088   0.96264  
  2 38961.2192   2342.816894  x:  0.16041   0.17149   0.32988   0.21678   0.25998   0.18534   0.10715   0.03444   0.11692   0.02081   0.16663   0.35030   0.10316   0.17848   0.27585   0.02113   0.03546   0.12255   0.06410   0.08379   0.09343   0.22335   0.18186   6.38249   1.26515   0.87907   1.32249   0.96261  
  3 1364.8071   2322.585927  x:  0.17707   0.14456   0.33093   0.21285   0.25516   0.16762   0.10794   0.02544   0.11269   0.02463   0.15204   0.34640   0.07886   0.18374   0.27775   0.00000   0.01442   0.12595   0.04506   0.07586   0.06840   0.22145   0.15886   6.38260   1.26274   0.88262   1.32331   0.96253  
  4 356.3230   2309.947008  x:  0.19224   0.11881   0.33121   0.20869   0.25002   0.15097   0.10860   0.01819   0.10889   0.02771   0.13843   0.34291   0.05566   0.18835   0.27908   0.00576   0.00000   0.12903   0.02790   0.06904   0.04491   0.21971   0.13719   6.38271   1.26050   0.88589   1.32414   0.96247  
  5 1898.8560   2293.421457  x:  0.21438   0.08110   0.33198   0.20284   0.24281   0.12667   0.10966   0.00801   0.10337   0.03214   0.11857   0.33780   0.02170   0.19518   0.28128   0.00894   0.00273   0.13371   0.00366   0.05933   0.01071   0.21715   0.10560   6.38287   1.25725   0.89064   1.32537   0.96240  
  6 3896.3167   2287.797147  x:  0.22345   0.06420   0.33247   0.20041   0.23980   0.11645   0.11035   0.00869   0.10133   0.03356   0.11035   0.33572   0.00669   0.19803   0.28228   0.00947   0.00296   0.13548   0.00940   0.05684   0.00000   0.21608   0.09253   6.38293   1.25592   0.89261   1.32591   0.96235  
  7 1138.0796   2284.633520  x:  0.22748   0.05655   0.33272   0.19933   0.23846   0.11190   0.11066   0.00919   0.10045   0.03415   0.10672   0.33480   0.00000   0.19931   0.28274   0.00968   0.00306   0.13625   0.01028   0.05579   0.00095   0.21569   0.08687   6.38296   1.25533   0.89349   1.32616   0.96233  
  8 1511.4430   2279.806271  x:  0.24077   0.01432   0.33506   0.19512   0.23288   0.09526   0.11221   0.03866   0.10075   0.03130   0.09718   0.33194   0.00000   0.20505   0.28556   0.00900   0.00277   0.13695   0.00368   0.06427   0.00000   0.21569   0.06969   6.38310   1.25316   0.89658   1.32793   0.96189  
  9 496.4048   2279.806271  x:  0.24077   0.01432   0.33506   0.19512   0.23288   0.09526   0.11221   0.03866   0.10075   0.03130   0.09718   0.33194   0.00000   0.20505   0.28556   0.00900   0.00277   0.13695   0.00368   0.06427   0.00000   0.21569   0.06969   6.38310   1.25316   0.89658   1.32793   0.96189  
 10 195.0320   2271.954189  x:  0.24058   0.01171   0.33401   0.19417   0.23160   0.09425   0.11192   0.03760   0.10074   0.03113   0.09672   0.32897   0.00000   0.20492   0.28477   0.00830   0.01381   0.13674   0.01905   0.06477   0.02667   0.21578   0.06969   6.38311   1.25305   0.89675   1.32803   0.96189  
 11 1404.4070   2267.344160  x:  0.23970   0.00000   0.32924   0.18991   0.22585   0.08973   0.11067   0.03305   0.10068   0.03048   0.09469   0.31541   0.00000   0.20438   0.28118   0.00302   0.01384   0.13574   0.02480   0.06493   0.02393   0.21567   0.06461   6.38314   1.25243   0.89764   1.32854   0.96187  
 12 224.1167   2254.286512  x:  0.23378   0.00000   0.29720   0.16233   0.18698   0.06076   0.10290   0.00694   0.10032   0.02773   0.08182   0.22167   0.00000   0.20092   0.25717   0.01940   0.01849   0.12941   0.05137   0.06395   0.00911   0.21545   0.03153   6.38335   1.24827   0.90345   1.33223   0.96182  
 13 1132.2293   2244.548976  x:  0.22803   0.00000   0.26504   0.13682   0.14894   0.04015   0.09788   0.03063   0.10027   0.03047   0.07190   0.12254   0.00000   0.19785   0.23322   0.02490   0.01222   0.12378   0.06092   0.06039   0.00734   0.21610   0.01191   6.38355   1.24419   0.90903   1.33634   0.96173  
 14 760.3942   2238.121675  x:  0.22419   0.00000   0.24285   0.12075   0.12415   0.03234   0.09495   0.03230   0.10002   0.03242   0.06698   0.05131   0.00000   0.19596   0.21687   0.02669   0.00647   0.12043   0.06016   0.05756   0.00937   0.21680   0.02670   6.38368   1.24141   0.91281   1.33940   0.96171  
 15 940.6831   2236.893446  x:  0.22334   0.00000   0.23699   0.11897   0.12027   0.04043   0.09537   0.03106   0.09982   0.03351   0.06833   0.03376   0.00000   0.19576   0.21283   0.02479   0.01342   0.12030   0.05447   0.05691   0.00960   0.21722   0.02489   6.38370   1.24072   0.91374   1.34057   0.96173  
 16 233.7526   2236.646286  x:  0.22291   0.00000   0.23346   0.11879   0.11907   0.04337   0.09586   0.02877   0.09972   0.03372   0.06967   0.03131   0.00000   0.19569   0.21060   0.02446   0.00973   0.12040   0.05165   0.05681   0.01266   0.21753   0.02216   6.38372   1.24032   0.91430   1.34145   0.96174  
 17 72.1069   2236.330243  x:  0.22081   0.00000   0.21592   0.11768   0.11328   0.04378   0.09782   0.02823   0.09952   0.03414   0.07381   0.03651   0.00000   0.19526   0.19995   0.02382   0.01142   0.12094   0.04809   0.05595   0.01383   0.21914   0.02226   6.38381   1.23831   0.91719   1.34618   0.96173  
 18 34.5354   2236.248131  x:  0.22020   0.00000   0.20898   0.12075   0.11712   0.04614   0.09867   0.02899   0.09950   0.03319   0.07299   0.03629   0.00000   0.19536   0.19700   0.02458   0.01046   0.12170   0.05103   0.05683   0.01264   0.22006   0.02290   6.38386   1.23718   0.91908   1.35015   0.96173  
 19 19.6007   2236.209121  x:  0.22004   0.00000   0.20603   0.12321   0.12070   0.04363   0.09860   0.02863   0.09963   0.03399   0.07209   0.03556   0.00000   0.19555   0.19677   0.02416   0.01099   0.12216   0.04954   0.05686   0.01322   0.22068   0.02258   6.38392   1.23621   0.92105   1.35463   0.96172  
 20 13.8477   2236.036329  x:  0.21984   0.00000   0.20528   0.12302   0.12040   0.04472   0.09424   0.02869   0.09947   0.03276   0.07329   0.03611   0.00000   0.19662   0.20496   0.02389   0.01090   0.12078   0.04961   0.05266   0.01330   0.22285   0.02263   6.38451   1.22896   0.94003   1.39720   0.96159  
 21  8.7330   2235.956272  x:  0.22003   0.00000   0.20736   0.12239   0.11926   0.04507   0.09700   0.02863   0.09957   0.03515   0.07291   0.03643   0.00000   0.19654   0.20603   0.02390   0.01089   0.12118   0.04950   0.05814   0.01326   0.22294   0.02279   6.38483   1.22741   0.94911   1.41779   0.96147  
 22 33.5918   2235.910101  x:  0.22045   0.00000   0.21043   0.12254   0.11942   0.04450   0.10065   0.02865   0.09946   0.03205   0.07255   0.03629   0.00000   0.19591   0.20317   0.02372   0.01111   0.12228   0.04882   0.05798   0.01353   0.22180   0.02275   6.38506   1.22968   0.95380   1.42869   0.96133  
 23 17.6192   2235.856549  x:  0.22104   0.00000   0.21435   0.12300   0.12029   0.04476   0.10228   0.02840   0.09932   0.03472   0.07254   0.03636   0.00000   0.19501   0.19795   0.02368   0.01089   0.12327   0.04955   0.05480   0.01330   0.21980   0.02278   6.38538   1.23577   0.95874   1.44037   0.96110  
 24 20.9063   2235.751999  x:  0.22179   0.00000   0.21804   0.12368   0.12203   0.04502   0.09494   0.02875   0.09887   0.03366   0.07392   0.03672   0.00000   0.19444   0.19117   0.02353   0.01114   0.12212   0.04861   0.05753   0.01363   0.21697   0.02298   6.38613   1.25587   0.96657   1.45904   0.96059  
 25 16.0331   2235.386461  x:  0.22175   0.00000   0.21313   0.12340   0.12168   0.04690   0.09922   0.02829   0.10052   0.03388   0.06898   0.03813   0.00000   0.19795   0.20026   0.02261   0.01151   0.11791   0.04673   0.05642   0.01437   0.21719   0.02323   6.38916   1.34467   0.99136   1.51509   0.95908  
 26 23.3117   2235.323547  x:  0.22150   0.00000   0.21263   0.12433   0.12212   0.04590   0.10052   0.02835   0.09939   0.03401   0.07474   0.03723   0.00000   0.19755   0.20293   0.02261   0.01132   0.12081   0.04764   0.05664   0.01395   0.21847   0.02332   6.38974   1.35857   0.99578   1.52294   0.95912  
 27 30.2394   2235.271110  x:  0.22048   0.00000   0.21310   0.12489   0.12115   0.04647   0.09903   0.02832   0.09662   0.03403   0.07261   0.03769   0.00000   0.19401   0.20412   0.02239   0.01137   0.12735   0.04709   0.05660   0.01419   0.22194   0.02334   6.39044   1.36343   1.00063   1.52339   0.96027  
 28  5.6514   2234.973340  x:  0.21745   0.00000   0.21853   0.12695   0.12568   0.04799   0.10010   0.02826   0.10535   0.03392   0.07472   0.03894   0.00000   0.18173   0.20512   0.02156   0.01176   0.12258   0.04539   0.05657   0.01479   0.23416   0.02390   6.39516   1.36654   1.02823   1.50741   0.97012  
 29  5.6784   2234.422787  x:  0.22193   0.00000   0.22418   0.13291   0.13087   0.05006   0.10301   0.02840   0.09116   0.03451   0.07656   0.04118   0.00000   0.19740   0.20813   0.02001   0.01250   0.11795   0.04220   0.05676   0.01602   0.22939   0.02494   6.40414   1.36147   1.06491   1.47659   0.98772  
 30 17.4968   2234.090181  x:  0.22646   0.00000   0.22512   0.13423   0.13283   0.05201   0.10130   0.02844   0.10401   0.03420   0.07711   0.04261   0.00000   0.20806   0.21209   0.01903   0.01282   0.12940   0.04019   0.05697   0.01687   0.21769   0.02559   6.40990   1.35450   1.07063   1.46204   0.99673  
 31 19.1485   2232.727065  x:  0.23045   0.00000   0.22824   0.13771   0.14700   0.05869   0.10453   0.02833   0.09707   0.03453   0.08093   0.04790   0.00000   0.18312   0.22857   0.01481   0.01440   0.12828   0.03228   0.05733   0.01996   0.19617   0.02803   6.43343   1.30991   0.98076   1.43965   1.01580  
 32 12.1214   2232.166936  x:  0.22877   0.00000   0.23881   0.14954   0.14546   0.06061   0.10465   0.02781   0.09984   0.03446   0.08176   0.04944   0.00000   0.19711   0.22571   0.01267   0.01486   0.12833   0.02993   0.05701   0.02073   0.21913   0.02875   6.44346   1.29030   0.93347   1.43300   1.01780  
 33 32.2952   2232.135415  x:  0.22713   0.00000   0.23922   0.14346   0.14953   0.06093   0.10484   0.02782   0.09940   0.03449   0.08202   0.04975   0.00000   0.19914   0.22511   0.01260   0.01494   0.12929   0.02952   0.05699   0.02089   0.22127   0.02883   6.44402   1.28892   0.93185   1.43205   1.01064  
 34  5.4669   2232.034328  x:  0.22464   0.00000   0.24012   0.14712   0.14875   0.06145   0.10498   0.02776   0.09963   0.03452   0.08225   0.05000   0.00000   0.19862   0.22636   0.01227   0.01506   0.12916   0.02897   0.05707   0.02109   0.21954   0.02910   6.44569   1.28358   0.93206   1.42620   0.95944  
 35  5.6873   2232.028752  x:  0.22868   0.00000   0.23980   0.14677   0.14884   0.06151   0.10498   0.02775   0.09961   0.03453   0.08226   0.05000   0.00000   0.19818   0.22630   0.01225   0.01506   0.12918   0.02895   0.05706   0.02109   0.22044   0.02912   6.44558   1.28338   0.93212   1.42595   0.95695  
 36  2.2194   2231.181189  x:  0.22697   0.00000   0.23114   0.14628   0.14510   0.06789   0.10630   0.02791   0.09919   0.03509   0.08399   0.04497   0.00000   0.19959   0.21909   0.00455   0.01451   0.12915   0.02783   0.05822   0.02023   0.22148   0.03753   6.34104   1.29454   0.95806   1.43800   0.96434  
 37  0.1170   2231.074638  x:  0.22630   0.00000   0.22901   0.14363   0.14371   0.06889   0.10546   0.02800   0.09925   0.03471   0.08338   0.04349   0.00000   0.19913   0.21742   0.00595   0.01318   0.12840   0.03226   0.05940   0.01833   0.22057   0.03984   6.37309   1.28906   0.95079   1.43230   0.96210  
 38  0.0453   2231.046644  x:  0.22635   0.00000   0.22933   0.14262   0.14307   0.06960   0.10473   0.02687   0.09934   0.03435   0.08270   0.04324   0.00000   0.19842   0.21801   0.00500   0.01271   0.12818   0.03169   0.05980   0.01793   0.21936   0.04186   6.40145   1.28726   0.94582   1.42867   0.96261  
 39  0.0243   2231.029538  x:  0.22651   0.00000   0.23050   0.14250   0.14283   0.06906   0.10456   0.02572   0.09939   0.03420   0.08212   0.04383   0.00000   0.19846   0.21872   0.00562   0.01275   0.12814   0.03017   0.05985   0.01765   0.21903   0.04312   6.37391   1.28931   0.94831   1.42985   0.96281  
 40  0.0174   2231.025477  x:  0.22653   0.00000   0.23038   0.14349   0.14348   0.06885   0.10528   0.02591   0.09928   0.03452   0.08276   0.04395   0.00000   0.19893   0.21840   0.00554   0.01287   0.12838   0.03003   0.06003   0.01707   0.21950   0.04381   6.38933   1.28981   0.94898   1.43143   0.96248  
 41  0.0087   2231.024249  x:  0.22647   0.00000   0.22991   0.14322   0.14360   0.06867   0.10498   0.02622   0.09934   0.03440   0.08279   0.04389   0.00000   0.19859   0.21837   0.00555   0.01276   0.12831   0.02983   0.06003   0.01679   0.21929   0.04379   6.37262   1.28864   0.94782   1.42977   0.96275  
 42  0.0075   2231.023870  x:  0.22649   0.00000   0.23013   0.14318   0.14347   0.06863   0.10492   0.02626   0.09934   0.03440   0.08268   0.04390   0.00000   0.19869   0.21841   0.00555   0.01269   0.12831   0.02972   0.06001   0.01671   0.21928   0.04357   6.38659   1.28936   0.94844   1.43053   0.96281  
 43  0.0102   2231.023801  x:  0.22649   0.00000   0.23026   0.14322   0.14342   0.06869   0.10501   0.02621   0.09932   0.03443   0.08266   0.04392   0.00000   0.19876   0.21842   0.00554   0.01269   0.12832   0.02974   0.06002   0.01667   0.21932   0.04348   6.38146   1.28937   0.94842   1.43067   0.96252  
 44  0.0040   2231.023792  x:  0.22649   0.00000   0.23020   0.14320   0.14343   0.06874   0.10502   0.02618   0.09932   0.03443   0.08267   0.04391   0.00000   0.19872   0.21841   0.00554   0.01270   0.12831   0.02974   0.06002   0.01666   0.21933   0.04346   6.38244   1.28925   0.94834   1.43051   0.96267  
 45  0.0007   2231.023791  x:  0.22649   0.00000   0.23019   0.14321   0.14343   0.06875   0.10501   0.02618   0.09932   0.03442   0.08267   0.04391   0.00000   0.19873   0.21841   0.00555   0.01270   0.12831   0.02974   0.06001   0.01666   0.21932   0.04346   6.38235   1.28930   0.94838   1.43056   0.96263  
 46  0.0001   2231.023791  x:  0.22649   0.00000   0.23020   0.14321   0.14344   0.06875   0.10501   0.02618   0.09932   0.03442   0.08267   0.04391   0.00000   0.19873   0.21841   0.00555   0.01270   0.12831   0.02974   0.06001   0.01666   0.21932   0.04346   6.38236   1.28929   0.94837   1.43056   0.96264  
 47  0.0000   2231.023791  x:  0.22649   0.00000   0.23020   0.14321   0.14343   0.06875   0.10501   0.02618   0.09932   0.03442   0.08267   0.04391   0.00000   0.19873   0.21841   0.00555   0.01270   0.12831   0.02974   0.06001   0.01666   0.21932   0.04346   6.38236   1.28929   0.94837   1.43056   0.96264  