

TREE # 1

  0  0.0000   1965.650341  x:  0.01972   0.20925   0.02571   0.03211   0.02495   0.05815   0.02188   0.05666   0.08536   0.02661   0.17168   0.01972   0.20925   0.02571   0.03211   0.02495   0.05815   0.02188   0.05666   0.08536   0.02661   0.17168   0.21568   8.40433   1.67731   1.11329   1.29968   1.00000  
  1 99.0000   1951.046628  x:  0.00096   0.20186   0.00232   0.02353   0.03334   0.07285   0.06581   0.07548   0.09301   0.01042   0.16755   0.00000   0.20163   0.04047   0.04188   0.04033   0.06413   0.03613   0.05032   0.07755   0.04986   0.17906   0.21823   8.40448   1.67714   1.11188   1.30169   0.99970  
  2 392.4327   1950.743997  x:  0.00000   0.20134   0.00362   0.02320   0.03339   0.07340   0.06627   0.07626   0.09347   0.01057   0.16732   0.00000   0.20106   0.04077   0.04205   0.04047   0.06437   0.03619   0.04999   0.07704   0.05007   0.17964   0.21847   8.40449   1.67713   1.11178   1.30184   0.99968  
  3 180.6704   1948.454519  x:  0.00000   0.18549   0.00175   0.01446   0.03033   0.08580   0.06032   0.09477   0.10601   0.01966   0.16085   0.00000   0.18315   0.04442   0.04278   0.03749   0.07001   0.03083   0.04131   0.06203   0.04493   0.19777   0.22620   8.40487   1.67682   1.10848   1.30667   0.99915  
  4 172.5345   1947.360564  x:  0.00000   0.17319   0.00192   0.02379   0.02977   0.09038   0.05502   0.10252   0.11195   0.01094   0.15646   0.00000   0.16913   0.04581   0.04215   0.03621   0.07184   0.03015   0.04012   0.05524   0.04049   0.21075   0.23221   8.40521   1.67656   1.10565   1.31088   0.99871  
  5 145.8765   1946.577701  x:  0.00000   0.15504   0.00190   0.02238   0.03285   0.08700   0.05288   0.09899   0.11249   0.01276   0.15203   0.00000   0.14897   0.04664   0.04065   0.03915   0.06892   0.03726   0.04947   0.06126   0.03938   0.22698   0.24108   8.40589   1.67599   1.10050   1.31888   0.99783  
  6 66.9535   1946.373460  x:  0.00000   0.14940   0.00224   0.01968   0.03111   0.08413   0.05461   0.09471   0.11030   0.01025   0.15196   0.00000   0.14311   0.04689   0.04108   0.03777   0.06762   0.03316   0.04714   0.06322   0.04045   0.23178   0.24440   8.40629   1.67565   1.09781   1.32335   0.99732  
  7 45.9487   1946.304530  x:  0.00000   0.14731   0.00210   0.02179   0.03084   0.08294   0.05639   0.09263   0.10876   0.01227   0.15254   0.00000   0.14114   0.04701   0.04152   0.03743   0.06746   0.03172   0.04502   0.06330   0.04111   0.23367   0.24603   8.40657   1.67542   1.09602   1.32637   0.99696  
  8 41.0027   1946.231599  x:  0.00000   0.14661   0.00219   0.02109   0.03154   0.08263   0.05633   0.09049   0.10560   0.01201   0.15576   0.00000   0.14148   0.04600   0.04156   0.03793   0.06899   0.03440   0.04244   0.06074   0.03967   0.23527   0.24884   8.40747   1.67478   1.09087   1.33537   0.99580  
  9 16.1473   1946.111551  x:  0.00000   0.14731   0.00222   0.02112   0.03114   0.08411   0.05573   0.09112   0.10306   0.01209   0.16133   0.00000   0.14410   0.04703   0.04156   0.03811   0.07000   0.03210   0.04662   0.05914   0.04104   0.23671   0.25347   8.40975   1.67330   1.07886   1.35699   0.99289  
 10 26.1478   1946.014782  x:  0.00000   0.14877   0.00217   0.02150   0.03067   0.08419   0.05550   0.09366   0.10624   0.01201   0.16179   0.00000   0.14558   0.04645   0.04103   0.03681   0.06749   0.03307   0.04446   0.06382   0.04052   0.23551   0.25468   8.41225   1.67198   1.06813   1.37803   0.98977  
 11 28.8586   1945.963291  x:  0.00000   0.14938   0.00214   0.02128   0.03189   0.08230   0.05533   0.09255   0.10861   0.01196   0.15732   0.00000   0.14461   0.04549   0.04154   0.03892   0.06744   0.03185   0.04445   0.06218   0.03995   0.23245   0.25176   8.41427   1.67141   1.06302   1.39117   0.98739  
 12 18.0171   1945.943327  x:  0.00000   0.14931   0.00213   0.02130   0.03064   0.08217   0.05529   0.09183   0.10842   0.01207   0.15485   0.00000   0.14381   0.04602   0.04133   0.03739   0.06811   0.03279   0.04488   0.06120   0.04057   0.23091   0.24954   8.41539   1.67138   1.06167   1.39671   0.98617  
 13 16.9149   1945.935240  x:  0.00000   0.14885   0.00215   0.02127   0.03146   0.08335   0.05509   0.09204   0.10684   0.01204   0.15411   0.00000   0.14332   0.04649   0.04102   0.03712   0.06834   0.03248   0.04470   0.06175   0.04018   0.23042   0.24766   8.41641   1.67177   1.06231   1.39949   0.98519  
 14  6.2167   1945.930482  x:  0.00000   0.14844   0.00215   0.02134   0.03058   0.08371   0.05491   0.09240   0.10610   0.01208   0.15426   0.00000   0.14318   0.04621   0.04126   0.03792   0.06813   0.03250   0.04463   0.06198   0.04005   0.23051   0.24639   8.41749   1.67241   1.06369   1.40147   0.98424  
 15  5.5530   1945.916269  x:  0.00000   0.14752   0.00216   0.02130   0.03113   0.08275   0.05479   0.09308   0.10631   0.01209   0.15611   0.00000   0.14336   0.04505   0.04157   0.03717   0.06735   0.03256   0.04484   0.06143   0.04067   0.23176   0.24340   8.42208   1.67554   1.07046   1.40815   0.98047  
 16  7.0786   1945.899896  x:  0.00000   0.14776   0.00220   0.02133   0.03092   0.08218   0.05479   0.09213   0.10775   0.01210   0.15738   0.00000   0.14368   0.04683   0.04058   0.03754   0.06839   0.03246   0.04473   0.06177   0.03989   0.23293   0.24242   8.42827   1.68023   1.07941   1.41615   0.97576  
 17 13.3261   1945.878440  x:  0.00000   0.14931   0.00223   0.02139   0.03100   0.08377   0.05432   0.09084   0.10801   0.01211   0.15593   0.00000   0.14380   0.04616   0.04230   0.03722   0.06857   0.03247   0.04484   0.06223   0.03994   0.23309   0.24547   8.43757   1.68807   1.09174   1.42660   0.96960  
 18 13.9005   1945.868487  x:  0.00000   0.14973   0.00225   0.02136   0.03089   0.08359   0.05446   0.09143   0.10727   0.01215   0.15487   0.00000   0.14383   0.04559   0.04069   0.03741   0.06797   0.03237   0.04478   0.06185   0.04026   0.23247   0.24750   8.44226   1.69241   1.09711   1.43119   0.96705  
 19 16.8598   1945.862902  x:  0.00000   0.14931   0.00228   0.02131   0.03094   0.08239   0.05435   0.09252   0.10657   0.01217   0.15459   0.00000   0.14385   0.04639   0.04128   0.03730   0.06778   0.03245   0.04478   0.06173   0.03981   0.23138   0.24856   8.44557   1.69600   1.09944   1.43347   0.96615  
 20  7.3146   1945.848166  x:  0.00000   0.14658   0.00229   0.02136   0.03092   0.08274   0.05420   0.09258   0.10737   0.01215   0.15571   0.00000   0.14369   0.04557   0.04116   0.03735   0.06927   0.03233   0.04475   0.06223   0.04025   0.22828   0.24913   8.45679   1.70956   1.10246   1.43822   0.96613  
 21  5.5069   1945.831504  x:  0.00000   0.14656   0.00235   0.02129   0.03084   0.08389   0.05465   0.09168   0.10784   0.01218   0.15639   0.00000   0.14314   0.04630   0.04112   0.03726   0.06699   0.03248   0.04490   0.06125   0.03959   0.22776   0.24841   8.47054   1.72583   1.10475   1.44319   0.96721  
 22 14.6431   1945.813514  x:  0.00000   0.14901   0.00239   0.02128   0.03105   0.08314   0.05398   0.09213   0.10718   0.01215   0.15555   0.00000   0.14276   0.04633   0.04119   0.03760   0.06775   0.03255   0.04444   0.06165   0.04082   0.23032   0.24694   8.48645   1.74339   1.10670   1.44843   0.96934  
 23 18.6051   1945.809987  x:  0.00000   0.14934   0.00241   0.02126   0.03089   0.08294   0.05474   0.09235   0.10703   0.01217   0.15515   0.00000   0.14302   0.04582   0.04119   0.03734   0.06822   0.03242   0.04480   0.06182   0.04008   0.23103   0.24666   8.48987   1.74641   1.10712   1.44944   0.97005  
 24 11.2523   1945.803210  x:  0.00000   0.14785   0.00243   0.02126   0.03094   0.08301   0.05474   0.09208   0.10702   0.01216   0.15367   0.00000   0.14574   0.04609   0.04121   0.03744   0.06799   0.03248   0.04470   0.06179   0.04020   0.23222   0.24657   8.49904   1.74848   1.10850   1.45131   0.97368  
 25  2.9880   1945.743123  x:  0.00000   0.14885   0.00267   0.02120   0.03109   0.08349   0.05586   0.09301   0.10739   0.01215   0.15484   0.00000   0.14347   0.04625   0.04143   0.03773   0.06822   0.03276   0.04465   0.06170   0.04077   0.23073   0.24695   8.59183   1.75249   1.12303   1.46702   1.01238  
 26  7.3428   1945.205455  x:  0.00000   0.14904   0.00583   0.02012   0.03093   0.08413   0.05449   0.09380   0.10766   0.01301   0.15520   0.00000   0.14508   0.04495   0.04163   0.03745   0.06863   0.03229   0.04411   0.06165   0.04139   0.22974   0.24638   9.65318   1.69985   1.08216   1.42487   0.98604  
 27  4.3473   1945.202794  x:  0.00000   0.14894   0.00581   0.02013   0.03104   0.08441   0.05550   0.09419   0.10777   0.01290   0.15511   0.00000   0.14499   0.04520   0.04177   0.03771   0.06870   0.03253   0.04408   0.06159   0.04178   0.22983   0.24637   9.66095   1.69972   1.08240   1.42544   0.98351  
 28  0.3727   1945.173272  x:  0.00000   0.14881   0.00567   0.02060   0.03099   0.08386   0.05592   0.09345   0.10752   0.01245   0.15529   0.00000   0.14426   0.04594   0.04154   0.03767   0.06850   0.03256   0.04428   0.06160   0.04120   0.23124   0.24746   9.87206   1.72363   1.09879   1.44467   0.99902  
 29  0.2228   1945.169616  x:  0.00000   0.14889   0.00540   0.02048   0.03101   0.08391   0.05568   0.09345   0.10755   0.01240   0.15525   0.00000   0.14436   0.04576   0.04157   0.03766   0.06849   0.03257   0.04432   0.06163   0.04118   0.23089   0.24726   9.96682   1.71805   1.09496   1.44020   0.99676  
 30  0.0465   1945.169239  x:  0.00000   0.14885   0.00525   0.02054   0.03099   0.08391   0.05569   0.09351   0.10756   0.01248   0.15526   0.00000   0.14438   0.04578   0.04156   0.03764   0.06851   0.03254   0.04428   0.06162   0.04122   0.23101   0.24730   9.95592   1.71905   1.09546   1.44092   0.99733  
 31  0.0071   1945.169234  x:  0.00000   0.14886   0.00525   0.02053   0.03100   0.08390   0.05569   0.09349   0.10755   0.01247   0.15526   0.00000   0.14436   0.04578   0.04156   0.03765   0.06850   0.03255   0.04429   0.06163   0.04121   0.23099   0.24730   9.95227   1.71898   1.09546   1.44089   0.99726  
 32  0.0033   1945.169234  x:  0.00000   0.14886   0.00525   0.02053   0.03099   0.08391   0.05569   0.09349   0.10755   0.01247   0.15526   0.00000   0.14436   0.04578   0.04156   0.03765   0.06850   0.03255   0.04429   0.06163   0.04121   0.23099   0.24730   9.95221   1.71897   1.09545   1.44088   0.99725  
 33  0.0001   1945.169234  x:  0.00000   0.14886   0.00525   0.02053   0.03099   0.08391   0.05569   0.09349   0.10755   0.01247   0.15526   0.00000   0.14436   0.04578   0.04156   0.03765   0.06850   0.03255   0.04429   0.06163   0.04121   0.23099   0.24730   9.95222   1.71897   1.09545   1.44089   0.99725  
 34  0.0000   1945.169234  x:  0.00000   0.14886   0.00525   0.02053   0.03099   0.08391   0.05569   0.09349   0.10755   0.01247   0.15526   0.00000   0.14436   0.04578   0.04156   0.03765   0.06850   0.03255   0.04429   0.06163   0.04121   0.23099   0.24730   9.95222   1.71897   1.09545   1.44089   0.99725  
 35  0.0000   1945.169234  x:  0.00000   0.14886   0.00525   0.02053   0.03099   0.08391   0.05569   0.09349   0.10755   0.01247   0.15526   0.00000   0.14436   0.04578   0.04156   0.03765   0.06850   0.03255   0.04429   0.06163   0.04121   0.23099   0.24730   9.95222   1.71897   1.09545   1.44089   0.99725  

TREE # 2

  0  0.0000   2276.353217  x:  0.00000   0.14886   0.00525   0.02053   0.03099   0.08391   0.05569   0.09349   0.10755   0.01247   0.15526   0.00000   0.14436   0.04578   0.04156   0.03765   0.06850   0.03255   0.04429   0.06163   0.04121   0.23099   0.24730   9.95222   1.68706   1.00051   1.31765   0.99725  
  1 99.0000   2100.509740  x:  0.21804   0.15065   0.07947   0.03824   0.03293   0.08271   0.05594   0.09248   0.10639   0.02113   0.15441   0.26157   0.14573   0.05087   0.04747   0.03656   0.06639   0.03744   0.04349   0.06285   0.04015   0.22957   0.24555   9.95222   1.68703   1.00046   1.31776   0.99722  
  2 22314.6324   2008.406212  x:  0.22656   0.09882   0.19806   0.20827   0.06466   0.05189   0.05750   0.05707   0.06743   0.02727   0.11971   0.21529   0.08879   0.18410   0.17803   0.00355   0.00527   0.15274   0.01897   0.09596   0.01057   0.18896   0.19527   9.95229   1.68419   1.00676   1.31909   0.99650  
  3 762.0025   1999.105249  x:  0.23680   0.07390   0.21567   0.22159   0.06256   0.04196   0.05833   0.04669   0.05471   0.03046   0.10603   0.20203   0.06286   0.19416   0.18924   0.05275   0.00000   0.15870   0.01796   0.09891   0.02093   0.17266   0.17403   9.95232   1.68268   1.00997   1.31964   0.99614  
  4 491.1092   1979.100279  x:  0.26449   0.01208   0.24032   0.22481   0.05209   0.02662   0.06018   0.03134   0.03303   0.03645   0.07636   0.17396   0.00000   0.19547   0.19451   0.05806   0.04046   0.15181   0.02541   0.10016   0.03299   0.13365   0.12238   9.95239   1.67892   1.01780   1.32110   0.99556  
  5 490.3591   1975.370877  x:  0.27013   0.00000   0.24401   0.22357   0.05027   0.02785   0.06046   0.03152   0.03255   0.03716   0.07195   0.16864   0.00000   0.19451   0.19404   0.05689   0.03817   0.14921   0.02461   0.09995   0.03393   0.12645   0.11250   9.95240   1.67822   1.01927   1.32143   0.99547  
  6 603.1365   1971.686302  x:  0.30417   0.00000   0.26673   0.21686   0.04872   0.01893   0.05509   0.02231   0.05403   0.03389   0.09766   0.13578   0.00000   0.19638   0.18865   0.05501   0.03030   0.14188   0.04866   0.10025   0.03497   0.10976   0.08012   9.95247   1.67497   1.02567   1.32526   0.99586  
  7 155.5847   1969.979835  x:  0.32857   0.00000   0.28294   0.21345   0.05265   0.03027   0.05483   0.03510   0.04957   0.03288   0.11869   0.11197   0.00000   0.20037   0.18505   0.05691   0.03264   0.13968   0.06013   0.10061   0.03542   0.10649   0.06799   9.95252   1.67271   1.03001   1.32869   0.99634  
  8 169.5955   1968.454749  x:  0.35668   0.00000   0.29713   0.20453   0.05183   0.02613   0.05936   0.03085   0.03102   0.03401   0.13493   0.08581   0.00000   0.20215   0.17646   0.05358   0.02617   0.13580   0.05531   0.09923   0.03287   0.11158   0.07053   9.95261   1.66988   1.03558   1.33352   0.99709  
  9 104.3629   1967.514765  x:  0.38250   0.00000   0.31047   0.19863   0.05004   0.02687   0.06239   0.03074   0.03989   0.03734   0.13542   0.06152   0.00000   0.20658   0.17092   0.05368   0.03074   0.13666   0.03922   0.09895   0.03580   0.11914   0.08224   9.95273   1.66674   1.04205   1.33949   0.99794  
 10 72.6458   1967.346806  x:  0.38666   0.00000   0.31151   0.19526   0.04995   0.02685   0.05594   0.03135   0.03971   0.03219   0.13077   0.05836   0.00000   0.20822   0.16923   0.05393   0.03008   0.13897   0.04033   0.09981   0.03266   0.12100   0.08481   9.95283   1.66523   1.04575   1.34339   0.99854  
 11 18.9292   1967.030365  x:  0.39073   0.00000   0.31098   0.18665   0.05145   0.02877   0.05276   0.03024   0.03939   0.04003   0.12176   0.05598   0.00000   0.21339   0.16578   0.05252   0.02527   0.14561   0.04974   0.10196   0.03152   0.12520   0.08799   9.95318   1.66110   1.05670   1.35597   1.00051  
 12 22.0611   1966.576024  x:  0.39271   0.00000   0.30935   0.17717   0.05122   0.02489   0.06274   0.03476   0.04017   0.03573   0.11477   0.05649   0.00000   0.22109   0.16260   0.05004   0.01913   0.15234   0.05675   0.10279   0.03468   0.12925   0.08808   9.95376   1.65543   1.07347   1.37616   1.00371  
 13 40.7168   1965.971795  x:  0.39157   0.00000   0.30646   0.17028   0.05087   0.03303   0.06769   0.02670   0.04099   0.03050   0.11614   0.06036   0.00000   0.22896   0.16068   0.04862   0.01561   0.15460   0.05427   0.10050   0.03433   0.13105   0.08427   9.95460   1.64955   1.09479   1.40342   1.00812  
 14 51.4472   1964.365834  x:  0.38570   0.00000   0.29918   0.16034   0.04596   0.02916   0.05993   0.03077   0.04276   0.03585   0.12875   0.07184   0.00000   0.24320   0.15794   0.04555   0.00703   0.15210   0.03605   0.09349   0.02792   0.13017   0.07305   9.95683   1.63786   1.14661   1.47230   1.01941  
 15 115.1837   1963.999461  x:  0.38581   0.00000   0.29866   0.16351   0.04913   0.02897   0.05637   0.03061   0.04195   0.03505   0.12999   0.07284   0.00000   0.23979   0.15838   0.04273   0.00276   0.14741   0.03509   0.09636   0.03527   0.12632   0.07680   9.95739   1.63932   1.15466   1.48594   1.02175  
 16 42.2413   1963.737787  x:  0.38721   0.00000   0.29874   0.16795   0.05100   0.02911   0.06012   0.03078   0.04295   0.03526   0.12896   0.07223   0.00000   0.23224   0.15917   0.04312   0.00074   0.14360   0.03668   0.10038   0.02855   0.12189   0.08124   9.95786   1.64424   1.15715   1.49402   1.02330  
 17 31.1530   1963.614432  x:  0.38863   0.00000   0.29819   0.16733   0.04837   0.02956   0.06002   0.03062   0.04286   0.03526   0.12932   0.07148   0.00000   0.22615   0.15989   0.04265   0.00000   0.15079   0.03585   0.10031   0.02910   0.12393   0.07858   9.95818   1.65289   1.15321   1.49523   1.02398  
 18  9.8152   1963.560884  x:  0.38929   0.00000   0.29751   0.16446   0.05396   0.02860   0.06015   0.03037   0.04305   0.03523   0.12919   0.07132   0.00000   0.22518   0.15954   0.04264   0.00014   0.15393   0.03383   0.10014   0.02878   0.12334   0.07660   9.95846   1.65952   1.15090   1.49630   1.02464  
 19 11.4308   1963.393633  x:  0.39001   0.00000   0.29692   0.15993   0.05310   0.02876   0.06009   0.03041   0.04297   0.03525   0.12863   0.07116   0.00000   0.23175   0.15955   0.04242   0.00000   0.15300   0.03354   0.09919   0.02882   0.11921   0.07777   9.95918   1.67454   1.14745   1.49892   1.02632  
 20  8.7680   1963.036760  x:  0.39112   0.00000   0.29624   0.16330   0.05209   0.02886   0.05975   0.03013   0.04343   0.03536   0.12281   0.07043   0.00000   0.24249   0.14931   0.04177   0.00024   0.14190   0.03194   0.11080   0.02878   0.12854   0.06866   9.96211   1.71769   1.15164   1.51350   1.03276  
 21 15.2226   1961.870749  x:  0.39446   0.00000   0.30143   0.18130   0.05446   0.02930   0.05958   0.03077   0.04446   0.03564   0.10777   0.06546   0.00000   0.23100   0.14124   0.03986   0.00006   0.13143   0.03580   0.08274   0.02928   0.13134   0.06431   9.97182   1.82256   1.20251   1.56812   1.05180  
 22 24.8854   1959.163546  x:  0.39913   0.00000   0.30853   0.18639   0.04372   0.03287   0.06010   0.03151   0.04474   0.03654   0.09823   0.05892   0.00000   0.18229   0.15355   0.03590   0.00464   0.13591   0.02571   0.09870   0.03065   0.09891   0.06578   9.99638   2.05762   1.35146   1.71073   1.09657  
 23 110.2593   1958.949485  x:  0.40168   0.00000   0.30776   0.18043   0.04454   0.03277   0.05999   0.03159   0.04499   0.03664   0.09520   0.05721   0.00000   0.17856   0.17202   0.03542   0.00442   0.12757   0.02626   0.09838   0.03057   0.10581   0.06313   9.99866   2.06497   1.35619   1.71147   1.09207  
 24 11.8127   1956.138511  x:  0.42970   0.00000   0.26955   0.18618   0.04295   0.03473   0.06100   0.03195   0.04630   0.03745   0.07679   0.04448   0.00000   0.18227   0.16875   0.02935   0.00473   0.12353   0.01940   0.09642   0.03129   0.08807   0.05269  10.03142   1.95447   1.30930   1.55670   0.91361  
 25  7.8021   1955.288958  x:  0.40860   0.00000   0.31969   0.16910   0.04070   0.03650   0.06048   0.03220   0.04715   0.03727   0.06736   0.04964   0.00000   0.17356   0.15781   0.02677   0.00483   0.11731   0.01713   0.09599   0.03123   0.08697   0.05183  10.04216   1.90183   1.27004   1.51096   0.88026  
 26 25.7224   1954.323217  x:  0.41747   0.00000   0.31290   0.17192   0.03899   0.03734   0.06067   0.03223   0.04726   0.03746   0.05675   0.04399   0.00000   0.16845   0.15838   0.02465   0.00509   0.11371   0.01558   0.09417   0.03179   0.07915   0.04689  10.05346   1.79092   1.16659   1.49094   0.96023  
 27 12.0647   1954.181414  x:  0.41685   0.00000   0.31296   0.16926   0.03925   0.03766   0.06083   0.03243   0.04744   0.03751   0.05673   0.04485   0.00000   0.17009   0.15749   0.02402   0.00485   0.11372   0.01541   0.09456   0.03188   0.07934   0.04697  10.05586   1.78322   1.17865   1.44219   0.99746  
 28  3.1996   1952.550490  x:  0.41477   0.00000   0.29058   0.15854   0.03884   0.04171   0.06145   0.03647   0.04594   0.03733   0.06285   0.05573   0.00000   0.16050   0.15358   0.01346   0.00485   0.11129   0.02604   0.09490   0.03288   0.07798   0.05526  10.10606   1.67171   1.07499   1.37000   0.98936  
 29  0.4251   1951.725362  x:  0.41028   0.00000   0.27375   0.14797   0.03931   0.04462   0.06135   0.03953   0.04316   0.03788   0.07278   0.05803   0.00000   0.16567   0.14991   0.01052   0.00555   0.10802   0.01660   0.09411   0.03291   0.08546   0.05970  10.14911   1.67942   1.09072   1.41629   1.00251  
 30  0.0939   1950.429761  x:  0.38525   0.00000   0.25904   0.12703   0.04250   0.04934   0.06232   0.04538   0.03793   0.03953   0.07247   0.05340   0.00000   0.17465   0.14084   0.01740   0.00553   0.11493   0.02438   0.09626   0.03109   0.08996   0.05425  10.22175   1.74908   1.17191   1.50566   1.00971  
 31  0.1725   1948.030554  x:  0.32854   0.00000   0.23024   0.14878   0.04208   0.05704   0.06121   0.05120   0.03763   0.03966   0.06768   0.04018   0.00000   0.13370   0.13395   0.02172   0.00596   0.09782   0.02077   0.09177   0.03010   0.08289   0.05945  10.27261   1.73722   1.15445   1.47429   0.98772  
 32  0.0528   1946.413747  x:  0.26913   0.00000   0.23925   0.12976   0.03520   0.05957   0.06078   0.05106   0.04175   0.03842   0.06724   0.03486   0.00000   0.14845   0.13592   0.02067   0.00599   0.09774   0.01952   0.08882   0.03408   0.07908   0.05109  10.20833   1.67528   1.07529   1.40523   0.98130  
 33  0.1416   1945.686136  x:  0.25131   0.00000   0.22515   0.13509   0.04016   0.05546   0.06025   0.04731   0.04536   0.03745   0.05744   0.03754   0.00000   0.15214   0.14424   0.01486   0.00551   0.10743   0.02073   0.09249   0.03464   0.08556   0.05503  10.09575   1.72531   1.08856   1.42427   0.99122  
 34  0.1469   1945.285325  x:  0.25098   0.00000   0.23217   0.14094   0.04300   0.05083   0.06113   0.04321   0.04598   0.03737   0.06665   0.03061   0.00000   0.15382   0.14911   0.01163   0.00490   0.10920   0.02154   0.09479   0.03386   0.08361   0.05461  10.00464   1.73248   1.09571   1.43654   1.00494  
 35  0.1788   1945.205919  x:  0.24666   0.00000   0.23149   0.14541   0.04219   0.04899   0.06121   0.04209   0.04571   0.03726   0.06943   0.03383   0.00000   0.15587   0.15058   0.01267   0.00487   0.10844   0.02074   0.09440   0.03182   0.08317   0.05531   9.97663   1.72391   1.09268   1.43955   1.00513  
 36  0.0636   1945.181513  x:  0.24808   0.00000   0.23171   0.14579   0.04076   0.04780   0.06150   0.04162   0.04488   0.03759   0.06866   0.03240   0.00000   0.15685   0.14945   0.01259   0.00502   0.10801   0.02055   0.09368   0.03046   0.08459   0.05644   9.96441   1.71935   1.09353   1.44003   0.99975  
 37  0.0234   1945.172937  x:  0.24717   0.00000   0.23169   0.14509   0.04089   0.04678   0.06151   0.04153   0.04423   0.03770   0.06849   0.03271   0.00000   0.15560   0.14900   0.01210   0.00512   0.10764   0.02055   0.09340   0.03064   0.08380   0.05562   9.95795   1.71964   1.09796   1.44334   0.99637  
 38  0.0129   1945.170091  x:  0.24714   0.00000   0.23126   0.14466   0.04133   0.04616   0.06158   0.04159   0.04402   0.03769   0.06855   0.03240   0.00000   0.15507   0.14904   0.01251   0.00520   0.10775   0.02041   0.09335   0.03092   0.08383   0.05558   9.95506   1.71736   1.09584   1.44122   0.99596  
 39  0.0059   1945.169308  x:  0.24746   0.00000   0.23102   0.14442   0.04125   0.04582   0.06163   0.04157   0.04414   0.03765   0.06849   0.03256   0.00000   0.15539   0.14893   0.01247   0.00526   0.10747   0.02052   0.09352   0.03103   0.08391   0.05569   9.95265   1.71905   1.09548   1.44078   0.99711  
 40  0.0035   1945.169248  x:  0.24729   0.00000   0.23102   0.14437   0.04120   0.04579   0.06163   0.04157   0.04424   0.03765   0.06851   0.03256   0.00000   0.15524   0.14888   0.01246   0.00526   0.10760   0.02053   0.09350   0.03099   0.08393   0.05569   9.95217   1.71907   1.09534   1.44073   0.99733  
 41  0.0008   1945.169236  x:  0.24726   0.00000   0.23099   0.14437   0.04121   0.04578   0.06163   0.04157   0.04428   0.03765   0.06850   0.03255   0.00000   0.15527   0.14887   0.01247   0.00525   0.10755   0.02053   0.09349   0.03099   0.08389   0.05570   9.95212   1.71899   1.09546   1.44087   0.99731  
 42  0.0003   1945.169235  x:  0.24730   0.00000   0.23098   0.14437   0.04121   0.04578   0.06162   0.04157   0.04429   0.03765   0.06850   0.03255   0.00000   0.15526   0.14886   0.01247   0.00525   0.10755   0.02053   0.09349   0.03099   0.08391   0.05569   9.95217   1.71893   1.09545   1.44087   0.99726  
 43  0.0001   1945.169235  x:  0.24730   0.00000   0.23100   0.14436   0.04121   0.04578   0.06163   0.04156   0.04429   0.03765   0.06850   0.03255   0.00000   0.15526   0.14886   0.01247   0.00525   0.10755   0.02053   0.09349   0.03100   0.08391   0.05569   9.95221   1.71897   1.09547   1.44089   0.99725  
 44  0.0001   1945.169234  x:  0.24730   0.00000   0.23099   0.14436   0.04121   0.04578   0.06163   0.04156   0.04429   0.03765   0.06850   0.03255   0.00000   0.15526   0.14886   0.01247   0.00525   0.10755   0.02053   0.09349   0.03100   0.08390   0.05569   9.95222   1.71897   1.09546   1.44089   0.99725  
 45  0.0000   1945.169234  x:  0.24730   0.00000   0.23099   0.14436   0.04121   0.04578   0.06163   0.04156   0.04429   0.03765   0.06850   0.03255   0.00000   0.15526   0.14886   0.01247   0.00525   0.10755   0.02053   0.09349   0.03099   0.08391   0.05569   9.95222   1.71897   1.09545   1.44088   0.99725  
 46  0.0000   1945.169234  x:  0.24730   0.00000   0.23099   0.14436   0.04121   0.04578   0.06163   0.04156   0.04429   0.03765   0.06850   0.03255   0.00000   0.15526   0.14886   0.01247   0.00525   0.10755   0.02053   0.09349   0.03099   0.08390   0.05569   9.95222   1.71897   1.09545   1.44089   0.99725  
 47  0.0000   1945.169234  x:  0.24730   0.00000   0.23099   0.14436   0.04121   0.04578   0.06163   0.04156   0.04429   0.03765   0.06850   0.03255   0.00000   0.15526   0.14886   0.01247   0.00525   0.10755   0.02053   0.09349   0.03099   0.08391   0.05569   9.95222   1.71897   1.09545   1.44089   0.99725  
 48  0.0000   1945.169234  x:  0.24730   0.00000   0.23099   0.14436   0.04121   0.04578   0.06163   0.04156   0.04429   0.03765   0.06850   0.03255   0.00000   0.15526   0.14886   0.01247   0.00525   0.10755   0.02053   0.09349   0.03099   0.08390   0.05569   9.95222   1.71897   1.09545   1.44089   0.99725  
 49  0.0000   1945.169234  x:  0.24730   0.00000   0.23099   0.14436   0.04121   0.04578   0.06163   0.04156   0.04429   0.03765   0.06850   0.03255   0.00000   0.15526   0.14886   0.01247   0.00525   0.10755   0.02053   0.09349   0.03099   0.08391   0.05569   9.95222   1.71897   1.09545   1.44089   0.99725  