

TREE # 1

  0  0.0000   2150.313191  x:  0.01972   0.20925   0.02571   0.03211   0.02495   0.05815   0.02188   0.05666   0.08536   0.02661   0.17168   0.01972   0.20925   0.02571   0.03211   0.02495   0.05815   0.02188   0.05666   0.08536   0.02661   0.17168   0.21568   8.40433   1.61982   1.14852   1.28161   1.00000  
  1 99.0000   2127.480738  x:  0.01084   0.20812   0.02889   0.05221   0.05286   0.06860   0.06031   0.05095   0.10323   0.02146   0.17232   0.04492   0.22367   0.00104   0.15501   0.05542   0.12750   0.01496   0.04526   0.08411   0.00000   0.16227   0.23666   8.40398   1.61964   1.14222   1.29006   0.99736  
  2 482.3721   2126.409172  x:  0.00994   0.20802   0.02893   0.05247   0.05268   0.06932   0.06007   0.05045   0.10517   0.02152   0.17247   0.04577   0.22630   0.01228   0.16206   0.05547   0.13254   0.01560   0.04420   0.08356   0.00000   0.16041   0.24007   8.40391   1.61958   1.14109   1.29170   0.99685  
  3 284.0739   2122.914715  x:  0.00572   0.20753   0.02744   0.04388   0.03467   0.07147   0.03533   0.04829   0.11737   0.02505   0.17398   0.04127   0.24988   0.01101   0.17335   0.03999   0.15241   0.02290   0.03710   0.06987   0.00000   0.14324   0.26919   8.40326   1.61908   1.13096   1.30684   0.99188  
  4 123.4347   2121.841349  x:  0.01206   0.20790   0.02659   0.04356   0.03727   0.07103   0.03495   0.04972   0.12045   0.02253   0.17489   0.03957   0.26461   0.01122   0.16999   0.03771   0.15659   0.01214   0.04286   0.06679   0.00000   0.13298   0.28724   8.40271   1.61871   1.12274   1.31922   0.98764  
  5 89.6107   2120.861065  x:  0.01344   0.20820   0.02658   0.04588   0.04412   0.06985   0.04239   0.05155   0.12176   0.02222   0.17499   0.03804   0.28412   0.01085   0.16142   0.04172   0.15849   0.02075   0.04917   0.06708   0.00000   0.12067   0.31125   8.40180   1.61816   1.10976   1.33889   0.98067  
  6 133.0418   2120.348008  x:  0.00454   0.20815   0.02699   0.04788   0.04401   0.06948   0.04586   0.05029   0.11929   0.02650   0.17330   0.04017   0.29317   0.01067   0.15683   0.04531   0.15657   0.01697   0.04414   0.07184   0.00000   0.11881   0.32291   8.40103   1.61775   1.10005   1.35412   0.97485  
  7 73.9623   2120.000070  x:  0.00851   0.20895   0.02553   0.04850   0.04138   0.06982   0.04548   0.04846   0.11485   0.02323   0.17162   0.04594   0.29756   0.01048   0.15628   0.04787   0.15324   0.01734   0.03719   0.07636   0.00000   0.12306   0.32966   8.40006   1.61731   1.08930   1.37168   0.96763  
  8 57.1959   2119.440152  x:  0.00731   0.21000   0.02885   0.04611   0.04110   0.07085   0.04015   0.04975   0.10716   0.02345   0.16698   0.04677   0.29640   0.01019   0.16342   0.04711   0.14606   0.01808   0.04610   0.07646   0.00000   0.13670   0.33273   8.39747   1.61635   1.06461   1.41411   0.94890  
  9 50.6328   2119.045015  x:  0.00712   0.20979   0.02377   0.04619   0.04316   0.06970   0.04436   0.05034   0.10907   0.02254   0.16608   0.03869   0.28998   0.01032   0.16625   0.04146   0.14290   0.01822   0.04247   0.07179   0.00000   0.13995   0.32822   8.39508   1.61585   1.04641   1.44836   0.93246  
 10 61.6213   2118.851407  x:  0.01028   0.20904   0.02849   0.04716   0.04243   0.06889   0.04500   0.04953   0.11307   0.02577   0.16747   0.03689   0.28459   0.01042   0.16563   0.04261   0.14354   0.01796   0.04024   0.07030   0.00000   0.13710   0.32268   8.39346   1.61586   1.03734   1.46811   0.92205  
 11 61.5643   2118.648773  x:  0.00826   0.20711   0.02762   0.04726   0.04071   0.06868   0.04260   0.04870   0.11782   0.02212   0.16997   0.03929   0.27788   0.01039   0.16297   0.04702   0.14692   0.01750   0.04178   0.07096   0.00000   0.13002   0.31422   8.39135   1.61632   1.02957   1.48951   0.90961  
 12 57.2986   2118.600360  x:  0.00854   0.20650   0.02620   0.04617   0.04202   0.06949   0.04237   0.04970   0.11668   0.02403   0.17109   0.04239   0.27670   0.01031   0.16198   0.04499   0.14923   0.01773   0.04210   0.07218   0.00000   0.12763   0.31146   8.39039   1.61707   1.02966   1.49536   0.90515  
 13 20.0868   2118.572071  x:  0.00805   0.20606   0.02796   0.04646   0.04186   0.06981   0.04306   0.04959   0.11382   0.02255   0.17148   0.04231   0.27712   0.01028   0.16139   0.04308   0.15124   0.01782   0.04192   0.07258   0.00000   0.12644   0.30979   8.38914   1.61854   1.03278   1.49937   0.90067  
 14 11.4893   2118.522369  x:  0.00893   0.20579   0.02649   0.04709   0.04068   0.06927   0.04289   0.04869   0.10995   0.02374   0.17191   0.04001   0.27930   0.01038   0.16099   0.04499   0.15378   0.01765   0.04226   0.07189   0.00000   0.12648   0.30758   8.38583   1.62301   1.04289   1.50729   0.89017  
 15 15.1395   2118.440249  x:  0.00843   0.20584   0.02737   0.04593   0.04330   0.06876   0.04164   0.05077   0.11294   0.02299   0.17131   0.04040   0.28319   0.01049   0.16043   0.04608   0.15321   0.01760   0.04072   0.07067   0.00000   0.12932   0.30611   8.37894   1.63324   1.06382   1.52133   0.87074  
 16 23.2571   2118.402777  x:  0.00848   0.20616   0.02711   0.04657   0.04143   0.06941   0.04335   0.04926   0.11572   0.02324   0.17102   0.04150   0.28376   0.01040   0.16086   0.04457   0.15152   0.01773   0.04220   0.07149   0.00000   0.13006   0.30657   8.37524   1.63926   1.07376   1.52793   0.86220  
 17 28.1546   2118.378006  x:  0.00867   0.20679   0.02699   0.04733   0.04194   0.06986   0.04206   0.04941   0.11532   0.02328   0.17114   0.04045   0.28039   0.01029   0.16253   0.04422   0.14892   0.01785   0.04205   0.07356   0.00000   0.12757   0.30939   8.37128   1.64710   1.08015   1.53276   0.85855  
 18  8.7423   2118.357072  x:  0.00847   0.20713   0.02719   0.04547   0.04124   0.06914   0.04304   0.04978   0.11418   0.02320   0.17134   0.04134   0.27688   0.01040   0.16289   0.04480   0.14793   0.01775   0.04186   0.07187   0.00000   0.12628   0.31213   8.36694   1.65611   1.08497   1.53725   0.85718  
 19 12.4856   2118.330568  x:  0.00816   0.20703   0.02708   0.04779   0.04201   0.06903   0.04243   0.04897   0.11390   0.02324   0.17159   0.04249   0.27382   0.01051   0.16136   0.04455   0.14953   0.01778   0.04185   0.06977   0.00000   0.12746   0.31435   8.36003   1.67045   1.09006   1.54367   0.85792  
 20 13.1324   2118.284154  x:  0.00848   0.20628   0.02719   0.04643   0.04154   0.07003   0.04293   0.04984   0.11516   0.02306   0.17190   0.04060   0.27199   0.01038   0.15922   0.04473   0.15370   0.01769   0.04205   0.07237   0.00000   0.13035   0.31530   8.34649   1.69773   1.09800   1.55569   0.86177  
 21 22.8641   2118.232492  x:  0.00849   0.20518   0.02721   0.04568   0.04223   0.06760   0.04238   0.04799   0.11506   0.02304   0.17179   0.04087   0.27706   0.01033   0.16069   0.04415   0.15116   0.01778   0.04208   0.07248   0.00000   0.12847   0.30998   8.32934   1.72844   1.10627   1.57006   0.86926  
 22 17.1872   2118.218970  x:  0.00849   0.20515   0.02711   0.04662   0.04131   0.06884   0.04255   0.04973   0.11489   0.02307   0.17168   0.04109   0.27863   0.01037   0.16113   0.04433   0.15004   0.01775   0.04197   0.07175   0.00000   0.12766   0.30832   8.32438   1.73604   1.10858   1.57406   0.87162  
 23 22.8539   2118.215081  x:  0.00846   0.20569   0.02715   0.04623   0.04164   0.07028   0.04253   0.04909   0.11483   0.02305   0.17153   0.04098   0.27880   0.01038   0.16101   0.04455   0.14983   0.01773   0.04186   0.07137   0.00000   0.12744   0.30805   8.32201   1.73689   1.10968   1.57560   0.87292  
 24  3.7299   2118.181068  x:  0.00822   0.21159   0.02718   0.04639   0.04140   0.06914   0.04244   0.04942   0.11517   0.02300   0.17033   0.04111   0.27808   0.01032   0.16028   0.04430   0.15065   0.01774   0.04193   0.07169   0.00000   0.12698   0.30762   8.29540   1.73617   1.12174   1.59112   0.88760  
 25  5.7080   2118.154293  x:  0.00838   0.20510   0.02720   0.04636   0.04137   0.06932   0.04237   0.04940   0.11518   0.02301   0.17291   0.04095   0.27733   0.01029   0.16028   0.04422   0.14969   0.01776   0.04191   0.07164   0.00000   0.12769   0.30878   8.27198   1.73419   1.12994   1.60124   0.89728  
 26  9.3577   2118.083077  x:  0.00968   0.19981   0.02680   0.04626   0.04112   0.06931   0.04203   0.04938   0.11533   0.02344   0.16105   0.04102   0.27660   0.01027   0.15846   0.04401   0.15040   0.01772   0.04187   0.07144   0.00000   0.12575   0.30928   8.19317   1.73333   1.13065   1.60270   0.89692  
 27  3.8655   2116.855316  x:  0.00911   0.20389   0.02597   0.04413   0.03747   0.06898   0.03710   0.04927   0.11469   0.02379   0.16809   0.03885   0.28503   0.00981   0.13714   0.03978   0.14372   0.01726   0.04155   0.06897   0.00000   0.12545   0.31798   6.88488   1.72791   1.11268   1.59803   0.85967  
 28 54.7645   2116.652308  x:  0.00965   0.20573   0.02636   0.04399   0.03834   0.06825   0.03806   0.04964   0.11288   0.02357   0.17158   0.03758   0.28044   0.01051   0.12499   0.04002   0.13438   0.01740   0.04239   0.06917   0.00000   0.12771   0.31026   7.08122   1.71640   1.10166   1.57805   0.85184  
 29  0.1269   2116.639746  x:  0.00958   0.20520   0.02624   0.04364   0.03729   0.06827   0.03673   0.04966   0.11271   0.02372   0.17057   0.03745   0.28067   0.01087   0.12412   0.03930   0.13428   0.01769   0.04236   0.06904   0.00000   0.12743   0.31048   7.12428   1.72011   1.10566   1.58312   0.85852  
 30  0.0408   2116.638194  x:  0.00957   0.20506   0.02623   0.04362   0.03744   0.06826   0.03705   0.04964   0.11277   0.02374   0.17013   0.03744   0.28111   0.01130   0.12385   0.03945   0.13435   0.01761   0.04222   0.06894   0.00000   0.12727   0.31103   7.12064   1.72140   1.10653   1.58510   0.85899  
 31  0.0027   2116.637985  x:  0.00957   0.20514   0.02623   0.04365   0.03743   0.06826   0.03693   0.04964   0.11279   0.02372   0.17034   0.03744   0.28099   0.01140   0.12411   0.03941   0.13430   0.01765   0.04226   0.06898   0.00000   0.12732   0.31089   7.12006   1.72082   1.10592   1.58435   0.85821  
 32  0.0014   2116.637979  x:  0.00957   0.20515   0.02624   0.04365   0.03741   0.06827   0.03694   0.04964   0.11279   0.02372   0.17038   0.03745   0.28097   0.01141   0.12405   0.03942   0.13435   0.01765   0.04226   0.06898   0.00000   0.12733   0.31086   7.11908   1.72070   1.10587   1.58421   0.85823  
 33  0.0012   2116.637979  x:  0.00957   0.20515   0.02624   0.04365   0.03742   0.06827   0.03694   0.04964   0.11279   0.02372   0.17039   0.03745   0.28097   0.01141   0.12405   0.03942   0.13434   0.01765   0.04226   0.06898   0.00000   0.12733   0.31086   7.11909   1.72068   1.10588   1.58418   0.85826  
 34  0.0000   2116.637979  x:  0.00957   0.20515   0.02624   0.04365   0.03742   0.06827   0.03694   0.04964   0.11279   0.02372   0.17039   0.03745   0.28097   0.01141   0.12405   0.03942   0.13434   0.01765   0.04226   0.06898   0.00000   0.12733   0.31086   7.11909   1.72068   1.10588   1.58417   0.85826  
 35  0.0000   2116.637979  x:  0.00957   0.20515   0.02624   0.04365   0.03742   0.06827   0.03694   0.04964   0.11279   0.02372   0.17039   0.03745   0.28097   0.01141   0.12405   0.03942   0.13434   0.01765   0.04226   0.06898   0.00000   0.12733   0.31086   7.11909   1.72068   1.10588   1.58417   0.85826  

TREE # 2

  0  0.0000   2407.574064  x:  0.00957   0.20515   0.02624   0.04365   0.03742   0.06827   0.03694   0.04964   0.11279   0.02372   0.17039   0.03745   0.28097   0.01141   0.12405   0.03942   0.13434   0.01765   0.04226   0.06898   0.00000   0.12733   0.31086   7.11909   1.68781   1.00745   1.44503   0.85826  
  1 99.0000   2237.579590  x:  0.27413   0.20406   0.11602   0.13090   0.02803   0.05294   0.06408   0.07200   0.10011   0.03506   0.16618   0.02736   0.27687   0.17479   0.14346   0.03659   0.11831   0.11711   0.04985   0.06365   0.22858   0.12346   0.29551   7.11909   1.68711   1.00813   1.44599   0.85841  
  2 3165.1611   2205.592002  x:  0.28229   0.17947   0.12624   0.16455   0.00000   0.02537   0.07085   0.09389   0.07854   0.03884   0.15908   0.01439   0.24888   0.17873   0.15434   0.02276   0.09008   0.11823   0.04387   0.05530   0.20531   0.10482   0.26402   7.11917   1.68481   1.01254   1.44654   0.85800  
  3 385.6183   2176.391622  x:  0.30672   0.12927   0.13312   0.19639   0.00000   0.00000   0.05625   0.10185   0.04947   0.03541   0.14944   0.06140   0.18902   0.18891   0.16910   0.03467   0.04191   0.12359   0.04707   0.05453   0.16623   0.07818   0.19842   7.11928   1.68098   1.01924   1.44858   0.85751  
  4 705.4088   2159.364273  x:  0.32590   0.08918   0.13903   0.22301   0.00000   0.01055   0.04867   0.11035   0.02716   0.03331   0.14164   0.09057   0.14116   0.19670   0.18088   0.04114   0.00391   0.12755   0.04859   0.05303   0.13472   0.05725   0.14595   7.11936   1.67789   1.02462   1.45023   0.85713  
  5 3470.6382   2139.060211  x:  0.36251   0.01795   0.14527   0.26147   0.00000   0.01796   0.04811   0.11885   0.02053   0.03381   0.13070   0.11578   0.05232   0.20836   0.19812   0.05382   0.03655   0.13384   0.05161   0.05179   0.08032   0.03694   0.04969   7.11946   1.67272   1.03345   1.45365   0.85644  
  6 710.4185   2134.725664  x:  0.37444   0.01051   0.14509   0.26776   0.00000   0.01735   0.05095   0.11688   0.03747   0.03548   0.12969   0.11697   0.02451   0.21100   0.20107   0.05230   0.03159   0.13462   0.05153   0.05279   0.06501   0.04997   0.02488   7.11948   1.67126   1.03580   1.45510   0.85628  
  7 383.5058   2133.080285  x:  0.38518   0.02356   0.14426   0.27140   0.00000   0.01763   0.05246   0.11307   0.03451   0.03395   0.12939   0.11776   0.00367   0.21290   0.20349   0.05140   0.03303   0.13466   0.05183   0.05409   0.05165   0.05312   0.02255   7.11950   1.66989   1.03796   1.45665   0.85613  
  8 155.9595   2132.717766  x:  0.39273   0.02024   0.14188   0.27247   0.00000   0.01761   0.05266   0.10983   0.03484   0.03382   0.12969   0.11747   0.00000   0.21427   0.20585   0.04949   0.03290   0.13394   0.05182   0.05478   0.04371   0.05458   0.02940   7.11952   1.66874   1.03979   1.45809   0.85606  
  9 70.5922   2132.451149  x:  0.40105   0.02079   0.13844   0.27314   0.00000   0.01764   0.05245   0.10603   0.03453   0.03364   0.13017   0.11704   0.00433   0.21541   0.20927   0.04709   0.03304   0.13230   0.05179   0.05541   0.03549   0.05495   0.02881   7.11955   1.66717   1.04230   1.46011   0.85597  
 10 67.2515   2132.228660  x:  0.40988   0.01998   0.12809   0.26968   0.00000   0.01720   0.05110   0.10110   0.03301   0.03383   0.13171   0.11376   0.00297   0.21024   0.21422   0.04278   0.03218   0.12519   0.05125   0.05534   0.03727   0.05183   0.02686   7.11964   1.66338   1.04837   1.46536   0.85573  
 11 27.9355   2132.079898  x:  0.41717   0.02116   0.12325   0.26878   0.00000   0.01716   0.05229   0.10806   0.03451   0.03426   0.13062   0.11408   0.00370   0.20183   0.22062   0.04768   0.03185   0.12088   0.05207   0.05391   0.03773   0.05215   0.02793   7.11980   1.65746   1.05801   1.47425   0.85541  
 12 18.7461   2131.992132  x:  0.41932   0.02023   0.12554   0.26749   0.00000   0.01709   0.05149   0.10794   0.03188   0.03268   0.13033   0.11264   0.00431   0.19567   0.22167   0.04828   0.03190   0.12287   0.05151   0.05585   0.03828   0.05570   0.02758   7.11998   1.65228   1.06689   1.48330   0.85525  
 13 16.2353   2131.859432  x:  0.42103   0.02074   0.13106   0.26603   0.00000   0.01705   0.05052   0.10519   0.03413   0.03460   0.13041   0.11146   0.00469   0.18825   0.22095   0.04791   0.03149   0.12772   0.05113   0.05724   0.03813   0.05237   0.02799   7.12031   1.64380   1.08191   1.49935   0.85507  
 14 36.9383   2131.742925  x:  0.41924   0.02051   0.13129   0.26514   0.00000   0.01687   0.05503   0.10331   0.03381   0.03300   0.13131   0.11253   0.00499   0.19040   0.21609   0.04682   0.03139   0.12861   0.05294   0.05213   0.03830   0.05246   0.02796   7.12068   1.63732   1.09539   1.51611   0.85518  
 15 20.1690   2131.562624  x:  0.41450   0.02126   0.12850   0.26650   0.00000   0.01716   0.05033   0.10625   0.03369   0.03509   0.13235   0.11245   0.00491   0.20081   0.20815   0.04454   0.03233   0.12614   0.05244   0.05250   0.03861   0.05421   0.02835   7.12134   1.62977   1.11490   1.54337   0.85571  
 16 33.8423   2131.496469  x:  0.41226   0.02132   0.12758   0.26650   0.00000   0.01693   0.05273   0.10632   0.03446   0.03303   0.13199   0.11158   0.00482   0.20494   0.20787   0.04549   0.03197   0.12482   0.05122   0.05741   0.03897   0.05304   0.02846   7.12162   1.62993   1.11988   1.55334   0.85621  
 17 20.1851   2131.255637  x:  0.40513   0.02129   0.12893   0.26268   0.00000   0.01649   0.05362   0.10010   0.03273   0.03825   0.12938   0.10454   0.00383   0.21431   0.22021   0.05226   0.03063   0.12370   0.05159   0.05705   0.04001   0.05454   0.02850   7.12287   1.64651   1.12581   1.58696   0.85950  
 18 13.4059   2131.020112  x:  0.40146   0.02185   0.13031   0.25898   0.00000   0.01629   0.04896   0.09933   0.03514   0.03155   0.12847   0.09917   0.00294   0.21931   0.22911   0.05230   0.03021   0.12499   0.05257   0.05373   0.04033   0.05337   0.02887   7.12409   1.66563   1.12909   1.61657   0.86272  
 19 53.1176   2130.243140  x:  0.40081   0.02261   0.12885   0.24318   0.00000   0.01574   0.05256   0.10968   0.03399   0.03435   0.13526   0.09992   0.00210   0.21897   0.23665   0.03508   0.03119   0.13347   0.05347   0.05587   0.03997   0.05385   0.02884   7.12833   1.74001   1.13442   1.70599   0.87313  
 20 52.2885   2129.197555  x:  0.41092   0.02313   0.12696   0.24952   0.00000   0.01490   0.05269   0.10514   0.03420   0.03429   0.13344   0.09060   0.00524   0.20376   0.21232   0.04030   0.02956   0.12624   0.03730   0.05150   0.04049   0.05456   0.02973   7.13423   1.84395   1.14591   1.80561   0.88388  
 21 61.9619   2128.594773  x:  0.41688   0.02315   0.12572   0.25706   0.00000   0.01406   0.05168   0.10152   0.03416   0.03458   0.13020   0.07985   0.00752   0.19299   0.19447   0.04348   0.02754   0.11969   0.05102   0.05501   0.04103   0.05476   0.03019   7.13806   1.90984   1.15633   1.86296   0.88933  
 22 164.0263   2126.547352  x:  0.40748   0.02777   0.10720   0.24609   0.00000   0.01262   0.05254   0.09656   0.03673   0.03523   0.11975   0.05658   0.00969   0.19646   0.19265   0.04014   0.02530   0.13787   0.04973   0.05601   0.04666   0.05906   0.03363   7.15299   2.09846   1.30709   1.87206   0.86036  
 23 15.9760   2125.866697  x:  0.40673   0.02820   0.12360   0.23834   0.00000   0.01239   0.05294   0.09603   0.03756   0.03452   0.13822   0.05113   0.00994   0.19924   0.19475   0.03845   0.02518   0.12003   0.04975   0.05615   0.04787   0.06050   0.03473   7.15794   2.15377   1.35388   1.87024   0.85079  
 24 64.7809   2125.309250  x:  0.40677   0.02948   0.13107   0.23263   0.00000   0.01238   0.05398   0.09444   0.03882   0.03503   0.11910   0.05077   0.01071   0.19834   0.19514   0.02824   0.02633   0.10935   0.04875   0.05587   0.05027   0.06261   0.03622   7.16121   2.12538   1.33460   1.85292   0.85467  
 25  4.6464   2122.814478  x:  0.40762   0.03167   0.12646   0.21247   0.00000   0.00967   0.05427   0.09463   0.03914   0.03549   0.12126   0.01876   0.01234   0.19615   0.18714   0.03079   0.02176   0.11239   0.04803   0.05573   0.05067   0.06368   0.03741   7.17336   1.99906   1.24410   1.78363   0.87183  
 26 57.3176   2121.813739  x:  0.39733   0.03559   0.11835   0.23632   0.00000   0.01034   0.05565   0.08523   0.04301   0.03458   0.13427   0.01711   0.01473   0.18720   0.19824   0.02293   0.02375   0.11523   0.04755   0.05687   0.05893   0.07012   0.04145   7.17944   1.93362   1.19794   1.74993   0.87918  
 27 83.5114   2121.531190  x:  0.39546   0.03569   0.11898   0.23827   0.00000   0.01030   0.05613   0.08714   0.04303   0.03486   0.13346   0.01655   0.01466   0.18662   0.19810   0.02290   0.02359   0.11542   0.04725   0.05642   0.05822   0.07020   0.04129   7.17968   1.91197   1.17414   1.74646   0.80617  
 28  1.4433   2117.583853  x:  0.35391   0.03840   0.13054   0.27708   0.00000   0.01007   0.06627   0.12401   0.04443   0.03937   0.13194   0.02009   0.00925   0.18630   0.20772   0.02623   0.02380   0.12018   0.04362   0.04950   0.04699   0.07307   0.03859   7.15857   1.62370   1.05102   1.52006   0.86715  
 29  1.8663   2117.095676  x:  0.34343   0.03797   0.13348   0.28962   0.00000   0.01012   0.06777   0.12889   0.04370   0.03985   0.13171   0.01493   0.00703   0.18431   0.20910   0.02409   0.02478   0.11753   0.04364   0.04896   0.04099   0.07167   0.03661   7.14098   1.71870   1.11466   1.57752   0.86671  
 30  0.2695   2116.917207  x:  0.33611   0.03773   0.13253   0.29306   0.00000   0.01063   0.06955   0.12955   0.04268   0.03980   0.13473   0.01986   0.00739   0.17901   0.20640   0.02208   0.02609   0.11583   0.04333   0.04904   0.03834   0.06970   0.03619   7.15392   1.73822   1.12398   1.59044   0.85702  
 31  0.0452   2116.724212  x:  0.31965   0.03774   0.12927   0.29339   0.00000   0.01117   0.07165   0.12692   0.04151   0.03970   0.13650   0.01788   0.00959   0.17062   0.20424   0.02524   0.02739   0.11222   0.04336   0.04977   0.03770   0.06720   0.03690   7.16265   1.71080   1.09945   1.57584   0.85187  
 32  0.0391   2116.664204  x:  0.31242   0.03747   0.12763   0.28532   0.00000   0.01118   0.07088   0.12508   0.04152   0.03951   0.13522   0.01713   0.00982   0.17157   0.20486   0.02236   0.02714   0.11374   0.04363   0.04968   0.03781   0.06679   0.03707   7.13671   1.70770   1.09712   1.57400   0.85675  
 33  0.0281   2116.641689  x:  0.31105   0.03730   0.12708   0.28135   0.00000   0.01127   0.06976   0.12349   0.04208   0.03942   0.13389   0.01767   0.00965   0.17138   0.20654   0.02385   0.02652   0.11326   0.04380   0.04957   0.03779   0.06762   0.03704   7.11526   1.72200   1.10686   1.58441   0.85959  
 34  0.0317   2116.638512  x:  0.31157   0.03734   0.12722   0.28067   0.00000   0.01128   0.06925   0.12378   0.04225   0.03940   0.13421   0.01762   0.00958   0.17021   0.20523   0.02370   0.02631   0.11272   0.04361   0.04963   0.03727   0.06807   0.03691   7.11747   1.72091   1.10631   1.58468   0.85893  
 35  0.0035   2116.638057  x:  0.31078   0.03740   0.12739   0.28094   0.00000   0.01132   0.06906   0.12400   0.04231   0.03942   0.13438   0.01766   0.00957   0.17039   0.20505   0.02370   0.02630   0.11275   0.04362   0.04966   0.03744   0.06829   0.03694   7.11943   1.72093   1.10613   1.58434   0.85822  
 36  0.0024   2116.638011  x:  0.31081   0.03743   0.12733   0.28097   0.00000   0.01135   0.06898   0.12408   0.04229   0.03942   0.13434   0.01765   0.00955   0.17039   0.20519   0.02373   0.02627   0.11281   0.04367   0.04964   0.03739   0.06829   0.03693   7.11913   1.72054   1.10573   1.58412   0.85821  
 37  0.0005   2116.637989  x:  0.31089   0.03746   0.12730   0.28096   0.00000   0.01138   0.06895   0.12408   0.04226   0.03942   0.13433   0.01765   0.00958   0.17035   0.20516   0.02372   0.02625   0.11278   0.04365   0.04964   0.03743   0.06827   0.03694   7.11884   1.72069   1.10585   1.58410   0.85830  
 38  0.0002   2116.637980  x:  0.31084   0.03746   0.12733   0.28097   0.00000   0.01141   0.06897   0.12406   0.04225   0.03942   0.13433   0.01765   0.00957   0.17040   0.20514   0.02372   0.02624   0.11278   0.04364   0.04965   0.03741   0.06825   0.03694   7.11911   1.72070   1.10591   1.58419   0.85827  
 39  0.0002   2116.637979  x:  0.31086   0.03745   0.12733   0.28097   0.00000   0.01141   0.06898   0.12405   0.04226   0.03942   0.13434   0.01765   0.00957   0.17038   0.20515   0.02372   0.02624   0.11279   0.04365   0.04964   0.03742   0.06826   0.03694   7.11915   1.72069   1.10589   1.58419   0.85825  
 40  0.0001   2116.637979  x:  0.31086   0.03745   0.12733   0.28097   0.00000   0.01141   0.06898   0.12405   0.04226   0.03942   0.13434   0.01765   0.00957   0.17039   0.20515   0.02372   0.02624   0.11278   0.04365   0.04964   0.03742   0.06827   0.03694   7.11908   1.72068   1.10588   1.58417   0.85826  
 41  0.0001   2116.637979  x:  0.31086   0.03745   0.12733   0.28097   0.00000   0.01141   0.06898   0.12405   0.04226   0.03942   0.13434   0.01765   0.00957   0.17039   0.20515   0.02372   0.02624   0.11279   0.04365   0.04964   0.03742   0.06827   0.03694   7.11908   1.72068   1.10588   1.58417   0.85826  
 42  0.0000   2116.637979  x:  0.31086   0.03745   0.12733   0.28097   0.00000   0.01141   0.06898   0.12405   0.04226   0.03942   0.13434   0.01765   0.00957   0.17039   0.20515   0.02372   0.02624   0.11279   0.04365   0.04964   0.03742   0.06827   0.03694   7.11909   1.72068   1.10588   1.58417   0.85826  
 43  0.0000   2116.637979  x:  0.31086   0.03745   0.12733   0.28097   0.00000   0.01141   0.06898   0.12405   0.04226   0.03942   0.13434   0.01765   0.00957   0.17039   0.20515   0.02372   0.02624   0.11279   0.04365   0.04964   0.03742   0.06827   0.03694   7.11909   1.72068   1.10588   1.58417   0.85826  
 44  0.0000   2116.637979  x:  0.31086   0.03745   0.12733   0.28097   0.00000   0.01141   0.06898   0.12405   0.04226   0.03942   0.13434   0.01765   0.00957   0.17039   0.20515   0.02372   0.02624   0.11279   0.04365   0.04964   0.03742   0.06827   0.03694   7.11909   1.72068   1.10588   1.58417   0.85826  
 45  0.0000   2116.637979  x:  0.31086   0.03745   0.12733   0.28097   0.00000   0.01141   0.06898   0.12405   0.04226   0.03942   0.13434   0.01765   0.00957   0.17039   0.20515   0.02372   0.02624   0.11279   0.04365   0.04964   0.03742   0.06827   0.03694   7.11909   1.72068   1.10588   1.58417   0.85826  