

TREE # 1

  0  0.0000   2074.081326  x:  0.20925   0.02571   0.03211   0.02495   0.05815   0.02188   0.05666   0.08536   0.02661   0.17168   0.20925   0.02571   0.03211   0.02495   0.05815   0.02188   0.05666   0.08536   0.02661   0.17168   0.21568   8.40433   1.44072   1.22742   1.64153   1.00000  
  1 99.0000   2056.300803  x:  0.19800   0.01613   0.04910   0.02573   0.06284   0.07774   0.08403   0.11001   0.03245   0.16363   0.20944   0.01580   0.09608   0.06877   0.07932   0.03520   0.06465   0.09728   0.04186   0.16785   0.21288   8.40420   1.44097   1.22367   1.64600   1.00067  
  2 462.8450   2053.381260  x:  0.17606   0.01676   0.05201   0.02151   0.06079   0.06528   0.09802   0.13743   0.03021   0.14872   0.20838   0.00711   0.10167   0.06194   0.09524   0.01844   0.06303   0.10849   0.04627   0.16063   0.20732   8.40392   1.44215   1.21554   1.65500   1.00177  
  3 106.0592   2052.492044  x:  0.16240   0.01612   0.05203   0.02298   0.06031   0.05862   0.10352   0.15001   0.03036   0.14008   0.20777   0.01856   0.10365   0.05855   0.10186   0.02145   0.06177   0.11363   0.04767   0.15643   0.20387   8.40372   1.44302   1.20970   1.66148   1.00257  
  4 159.3515   2051.983800  x:  0.14966   0.01553   0.04955   0.02617   0.06117   0.05636   0.10358   0.15492   0.03236   0.13338   0.20720   0.01366   0.10223   0.05735   0.10217   0.03151   0.06101   0.11464   0.04384   0.15336   0.20074   8.40345   1.44419   1.20235   1.66969   1.00354  
  5 72.9588   2051.403810  x:  0.12931   0.01705   0.04639   0.02302   0.06386   0.06303   0.09844   0.15362   0.03461   0.12576   0.20654   0.01535   0.09935   0.06038   0.09445   0.02721   0.06275   0.11209   0.04007   0.14982   0.19550   8.40276   1.44709   1.18436   1.69016   1.00595  
  6 50.0982   2051.063650  x:  0.12340   0.01247   0.05100   0.02788   0.06240   0.06261   0.09661   0.14977   0.03175   0.12551   0.20644   0.01468   0.09900   0.06083   0.09196   0.02557   0.06265   0.11034   0.04514   0.14958   0.19293   8.40200   1.45014   1.16623   1.71136   1.00843  
  7 47.4127   2050.609687  x:  0.12135   0.02022   0.05674   0.02770   0.05913   0.06034   0.09648   0.14464   0.03123   0.12761   0.20626   0.01374   0.10055   0.06087   0.09203   0.02730   0.06157   0.10874   0.05090   0.15024   0.19008   8.40067   1.45542   1.13581   1.74753   1.01258  
  8 115.9125   2049.998818  x:  0.12636   0.01527   0.05545   0.01970   0.05816   0.05719   0.09847   0.14066   0.03583   0.13130   0.20569   0.01362   0.10314   0.05982   0.09572   0.02869   0.05994   0.10848   0.04939   0.15147   0.18838   8.39884   1.46249   1.09693   1.79523   1.01789  
  9 135.7780   2049.694884  x:  0.13237   0.01606   0.05071   0.02544   0.06093   0.05795   0.10067   0.14118   0.03677   0.13281   0.20509   0.01429   0.10419   0.05927   0.09827   0.02580   0.05994   0.10949   0.04382   0.15187   0.18912   8.39770   1.46668   1.07644   1.82248   1.02070  
 10 106.6591   2049.625779  x:  0.13496   0.01617   0.04931   0.02445   0.06236   0.05929   0.10051   0.14366   0.03186   0.13186   0.20476   0.01429   0.10277   0.05945   0.09742   0.02676   0.06084   0.11030   0.04370   0.15136   0.19121   8.39723   1.46810   1.07354   1.83030   1.02112  
 11 24.0299   2049.577003  x:  0.13792   0.01601   0.04990   0.02466   0.06138   0.06068   0.09899   0.14785   0.03373   0.12983   0.20432   0.01422   0.10034   0.05988   0.09497   0.02701   0.06150   0.11092   0.04537   0.15031   0.19489   8.39647   1.47004   1.07479   1.83893   1.02101  
 12 14.5058   2049.520846  x:  0.13793   0.01589   0.05193   0.02461   0.05866   0.06004   0.09757   0.14899   0.03282   0.12943   0.20375   0.01456   0.10163   0.06090   0.09451   0.02663   0.05957   0.10946   0.04202   0.14950   0.19857   8.39469   1.47450   1.08436   1.85437   1.01986  
 13 10.3768   2049.313005  x:  0.13483   0.01623   0.04725   0.02477   0.06163   0.05841   0.09617   0.14652   0.03354   0.13112   0.20245   0.01407   0.10537   0.05887   0.09744   0.02638   0.05895   0.10599   0.04568   0.14884   0.20567   8.38682   1.49504   1.12920   1.91847   1.01441  
 14 35.1604   2049.168494  x:  0.13511   0.01605   0.05130   0.02440   0.06418   0.05867   0.10112   0.14374   0.03446   0.13166   0.20234   0.01414   0.10167   0.05884   0.09711   0.02681   0.06324   0.11015   0.04360   0.15019   0.20086   8.38078   1.51271   1.16224   1.96396   1.01040  
 15 50.8979   2049.116622  x:  0.13674   0.01601   0.04890   0.02462   0.06144   0.05941   0.10204   0.14376   0.03392   0.13105   0.20306   0.01405   0.10071   0.06022   0.09579   0.02671   0.06054   0.11201   0.04434   0.15082   0.19488   8.37828   1.52174   1.17386   1.97940   1.00904  
 16 27.9624   2049.091267  x:  0.13857   0.01605   0.04967   0.02456   0.06287   0.05909   0.09916   0.14560   0.03387   0.13048   0.20389   0.01405   0.10197   0.05969   0.09579   0.02668   0.06040   0.11039   0.04422   0.15058   0.19055   8.37645   1.53089   1.17895   1.98579   1.00858  
 17 10.4336   2049.055703  x:  0.13854   0.01596   0.04869   0.02470   0.06026   0.05931   0.09934   0.14603   0.03365   0.13109   0.20445   0.01409   0.10198   0.05931   0.09654   0.02676   0.06369   0.10858   0.04402   0.14974   0.19036   8.37258   1.55274   1.18465   1.99235   1.00852  
 18  8.6866   2049.001212  x:  0.13765   0.01590   0.04956   0.02452   0.06200   0.06007   0.10101   0.14531   0.03401   0.13175   0.20441   0.01409   0.10090   0.05918   0.09635   0.02671   0.06038   0.10928   0.04421   0.14930   0.19312   8.36605   1.58892   1.19286   2.00155   1.00882  
 19 28.8408   2048.996314  x:  0.13766   0.01595   0.04935   0.02454   0.06226   0.05900   0.10046   0.14487   0.03404   0.13117   0.20383   0.01405   0.10148   0.06014   0.09599   0.02661   0.06070   0.11041   0.04425   0.14989   0.19355   8.36518   1.59221   1.19359   2.00232   1.00910  
 20  6.5271   2048.995398  x:  0.13770   0.01595   0.04939   0.02454   0.06208   0.05925   0.10022   0.14465   0.03401   0.13075   0.20325   0.01404   0.10173   0.05960   0.09603   0.02662   0.06073   0.11075   0.04421   0.15030   0.19359   8.36460   1.59273   1.19376   2.00246   1.00952  
 21  1.5724   2048.993508  x:  0.13776   0.01595   0.04940   0.02453   0.06215   0.05925   0.10040   0.14475   0.03402   0.13057   0.20164   0.01405   0.10131   0.05999   0.09635   0.02660   0.06064   0.11005   0.04431   0.15071   0.19337   8.36139   1.59320   1.19422   2.00273   1.01207  
 22  0.9901   2048.986409  x:  0.13759   0.01595   0.04928   0.02450   0.06219   0.05902   0.10051   0.14505   0.03404   0.13190   0.20090   0.01398   0.10184   0.05949   0.09509   0.02660   0.06073   0.11047   0.04424   0.14955   0.19309   8.34693   1.59432   1.19597   2.00382   1.02295  
 23  3.4664   2048.979867  x:  0.13760   0.01595   0.04937   0.02448   0.06210   0.05926   0.09984   0.14442   0.03402   0.13102   0.20296   0.01394   0.10119   0.05979   0.09629   0.02651   0.06067   0.11071   0.04420   0.14963   0.19337   8.33287   1.59518   1.19743   2.00486   1.03230  
 24  9.3368   2048.977855  x:  0.13763   0.01594   0.04931   0.02446   0.06221   0.05902   0.10052   0.14448   0.03403   0.13041   0.20371   0.01394   0.10147   0.05960   0.09562   0.02650   0.06070   0.11005   0.04418   0.15057   0.19352   8.32783   1.59534   1.19761   2.00516   1.03360  
 25  3.0444   2048.928941  x:  0.13491   0.01580   0.04912   0.02428   0.06180   0.05942   0.09800   0.14698   0.03404   0.13477   0.20452   0.01366   0.09958   0.05958   0.09533   0.02628   0.06071   0.11056   0.04378   0.15636   0.19370   8.18944   1.59686   1.19654   2.01222   1.02904  
 26  3.6049   2048.753225  x:  0.13497   0.01551   0.04900   0.02349   0.06190   0.05776   0.09703   0.14097   0.03408   0.13111   0.20239   0.01228   0.09700   0.05866   0.09327   0.02466   0.06050   0.10821   0.04374   0.15016   0.19302   7.70485   1.60188   1.19257   2.03633   1.00954  
 27 109.7345   2048.741479  x:  0.13614   0.01601   0.04887   0.02380   0.06183   0.05612   0.09750   0.14120   0.03388   0.13084   0.20238   0.01275   0.09549   0.05749   0.09377   0.02504   0.06040   0.10857   0.04378   0.14961   0.19321   7.70123   1.59855   1.19151   2.02859   1.00623  
 28  0.0070   2048.740221  x:  0.13601   0.01590   0.04867   0.02375   0.06193   0.05605   0.09701   0.14070   0.03396   0.13102   0.20246   0.01280   0.09487   0.05737   0.09335   0.02499   0.06042   0.10839   0.04355   0.14990   0.19319   7.71861   1.59874   1.19185   2.02829   1.00766  
 29  0.0133   2048.740188  x:  0.13592   0.01591   0.04870   0.02375   0.06190   0.05599   0.09700   0.14070   0.03394   0.13101   0.20244   0.01276   0.09486   0.05735   0.09334   0.02499   0.06041   0.10836   0.04359   0.14987   0.19319   7.72127   1.59913   1.19200   2.02920   1.00772  
 30  0.0025   2048.740187  x:  0.13593   0.01591   0.04870   0.02375   0.06190   0.05600   0.09700   0.14070   0.03394   0.13100   0.20244   0.01277   0.09485   0.05735   0.09334   0.02498   0.06041   0.10836   0.04358   0.14987   0.19319   7.72161   1.59918   1.19201   2.02933   1.00770  
 31  0.0004   2048.740187  x:  0.13593   0.01591   0.04870   0.02375   0.06190   0.05600   0.09700   0.14070   0.03394   0.13100   0.20244   0.01277   0.09485   0.05735   0.09334   0.02498   0.06041   0.10836   0.04358   0.14987   0.19319   7.72161   1.59919   1.19201   2.02934   1.00771  
 32  0.0000   2048.740187  x:  0.13593   0.01591   0.04870   0.02375   0.06190   0.05600   0.09700   0.14070   0.03394   0.13100   0.20244   0.01277   0.09485   0.05735   0.09334   0.02498   0.06041   0.10836   0.04358   0.14987   0.19319   7.72161   1.59919   1.19201   2.02934   1.00771  
 33  0.0000   2048.740187  x:  0.13593   0.01591   0.04870   0.02375   0.06190   0.05600   0.09700   0.14070   0.03394   0.13100   0.20244   0.01277   0.09485   0.05735   0.09334   0.02498   0.06041   0.10836   0.04358   0.14987   0.19319   7.72161   1.59919   1.19201   2.02934   1.00771  
 34  0.0000   2048.740187  x:  0.13593   0.01591   0.04870   0.02375   0.06190   0.05600   0.09700   0.14070   0.03394   0.13100   0.20244   0.01277   0.09485   0.05735   0.09334   0.02498   0.06041   0.10836   0.04358   0.14987   0.19319   7.72161   1.59919   1.19201   2.02934   1.00771  
 35  0.0000   2048.740187  x:  0.13593   0.01591   0.04870   0.02375   0.06190   0.05600   0.09700   0.14070   0.03394   0.13100   0.20244   0.01277   0.09485   0.05735   0.09334   0.02498   0.06041   0.10836   0.04358   0.14987   0.19319   7.72161   1.59919   1.19201   2.02934   1.00771  