

TREE # 1

  0  0.0000   1939.769077  x:  0.01972   0.20925   0.02571   0.03211   0.02495   0.05815   0.02188   0.05666   0.08536   0.02661   0.17168   0.01972   0.20925   0.02571   0.03211   0.02495   0.05815   0.02188   0.05666   0.08536   0.02661   0.17168   0.21568   8.40433   1.72711   1.02553   1.59121   1.00000  
  1 99.0000   1926.233842  x:  0.00605   0.20268   0.02102   0.03788   0.03011   0.06345   0.03794   0.06323   0.11065   0.01924   0.16767   0.00000   0.20383   0.04024   0.01938   0.04400   0.05451   0.03222   0.06511   0.08771   0.01891   0.16850   0.21864   8.40440   1.72596   1.02376   1.59281   1.00050  
  2 361.5378   1924.258545  x:  0.00000   0.19785   0.02056   0.03775   0.02788   0.06526   0.03279   0.06582   0.12055   0.01776   0.16493   0.00000   0.19932   0.03897   0.01417   0.04052   0.05236   0.02868   0.06773   0.08896   0.01665   0.16643   0.22102   8.40445   1.72495   1.02228   1.59413   1.00094  
  3 166.9911   1923.055849  x:  0.00000   0.18174   0.02218   0.03574   0.02687   0.06680   0.03345   0.06951   0.13727   0.02012   0.15831   0.00000   0.18142   0.03875   0.03096   0.03353   0.05107   0.03067   0.07209   0.09231   0.02362   0.16007   0.23052   8.40473   1.72033   1.01497   1.60028   1.00312  
  4 86.2971   1921.889894  x:  0.00000   0.15764   0.01951   0.03572   0.03013   0.06285   0.03476   0.06527   0.13287   0.01714   0.15104   0.00000   0.15249   0.03346   0.03216   0.04143   0.05437   0.03111   0.06663   0.09154   0.01803   0.15246   0.24488   8.40533   1.71041   0.99986   1.61291   1.00787  
  5 58.1944   1921.626054  x:  0.00551   0.15215   0.02081   0.03663   0.02957   0.06291   0.03570   0.06485   0.13068   0.01919   0.14974   0.00000   0.14599   0.03649   0.02916   0.04195   0.05423   0.03156   0.06570   0.09129   0.01994   0.15116   0.24837   8.40556   1.70668   0.99431   1.61750   1.00964  
  6 82.2325   1921.281975  x:  0.00149   0.14650   0.02252   0.03804   0.02854   0.06410   0.03758   0.06518   0.12761   0.02212   0.14832   0.00000   0.14040   0.04200   0.02407   0.04113   0.05316   0.03268   0.06573   0.09089   0.02373   0.15039   0.25192   8.40592   1.70086   0.98587   1.62450   1.01235  
  7 82.1440   1920.424356  x:  0.00240   0.14481   0.01539   0.03840   0.03313   0.07055   0.04355   0.07036   0.12724   0.01640   0.14929   0.00000   0.14456   0.04504   0.02206   0.03751   0.04835   0.03676   0.07554   0.08934   0.02205   0.15411   0.25572   8.40735   1.67812   0.95476   1.65037   1.02258  
  8 40.0210   1919.570492  x:  0.00202   0.14715   0.02394   0.03897   0.03256   0.07263   0.04677   0.07332   0.13542   0.01885   0.15058   0.00000   0.15266   0.04548   0.02302   0.04515   0.04773   0.03822   0.08209   0.08852   0.01473   0.15775   0.25731   8.40906   1.65177   0.92037   1.67925   1.03422  
  9 133.2154   1919.028745  x:  0.00162   0.15180   0.01915   0.03890   0.02930   0.06788   0.04658   0.07046   0.14707   0.01746   0.15095   0.00000   0.15862   0.04689   0.02214   0.05371   0.05179   0.03697   0.07817   0.09018   0.02131   0.15799   0.25523   8.41036   1.63308   0.89929   1.69765   1.04209  
 10 89.5359   1918.890319  x:  0.00151   0.15509   0.01864   0.04001   0.03146   0.06593   0.04846   0.06904   0.15150   0.01795   0.15048   0.00000   0.15822   0.04871   0.02168   0.05069   0.05109   0.03876   0.07142   0.09184   0.01884   0.15549   0.25140   8.41095   1.62647   0.89636   1.70123   1.04439  
 11 27.2701   1918.829362  x:  0.00158   0.15753   0.02007   0.03936   0.03022   0.06747   0.04980   0.06945   0.15189   0.01541   0.14978   0.00000   0.15542   0.04833   0.02154   0.05138   0.04999   0.03907   0.07122   0.09233   0.01954   0.15190   0.24586   8.41167   1.62050   0.89922   1.70084   1.04589  
 12 12.2435   1918.782930  x:  0.00157   0.15915   0.01856   0.03893   0.03009   0.06851   0.05029   0.07030   0.15222   0.01759   0.14921   0.00000   0.15302   0.04788   0.02143   0.05259   0.04970   0.03907   0.07256   0.09240   0.01930   0.14923   0.24115   8.41243   1.61479   0.90284   1.69973   1.04725  
 13 27.6570   1918.745016  x:  0.00155   0.15862   0.01891   0.04097   0.03233   0.06731   0.04912   0.07065   0.15288   0.01727   0.14912   0.00000   0.15221   0.04914   0.02160   0.05291   0.05120   0.03887   0.07458   0.09191   0.01954   0.14927   0.23866   8.41344   1.60822   0.90823   1.69712   1.04868  
 14 13.5845   1918.683262  x:  0.00165   0.15525   0.01841   0.03956   0.03032   0.06594   0.05007   0.06980   0.15452   0.01684   0.14961   0.00000   0.15335   0.05099   0.02162   0.05284   0.05164   0.04022   0.07529   0.09106   0.01815   0.15256   0.23854   8.41563   1.59540   0.91936   1.69052   1.05139  
 15 17.0820   1918.645514  x:  0.00170   0.15363   0.01881   0.03969   0.03180   0.06749   0.05157   0.06997   0.15589   0.01735   0.14990   0.00000   0.15489   0.04932   0.02091   0.05379   0.05026   0.03973   0.07387   0.09144   0.01943   0.15440   0.24078   8.41731   1.58681   0.92627   1.68531   1.05320  
 16 21.3547   1918.630249  x:  0.00164   0.15479   0.01834   0.04117   0.03097   0.06862   0.05115   0.07079   0.15570   0.01720   0.14979   0.00000   0.15537   0.04988   0.02145   0.05432   0.05039   0.03967   0.07330   0.09261   0.01897   0.15355   0.24374   8.41844   1.58294   0.92798   1.68177   1.05406  
 17  8.0496   1918.614511  x:  0.00156   0.15704   0.01862   0.03968   0.03168   0.06795   0.05091   0.07103   0.15577   0.01711   0.14953   0.00000   0.15548   0.05027   0.02084   0.05436   0.05080   0.04026   0.07404   0.09323   0.01903   0.15175   0.24734   8.42006   1.57875   0.92817   1.67673   1.05504  
 18  8.9834   1918.596947  x:  0.00150   0.15855   0.01856   0.04080   0.03113   0.06687   0.05222   0.06970   0.15636   0.01718   0.14951   0.00000   0.15502   0.04984   0.02061   0.05389   0.04997   0.03949   0.07516   0.09146   0.01905   0.15088   0.24911   8.42262   1.57390   0.92550   1.66908   1.05622  
 19  7.1094   1918.502334  x:  0.00128   0.15917   0.01842   0.03985   0.03170   0.07027   0.05101   0.07034   0.15855   0.01683   0.15028   0.00000   0.15269   0.05110   0.02059   0.05426   0.05160   0.03940   0.07356   0.08641   0.01895   0.15250   0.24893   8.43823   1.54768   0.90394   1.62391   1.06255  
 20 15.3225   1918.415219  x:  0.00129   0.15694   0.01844   0.04060   0.03122   0.06798   0.05067   0.07185   0.15858   0.01682   0.15050   0.00000   0.15213   0.04996   0.01977   0.05485   0.04969   0.04064   0.07438   0.09176   0.01911   0.15414   0.24662   8.45320   1.52309   0.88309   1.58234   1.06811  
 21 52.5477   1918.405275  x:  0.00134   0.15591   0.01846   0.04019   0.03149   0.06851   0.05140   0.07092   0.15835   0.01681   0.14985   0.00000   0.15313   0.05057   0.01987   0.05462   0.05034   0.03909   0.07472   0.09287   0.01876   0.15325   0.24621   8.45523   1.51994   0.88091   1.57871   1.06836  
 22  9.2231   1918.393981  x:  0.00151   0.15429   0.01855   0.04061   0.03132   0.06889   0.05100   0.07035   0.15803   0.01698   0.14844   0.00000   0.15524   0.04993   0.01958   0.05427   0.05088   0.04024   0.07478   0.09233   0.01889   0.15112   0.24585   8.45826   1.51567   0.87903   1.57709   1.06780  
 23  4.6803   1918.375712  x:  0.00156   0.15327   0.01847   0.04018   0.03147   0.06777   0.05011   0.07173   0.15729   0.01689   0.14741   0.00000   0.15654   0.05064   0.02011   0.05463   0.04915   0.03931   0.07408   0.09105   0.01883   0.14977   0.24576   8.46386   1.50836   0.87672   1.57709   1.06603  
 24  6.5799   1918.282626  x:  0.00143   0.15485   0.01883   0.04025   0.03064   0.06762   0.04958   0.07277   0.15594   0.01707   0.14838   0.00000   0.15381   0.04873   0.01890   0.05211   0.05155   0.03788   0.07402   0.09165   0.01879   0.15262   0.24669   8.49403   1.47188   0.86680   1.58240   1.05526  
 25 13.3427   1918.265233  x:  0.00134   0.15520   0.01879   0.04014   0.03105   0.06855   0.04781   0.07033   0.15589   0.01714   0.14905   0.00000   0.15313   0.04919   0.01913   0.05240   0.05007   0.03832   0.07446   0.09220   0.01872   0.15313   0.24687   8.49991   1.46660   0.86538   1.58337   1.05324  
 26 14.8688   1917.984336  x:  0.00093   0.14865   0.01856   0.04047   0.03046   0.06899   0.04627   0.07196   0.16145   0.01673   0.16681   0.00000   0.15306   0.04963   0.01548   0.05200   0.04979   0.03683   0.07526   0.09230   0.01766   0.14434   0.24786   8.61072   1.47781   0.86779   1.59035   1.02261  
 27  3.3602   1917.376479  x:  0.00175   0.14858   0.01809   0.04096   0.02965   0.07053   0.04343   0.07329   0.16967   0.01582   0.14684   0.00000   0.15066   0.05081   0.00903   0.05243   0.04832   0.03482   0.07713   0.09300   0.01580   0.14972   0.24915   8.83631   1.50787   0.87493   1.60438   0.96609  
 28 67.9333   1917.124234  x:  0.00165   0.14706   0.01813   0.04102   0.02887   0.07091   0.04020   0.07371   0.17137   0.01563   0.14650   0.00000   0.14998   0.05008   0.00664   0.05069   0.04795   0.03287   0.07746   0.09326   0.01507   0.14899   0.24953   8.93937   1.52549   0.88343   1.62657   1.04117  
 29  5.9209   1916.803228  x:  0.00183   0.14607   0.01808   0.04116   0.02755   0.07177   0.03594   0.07515   0.17964   0.01488   0.14029   0.00000   0.14950   0.04817   0.01160   0.04891   0.04721   0.03065   0.07858   0.09394   0.01374   0.14945   0.25006   9.14481   1.55117   0.89519   1.64479   1.07040  
 30  0.4571   1916.729574  x:  0.00157   0.14871   0.01807   0.04065   0.02732   0.07176   0.03821   0.07580   0.18794   0.01479   0.14157   0.00000   0.15213   0.04579   0.01146   0.04759   0.04752   0.03156   0.07953   0.09435   0.01496   0.14927   0.24898   9.27534   1.55248   0.89960   1.63852   1.06561  
 31  0.1294   1916.724823  x:  0.00161   0.14875   0.01804   0.04059   0.02751   0.07167   0.03734   0.07582   0.18964   0.01491   0.14208   0.00000   0.15236   0.04650   0.01122   0.04756   0.04758   0.03148   0.07958   0.09435   0.01471   0.14927   0.24881   9.30820   1.55012   0.89809   1.63664   1.06232  
 32  0.0363   1916.724561  x:  0.00162   0.14857   0.01804   0.04062   0.02748   0.07165   0.03753   0.07576   0.18993   0.01491   0.14191   0.00000   0.15221   0.04663   0.01118   0.04761   0.04755   0.03139   0.07954   0.09437   0.01469   0.14928   0.24884   9.31360   1.54972   0.89764   1.63706   1.06293  
 33  0.0061   1916.724544  x:  0.00162   0.14856   0.01804   0.04063   0.02747   0.07164   0.03751   0.07574   0.18995   0.01491   0.14192   0.00000   0.15219   0.04661   0.01117   0.04762   0.04755   0.03144   0.07952   0.09437   0.01472   0.14928   0.24887   9.31520   1.54967   0.89757   1.63725   1.06323  
 34  0.0019   1916.724542  x:  0.00162   0.14857   0.01804   0.04063   0.02747   0.07164   0.03751   0.07574   0.18994   0.01491   0.14193   0.00000   0.15219   0.04661   0.01116   0.04762   0.04755   0.03143   0.07951   0.09437   0.01471   0.14928   0.24887   9.31618   1.54967   0.89759   1.63728   1.06332  
 35  0.0009   1916.724542  x:  0.00162   0.14857   0.01804   0.04063   0.02747   0.07164   0.03751   0.07574   0.18993   0.01491   0.14193   0.00000   0.15220   0.04661   0.01116   0.04762   0.04755   0.03143   0.07952   0.09437   0.01471   0.14928   0.24887   9.31673   1.54968   0.89759   1.63727   1.06332  
 36  0.0004   1916.724542  x:  0.00162   0.14857   0.01804   0.04063   0.02747   0.07164   0.03751   0.07574   0.18993   0.01491   0.14193   0.00000   0.15219   0.04661   0.01116   0.04762   0.04755   0.03143   0.07952   0.09437   0.01471   0.14928   0.24887   9.31684   1.54968   0.89759   1.63727   1.06331  
 37  0.0001   1916.724542  x:  0.00162   0.14857   0.01804   0.04063   0.02747   0.07164   0.03751   0.07574   0.18993   0.01491   0.14193   0.00000   0.15219   0.04661   0.01116   0.04762   0.04755   0.03143   0.07952   0.09437   0.01471   0.14928   0.24887   9.31687   1.54968   0.89759   1.63727   1.06331  
 38  0.0000   1916.724542  x:  0.00162   0.14857   0.01804   0.04063   0.02747   0.07164   0.03751   0.07574   0.18993   0.01491   0.14193   0.00000   0.15219   0.04661   0.01116   0.04762   0.04755   0.03143   0.07952   0.09437   0.01471   0.14928   0.24887   9.31687   1.54968   0.89759   1.63727   1.06331  
 39  0.0000   1916.724542  x:  0.00162   0.14857   0.01804   0.04063   0.02747   0.07164   0.03751   0.07574   0.18993   0.01491   0.14193   0.00000   0.15219   0.04661   0.01116   0.04762   0.04755   0.03143   0.07952   0.09437   0.01471   0.14928   0.24887   9.31687   1.54968   0.89759   1.63727   1.06331  
 40  0.0000   1916.724542  x:  0.00162   0.14857   0.01804   0.04063   0.02747   0.07164   0.03751   0.07574   0.18993   0.01491   0.14193   0.00000   0.15219   0.04661   0.01116   0.04762   0.04755   0.03143   0.07952   0.09437   0.01471   0.14928   0.24887   9.31687   1.54968   0.89759   1.63727   1.06331  
check convergence!


TREE # 2

  0  0.0000   2200.120751  x:  0.00162   0.14857   0.01804   0.04063   0.02747   0.07164   0.03751   0.07574   0.18993   0.01491   0.14193   0.00000   0.15219   0.04661   0.01116   0.04762   0.04755   0.03143   0.07952   0.09437   0.01471   0.14928   0.24887   9.31687   1.52183   0.82211   1.50141   1.06331  
  1 99.0000   2064.387431  x:  0.23791   0.15019   0.05550   0.06139   0.02551   0.07011   0.04554   0.07109   0.18661   0.03603   0.13889   0.26107   0.15411   0.06146   0.05458   0.04862   0.04509   0.05466   0.07936   0.09269   0.01818   0.14635   0.24365   9.31687   1.52168   0.82247   1.50188   1.06344  
  2 8286.8366   1976.882625  x:  0.25427   0.07704   0.18350   0.19039   0.00000   0.04833   0.12044   0.00525   0.13885   0.04364   0.08316   0.20827   0.08558   0.16459   0.15583   0.02714   0.00417   0.22231   0.05898   0.07276   0.04218   0.10746   0.17485   9.31696   1.51589   0.83176   1.50566   1.06347  
  3 617.6612   1959.918380  x:  0.27981   0.01093   0.22099   0.23186   0.10529   0.05266   0.13818   0.00874   0.10412   0.04807   0.04383   0.17586   0.02532   0.19380   0.19055   0.00558   0.04249   0.27622   0.04297   0.06679   0.03382   0.07873   0.11466   9.31706   1.51133   0.83897   1.50888   1.06298  
  4 649.9307   1955.603524  x:  0.28442   0.00000   0.22108   0.23196   0.10593   0.05155   0.13675   0.01045   0.10002   0.04902   0.04159   0.17207   0.01634   0.19343   0.19153   0.01056   0.04166   0.27724   0.04103   0.06751   0.03149   0.07628   0.10573   9.31708   1.51069   0.83991   1.50931   1.06291  
  5 385.7197   1951.119228  x:  0.29351   0.00000   0.21994   0.23060   0.10447   0.04921   0.13305   0.01170   0.09273   0.05066   0.03895   0.16505   0.00000   0.19164   0.19224   0.00693   0.03838   0.27742   0.03818   0.06898   0.02802   0.07254   0.08878   9.31711   1.50948   0.84167   1.51013   1.06280  
  6 852.7882   1949.025367  x:  0.30658   0.00000   0.21816   0.22720   0.10537   0.04881   0.12832   0.00192   0.08710   0.05061   0.04350   0.15418   0.00000   0.19074   0.19448   0.00749   0.03955   0.27636   0.04314   0.06910   0.03510   0.07311   0.06828   9.31716   1.50793   0.84366   1.51142   1.06279  
  7 215.1940   1946.779238  x:  0.32764   0.00000   0.21771   0.22324   0.10402   0.05038   0.12337   0.00797   0.08216   0.04978   0.05453   0.13548   0.00000   0.19234   0.20055   0.00680   0.04171   0.27691   0.05489   0.06751   0.05226   0.07736   0.03881   9.31725   1.50552   0.84659   1.51364   1.06281  
  8 382.8805   1943.469790  x:  0.40531   0.00000   0.21646   0.20738   0.10030   0.05597   0.11426   0.00817   0.09333   0.04044   0.04406   0.06472   0.00000   0.19966   0.22063   0.00759   0.04532   0.27545   0.05050   0.05941   0.05196   0.08927   0.04827   9.31765   1.49631   0.85689   1.52310   1.06324  
  9 64.2843   1943.008233  x:  0.41661   0.00000   0.21693   0.20626   0.10093   0.05572   0.11688   0.00788   0.09475   0.04946   0.05287   0.05304   0.00000   0.20157   0.22291   0.00830   0.04668   0.27587   0.04912   0.06670   0.04774   0.08441   0.05092   9.31781   1.49392   0.85915   1.52612   1.06343  
 10 48.3010   1942.427316  x:  0.42026   0.00000   0.21550   0.20557   0.10194   0.05081   0.12694   0.00816   0.09217   0.04021   0.05311   0.04890   0.00000   0.20321   0.21995   0.01166   0.04713   0.27479   0.05144   0.06802   0.04109   0.07115   0.04587   9.31835   1.48788   0.86389   1.53492   1.06397  
 11 14.2970   1941.792097  x:  0.41839   0.00000   0.21323   0.20656   0.10494   0.05169   0.13065   0.00812   0.08460   0.05129   0.04241   0.04760   0.00000   0.20341   0.21522   0.01657   0.04357   0.27469   0.04723   0.06345   0.04077   0.07237   0.03840   9.31915   1.47972   0.87030   1.54747   1.06467  
 12 26.4063   1941.562520  x:  0.41677   0.00000   0.21389   0.20985   0.10854   0.05049   0.12258   0.00865   0.07682   0.04817   0.04501   0.04793   0.00000   0.20170   0.21499   0.01855   0.03950   0.27882   0.04136   0.06669   0.04042   0.07751   0.03852   9.31960   1.47616   0.87361   1.55336   1.06474  
 13 23.8764   1941.453623  x:  0.41536   0.00000   0.21468   0.21290   0.10975   0.04900   0.11197   0.00894   0.07792   0.04885   0.04392   0.04819   0.00000   0.19815   0.21574   0.01933   0.03797   0.28385   0.04596   0.06737   0.03813   0.07609   0.03891   9.32000   1.47420   0.87602   1.55754   1.06455  
 14 16.1113   1941.405680  x:  0.41469   0.00000   0.21422   0.21367   0.10956   0.05041   0.10948   0.00880   0.08154   0.04856   0.04504   0.04848   0.00000   0.19423   0.21597   0.01952   0.03809   0.28680   0.04293   0.06570   0.03923   0.07368   0.03795   9.32040   1.47345   0.87762   1.56074   1.06423  
 15  7.9550   1941.230286  x:  0.41404   0.00000   0.21023   0.21334   0.10587   0.05275   0.11369   0.00881   0.08120   0.04781   0.04281   0.04836   0.00000   0.17858   0.21571   0.01922   0.04317   0.29653   0.04326   0.07004   0.04112   0.07507   0.03880   9.32260   1.47177   0.88466   1.57608   1.06225  
 16  7.7471   1941.022346  x:  0.41305   0.00000   0.20640   0.21093   0.10509   0.05024   0.11749   0.00874   0.07904   0.04883   0.04723   0.04822   0.00000   0.17188   0.21483   0.01902   0.04387   0.30238   0.04503   0.06246   0.03668   0.07830   0.03982   9.32546   1.47159   0.89188   1.59410   1.05973  
 17 18.1960   1939.610247  x:  0.40371   0.00000   0.18726   0.18731   0.10890   0.03921   0.12099   0.00918   0.08552   0.04998   0.04583   0.05013   0.00000   0.18538   0.20424   0.01814   0.02584   0.30559   0.04678   0.06618   0.04495   0.07645   0.04332   9.34544   1.48178   0.93108   1.70899   1.04297  
 18 27.4121   1938.073269  x:  0.38946   0.00000   0.18080   0.17359   0.09300   0.06664   0.11389   0.00774   0.08497   0.04574   0.04776   0.05312   0.00000   0.20992   0.19383   0.01537   0.03169   0.29310   0.04880   0.06983   0.03360   0.07606   0.04033   9.36968   1.50429   0.96989   1.83653   1.02418  
 19 101.4786   1936.108484  x:  0.37622   0.00000   0.19503   0.18409   0.06875   0.04833   0.10059   0.00904   0.07861   0.04800   0.04570   0.04975   0.00000   0.21307   0.18751   0.01163   0.06177   0.24679   0.03926   0.06651   0.04021   0.07038   0.04312   9.39923   1.55392   1.00091   1.96343   1.00524  
 20 73.4199   1933.967719  x:  0.36577   0.00000   0.21141   0.20650   0.06790   0.05059   0.10754   0.00771   0.09182   0.04451   0.04585   0.04180   0.00000   0.18817   0.19289   0.01115   0.04225   0.19511   0.04293   0.07196   0.03109   0.08080   0.03491   9.42998   1.63141   1.01687   2.05720   0.99181  
 21 66.3220   1932.691811  x:  0.36228   0.00000   0.20883   0.20652   0.06609   0.06158   0.10600   0.00817   0.07621   0.04507   0.04596   0.03571   0.00000   0.17426   0.19205   0.01126   0.02848   0.18100   0.04716   0.06622   0.03764   0.06616   0.04317   9.44873   1.69069   1.02048   2.09099   0.98813  
 22 66.6704   1926.604147  x:  0.33281   0.00000   0.15930   0.15379   0.03641   0.05268   0.09117   0.00813   0.07370   0.04452   0.04225   0.02121   0.00000   0.16016   0.17499   0.00881   0.03444   0.20099   0.03858   0.07134   0.02474   0.06660   0.03259   9.53668   2.00246   1.02215   2.16957   0.98791  
 23 82.8036   1924.000994  x:  0.31448   0.00000   0.15222   0.15308   0.02316   0.05387   0.09010   0.00849   0.07609   0.04421   0.04316   0.02042   0.00000   0.15910   0.14988   0.00771   0.03376   0.17890   0.03891   0.07200   0.02443   0.06734   0.03393   9.57652   2.02425   1.17871   2.07571   1.03813  
 24 16.6927   1923.966100  x:  0.31403   0.00000   0.15222   0.15268   0.02295   0.05387   0.09007   0.00849   0.07607   0.04423   0.04316   0.02048   0.00198   0.15900   0.15011   0.00768   0.03377   0.17848   0.03889   0.07203   0.02439   0.06731   0.03393   9.57712   2.02410   1.18067   2.07419   1.03898  
 25 53.1530   1923.712352  x:  0.30713   0.00000   0.15556   0.14027   0.02155   0.05343   0.08952   0.00858   0.07471   0.04484   0.04286   0.02269   0.00107   0.15625   0.16598   0.00723   0.03418   0.17399   0.03816   0.07264   0.02332   0.06605   0.03355   9.58083   2.00983   1.18091   2.06215   1.04651  
 26 17.1943   1920.869232  x:  0.29090   0.00000   0.13786   0.14124   0.01002   0.05295   0.08840   0.00899   0.07459   0.04480   0.04281   0.02019   0.00123   0.14696   0.15238   0.00517   0.03055   0.16006   0.03806   0.07386   0.02106   0.06517   0.03330   9.61698   1.72741   1.00972   1.91912   1.13783  
 27 17.7373   1920.738784  x:  0.29055   0.00000   0.14891   0.13442   0.01033   0.05318   0.08840   0.00899   0.07484   0.04477   0.04284   0.01970   0.00151   0.14434   0.14425   0.00535   0.02946   0.16137   0.03829   0.07388   0.02109   0.06550   0.03319   9.61871   1.71348   1.00121   1.91056   1.13614  
 28 19.2000   1919.712254  x:  0.28116   0.00000   0.14292   0.13514   0.00928   0.05283   0.08891   0.00886   0.07498   0.04570   0.04291   0.02289   0.00215   0.14037   0.13966   0.00652   0.02652   0.16082   0.03792   0.07458   0.02060   0.06537   0.03346   9.62838   1.62373   0.96106   1.81642   0.96772  
 29  6.8880   1918.126447  x:  0.26423   0.00000   0.13676   0.14227   0.01632   0.05032   0.08919   0.00969   0.07574   0.04681   0.04350   0.03365   0.00264   0.13272   0.12862   0.01042   0.01641   0.16769   0.03826   0.07663   0.01977   0.06608   0.03378   9.62061   1.59352   0.92200   1.76042   1.07129  
 30  1.1385   1917.328667  x:  0.26305   0.00000   0.13839   0.14275   0.01897   0.04798   0.08902   0.01054   0.07768   0.04729   0.04521   0.03048   0.00206   0.13087   0.14468   0.01219   0.01965   0.17512   0.03924   0.07625   0.02860   0.07045   0.03560   9.56796   1.49631   0.89307   1.64217   1.07745  
 31  0.4166   1917.018060  x:  0.25603   0.00000   0.14224   0.14517   0.01538   0.04673   0.09064   0.01119   0.07873   0.04807   0.04639   0.03438   0.00215   0.13290   0.14243   0.01337   0.02318   0.18180   0.03955   0.07629   0.02987   0.07164   0.03781   9.50203   1.56010   0.90594   1.64951   1.08441  
 32  0.2520   1916.794685  x:  0.25326   0.00000   0.14691   0.14785   0.01597   0.04671   0.09240   0.01156   0.08064   0.04825   0.04766   0.03195   0.00172   0.14011   0.14960   0.01442   0.01823   0.18498   0.04063   0.07636   0.02690   0.07311   0.03918   9.40970   1.56284   0.90515   1.62445   1.06480  
 33  0.1759   1916.731748  x:  0.25043   0.00000   0.14948   0.15175   0.01480   0.04665   0.09417   0.01159   0.07915   0.04782   0.04797   0.03190   0.00158   0.14236   0.14903   0.01504   0.01828   0.18799   0.04093   0.07585   0.02722   0.07160   0.03721   9.34374   1.54915   0.89213   1.63281   1.06313  
 34  0.0771   1916.726163  x:  0.24956   0.00000   0.14929   0.15209   0.01457   0.04680   0.09437   0.01148   0.07946   0.04761   0.04769   0.03158   0.00164   0.14134   0.14872   0.01506   0.01778   0.18962   0.04067   0.07578   0.02751   0.07160   0.03730   9.32867   1.55134   0.89777   1.63836   1.06284  
 35  0.0226   1916.725059  x:  0.24938   0.00000   0.14927   0.15223   0.01469   0.04664   0.09443   0.01139   0.07956   0.04761   0.04756   0.03151   0.00162   0.14188   0.14850   0.01502   0.01807   0.19007   0.04054   0.07573   0.02739   0.07160   0.03754   9.32246   1.54888   0.89800   1.63733   1.06314  
 36  0.0104   1916.724684  x:  0.24894   0.00000   0.14920   0.15214   0.01475   0.04654   0.09434   0.01127   0.07956   0.04760   0.04753   0.03149   0.00162   0.14210   0.14845   0.01493   0.01802   0.19002   0.04066   0.07572   0.02755   0.07170   0.03749   9.31800   1.54944   0.89770   1.63748   1.06298  
 37  0.0046   1916.724557  x:  0.24877   0.00000   0.14930   0.15223   0.01473   0.04658   0.09435   0.01119   0.07952   0.04762   0.04754   0.03142   0.00162   0.14188   0.14860   0.01491   0.01805   0.18994   0.04065   0.07574   0.02748   0.07166   0.03752   9.31619   1.54964   0.89754   1.63729   1.06332  
 38  0.0021   1916.724545  x:  0.24883   0.00000   0.14928   0.15219   0.01472   0.04663   0.09438   0.01117   0.07951   0.04762   0.04755   0.03143   0.00162   0.14193   0.14857   0.01490   0.01805   0.18993   0.04063   0.07574   0.02747   0.07164   0.03751   9.31632   1.54966   0.89757   1.63719   1.06335  
 39  0.0003   1916.724543  x:  0.24887   0.00000   0.14929   0.15220   0.01471   0.04661   0.09437   0.01117   0.07952   0.04762   0.04756   0.03143   0.00162   0.14193   0.14857   0.01490   0.01804   0.18992   0.04063   0.07574   0.02747   0.07164   0.03751   9.31665   1.54972   0.89761   1.63730   1.06332  
 40  0.0003   1916.724542  x:  0.24887   0.00000   0.14928   0.15219   0.01471   0.04661   0.09437   0.01116   0.07952   0.04762   0.04755   0.03143   0.00162   0.14193   0.14857   0.01491   0.01804   0.18993   0.04063   0.07574   0.02747   0.07164   0.03751   9.31682   1.54968   0.89758   1.63726   1.06331  
 41  0.0001   1916.724542  x:  0.24887   0.00000   0.14928   0.15219   0.01471   0.04661   0.09437   0.01116   0.07951   0.04762   0.04755   0.03143   0.00162   0.14193   0.14857   0.01491   0.01804   0.18993   0.04063   0.07574   0.02747   0.07164   0.03751   9.31686   1.54968   0.89759   1.63727   1.06331  
 42  0.0000   1916.724542  x:  0.24887   0.00000   0.14928   0.15219   0.01471   0.04661   0.09437   0.01116   0.07952   0.04762   0.04755   0.03143   0.00162   0.14193   0.14857   0.01491   0.01804   0.18993   0.04063   0.07574   0.02747   0.07164   0.03751   9.31687   1.54968   0.89759   1.63727   1.06331  
 43  0.0000   1916.724542  x:  0.24887   0.00000   0.14928   0.15219   0.01471   0.04661   0.09437   0.01116   0.07952   0.04762   0.04755   0.03143   0.00162   0.14193   0.14857   0.01491   0.01804   0.18993   0.04063   0.07574   0.02747   0.07164   0.03751   9.31687   1.54968   0.89759   1.63727   1.06331  
 44  0.0000   1916.724542  x:  0.24887   0.00000   0.14928   0.15219   0.01471   0.04661   0.09437   0.01116   0.07952   0.04762   0.04755   0.03143   0.00162   0.14193   0.14857   0.01491   0.01804   0.18993   0.04063   0.07574   0.02747   0.07164   0.03751   9.31687   1.54968   0.89759   1.63727   1.06331  