

TREE # 1

  0  0.0000   2110.067592  x:  0.06153   0.01215   0.09929   0.01825   0.07365   0.06176   0.07688   0.05144   0.08758   0.06306   0.06724   0.11787   0.00000   0.07718   0.01532   0.05790   0.06830   0.05858   0.05028   0.06356   0.11255   0.04980   0.09793   0.08015   2.00000   1.59456   1.09654   1.71019   0.40000  
  1 99.0000   2110.066374  x:  0.06153   0.01215   0.09929   0.01825   0.07365   0.06176   0.07688   0.05144   0.08758   0.06306   0.06723   0.11787   0.00000   0.07718   0.01532   0.05790   0.06830   0.05858   0.05028   0.06356   0.11255   0.04980   0.09794   0.08015   2.00000   1.59456   1.09654   1.71019   0.40000  
  2 462.3843   2103.939679  x:  0.06601   0.00793   0.10501   0.00402   0.06630   0.05031   0.08112   0.05068   0.08465   0.06645   0.05746   0.12396   0.00000   0.08036   0.01644   0.04779   0.06819   0.06122   0.03357   0.06325   0.11136   0.04384   0.10262   0.08463   2.00493   1.59362   1.09622   1.71004   0.40723  
  3 417.2676   2096.948072  x:  0.06914   0.00083   0.11274   0.00714   0.05509   0.03238   0.08571   0.04928   0.08061   0.06549   0.04270   0.13179   0.00000   0.07087   0.02054   0.03255   0.06771   0.05932   0.00619   0.06306   0.10946   0.03575   0.10747   0.08776   2.01335   1.59198   1.09569   1.70987   0.41887  
  4 649.5984   2096.161185  x:  0.06951   0.00254   0.11390   0.00735   0.05334   0.02962   0.08634   0.04906   0.08001   0.06518   0.04041   0.13297   0.00000   0.06920   0.02115   0.03024   0.06762   0.05890   0.00234   0.06304   0.10917   0.03461   0.10815   0.08813   2.01474   1.59170   1.09561   1.70985   0.42075  
  5 1370.2272   2094.383437  x:  0.07082   0.00482   0.11892   0.00842   0.04523   0.01757   0.08898   0.04803   0.07744   0.06399   0.03019   0.13826   0.00000   0.06367   0.02302   0.02033   0.06735   0.05747   0.00779   0.06304   0.10784   0.03042   0.11106   0.08944   2.02197   1.59029   1.09513   1.70976   0.43013  
  6 283.5263   2092.509126  x:  0.06458   0.00484   0.12521   0.00902   0.02952   0.02338   0.08944   0.04597   0.07526   0.05850   0.01978   0.14703   0.00000   0.06821   0.01946   0.02439   0.06630   0.05235   0.00796   0.06426   0.10536   0.04018   0.11263   0.08320   2.05180   1.58452   1.09288   1.70989   0.46301  
  7 86.6380   2088.752013  x:  0.05554   0.00511   0.13680   0.00854   0.02857   0.02175   0.08964   0.04107   0.07472   0.06475   0.04883   0.16505   0.00000   0.06190   0.01704   0.02551   0.06478   0.05924   0.00856   0.06604   0.10029   0.04632   0.11269   0.07415   2.15945   1.56377   1.08524   1.71030   0.56852  
  8 169.6294   2084.780173  x:  0.06627   0.00557   0.13137   0.00906   0.06402   0.02814   0.08426   0.04969   0.08147   0.05499   0.04074   0.16252   0.00000   0.06778   0.02732   0.02719   0.06636   0.04966   0.00933   0.06471   0.10228   0.03736   0.10554   0.08488   2.29557   1.53820   1.07676   1.71010   0.67416  
  9 249.2908   2082.282071  x:  0.06711   0.00558   0.11071   0.00920   0.06589   0.02599   0.07831   0.05338   0.08336   0.06621   0.02651   0.13853   0.00000   0.06133   0.01827   0.03123   0.06792   0.06306   0.00867   0.06295   0.10836   0.03409   0.09950   0.08572   2.38821   1.52201   1.07237   1.70874   0.71476  
 10 183.9838   2080.155180  x:  0.06623   0.00535   0.09332   0.00912   0.05605   0.01696   0.07924   0.05142   0.08149   0.06274   0.03321   0.11190   0.00000   0.07089   0.01864   0.02493   0.06830   0.05532   0.00774   0.06217   0.11361   0.03303   0.09988   0.08483   2.48170   1.50690   1.06907   1.70629   0.72954  
 11 188.8792   2076.169522  x:  0.07830   0.00633   0.09864   0.00968   0.03857   0.04183   0.09510   0.04608   0.07639   0.06186   0.03999   0.09293   0.00000   0.06372   0.03014   0.01575   0.06792   0.05946   0.00930   0.06288   0.11882   0.02869   0.11241   0.09689   2.71207   1.47278   1.06248   1.69799   0.71491  
 12 193.9121   2061.075638  x:  0.08675   0.00652   0.13160   0.00931   0.03588   0.01203   0.11786   0.03637   0.07309   0.06408   0.04035   0.11735   0.00000   0.05855   0.03571   0.07130   0.06728   0.05363   0.01009   0.06573   0.12745   0.03996   0.13276   0.10529   3.65501   1.33831   1.03711   1.66036   0.59708  
 13 597.5876   2051.237326  x:  0.05722   0.00564   0.13783   0.00850   0.04518   0.02211   0.09981   0.05537   0.07914   0.06176   0.03663   0.15604   0.00000   0.07043   0.01790   0.03449   0.06637   0.05702   0.00866   0.06383   0.11487   0.02649   0.12125   0.07575   4.19373   1.26875   1.02193   1.63534   0.52023  
 14 849.5355   2050.089478  x:  0.06225   0.00532   0.13469   0.00830   0.04601   0.02238   0.08815   0.04971   0.08071   0.06450   0.03641   0.16324   0.00000   0.07037   0.01783   0.02255   0.06685   0.05682   0.00816   0.06411   0.10740   0.04226   0.11255   0.08077   4.26099   1.26641   1.01872   1.62992   0.51050  
 15 205.9480   2049.729723  x:  0.06498   0.00540   0.13007   0.00847   0.04076   0.02327   0.08214   0.04524   0.08027   0.06305   0.03773   0.16781   0.00000   0.07128   0.02067   0.02555   0.06718   0.05801   0.00829   0.06472   0.10036   0.03593   0.10633   0.08350   4.28211   1.27795   1.01515   1.62383   0.50862  
 16 43.9560   2048.991383  x:  0.06731   0.00546   0.12322   0.00847   0.04096   0.02456   0.09099   0.04824   0.07916   0.06583   0.03869   0.17191   0.00000   0.06928   0.01352   0.02594   0.06704   0.05219   0.00841   0.06532   0.09156   0.03507   0.10576   0.08582   4.32650   1.33029   1.00217   1.60130   0.50765  
 17 42.7677   2048.114175  x:  0.06315   0.00556   0.11891   0.00868   0.04373   0.02314   0.09687   0.05116   0.07889   0.06436   0.03679   0.17379   0.00000   0.07082   0.02306   0.02519   0.06668   0.05883   0.00837   0.06519   0.09029   0.04011   0.10906   0.08165   4.38448   1.40428   0.98452   1.57020   0.50684  
 18 188.3482   2047.495100  x:  0.06284   0.00542   0.12811   0.00849   0.04525   0.02297   0.08672   0.04612   0.07987   0.06180   0.03698   0.17134   0.00000   0.07138   0.01789   0.02362   0.06686   0.05907   0.00821   0.06425   0.10357   0.03853   0.11322   0.08133   4.42263   1.45589   0.97375   1.54962   0.50685  
 19 106.0693   2047.426820  x:  0.06274   0.00543   0.13095   0.00843   0.04409   0.02297   0.08455   0.04890   0.08000   0.06502   0.03717   0.17014   0.00000   0.07152   0.01953   0.02395   0.06689   0.05700   0.00826   0.06429   0.10473   0.03832   0.11190   0.08123   4.42654   1.46123   0.97387   1.54839   0.50700  
 20 23.8569   2047.330379  x:  0.06343   0.00535   0.13645   0.00838   0.04339   0.02167   0.08477   0.05247   0.07956   0.06272   0.03776   0.16665   0.00000   0.07211   0.01831   0.02422   0.06687   0.05894   0.00815   0.06471   0.10290   0.03894   0.10711   0.08192   4.43083   1.46685   0.97841   1.55041   0.50756  
 21 10.2894   2046.983572  x:  0.06052   0.00532   0.14473   0.00831   0.04735   0.02159   0.08769   0.04463   0.07818   0.06626   0.03492   0.15998   0.00000   0.07419   0.01860   0.02379   0.06691   0.05821   0.00809   0.06454   0.09665   0.03748   0.10177   0.07899   4.44404   1.48308   1.00082   1.56398   0.51012  
 22 18.4326   2043.131029  x:  0.06740   0.00531   0.14266   0.00957   0.04624   0.02045   0.07487   0.05191   0.08569   0.06983   0.03462   0.16517   0.00000   0.08116   0.01553   0.02488   0.06898   0.06458   0.00793   0.05839   0.08405   0.03617   0.13548   0.08566   4.59992   1.66840   1.28645   1.75834   0.54420  
 23 59.6533   2041.360935  x:  0.07134   0.00530   0.13286   0.01028   0.04265   0.02205   0.08854   0.05010   0.08165   0.07317   0.03488   0.18226   0.00000   0.08549   0.01605   0.02140   0.06815   0.06664   0.00786   0.06933   0.11284   0.03497   0.11819   0.08951   4.66706   1.74657   1.39775   1.84908   0.55832  
 24 196.0873   2040.618261  x:  0.07248   0.00533   0.13289   0.01050   0.04201   0.02231   0.09075   0.05008   0.07486   0.07403   0.03507   0.18518   0.00000   0.08692   0.01591   0.02134   0.06797   0.06730   0.00787   0.04930   0.11605   0.03503   0.11462   0.09061   4.68818   1.76631   1.39582   1.89372   0.56155  
 25 27.3192   2035.139967  x:  0.07767   0.00518   0.14411   0.01167   0.04600   0.01877   0.08541   0.05112   0.05598   0.08349   0.02941   0.18386   0.00000   0.10047   0.01111   0.01755   0.07043   0.07521   0.00703   0.06644   0.10506   0.03007   0.12827   0.09549   4.85865   1.91379   1.29952   2.28548   0.58492  
 26 109.0831   2034.516934  x:  0.07859   0.00510   0.14653   0.01176   0.04254   0.01761   0.08948   0.04897   0.07765   0.08484   0.02871   0.18361   0.00000   0.10235   0.01083   0.01662   0.06678   0.07609   0.00686   0.06439   0.10436   0.02880   0.12739   0.09638   4.87838   1.92890   1.28654   2.32769   0.58787  
 27 109.5249   2019.833214  x:  0.10056   0.00576   0.15747   0.01675   0.04211   0.01704   0.10918   0.04767   0.07353   0.10778   0.02325   0.18739   0.00000   0.13468   0.00422   0.02033   0.08903   0.09423   0.00675   0.05992   0.09403   0.02224   0.14116   0.11754   5.06134   1.42151   0.96494   1.51280   0.69367  
 28  6.9402   2019.530621  x:  0.10146   0.00577   0.15729   0.01686   0.04297   0.01699   0.10834   0.04789   0.07098   0.10848   0.02287   0.18706   0.00000   0.13549   0.00400   0.02060   0.07141   0.09477   0.00683   0.06037   0.09349   0.02196   0.14188   0.11842   5.06563   1.41054   0.95818   1.49516   0.69593  
 29 47.2191   2015.944939  x:  0.11292   0.00702   0.16416   0.02094   0.03897   0.01986   0.11908   0.04717   0.07179   0.12194   0.02235   0.18733   0.00000   0.15822   0.02654   0.02913   0.06207   0.10335   0.00759   0.06194   0.09635   0.03254   0.14769   0.12949   5.47662   1.37394   0.95729   1.46256   0.72604  
 30  0.7003   2012.178263  x:  0.11558   0.00803   0.16501   0.02582   0.02919   0.01830   0.11915   0.04707   0.07521   0.13094   0.02637   0.19310   0.00000   0.18466   0.02179   0.02545   0.07065   0.10985   0.00668   0.06325   0.10899   0.03245   0.14319   0.13174   6.30865   1.58618   1.14263   1.81687   0.73069  
 31  0.8789   2009.630952  x:  0.11409   0.00855   0.16358   0.03034   0.03527   0.01563   0.11213   0.04957   0.07361   0.13570   0.02566   0.19242   0.00000   0.20802   0.01619   0.01271   0.08036   0.11262   0.00468   0.06302   0.10848   0.02825   0.13958   0.12992   7.07991   1.47236   1.06715   1.63866   0.74353  
 32  0.6096   2008.516718  x:  0.11399   0.00982   0.16391   0.03326   0.03985   0.01827   0.11025   0.04824   0.07493   0.13737   0.02618   0.18132   0.00000   0.22093   0.00951   0.02385   0.08059   0.11342   0.00514   0.06326   0.10913   0.02994   0.13947   0.12967   7.52880   1.42982   1.01580   1.58234   0.73713  
 33  0.9184   2008.057904  x:  0.11189   0.00987   0.16241   0.03445   0.03604   0.01787   0.11016   0.04791   0.07324   0.13370   0.02327   0.17559   0.00000   0.22615   0.00921   0.02360   0.06653   0.10973   0.00422   0.06244   0.10347   0.02706   0.13904   0.12755   7.86837   1.45969   1.02628   1.63157   0.73377  
 34  0.2775   2007.793564  x:  0.11026   0.01031   0.16151   0.03528   0.03319   0.01924   0.11325   0.04793   0.07341   0.12699   0.02519   0.17166   0.00000   0.22881   0.01080   0.02280   0.07003   0.10386   0.00450   0.06242   0.10149   0.03052   0.13870   0.12596   8.22107   1.46125   1.05032   1.62051   0.73479  
 35  0.1977   2007.681790  x:  0.11006   0.01043   0.16094   0.03535   0.03618   0.01790   0.11355   0.04758   0.07338   0.12279   0.02421   0.17269   0.00000   0.22873   0.01157   0.02270   0.07287   0.10049   0.00460   0.06219   0.10307   0.02940   0.13867   0.12578   8.45835   1.46260   1.03115   1.63234   0.74254  
 36  0.1731   2007.622563  x:  0.11149   0.01043   0.16201   0.03476   0.03610   0.01853   0.11337   0.04782   0.07385   0.12056   0.02496   0.17579   0.00000   0.22585   0.01072   0.02270   0.07024   0.09980   0.00495   0.06280   0.10643   0.02800   0.13917   0.12724   8.62154   1.45557   1.03537   1.62253   0.74935  
 37  0.0818   2007.577036  x:  0.11292   0.01016   0.16358   0.03343   0.03496   0.01798   0.11360   0.04807   0.07394   0.12052   0.02425   0.17710   0.00000   0.21956   0.01041   0.02273   0.07015   0.10130   0.00498   0.06293   0.10563   0.03029   0.14076   0.12873   8.69977   1.45584   1.03123   1.62912   0.75222  
 38  0.0362   2007.553560  x:  0.11275   0.01002   0.16359   0.03266   0.03528   0.01831   0.11350   0.04754   0.07348   0.12174   0.02451   0.17629   0.00000   0.21588   0.01096   0.02301   0.07170   0.10263   0.00488   0.06273   0.10364   0.02874   0.14081   0.12859   8.76556   1.45905   1.03476   1.62837   0.75220  
 39  0.0364   2007.545399  x:  0.11197   0.01008   0.16235   0.03265   0.03587   0.01821   0.11320   0.04765   0.07351   0.12274   0.02496   0.17473   0.00000   0.21554   0.01068   0.02279   0.07099   0.10300   0.00482   0.06251   0.10413   0.02924   0.14005   0.12782   8.83919   1.45936   1.03451   1.62852   0.75102  
 40  0.0485   2007.544199  x:  0.11188   0.01008   0.16196   0.03266   0.03550   0.01813   0.11338   0.04773   0.07365   0.12318   0.02471   0.17472   0.00000   0.21551   0.01085   0.02277   0.07102   0.10300   0.00481   0.06258   0.10464   0.02909   0.14000   0.12773   8.85477   1.45810   1.03379   1.62805   0.75095  
 41  0.0136   2007.544038  x:  0.11191   0.01009   0.16199   0.03267   0.03554   0.01824   0.11350   0.04772   0.07367   0.12340   0.02475   0.17482   0.00000   0.21546   0.01087   0.02274   0.07103   0.10294   0.00485   0.06265   0.10470   0.02913   0.14013   0.12776   8.85601   1.45857   1.03391   1.62901   0.75093  
 42  0.0013   2007.543971  x:  0.11192   0.01010   0.16203   0.03269   0.03555   0.01816   0.11357   0.04771   0.07365   0.12355   0.02476   0.17490   0.00000   0.21545   0.01086   0.02275   0.07104   0.10283   0.00485   0.06267   0.10467   0.02913   0.14022   0.12777   8.85676   1.45851   1.03411   1.62867   0.75091  
 43  0.0006   2007.543951  x:  0.11191   0.01010   0.16205   0.03271   0.03553   0.01819   0.11353   0.04772   0.07364   0.12358   0.02475   0.17489   0.00000   0.21542   0.01085   0.02275   0.07103   0.10275   0.00484   0.06263   0.10461   0.02912   0.14020   0.12776   8.85716   1.45839   1.03385   1.62847   0.75092  
 44  0.0004   2007.543945  x:  0.11191   0.01010   0.16205   0.03272   0.03554   0.01819   0.11351   0.04772   0.07365   0.12358   0.02474   0.17490   0.00000   0.21536   0.01085   0.02275   0.07102   0.10272   0.00484   0.06263   0.10463   0.02912   0.14016   0.12776   8.85624   1.45852   1.03403   1.62869   0.75097  
 45  0.0006   2007.543941  x:  0.11191   0.01010   0.16205   0.03274   0.03553   0.01818   0.11350   0.04772   0.07365   0.12358   0.02476   0.17489   0.00000   0.21533   0.01086   0.02275   0.07103   0.10273   0.00484   0.06264   0.10464   0.02912   0.14016   0.12776   8.85558   1.45844   1.03392   1.62864   0.75099  
 46  0.0003   2007.543937  x:  0.11191   0.01010   0.16204   0.03277   0.03553   0.01819   0.11352   0.04771   0.07365   0.12357   0.02474   0.17488   0.00000   0.21531   0.01085   0.02275   0.07103   0.10275   0.00484   0.06265   0.10464   0.02912   0.14018   0.12776   8.85584   1.45842   1.03394   1.62857   0.75099  
 47  0.0001   2007.543936  x:  0.11191   0.01010   0.16205   0.03277   0.03553   0.01819   0.11352   0.04772   0.07365   0.12357   0.02474   0.17489   0.00000   0.21531   0.01086   0.02275   0.07103   0.10275   0.00484   0.06264   0.10464   0.02912   0.14018   0.12776   8.85608   1.45846   1.03396   1.62862   0.75098  
 48  0.0002   2007.543936  x:  0.11191   0.01010   0.16205   0.03277   0.03553   0.01819   0.11352   0.04772   0.07365   0.12357   0.02474   0.17489   0.00000   0.21531   0.01085   0.02275   0.07103   0.10275   0.00484   0.06264   0.10464   0.02912   0.14018   0.12776   8.85615   1.45846   1.03396   1.62862   0.75097  
 49  0.0000   2007.543936  x:  0.11191   0.01010   0.16205   0.03277   0.03553   0.01819   0.11352   0.04772   0.07365   0.12357   0.02474   0.17489   0.00000   0.21531   0.01085   0.02275   0.07103   0.10275   0.00484   0.06264   0.10464   0.02912   0.14018   0.12776   8.85615   1.45846   1.03395   1.62861   0.75097  
 50  0.0000   2007.543936  x:  0.11191   0.01010   0.16205   0.03277   0.03553   0.01819   0.11352   0.04772   0.07365   0.12357   0.02474   0.17489   0.00000   0.21531   0.01085   0.02275   0.07103   0.10275   0.00484   0.06264   0.10464   0.02912   0.14018   0.12776   8.85619   1.45846   1.03396   1.62862   0.75097  
 51  0.0000   2007.543936  x:  0.11191   0.01010   0.16205   0.03277   0.03553   0.01819   0.11352   0.04772   0.07365   0.12357   0.02474   0.17489   0.00000   0.21531   0.01085   0.02275   0.07103   0.10275   0.00484   0.06264   0.10464   0.02912   0.14018   0.12776   8.85617   1.45846   1.03395   1.62861   0.75097  
 52  0.0000   2007.543936  x:  0.11191   0.01010   0.16205   0.03277   0.03553   0.01819   0.11352   0.04772   0.07365   0.12357   0.02474   0.17489   0.00000   0.21531   0.01085   0.02275   0.07103   0.10275   0.00484   0.06264   0.10464   0.02912   0.14018   0.12776   8.85616   1.45846   1.03395   1.62861   0.75097  
 53  0.0000   2007.543936  x:  0.11191   0.01010   0.16205   0.03277   0.03553   0.01819   0.11352   0.04772   0.07365   0.12357   0.02474   0.17489   0.00000   0.21531   0.01085   0.02275   0.07103   0.10275   0.00484   0.06264   0.10464   0.02912   0.14018   0.12776   8.85617   1.45846   1.03395   1.62861   0.75097  
 54  0.0000   2007.543936  x:  0.11191   0.01010   0.16205   0.03277   0.03553   0.01819   0.11352   0.04772   0.07365   0.12357   0.02474   0.17489   0.00000   0.21531   0.01085   0.02275   0.07103   0.10275   0.00484   0.06264   0.10464   0.02912   0.14018   0.12776   8.85617   1.45846   1.03395   1.62861   0.75097  