

TREE # 1

  0  0.0000   2078.500481  x:  0.07621   0.00000   0.08634   0.02848   0.06635   0.08160   0.04283   0.03444   0.09824   0.08762   0.11001   0.08210   0.00908   0.07132   0.03052   0.06002   0.05432   0.06160   0.05238   0.03747   0.09526   0.05010   0.09527   0.09483   2.00000   1.34231   1.08062   1.51251   0.40000  
  1 99.0000   2078.498562  x:  0.07621   0.00000   0.08634   0.02848   0.06635   0.08160   0.04283   0.03444   0.09824   0.08762   0.11001   0.08210   0.00908   0.07132   0.03052   0.06002   0.05432   0.06160   0.05238   0.03747   0.09526   0.05010   0.09527   0.09483   2.00000   1.34231   1.08062   1.51251   0.40000  
  2 534.7690   2063.272626  x:  0.09382   0.00000   0.09259   0.01001   0.06642   0.08594   0.03966   0.00000   0.08567   0.09367   0.10207   0.08284   0.00532   0.09901   0.03196   0.04260   0.03422   0.07111   0.04063   0.02327   0.08947   0.04573   0.10239   0.11243   2.00592   1.34148   1.08240   1.51249   0.42340  
  3 549.9417   2057.670860  x:  0.10440   0.00000   0.09870   0.01264   0.06692   0.08972   0.03900   0.00000   0.07008   0.09795   0.09259   0.08278   0.01195   0.08121   0.03115   0.02327   0.01200   0.07429   0.03050   0.01505   0.08293   0.04248   0.10714   0.12299   2.01510   1.34042   1.08518   1.51221   0.45427  
  4 262.9241   2054.481657  x:  0.11453   0.00000   0.10527   0.01336   0.06852   0.09371   0.03913   0.00000   0.05115   0.10183   0.08069   0.08255   0.00675   0.07105   0.03227   0.01609   0.02697   0.07629   0.02808   0.02661   0.07538   0.04097   0.11213   0.13309   2.03090   1.33873   1.08960   1.51199   0.50117  
  5 190.5302   2051.738083  x:  0.11820   0.00000   0.11046   0.01366   0.07174   0.09635   0.04075   0.00000   0.04046   0.10244   0.07003   0.08151   0.01064   0.06784   0.03314   0.04334   0.02506   0.07358   0.03643   0.02738   0.07031   0.04302   0.11493   0.13672   2.05714   1.33616   1.09670   1.51169   0.56746  
  6 213.6449   2046.663083  x:  0.09954   0.00000   0.10944   0.01363   0.07893   0.09382   0.04337   0.00000   0.07601   0.09173   0.07195   0.07923   0.00314   0.07324   0.02857   0.03681   0.02418   0.06027   0.04564   0.02328   0.07712   0.04980   0.10863   0.11791   2.12306   1.33052   1.11368   1.51107   0.69959  
  7 183.7859   2046.020441  x:  0.09549   0.00000   0.10783   0.01351   0.07893   0.09232   0.04283   0.00000   0.07995   0.08981   0.07505   0.07925   0.01382   0.07682   0.02988   0.03433   0.02687   0.06144   0.04501   0.02445   0.07938   0.04965   0.10679   0.11384   2.13764   1.32948   1.11717   1.51103   0.72154  
  8 253.4873   2044.893912  x:  0.08783   0.00000   0.09881   0.01372   0.07273   0.08600   0.03894   0.00000   0.07456   0.08824   0.08969   0.08168   0.01087   0.07677   0.03662   0.03701   0.02568   0.07514   0.03649   0.02540   0.08592   0.04413   0.10055   0.10611   2.17187   1.32791   1.12420   1.51129   0.74364  
  9 90.9815   2043.518827  x:  0.08940   0.00000   0.08669   0.01393   0.06105   0.08197   0.04322   0.00000   0.06446   0.09410   0.10645   0.08415   0.01093   0.07858   0.02254   0.03583   0.02694   0.06961   0.03940   0.02246   0.09048   0.04412   0.09715   0.10753   2.24015   1.32603   1.13652   1.51243   0.75254  
 10 70.3625   2041.281995  x:  0.09637   0.00000   0.07615   0.01394   0.05001   0.08331   0.04644   0.00000   0.06056   0.10577   0.12582   0.08512   0.01042   0.07876   0.04058   0.03262   0.02486   0.05362   0.04702   0.02336   0.09252   0.05129   0.09870   0.11420   2.38545   1.32283   1.16149   1.51537   0.75699  
 11 206.4225   2031.628763  x:  0.11441   0.00000   0.09757   0.01330   0.07265   0.10719   0.03276   0.00000   0.09151   0.13436   0.15467   0.07677   0.01150   0.06899   0.03161   0.04039   0.02520   0.08249   0.05161   0.03264   0.07751   0.05671   0.12308   0.13076   3.08047   1.31128   1.27491   1.53130   0.74618  
 12 354.9041   2023.377923  x:  0.09632   0.00000   0.12543   0.01416   0.08176   0.10000   0.06121   0.00000   0.07732   0.10994   0.10668   0.07571   0.00944   0.08052   0.03552   0.04159   0.03177   0.06897   0.02546   0.01946   0.06869   0.03476   0.11938   0.11147   3.62217   1.31014   1.35035   1.54681   0.72748  
 13 505.1057   2020.221443  x:  0.09058   0.00000   0.12778   0.01468   0.08143   0.08918   0.04824   0.00000   0.06409   0.08720   0.07117   0.07927   0.00812   0.08785   0.03405   0.03376   0.02345   0.07220   0.03965   0.02776   0.07683   0.04193   0.10877   0.10524   3.83216   1.31427   1.37114   1.55542   0.71927  
 14 468.3950   2019.672118  x:  0.09473   0.00000   0.12268   0.01524   0.08229   0.08733   0.03957   0.00000   0.06579   0.08136   0.06393   0.08026   0.00857   0.08614   0.03418   0.03521   0.02821   0.07042   0.03549   0.02059   0.08032   0.04405   0.10435   0.10929   3.86885   1.31938   1.36623   1.55974   0.71881  
 15 99.9881   2019.073065  x:  0.10054   0.00000   0.11339   0.01538   0.08648   0.08724   0.04235   0.00000   0.07051   0.07697   0.05957   0.08067   0.00895   0.08643   0.03289   0.03747   0.02474   0.06858   0.02943   0.02894   0.08224   0.04052   0.09944   0.11493   3.91256   1.33549   1.34052   1.57141   0.72015  
 16 57.5687   2017.311797  x:  0.10182   0.00000   0.10361   0.01565   0.09744   0.08866   0.05292   0.00000   0.06971   0.07708   0.05702   0.08013   0.00902   0.08592   0.03660   0.03385   0.02734   0.07779   0.04148   0.02100   0.07859   0.03446   0.09683   0.11564   4.04096   1.39433   1.24129   1.61322   0.72589  
 17 131.1744   2015.825535  x:  0.09512   0.00000   0.11333   0.01538   0.09733   0.08868   0.04633   0.00000   0.06390   0.08210   0.06089   0.07975   0.00844   0.08901   0.03411   0.03421   0.02600   0.07315   0.03323   0.02268   0.07547   0.04745   0.10278   0.10843   4.14873   1.44622   1.15201   1.64997   0.73129  
 18 240.0198   2015.585675  x:  0.09557   0.00000   0.12017   0.01542   0.09112   0.08832   0.04146   0.00000   0.06542   0.08182   0.06218   0.07968   0.00847   0.08890   0.03385   0.03461   0.02571   0.07031   0.03488   0.02368   0.07771   0.03981   0.10451   0.10878   4.16481   1.45413   1.13821   1.65561   0.73237  
 19 57.4934   2015.519306  x:  0.09715   0.00000   0.12374   0.01555   0.08574   0.08802   0.04405   0.00000   0.06739   0.08021   0.06217   0.07937   0.00855   0.08832   0.03402   0.03499   0.02609   0.07249   0.03480   0.02353   0.07943   0.04139   0.10399   0.11029   4.16826   1.45578   1.13543   1.65682   0.73276  
 20 13.8276   2014.857974  x:  0.09862   0.00000   0.12481   0.01632   0.07819   0.09367   0.04063   0.00000   0.06830   0.08100   0.06346   0.07122   0.00829   0.09159   0.03385   0.03469   0.02570   0.07359   0.03523   0.02400   0.06517   0.04151   0.08903   0.11045   4.17691   1.45777   1.13802   1.65813   0.73570  
 21  1.8179   1997.041020  x:  0.14394   0.00000   0.12229   0.03216   0.08205   0.12573   0.03340   0.00000   0.05293   0.11383   0.07668   0.07563   0.00000   0.14909   0.03582   0.03164   0.02626   0.09003   0.03347   0.02278   0.10674   0.04227   0.09532   0.12215   4.37312   1.49354   1.22762   1.68464   0.81108  
 22 19.3248   1997.041020  x:  0.14394   0.00000   0.12229   0.03216   0.08205   0.12573   0.03340   0.00000   0.05293   0.11383   0.07668   0.07563   0.00000   0.14909   0.03582   0.03164   0.02626   0.09003   0.03347   0.02278   0.10674   0.04227   0.09532   0.12215   4.37312   1.49354   1.22762   1.68464   0.81108  
 23 99.6941   1991.744410  x:  0.14860   0.00000   0.12247   0.07715   0.08054   0.11892   0.03693   0.00000   0.05453   0.11264   0.07748   0.07704   0.02190   0.16178   0.03465   0.02525   0.01749   0.08948   0.03098   0.01674   0.09807   0.04132   0.10416   0.12680   4.37393   1.49255   1.22815   1.68467   0.81431  
 24 281.9104   1988.550791  x:  0.15444   0.00000   0.12164   0.09709   0.07676   0.10940   0.03822   0.00000   0.05593   0.11011   0.07656   0.07935   0.00000   0.17724   0.03418   0.02288   0.01763   0.08884   0.03034   0.01937   0.08637   0.04069   0.11184   0.13265   4.37524   1.49103   1.22891   1.68464   0.81974  
 25 148.4230   1987.710964  x:  0.16080   0.00000   0.12057   0.09299   0.07179   0.09873   0.03604   0.00000   0.05640   0.10681   0.07423   0.08090   0.00289   0.19563   0.03505   0.02933   0.02364   0.08837   0.03221   0.01886   0.07495   0.04105   0.11930   0.13901   4.37748   1.48858   1.23026   1.68446   0.82833  
 26 73.0970   1987.423018  x:  0.16342   0.00000   0.12023   0.08840   0.07083   0.09526   0.03624   0.00000   0.05633   0.10578   0.07383   0.08061   0.00325   0.20406   0.03484   0.02652   0.01717   0.08833   0.03132   0.01639   0.07325   0.04113   0.12118   0.14162   4.37925   1.48671   1.23131   1.68427   0.83479  
 27 57.8840   1987.273720  x:  0.16499   0.00000   0.12037   0.08695   0.07213   0.09512   0.03755   0.00000   0.05620   0.10585   0.07473   0.07931   0.00426   0.21052   0.03433   0.02279   0.01783   0.08852   0.03053   0.01996   0.07638   0.04099   0.12095   0.14319   4.38185   1.48410   1.23276   1.68398   0.84375  
 28 35.7745   1986.998252  x:  0.16706   0.00000   0.12120   0.08712   0.07602   0.09781   0.03881   0.00000   0.05598   0.10689   0.07711   0.07626   0.00332   0.22150   0.03402   0.02428   0.02001   0.08900   0.03042   0.01603   0.08484   0.04085   0.11829   0.14526   4.38863   1.47747   1.23643   1.68318   0.86642  
 29 59.2818   1986.834325  x:  0.16710   0.00000   0.12215   0.08800   0.07706   0.10026   0.03674   0.00000   0.05594   0.10762   0.07734   0.07560   0.00326   0.22500   0.03480   0.02842   0.01702   0.08913   0.03163   0.01885   0.08663   0.04108   0.11593   0.14530   4.39427   1.47231   1.23927   1.68242   0.88405  
 30 60.4264   1986.301537  x:  0.16326   0.00000   0.12583   0.08894   0.07426   0.10680   0.03089   0.00000   0.05595   0.10899   0.07327   0.07829   0.00377   0.22315   0.03621   0.02382   0.01873   0.08883   0.03311   0.01752   0.07875   0.04156   0.10863   0.14147   4.41683   1.45302   1.24974   1.67907   0.95002  
 31 68.4653   1986.006163  x:  0.16091   0.00000   0.12688   0.08859   0.07243   0.10685   0.03948   0.00000   0.05594   0.10868   0.07157   0.07967   0.00421   0.21773   0.03493   0.02567   0.01864   0.08864   0.03065   0.01790   0.07423   0.04099   0.10803   0.13911   4.43179   1.44129   1.25581   1.67682   0.99048  
 32 120.9048   1985.731211  x:  0.16075   0.00000   0.12382   0.08872   0.07335   0.09689   0.03736   0.00000   0.05613   0.10586   0.07470   0.07871   0.00413   0.20511   0.03309   0.02580   0.01871   0.08876   0.03121   0.01791   0.07789   0.04073   0.11817   0.13896   4.44920   1.43098   1.26013   1.67421   1.02767  
 33 49.4338   1985.709528  x:  0.16182   0.00000   0.12245   0.08870   0.07346   0.09701   0.03774   0.00000   0.05635   0.10611   0.07504   0.07889   0.00413   0.20385   0.03602   0.02559   0.01874   0.08882   0.03101   0.01788   0.07803   0.04158   0.11901   0.14002   4.45269   1.43055   1.25966   1.67372   1.03028  
 34 12.8904   1985.657341  x:  0.16631   0.00000   0.11754   0.08850   0.07298   0.10007   0.03769   0.00000   0.05670   0.10802   0.07567   0.07986   0.00427   0.20136   0.03484   0.02558   0.01868   0.08897   0.03135   0.01788   0.07726   0.04018   0.11966   0.14451   4.46775   1.43104   1.25590   1.67158   1.03458  
 35 11.9254   1985.539952  x:  0.16846   0.00000   0.11703   0.08888   0.06945   0.09943   0.03693   0.00000   0.05456   0.11000   0.07745   0.07868   0.00427   0.20031   0.03253   0.02604   0.01890   0.08864   0.02872   0.01800   0.07738   0.04595   0.11755   0.14666   4.51384   1.43420   1.24364   1.66504   1.04057  
 36 18.2488   1985.180535  x:  0.16926   0.00000   0.12043   0.08936   0.06388   0.09485   0.03959   0.00000   0.05410   0.11311   0.08079   0.07570   0.00426   0.20017   0.03351   0.02497   0.01860   0.08805   0.03672   0.01785   0.07797   0.04520   0.11271   0.14746   4.66314   1.44418   1.20489   1.64403   1.05715  
 37 123.1096   1984.754405  x:  0.16726   0.00000   0.12403   0.08924   0.06618   0.09249   0.03720   0.00000   0.05748   0.11341   0.08067   0.07558   0.00420   0.20199   0.03628   0.02589   0.01898   0.08824   0.02968   0.01806   0.07743   0.03743   0.11187   0.14546   4.83179   1.45410   1.16352   1.62063   1.07408  
 38 277.7742   1984.445923  x:  0.16363   0.00000   0.12385   0.08886   0.07657   0.09716   0.03794   0.00000   0.05804   0.10795   0.07427   0.07974   0.00382   0.20528   0.03432   0.02558   0.01878   0.08931   0.03176   0.01797   0.07625   0.04240   0.11871   0.14184   4.96291   1.45804   1.13766   1.60345   1.08407  
 39 155.8773   1984.278057  x:  0.16308   0.00000   0.12245   0.08953   0.07333   0.10030   0.03778   0.00000   0.05097   0.10139   0.07023   0.07900   0.00350   0.20644   0.03546   0.02566   0.01883   0.08862   0.03145   0.01799   0.07869   0.04017   0.12096   0.14129   5.03575   1.45196   1.13709   1.59635   1.08358  
 40 49.6370   1983.550295  x:  0.16419   0.00000   0.12113   0.08993   0.06531   0.10447   0.03770   0.00000   0.06506   0.09039   0.07093   0.07585   0.00282   0.20913   0.03442   0.02577   0.01889   0.08699   0.03124   0.01806   0.08173   0.04229   0.12069   0.14240   5.37529   1.40811   1.16016   1.56912   1.07010  
 41 112.1866   1982.543685  x:  0.16632   0.00000   0.12329   0.08936   0.07591   0.09862   0.03767   0.00000   0.05670   0.10420   0.07808   0.07907   0.00189   0.21211   0.03498   0.02575   0.01904   0.08909   0.03162   0.01822   0.07596   0.04134   0.11878   0.14452   5.84344   1.34430   1.19794   1.53534   1.04903  
 42 384.8634   1982.505823  x:  0.16607   0.00000   0.12345   0.08950   0.07436   0.09795   0.03765   0.00000   0.05753   0.10835   0.07386   0.07944   0.00176   0.21242   0.03492   0.02581   0.01904   0.08964   0.03158   0.01821   0.07792   0.04144   0.12030   0.14427   5.86125   1.34294   1.19935   1.53829   1.04860  
 43 22.2508   1982.347900  x:  0.16283   0.00000   0.12310   0.08881   0.07112   0.10204   0.03756   0.00000   0.05719   0.11174   0.07903   0.07899   0.00142   0.21442   0.03505   0.02565   0.01894   0.08826   0.03142   0.01814   0.07675   0.04112   0.12651   0.14103   5.94221   1.34927   1.20520   1.59205   1.05092  
 44 11.0564   1982.204787  x:  0.16414   0.00000   0.12019   0.08957   0.07470   0.09715   0.03751   0.00000   0.05705   0.10733   0.07507   0.07984   0.00155   0.21346   0.03486   0.02572   0.01900   0.09006   0.03145   0.01819   0.07681   0.04123   0.11932   0.14234   6.01542   1.35910   1.21291   1.64280   1.05376  
 45 51.6222   1982.167062  x:  0.16728   0.00000   0.12622   0.08943   0.07635   0.09774   0.03751   0.00000   0.05694   0.10622   0.07339   0.07917   0.00147   0.21178   0.03483   0.02570   0.01900   0.08747   0.03144   0.01819   0.07665   0.04120   0.11990   0.14549   6.03561   1.36897   1.22021   1.65399   1.05558  
 46 12.0906   1982.095400  x:  0.16791   0.00000   0.12837   0.08940   0.07579   0.09856   0.03750   0.00000   0.05679   0.10591   0.07388   0.07848   0.00130   0.21160   0.03487   0.02568   0.01901   0.09467   0.03138   0.01820   0.07614   0.04110   0.12103   0.14612   6.07595   1.39970   1.24263   1.67094   1.06089  
 47 15.0520   1981.992153  x:  0.16549   0.00000   0.12326   0.08959   0.07573   0.09731   0.03752   0.00000   0.05686   0.10765   0.07447   0.07985   0.00119   0.21328   0.03491   0.02570   0.01903   0.08930   0.03137   0.01822   0.07648   0.04108   0.12045   0.14369   6.13305   1.44606   1.27639   1.69318   1.06888  
 48 47.1401   1981.991737  x:  0.16546   0.00000   0.12313   0.08959   0.07585   0.09733   0.03751   0.00000   0.05687   0.10771   0.07434   0.07925   0.00118   0.21328   0.03491   0.02570   0.01903   0.08927   0.03137   0.01823   0.07628   0.04108   0.12048   0.14367   6.13360   1.44610   1.27639   1.69317   1.06895  
 49  0.4460   1981.863963  x:  0.16728   0.00000   0.12328   0.09056   0.07434   0.09685   0.03734   0.00000   0.05675   0.10774   0.07492   0.07900   0.00000   0.21709   0.03493   0.02549   0.01902   0.08919   0.03122   0.01846   0.07621   0.04094   0.12091   0.14549   6.27748   1.44450   1.26396   1.68552   1.08746  
 50  0.8925   1981.787382  x:  0.16851   0.00000   0.12380   0.09148   0.07322   0.09757   0.03725   0.00000   0.05665   0.10751   0.07528   0.07820   0.00074   0.21930   0.03489   0.02489   0.01854   0.08915   0.03106   0.01863   0.07733   0.04086   0.12033   0.14671   6.55651   1.44226   1.24605   1.67291   1.11461  
 51  0.2952   1981.784445  x:  0.16848   0.00000   0.12381   0.09202   0.07323   0.09727   0.03727   0.00000   0.05674   0.10723   0.07506   0.07850   0.00035   0.21951   0.03490   0.02514   0.01877   0.08911   0.03120   0.01864   0.07680   0.04095   0.12047   0.14669   6.57793   1.44153   1.24648   1.67166   1.11423  
 52  0.0264   1981.784148  x:  0.16843   0.00000   0.12379   0.09221   0.07330   0.09722   0.03729   0.00000   0.05677   0.10716   0.07501   0.07856   0.00046   0.21931   0.03491   0.02518   0.01879   0.08911   0.03121   0.01860   0.07672   0.04097   0.12041   0.14664   6.58866   1.44140   1.24706   1.67158   1.11340  
 53  0.0096   1981.784126  x:  0.16844   0.00000   0.12379   0.09229   0.07330   0.09724   0.03730   0.00000   0.05677   0.10717   0.07502   0.07854   0.00044   0.21933   0.03490   0.02516   0.01877   0.08911   0.03120   0.01858   0.07675   0.04097   0.12047   0.14664   6.58844   1.44133   1.24700   1.67151   1.11286  
 54  0.0005   1981.784124  x:  0.16844   0.00000   0.12379   0.09232   0.07329   0.09723   0.03730   0.00000   0.05677   0.10717   0.07502   0.07854   0.00044   0.21935   0.03490   0.02516   0.01877   0.08911   0.03120   0.01859   0.07674   0.04096   0.12047   0.14665   6.58780   1.44137   1.24695   1.67153   1.11285  
 55  0.0005   1981.784124  x:  0.16844   0.00000   0.12379   0.09233   0.07329   0.09723   0.03730   0.00000   0.05677   0.10717   0.07502   0.07854   0.00044   0.21935   0.03490   0.02516   0.01877   0.08911   0.03120   0.01859   0.07674   0.04096   0.12047   0.14665   6.58771   1.44138   1.24697   1.67154   1.11290  
 56  0.0001   1981.784124  x:  0.16844   0.00000   0.12379   0.09233   0.07329   0.09723   0.03730   0.00000   0.05677   0.10717   0.07502   0.07854   0.00044   0.21935   0.03490   0.02516   0.01877   0.08911   0.03120   0.01859   0.07674   0.04096   0.12047   0.14665   6.58772   1.44137   1.24697   1.67154   1.11290  
 57  0.0000   1981.784124  x:  0.16844   0.00000   0.12379   0.09233   0.07329   0.09723   0.03730   0.00000   0.05677   0.10717   0.07502   0.07854   0.00044   0.21935   0.03490   0.02516   0.01877   0.08911   0.03120   0.01859   0.07674   0.04096   0.12047   0.14665   6.58772   1.44137   1.24697   1.67154   1.11290  
 58  0.0000   1981.784124  x:  0.16844   0.00000   0.12379   0.09233   0.07329   0.09723   0.03730   0.00000   0.05677   0.10717   0.07502   0.07854   0.00044   0.21935   0.03490   0.02516   0.01877   0.08911   0.03120   0.01859   0.07674   0.04096   0.12047   0.14665   6.58772   1.44137   1.24697   1.67154   1.11290  