

TREE # 1

  0  0.0000   2142.086410  x:  0.07771   0.00080   0.13592   0.00826   0.08912   0.06903   0.07243   0.04599   0.07720   0.04595   0.07052   0.11428   0.00000   0.04643   0.01705   0.06237   0.04556   0.06181   0.05763   0.07076   0.10075   0.05785   0.12955   0.09633   2.00000   1.49473   1.08233   1.38042   0.40000  
  1 99.0000   2142.085003  x:  0.07771   0.00080   0.13592   0.00826   0.08912   0.06903   0.07243   0.04599   0.07720   0.04595   0.07052   0.11428   0.00000   0.04643   0.01705   0.06237   0.04556   0.06181   0.05763   0.07076   0.10075   0.05785   0.12955   0.09634   2.00000   1.49473   1.08233   1.38042   0.40000  
  2 506.8467   2141.472461  x:  0.07813   0.00000   0.13670   0.00813   0.08893   0.06840   0.07274   0.04565   0.07694   0.04628   0.07040   0.11444   0.00000   0.04639   0.01651   0.06199   0.04529   0.06224   0.05707   0.07077   0.10047   0.05738   0.12991   0.09675   2.00026   1.49464   1.08226   1.38049   0.40052  
  3 478.2684   2133.876458  x:  0.08921   0.00000   0.16081   0.00981   0.08085   0.04251   0.07890   0.03540   0.06735   0.04755   0.06555   0.11903   0.00000   0.02614   0.03695   0.04810   0.03781   0.06722   0.03394   0.07218   0.09068   0.04031   0.13888   0.10784   2.01252   1.49001   1.07888   1.38333   0.42178  
  4 481.7595   2130.792048  x:  0.08772   0.00000   0.16663   0.01923   0.07457   0.02327   0.07389   0.03521   0.06338   0.03358   0.06200   0.12056   0.00000   0.03144   0.03517   0.03952   0.03900   0.05474   0.01915   0.07479   0.08489   0.03391   0.13903   0.10634   2.02638   1.48415   1.07459   1.38601   0.43939  
  5 177.3176   2128.058152  x:  0.08098   0.00000   0.16813   0.02984   0.06904   0.01001   0.06654   0.03972   0.06441   0.04551   0.05873   0.12125   0.00000   0.03269   0.03603   0.03294   0.04401   0.05645   0.02917   0.07909   0.07829   0.03354   0.13598   0.09961   2.05995   1.47050   1.06408   1.39246   0.47486  
  6 106.6232   2122.869976  x:  0.07185   0.00000   0.17821   0.04914   0.05602   0.03825   0.05984   0.04571   0.06619   0.05190   0.04892   0.12373   0.00000   0.03649   0.03833   0.02402   0.05030   0.06351   0.03226   0.08797   0.06221   0.03134   0.13217   0.09049   2.16046   1.43030   1.03325   1.41127   0.57543  
  7 341.0035   2113.362517  x:  0.08204   0.00000   0.17468   0.04294   0.06982   0.03383   0.09047   0.04503   0.07275   0.03998   0.05062   0.12062   0.00000   0.04031   0.04219   0.09150   0.04665   0.06910   0.03541   0.08781   0.07990   0.05699   0.12854   0.10071   2.38934   1.34236   0.96790   1.44893   0.75562  
  8 308.6927   2106.767792  x:  0.08903   0.00000   0.15469   0.00537   0.08514   0.03630   0.07549   0.03354   0.07377   0.04960   0.06964   0.11663   0.00000   0.04209   0.04484   0.08156   0.03376   0.05234   0.03182   0.06964   0.09471   0.04931   0.13609   0.10771   2.51592   1.30014   0.94065   1.46110   0.80514  
  9 214.7996   2101.035476  x:  0.09816   0.00000   0.13347   0.00807   0.10053   0.03208   0.07587   0.03152   0.06539   0.03062   0.08525   0.11578   0.00000   0.04632   0.04907   0.05396   0.03466   0.08769   0.03534   0.05390   0.11296   0.03596   0.14947   0.11686   2.67416   1.25790   0.91933   1.46434   0.80219  
 10 189.4671   2091.310780  x:  0.11015   0.00000   0.13336   0.02900   0.11700   0.03469   0.10394   0.03883   0.05655   0.05827   0.09150   0.12292   0.00000   0.05450   0.05672   0.02829   0.04336   0.08906   0.01104   0.07304   0.13323   0.03306   0.16647   0.12889   2.95958   1.19303   0.89253   1.45923   0.74723  
 11 343.9941   2078.448966  x:  0.12403   0.00000   0.19407   0.01256   0.10472   0.03535   0.12647   0.02981   0.04997   0.05302   0.06815   0.14300   0.00000   0.06759   0.06939   0.01343   0.03654   0.07581   0.05219   0.10432   0.12513   0.01910   0.19093   0.14282   3.40630   1.10480   0.86228   1.44112   0.64174  
 12 654.1102   2069.810667  x:  0.12185   0.00000   0.21799   0.00000   0.08465   0.03230   0.10954   0.02716   0.05112   0.05771   0.05689   0.14905   0.00000   0.07261   0.07508   0.03079   0.03370   0.09039   0.04304   0.10113   0.10354   0.02338   0.19967   0.14067   3.60782   1.07271   0.85395   1.42770   0.58987  
 13 745.5391   2068.171437  x:  0.12572   0.00000   0.22952   0.01119   0.07948   0.03273   0.10614   0.02268   0.05726   0.06087   0.06102   0.14649   0.00000   0.07510   0.07658   0.03407   0.02174   0.08885   0.04451   0.08568   0.09462   0.02983   0.19880   0.14455   3.66857   1.07155   0.85546   1.41948   0.57708  
 14 274.8694   2066.350167  x:  0.13150   0.00000   0.24436   0.00876   0.07499   0.03202   0.11417   0.03333   0.06721   0.06232   0.06502   0.13746   0.00000   0.07709   0.07848   0.03020   0.03131   0.08631   0.04430   0.06147   0.08319   0.03433   0.18855   0.15033   3.73170   1.08578   0.86375   1.40362   0.57078  
 15 168.4942   2063.463362  x:  0.12829   0.00000   0.25069   0.00547   0.07737   0.03124   0.12574   0.02078   0.06837   0.06534   0.06627   0.11297   0.00000   0.08173   0.08000   0.03065   0.02795   0.09141   0.04114   0.05854   0.07700   0.02039   0.15241   0.14713   3.83510   1.14662   0.89317   1.35986   0.57471  
 16 110.4236   2061.973152  x:  0.13005   0.00000   0.25587   0.00000   0.07852   0.03068   0.12371   0.02724   0.06134   0.06374   0.06764   0.10842   0.00000   0.08260   0.08109   0.02404   0.01796   0.09566   0.03991   0.06561   0.08038   0.03274   0.14456   0.14890   3.90179   1.19582   0.91630   1.32844   0.58300  
 17 190.6472   2059.536904  x:  0.13917   0.00000   0.26491   0.00315   0.08214   0.03376   0.10752   0.02459   0.04865   0.06469   0.07517   0.11549   0.00000   0.08355   0.08215   0.02896   0.03026   0.09477   0.04385   0.07239   0.09267   0.03737   0.15514   0.15803   4.01079   1.28408   0.95734   1.27619   0.60001  
 18 281.6108   2058.537514  x:  0.13900   0.00000   0.26099   0.00482   0.08319   0.03388   0.10722   0.03394   0.05923   0.06524   0.07053   0.12583   0.00000   0.08330   0.08244   0.03320   0.02509   0.09389   0.04431   0.07262   0.09707   0.02723   0.16889   0.15787   4.05623   1.32359   0.97521   1.25782   0.60747  
 19 147.5411   2058.027978  x:  0.13539   0.00000   0.25342   0.00400   0.08174   0.03309   0.11413   0.02638   0.06604   0.06498   0.06246   0.13368   0.00000   0.08257   0.08267   0.02994   0.02622   0.09284   0.04397   0.06951   0.09571   0.03187   0.18005   0.15425   4.08103   1.34607   0.98495   1.25344   0.61123  
 20 80.6040   2057.766909  x:  0.13254   0.00000   0.24639   0.00381   0.07775   0.03337   0.12123   0.02750   0.05704   0.06561   0.06459   0.13547   0.00000   0.08211   0.08258   0.03167   0.02469   0.09003   0.04587   0.06669   0.08846   0.03094   0.18705   0.15141   4.09847   1.36137   0.99120   1.26304   0.61169  
 21 29.6326   2056.952402  x:  0.13562   0.00000   0.23894   0.00308   0.07510   0.03215   0.12113   0.02624   0.06661   0.06208   0.07592   0.12959   0.00000   0.08034   0.08144   0.03148   0.02659   0.08984   0.04624   0.07985   0.07459   0.03242   0.19467   0.15449   4.17413   1.42273   1.01660   1.34281   0.60724  
 22 29.7398   2055.052255  x:  0.13261   0.00000   0.24198   0.00579   0.07693   0.03222   0.11124   0.02830   0.06084   0.06298   0.05504   0.13143   0.00000   0.07766   0.07807   0.03162   0.02618   0.08788   0.04434   0.07152   0.08973   0.03167   0.18917   0.15147   4.35995   1.56696   1.08135   1.54756   0.59480  
 23 136.1128   2054.884264  x:  0.12777   0.00000   0.24586   0.00470   0.07636   0.03197   0.11281   0.02740   0.06197   0.06221   0.06273   0.14127   0.00000   0.07731   0.07777   0.03123   0.02608   0.08889   0.04319   0.07077   0.09283   0.03160   0.18491   0.14663   4.37841   1.57597   1.09123   1.56404   0.59437  
 24 33.8044   2054.656968  x:  0.12725   0.00000   0.24401   0.00506   0.08730   0.03190   0.11146   0.02806   0.06088   0.06143   0.06083   0.14618   0.00000   0.07657   0.07706   0.03165   0.02630   0.08847   0.04303   0.07115   0.08583   0.03207   0.18238   0.14611   4.41585   1.56524   1.12766   1.57330   0.59748  
 25  9.5459   2054.336335  x:  0.12731   0.00000   0.23911   0.00541   0.07590   0.03212   0.11226   0.02808   0.06212   0.06149   0.06054   0.14140   0.00000   0.07559   0.07587   0.03158   0.02677   0.08747   0.04317   0.07268   0.09200   0.03193   0.18293   0.14616   4.47121   1.54676   1.17780   1.58195   0.60226  
 26 40.3579   2054.045871  x:  0.11734   0.00000   0.24647   0.00542   0.08127   0.03170   0.11233   0.02860   0.06259   0.06017   0.06273   0.12997   0.00000   0.07460   0.07491   0.03167   0.02717   0.08758   0.04172   0.07236   0.09442   0.03246   0.19207   0.13619   4.53330   1.53951   1.17341   1.57274   0.60295  
 27  7.6831   2050.988124  x:  0.10708   0.00000   0.22595   0.00885   0.06975   0.02853   0.10019   0.03219   0.06200   0.05434   0.05415   0.13951   0.00000   0.06362   0.06151   0.03186   0.03043   0.08302   0.03466   0.07776   0.08312   0.03283   0.16676   0.12587   5.20164   1.47967   1.05377   1.45373   0.60112  
 28 55.3680   2041.525007  x:  0.11891   0.00000   0.25756   0.00000   0.05691   0.02363   0.07243   0.02810   0.05504   0.06621   0.05666   0.13624   0.00000   0.08123   0.06341   0.03264   0.02956   0.10763   0.00695   0.06701   0.06506   0.02588   0.18407   0.13772   5.92969   1.49461   1.06199   1.47922   0.72333  
 29  1.7511   2041.525007  x:  0.11891   0.00000   0.25756   0.00000   0.05691   0.02363   0.07243   0.02810   0.05504   0.06621   0.05666   0.13624   0.00000   0.08123   0.06341   0.03264   0.02956   0.10763   0.00695   0.06701   0.06506   0.02588   0.18407   0.13772   5.92969   1.49461   1.06199   1.47922   0.72333  
 30  1.2444   2038.288225  x:  0.12052   0.00000   0.25896   0.00468   0.06006   0.02355   0.08076   0.02831   0.05492   0.07081   0.05726   0.13702   0.00000   0.09541   0.05401   0.03255   0.03060   0.10860   0.03885   0.06937   0.06778   0.02630   0.18572   0.13934   5.93012   1.49406   1.06171   1.47978   0.72467  
 31 313.1558   2035.391898  x:  0.12317   0.00000   0.26130   0.00000   0.06401   0.02270   0.09225   0.02838   0.05509   0.07674   0.05667   0.13806   0.00000   0.11528   0.03864   0.03353   0.03034   0.10942   0.03560   0.07231   0.07132   0.02697   0.18825   0.14199   5.93096   1.49297   1.06128   1.48076   0.72730  
 32 155.7957   2034.944335  x:  0.12453   0.00000   0.26325   0.00936   0.06501   0.02417   0.09565   0.02830   0.05472   0.07886   0.05789   0.13826   0.00000   0.12259   0.03419   0.03327   0.03037   0.10989   0.03210   0.07306   0.07230   0.02640   0.18932   0.14335   5.93163   1.49210   1.06106   1.48144   0.72925  
 33 121.4300   2034.755276  x:  0.12770   0.00000   0.26972   0.00970   0.06215   0.02348   0.09516   0.02757   0.05489   0.07754   0.05711   0.13741   0.00000   0.13063   0.04099   0.03045   0.03147   0.11146   0.03145   0.07237   0.07184   0.02396   0.19100   0.14652   5.93443   1.48844   1.06041   1.48399   0.73727  
 34 24.3109   2034.617183  x:  0.13011   0.00000   0.27790   0.00969   0.06089   0.02480   0.09224   0.02911   0.05515   0.07576   0.05665   0.13578   0.00000   0.13263   0.04127   0.03356   0.03017   0.11259   0.03160   0.07155   0.07126   0.02832   0.19181   0.14893   5.93899   1.48270   1.05955   1.48774   0.74955  
 35 27.1772   2034.406602  x:  0.13202   0.00000   0.29051   0.00928   0.06192   0.02353   0.08868   0.02803   0.05474   0.07511   0.05639   0.13322   0.00000   0.12956   0.03622   0.03395   0.03002   0.11298   0.03206   0.07123   0.07063   0.02420   0.19186   0.15084   5.94815   1.47163   1.05804   1.49467   0.77267  
 36 46.8839   2034.275512  x:  0.13082   0.00000   0.29550   0.00904   0.06396   0.02394   0.09208   0.02821   0.05454   0.07771   0.05675   0.13300   0.00000   0.12614   0.03673   0.02987   0.03192   0.11186   0.03190   0.07241   0.07171   0.02672   0.19097   0.14964   5.95615   1.46292   1.05688   1.49977   0.79013  
 37 39.6698   2034.182637  x:  0.12835   0.00000   0.29500   0.00913   0.06396   0.02444   0.09632   0.02863   0.05452   0.07963   0.05694   0.13438   0.00000   0.12500   0.03935   0.03317   0.03052   0.11068   0.03185   0.07348   0.07262   0.02515   0.18996   0.14717   5.96395   1.45552   1.05595   1.50367   0.80417  
 38 36.1462   2034.071898  x:  0.12475   0.00000   0.28586   0.00991   0.06042   0.02290   0.09567   0.02684   0.05458   0.07752   0.05638   0.13769   0.00000   0.12716   0.03800   0.03242   0.02977   0.11023   0.03184   0.07211   0.07132   0.02617   0.18894   0.14356   5.97729   1.44530   1.05476   1.50807   0.82185  
 39 24.4408   2034.027289  x:  0.12445   0.00000   0.28058   0.00973   0.06119   0.02476   0.09417   0.02903   0.05503   0.07664   0.05639   0.13847   0.00000   0.12821   0.03765   0.03208   0.03126   0.11063   0.03180   0.07190   0.07114   0.02527   0.18893   0.14326   5.98427   1.44091   1.05419   1.50965   0.82888  
 40 32.8433   2033.984453  x:  0.12648   0.00000   0.27455   0.00990   0.06462   0.02387   0.09235   0.02800   0.05479   0.07724   0.05695   0.13773   0.00000   0.12856   0.03861   0.03254   0.03098   0.11167   0.03171   0.07261   0.07195   0.02569   0.18968   0.14529   5.99346   1.43673   1.05350   1.51051   0.83455  
 41 20.4565   2033.948751  x:  0.12949   0.00000   0.27088   0.00982   0.06264   0.02431   0.09392   0.02856   0.05466   0.07766   0.05728   0.13576   0.00000   0.12701   0.03814   0.03169   0.02933   0.11202   0.03179   0.07287   0.07206   0.02549   0.19098   0.14830   6.00516   1.43365   1.05274   1.50996   0.83695  
 42 12.6060   2033.917721  x:  0.13111   0.00000   0.26928   0.00994   0.06111   0.02402   0.09531   0.02782   0.05472   0.07772   0.05705   0.13462   0.00000   0.12602   0.03780   0.03294   0.03193   0.11186   0.03174   0.07274   0.07180   0.02571   0.19203   0.14992   6.01786   1.43119   1.05194   1.50877   0.83781  
 43 23.4926   2033.301180  x:  0.13223   0.00000   0.27128   0.01105   0.06853   0.02272   0.10134   0.02831   0.06005   0.07314   0.04920   0.13441   0.00000   0.12624   0.03781   0.03306   0.03049   0.10226   0.03132   0.06512   0.06521   0.02580   0.20501   0.15104   6.29821   1.38931   1.03429   1.47496   0.83396  
 44 31.2816   2031.645855  x:  0.12766   0.00000   0.28263   0.00677   0.06460   0.02593   0.09606   0.02697   0.05269   0.07400   0.06330   0.14042   0.00000   0.13153   0.03597   0.03260   0.03074   0.10034   0.02977   0.07559   0.07559   0.02572   0.22399   0.14647   7.08223   1.27753   0.98394   1.38024   0.82111  
 45 439.2302   2031.123391  x:  0.12712   0.00000   0.28581   0.00779   0.06259   0.02030   0.09511   0.03240   0.05491   0.08321   0.05744   0.14122   0.00000   0.13275   0.03539   0.03274   0.03115   0.11477   0.02888   0.07517   0.07431   0.02586   0.21344   0.14594   7.32722   1.24914   0.96721   1.35244   0.81865  
 46 302.1597   2030.895637  x:  0.12780   0.00000   0.28693   0.00707   0.06283   0.02614   0.09570   0.02760   0.05513   0.08534   0.05367   0.14059   0.00000   0.13390   0.03511   0.03259   0.03055   0.12024   0.02873   0.07408   0.07316   0.02564   0.20355   0.14661   7.43530   1.24012   0.95943   1.34129   0.81860  
 47 287.1936   2030.626085  x:  0.13068   0.00000   0.28744   0.00689   0.06480   0.02451   0.09874   0.02898   0.05109   0.07929   0.05631   0.13706   0.00000   0.13705   0.03508   0.03277   0.03082   0.11648   0.02839   0.07296   0.07314   0.02565   0.18381   0.14949   7.56004   1.24005   0.94974   1.33211   0.82178  
 48 114.1100   2030.482344  x:  0.13133   0.00000   0.28717   0.00698   0.06346   0.02400   0.09677   0.02841   0.05915   0.08073   0.05766   0.13482   0.00000   0.13868   0.03486   0.03268   0.03073   0.11143   0.02824   0.07534   0.07471   0.02567   0.17860   0.15014   7.63138   1.25014   0.94451   1.33132   0.82668  
 49 63.2498   2029.868214  x:  0.12928   0.00000   0.28493   0.00653   0.06146   0.02480   0.09254   0.02971   0.05044   0.08966   0.05172   0.13115   0.00000   0.14130   0.03443   0.03281   0.03081   0.10620   0.02766   0.07569   0.07352   0.02569   0.18464   0.14810   7.93345   1.31898   0.92685   1.34194   0.85477  
 50 89.9433   2029.495306  x:  0.12854   0.00000   0.28487   0.00566   0.06416   0.02436   0.09865   0.02844   0.05463   0.08249   0.05915   0.13561   0.00000   0.13936   0.03370   0.03278   0.03063   0.11759   0.02716   0.07257   0.07389   0.02555   0.19111   0.14736   8.12108   1.36313   0.92399   1.35378   0.87133  
 51 171.3435   2029.255448  x:  0.13088   0.00000   0.28540   0.00674   0.06436   0.02372   0.10006   0.02864   0.05479   0.07684   0.05226   0.14320   0.00000   0.13806   0.03298   0.03241   0.03052   0.11901   0.02678   0.08127   0.07688   0.02571   0.19086   0.14969   8.24187   1.38617   0.94638   1.37372   0.87603  
 52 52.3273   2028.494552  x:  0.13556   0.00000   0.28665   0.00421   0.06361   0.02471   0.09875   0.02856   0.05353   0.08668   0.05927   0.15420   0.00000   0.14041   0.03226   0.03289   0.03076   0.11558   0.02607   0.07458   0.07221   0.02585   0.18584   0.15438   8.63925   1.45488   1.04218   1.45284   0.88458  
 53 152.9341   2028.239751  x:  0.12993   0.00000   0.28595   0.00438   0.06385   0.02458   0.09964   0.02842   0.05388   0.08427   0.05780   0.13775   0.00000   0.14344   0.03214   0.03272   0.03067   0.11870   0.02558   0.07296   0.07789   0.02570   0.18586   0.14875   8.76657   1.47460   1.07252   1.48383   0.88438  
 54 102.2841   2028.208708  x:  0.12910   0.00000   0.28584   0.00424   0.06419   0.02459   0.09999   0.02832   0.05392   0.08391   0.05870   0.13545   0.00000   0.14402   0.03218   0.03271   0.03060   0.11934   0.02551   0.07586   0.07399   0.02582   0.18591   0.14792   8.78215   1.47614   1.07399   1.49048   0.88292  
 55 22.4162   2028.090023  x:  0.12964   0.00000   0.28572   0.00403   0.06394   0.02449   0.09994   0.02818   0.05396   0.08393   0.05858   0.13730   0.00000   0.14384   0.03182   0.03270   0.03051   0.11898   0.02533   0.07495   0.07512   0.02581   0.18508   0.14845   8.84571   1.47637   1.06225   1.53822   0.86678  
 56 12.5983   2027.619236  x:  0.13301   0.00000   0.28453   0.00000   0.06664   0.02376   0.10583   0.02846   0.05473   0.08375   0.05722   0.13785   0.00000   0.15363   0.02980   0.03310   0.03044   0.11166   0.01985   0.07595   0.07556   0.02619   0.19545   0.15182   9.35989   1.45271   1.05217   1.51691   0.87656  
 57  0.4603   2027.572787  x:  0.13230   0.00000   0.28531   0.00108   0.06650   0.02338   0.10597   0.02815   0.05485   0.08320   0.05687   0.13816   0.00000   0.15409   0.03191   0.03316   0.03032   0.11257   0.01905   0.07517   0.07494   0.02642   0.19427   0.15111   9.60424   1.43760   1.04341   1.50214   0.87468  
 58  0.1678   2027.563449  x:  0.13214   0.00000   0.28507   0.00124   0.06610   0.02356   0.10515   0.02823   0.05482   0.08296   0.05662   0.13805   0.00000   0.15259   0.03074   0.03310   0.03036   0.11286   0.01964   0.07508   0.07491   0.02629   0.19412   0.15096   9.70451   1.43423   1.04135   1.49939   0.87546  
 59  0.0877   2027.562832  x:  0.13234   0.00000   0.28497   0.00111   0.06616   0.02363   0.10513   0.02829   0.05480   0.08308   0.05669   0.13806   0.00000   0.15236   0.03091   0.03310   0.03039   0.11262   0.01976   0.07523   0.07503   0.02626   0.19449   0.15115   9.72666   1.43581   1.04231   1.50108   0.87613  
 60  0.0223   2027.562790  x:  0.13237   0.00000   0.28496   0.00116   0.06620   0.02361   0.10517   0.02828   0.05481   0.08310   0.05669   0.13807   0.00000   0.15237   0.03091   0.03311   0.03039   0.11259   0.01973   0.07525   0.07504   0.02626   0.19453   0.15118   9.73237   1.43617   1.04249   1.50137   0.87624  
 61  0.0074   2027.562788  x:  0.13236   0.00000   0.28497   0.00116   0.06621   0.02361   0.10520   0.02828   0.05480   0.08311   0.05670   0.13807   0.00000   0.15239   0.03090   0.03311   0.03039   0.11260   0.01973   0.07524   0.07503   0.02626   0.19452   0.15118   9.73380   1.43625   1.04251   1.50139   0.87624  
 62  0.0014   2027.562788  x:  0.13236   0.00000   0.28497   0.00116   0.06620   0.02361   0.10520   0.02828   0.05480   0.08311   0.05670   0.13807   0.00000   0.15240   0.03090   0.03310   0.03039   0.11260   0.01974   0.07524   0.07503   0.02626   0.19451   0.15117   9.73386   1.43624   1.04249   1.50138   0.87623  
 63  0.0000   2027.562788  x:  0.13236   0.00000   0.28497   0.00116   0.06620   0.02361   0.10520   0.02828   0.05480   0.08311   0.05670   0.13807   0.00000   0.15241   0.03090   0.03310   0.03039   0.11260   0.01974   0.07524   0.07503   0.02626   0.19452   0.15118   9.73382   1.43624   1.04249   1.50137   0.87623  
 64  0.0000   2027.562788  x:  0.13236   0.00000   0.28497   0.00116   0.06620   0.02361   0.10520   0.02828   0.05480   0.08311   0.05670   0.13807   0.00000   0.15241   0.03090   0.03310   0.03039   0.11260   0.01974   0.07524   0.07503   0.02626   0.19452   0.15118   9.73382   1.43623   1.04249   1.50137   0.87623  
 65  0.0000   2027.562788  x:  0.13236   0.00000   0.28497   0.00116   0.06620   0.02361   0.10520   0.02828   0.05480   0.08311   0.05670   0.13807   0.00000   0.15241   0.03090   0.03310   0.03039   0.11260   0.01974   0.07524   0.07503   0.02626   0.19452   0.15118   9.73382   1.43623   1.04249   1.50137   0.87623  
 66  0.0000   2027.562788  x:  0.13236   0.00000   0.28497   0.00116   0.06620   0.02361   0.10520   0.02828   0.05480   0.08311   0.05670   0.13807   0.00000   0.15241   0.03090   0.03310   0.03039   0.11260   0.01974   0.07524   0.07503   0.02626   0.19452   0.15118   9.73382   1.43623   1.04249   1.50137   0.87623  
check convergence!
