

TREE # 1

  0  0.0000   2105.273481  x:  0.05035   0.01220   0.07892   0.00000   0.11805   0.07468   0.04568   0.04869   0.09204   0.05312   0.07203   0.08497   0.01206   0.05540   0.02766   0.07490   0.06601   0.04463   0.05842   0.05654   0.09557   0.04598   0.06549   0.06897   2.00000   1.57740   1.09120   1.37759   0.40000  
  1 99.0000   2057.898957  x:  0.07122   0.00483   0.08220   0.00931   0.11305   0.06138   0.04114   0.04190   0.08853   0.09628   0.06896   0.09781   0.00000   0.09225   0.02991   0.06647   0.05648   0.05069   0.04836   0.06120   0.09249   0.03798   0.08116   0.08984   2.00282   1.57729   1.09124   1.37782   0.40491  
  2 863.2941   2051.740079  x:  0.07445   0.00000   0.08347   0.00086   0.11037   0.05516   0.03985   0.03962   0.08720   0.09680   0.06665   0.10090   0.00000   0.09435   0.03003   0.06283   0.05245   0.05189   0.04404   0.06249   0.09128   0.03509   0.08326   0.09307   2.00412   1.57717   1.09137   1.37788   0.40705  
  3 522.8514   2032.141980  x:  0.08528   0.00000   0.09449   0.01232   0.08985   0.00000   0.03341   0.02594   0.07781   0.08139   0.05073   0.11734   0.00000   0.08836   0.03001   0.03357   0.02100   0.05695   0.00991   0.06975   0.08241   0.01690   0.08809   0.10390   2.01560   1.57621   1.09264   1.37840   0.42417  
  4 529.9647   2030.180002  x:  0.08409   0.00000   0.09885   0.01327   0.07385   0.00000   0.03481   0.02848   0.07335   0.08455   0.04211   0.12236   0.00000   0.08524   0.03192   0.01763   0.01437   0.05799   0.01777   0.07211   0.07775   0.02524   0.08778   0.10271   2.02681   1.57559   1.09320   1.37924   0.43871  
  5 131.4691   2028.277206  x:  0.08036   0.00000   0.10527   0.01389   0.04833   0.00000   0.03701   0.03186   0.06816   0.08992   0.03156   0.12727   0.00000   0.08333   0.03434   0.01782   0.02663   0.05793   0.01232   0.07393   0.07226   0.02762   0.08643   0.09898   2.04910   1.57444   1.09426   1.38092   0.46512  
  6 144.4009   2026.558136  x:  0.07726   0.00000   0.11235   0.01439   0.03527   0.00000   0.03699   0.03099   0.06741   0.09123   0.03251   0.12749   0.00000   0.08702   0.03212   0.03245   0.01722   0.05675   0.01884   0.07296   0.07093   0.02232   0.08478   0.09588   2.08590   1.57266   1.09611   1.38360   0.50245  
  7 118.2080   2019.157312  x:  0.07286   0.00000   0.14089   0.01325   0.07668   0.00000   0.03528   0.02890   0.07519   0.09813   0.04337   0.11439   0.00000   0.10205   0.02165   0.02836   0.02069   0.05069   0.01419   0.06335   0.07527   0.02443   0.07813   0.09148   2.31565   1.56205   1.10796   1.39987   0.71107  
  8 208.5801   2017.081912  x:  0.08370   0.00000   0.13262   0.01534   0.08352   0.00000   0.03547   0.03038   0.07855   0.09426   0.04624   0.10823   0.00000   0.09834   0.04624   0.03087   0.02386   0.05761   0.01898   0.06751   0.08094   0.02242   0.08264   0.10232   2.39197   1.55949   1.11216   1.40443   0.75834  
  9 233.8522   2012.900275  x:  0.09684   0.00000   0.07655   0.01790   0.07887   0.00000   0.03853   0.03517   0.08241   0.09799   0.04879   0.10317   0.00000   0.08871   0.02943   0.03236   0.02234   0.06301   0.01565   0.07756   0.09094   0.02663   0.09456   0.11546   2.53907   1.55736   1.12099   1.41081   0.79235  
 10 150.9305   2008.761392  x:  0.08763   0.00000   0.04666   0.01930   0.07761   0.00000   0.03212   0.02393   0.07940   0.09760   0.05124   0.12442   0.00000   0.10251   0.03664   0.02499   0.02648   0.05342   0.02035   0.07050   0.08949   0.01744   0.09969   0.10625   2.71047   1.55790   1.13095   1.41657   0.78460  
 11 181.0880   1992.315645  x:  0.08651   0.00000   0.06826   0.01980   0.07886   0.00000   0.03547   0.04332   0.06822   0.11641   0.06867   0.18779   0.00000   0.11091   0.04603   0.03926   0.01408   0.05508   0.00360   0.05923   0.07960   0.04437   0.12903   0.10513   3.44317   1.56521   1.17097   1.43983   0.68421  
 12 485.1617   1982.650293  x:  0.10397   0.00000   0.10700   0.02529   0.08001   0.00000   0.03441   0.04079   0.05997   0.12468   0.06590   0.23007   0.00000   0.11063   0.02387   0.04164   0.03355   0.06497   0.02811   0.06512   0.06840   0.03045   0.14845   0.12259   4.05971   1.57228   1.20364   1.45921   0.59396  
 13 2361.1635   1973.364556  x:  0.10396   0.00000   0.13289   0.02151   0.06778   0.00000   0.04156   0.02048   0.08639   0.15790   0.03253   0.18420   0.00000   0.12107   0.02847   0.03040   0.02571   0.05790   0.02477   0.08145   0.07927   0.01161   0.11252   0.12259   4.44915   1.58121   1.21711   1.47194   0.52488  
 14 500.6085   1971.326812  x:  0.10976   0.00000   0.13830   0.02193   0.05789   0.00000   0.02491   0.01866   0.08162   0.15098   0.02955   0.15896   0.00000   0.14099   0.02687   0.02688   0.02693   0.05949   0.02311   0.08026   0.07632   0.01878   0.09862   0.12838   4.53997   1.58525   1.21665   1.47493   0.50767  
 15 249.5013   1970.731761  x:  0.11117   0.00000   0.13939   0.02165   0.05426   0.00000   0.02821   0.02550   0.07587   0.14787   0.03221   0.14787   0.00000   0.14983   0.02649   0.02237   0.02708   0.06006   0.02250   0.07781   0.07336   0.01426   0.09489   0.12979   4.56731   1.58746   1.21460   1.47584   0.50231  
 16 166.2639   1970.566839  x:  0.11159   0.00000   0.13958   0.02166   0.05376   0.00000   0.03307   0.02176   0.07130   0.14681   0.03267   0.14350   0.00000   0.15208   0.02653   0.02219   0.02718   0.06047   0.02228   0.07675   0.07126   0.01543   0.09578   0.13021   4.57416   1.58916   1.21186   1.47607   0.50102  
 17 51.0995   1970.446197  x:  0.11046   0.00000   0.13929   0.02163   0.05557   0.00000   0.03122   0.02200   0.06600   0.14857   0.02964   0.13974   0.00000   0.15092   0.02700   0.02300   0.02632   0.05999   0.02237   0.07649   0.06917   0.01429   0.09961   0.12908   4.57712   1.59355   1.20356   1.47616   0.50068  
 18 19.0496   1970.172712  x:  0.10977   0.00000   0.14024   0.02141   0.05335   0.00000   0.02827   0.01994   0.06592   0.15134   0.03624   0.13754   0.00000   0.14872   0.02718   0.02070   0.02693   0.05932   0.02194   0.07821   0.06862   0.01307   0.10400   0.12839   4.58011   1.60934   1.17282   1.47617   0.50110  
 19 25.8564   1969.503371  x:  0.11247   0.00000   0.13953   0.02241   0.05392   0.00000   0.03109   0.02182   0.07134   0.14874   0.03165   0.14324   0.00000   0.15451   0.02618   0.02162   0.02676   0.05860   0.02201   0.07917   0.06940   0.01444   0.10530   0.13110   4.58457   1.64878   1.09554   1.47562   0.50310  
 20 94.5235   1969.407642  x:  0.11358   0.00000   0.13842   0.02223   0.05475   0.00000   0.03076   0.02133   0.06809   0.15134   0.03214   0.14567   0.00000   0.15282   0.02620   0.02208   0.02642   0.06201   0.02191   0.07657   0.07003   0.01391   0.09926   0.13220   4.58336   1.65322   1.08687   1.47438   0.50370  
 21 20.0990   1969.242072  x:  0.11745   0.00000   0.13810   0.02229   0.05507   0.00000   0.03084   0.02165   0.06573   0.15361   0.03308   0.14701   0.00000   0.15157   0.02680   0.02276   0.02622   0.05392   0.02203   0.07649   0.06860   0.01428   0.09624   0.13607   4.57329   1.65380   1.08597   1.46717   0.50558  
 22  5.7531   1965.453130  x:  0.13450   0.00000   0.13574   0.02615   0.05479   0.00000   0.03097   0.02180   0.07547   0.18474   0.03217   0.15146   0.00000   0.17453   0.02854   0.02142   0.02447   0.06414   0.02108   0.06931   0.05942   0.01402   0.11313   0.15312   4.30709   1.64130   1.11131   1.28348   0.55147  
 23 32.6082   1964.929281  x:  0.13441   0.00000   0.13726   0.02675   0.05529   0.00000   0.03157   0.02245   0.06683   0.18728   0.03291   0.15438   0.00000   0.18178   0.02857   0.02096   0.02453   0.06461   0.02080   0.08074   0.07332   0.01460   0.11468   0.15303   4.26854   1.63547   1.11404   1.26428   0.55766  
 24 88.6832   1963.902551  x:  0.13654   0.00000   0.13426   0.02754   0.05922   0.00000   0.03182   0.02340   0.06604   0.19575   0.03538   0.15867   0.00000   0.19045   0.02990   0.02257   0.02318   0.06904   0.01982   0.09799   0.05929   0.01505   0.11240   0.15517   4.19422   1.57790   1.10604   1.31614   0.56478  
 25 18.2614   1962.756154  x:  0.14452   0.00000   0.13556   0.02884   0.05486   0.00000   0.03147   0.02260   0.06613   0.20515   0.03286   0.15951   0.00000   0.19526   0.02949   0.02024   0.02301   0.06702   0.01985   0.08234   0.07115   0.01440   0.12211   0.16314   4.11114   1.50930   1.09602   1.38351   0.57186  
 26 117.1317   1961.541260  x:  0.14777   0.00000   0.13322   0.02635   0.05466   0.00000   0.03178   0.02360   0.06669   0.21165   0.03277   0.15765   0.00000   0.19823   0.03109   0.02042   0.02117   0.06841   0.01923   0.08100   0.07415   0.01556   0.12329   0.16639   4.21431   1.76069   1.24805   1.57530   0.59791  
 27  2.2556   1954.609854  x:  0.14879   0.00000   0.12859   0.00323   0.04970   0.00000   0.03159   0.02874   0.07352   0.23515   0.03443   0.12387   0.00000   0.20029   0.04314   0.02260   0.01015   0.07190   0.01588   0.08101   0.07694   0.02301   0.11611   0.16741   5.44382   1.60594   1.12589   1.47702   0.68545  
 28  2.7893   1953.076913  x:  0.15260   0.00000   0.12830   0.00000   0.05002   0.00000   0.03146   0.02794   0.07219   0.23726   0.03435   0.13326   0.00000   0.20339   0.04123   0.02296   0.01601   0.07189   0.01445   0.08200   0.07588   0.02221   0.11888   0.17122   5.68372   1.59398   1.12555   1.46826   0.69773  
 29  0.7761   1951.284699  x:  0.16568   0.00000   0.12375   0.00184   0.05696   0.00000   0.03127   0.02460   0.06622   0.24705   0.03520   0.17214   0.00000   0.21812   0.03240   0.02621   0.01669   0.07059   0.01217   0.08314   0.07222   0.01766   0.13465   0.18430   6.24327   1.58193   1.14586   1.44852   0.69771  
 30  0.6053   1951.053563  x:  0.16489   0.00000   0.12266   0.00000   0.05673   0.00000   0.03119   0.02463   0.06712   0.24890   0.03512   0.17116   0.00000   0.21974   0.03323   0.02539   0.01727   0.07002   0.01183   0.08202   0.07241   0.01756   0.13496   0.18351   6.41232   1.58643   1.14381   1.44792   0.69806  
 31  0.3468   1950.721340  x:  0.16045   0.00000   0.11891   0.00031   0.05647   0.00000   0.03057   0.02486   0.06969   0.25242   0.03522   0.16460   0.00000   0.22591   0.03607   0.02277   0.02124   0.06831   0.01167   0.07923   0.07316   0.01737   0.13491   0.17907   6.93848   1.59276   1.13475   1.44508   0.69207  
 32  0.4786   1950.673606  x:  0.15961   0.00000   0.11778   0.00000   0.05601   0.00000   0.03072   0.02451   0.06892   0.25193   0.03477   0.16385   0.00000   0.22621   0.03481   0.02368   0.02028   0.06847   0.01178   0.08078   0.07316   0.01703   0.13351   0.17824   7.04670   1.59474   1.14164   1.45284   0.69368  
 33  0.1111   1950.655741  x:  0.15834   0.00000   0.11695   0.00011   0.05596   0.00000   0.03078   0.02468   0.06820   0.25142   0.03511   0.16405   0.00000   0.22573   0.03453   0.02434   0.01894   0.06875   0.01226   0.08060   0.07327   0.01731   0.13270   0.17697   7.14575   1.59249   1.14155   1.45620   0.69424  
 34  0.0862   1950.651429  x:  0.15829   0.00000   0.11720   0.00068   0.05567   0.00000   0.03077   0.02456   0.06842   0.25104   0.03484   0.16390   0.00000   0.22566   0.03442   0.02410   0.01868   0.06872   0.01224   0.08070   0.07318   0.01724   0.13235   0.17692   7.16690   1.59268   1.14091   1.45651   0.69547  
 35  0.0312   1950.650642  x:  0.15858   0.00000   0.11760   0.00066   0.05557   0.00000   0.03075   0.02458   0.06867   0.25107   0.03486   0.16378   0.00000   0.22552   0.03455   0.02392   0.01875   0.06864   0.01208   0.08059   0.07314   0.01724   0.13260   0.17720   7.15656   1.59383   1.14083   1.45570   0.69616  
 36  0.0083   1950.650562  x:  0.15859   0.00000   0.11769   0.00067   0.05558   0.00000   0.03077   0.02463   0.06862   0.25105   0.03492   0.16377   0.00000   0.22539   0.03460   0.02400   0.01871   0.06865   0.01207   0.08053   0.07315   0.01728   0.13271   0.17721   7.16022   1.59368   1.14074   1.45549   0.69625  
 37  0.0028   1950.650544  x:  0.15859   0.00000   0.11775   0.00065   0.05560   0.00000   0.03077   0.02462   0.06861   0.25101   0.03489   0.16375   0.00000   0.22533   0.03459   0.02399   0.01870   0.06865   0.01207   0.08057   0.07314   0.01726   0.13269   0.17722   7.16377   1.59369   1.14078   1.45557   0.69636  
 38  0.0030   1950.650540  x:  0.15861   0.00000   0.11776   0.00065   0.05560   0.00000   0.03077   0.02462   0.06862   0.25102   0.03489   0.16376   0.00000   0.22529   0.03459   0.02399   0.01872   0.06866   0.01207   0.08057   0.07314   0.01726   0.13270   0.17724   7.16438   1.59374   1.14081   1.45565   0.69627  
 39  0.0004   1950.650540  x:  0.15862   0.00000   0.11776   0.00065   0.05560   0.00000   0.03077   0.02462   0.06862   0.25101   0.03489   0.16376   0.00000   0.22528   0.03459   0.02398   0.01871   0.06866   0.01207   0.08057   0.07314   0.01726   0.13269   0.17725   7.16421   1.59370   1.14079   1.45562   0.69626  
 40  0.0001   1950.650540  x:  0.15863   0.00000   0.11775   0.00065   0.05560   0.00000   0.03077   0.02462   0.06862   0.25101   0.03489   0.16376   0.00000   0.22528   0.03459   0.02398   0.01871   0.06866   0.01207   0.08057   0.07314   0.01726   0.13269   0.17725   7.16425   1.59372   1.14080   1.45563   0.69626  
 41  0.0000   1950.650540  x:  0.15863   0.00000   0.11775   0.00065   0.05560   0.00000   0.03077   0.02462   0.06862   0.25101   0.03489   0.16376   0.00000   0.22528   0.03459   0.02398   0.01871   0.06866   0.01207   0.08057   0.07314   0.01726   0.13269   0.17725   7.16426   1.59371   1.14079   1.45562   0.69626  
 42  0.0000   1950.650540  x:  0.15863   0.00000   0.11775   0.00065   0.05560   0.00000   0.03077   0.02462   0.06862   0.25101   0.03489   0.16376   0.00000   0.22528   0.03459   0.02398   0.01871   0.06866   0.01207   0.08057   0.07314   0.01726   0.13269   0.17725   7.16426   1.59371   1.14079   1.45563   0.69626  
 43  0.0000   1950.650540  x:  0.15863   0.00000   0.11775   0.00065   0.05560   0.00000   0.03077   0.02462   0.06862   0.25101   0.03489   0.16376   0.00000   0.22528   0.03459   0.02398   0.01871   0.06866   0.01207   0.08057   0.07314   0.01726   0.13269   0.17725   7.16426   1.59371   1.14079   1.45563   0.69626  