

TREE # 1

  0  0.0000   2338.845230  x:  0.04630   0.00000   0.10946   0.00202   0.03918   0.11668   0.06205   0.04456   0.11739   0.09464   0.08507   0.11996   0.03227   0.05431   0.02030   0.05159   0.02412   0.10363   0.12274   0.08887   0.12744   0.05061   0.10368   0.06492   2.00000   2.30578   1.30232   1.52774   0.40000  
  1 99.0000   2331.974739  x:  0.04701   0.01041   0.11137   0.00000   0.04105   0.11522   0.06294   0.04339   0.12000   0.09521   0.08371   0.12120   0.03335   0.05879   0.02186   0.05121   0.02302   0.10821   0.12170   0.08875   0.12670   0.04839   0.10493   0.06563   2.00068   2.30571   1.30233   1.52787   0.40208  
  2 855.2576   2279.988202  x:  0.05902   0.00000   0.14343   0.00000   0.07459   0.08675   0.07948   0.02093   0.16852   0.10569   0.05684   0.14118   0.04795   0.13550   0.04772   0.04418   0.00206   0.19190   0.10135   0.08619   0.11231   0.00490   0.12826   0.07764   2.01387   2.30452   1.30278   1.53024   0.44220  
  3 810.6168   2279.988202  x:  0.05902   0.00000   0.14343   0.00000   0.07459   0.08675   0.07948   0.02093   0.16852   0.10569   0.05684   0.14118   0.04795   0.13550   0.04772   0.04418   0.00206   0.19190   0.10135   0.08619   0.11231   0.00490   0.12826   0.07764   2.01387   2.30452   1.30278   1.53024   0.44220  
  4 361.5982   2276.360023  x:  0.05933   0.01313   0.14605   0.00000   0.07523   0.08386   0.08016   0.02046   0.17093   0.10567   0.05372   0.14270   0.04759   0.13636   0.04699   0.04453   0.00634   0.19550   0.09967   0.08580   0.11100   0.00000   0.12933   0.07795   2.01549   2.30430   1.30300   1.53050   0.44586  
  5 434.7277   2259.925866  x:  0.06245   0.00598   0.18024   0.00000   0.08515   0.04049   0.08988   0.01484   0.20644   0.10496   0.00685   0.15998   0.03798   0.14882   0.03897   0.04853   0.02040   0.24705   0.07206   0.07937   0.09152   0.00000   0.14433   0.08107   2.04043   2.30090   1.30693   1.53414   0.50141  
  6 275.7743   2254.725034  x:  0.06363   0.00676   0.20419   0.00000   0.09512   0.01977   0.09434   0.02294   0.22906   0.10089   0.02896   0.17074   0.03554   0.15664   0.03941   0.05093   0.00947   0.28056   0.05421   0.07469   0.08068   0.00000   0.15334   0.08225   2.06269   2.29774   1.31083   1.53728   0.54376  
  7 320.0117   2251.669397  x:  0.06299   0.00754   0.21957   0.00000   0.10101   0.04721   0.09301   0.02608   0.24396   0.09587   0.02959   0.17601   0.03944   0.16061   0.04596   0.05301   0.00169   0.30346   0.05414   0.07185   0.08026   0.00000   0.15745   0.08161   2.08994   2.29382   1.31621   1.54076   0.58316  
  8 183.0403   2250.604773  x:  0.06231   0.00459   0.22532   0.00000   0.10275   0.05711   0.09120   0.02678   0.24927   0.09325   0.03482   0.17731   0.04162   0.16165   0.04889   0.05379   0.01184   0.31264   0.05787   0.07120   0.08193   0.00000   0.15830   0.08093   2.10554   2.29156   1.31948   1.54264   0.60267  
  9 347.7275   2247.219788  x:  0.05869   0.00524   0.22524   0.00000   0.09284   0.05168   0.07815   0.00988   0.24738   0.08940   0.03863   0.17134   0.04566   0.15640   0.04633   0.05001   0.00769   0.31955   0.08247   0.07526   0.10029   0.00000   0.15073   0.07731   2.17119   2.28176   1.33467   1.54971   0.66013  
 10 126.3071   2244.178851  x:  0.05579   0.00647   0.21790   0.00000   0.07979   0.04233   0.06828   0.03433   0.23796   0.08834   0.03337   0.16108   0.04780   0.14765   0.04204   0.04519   0.00417   0.31940   0.10744   0.08119   0.11989   0.00000   0.13896   0.07441   2.26479   2.26800   1.35633   1.55956   0.73140  
 11 373.0667   2236.353297  x:  0.07054   0.00848   0.17121   0.00000   0.08276   0.04537   0.10713   0.02728   0.19376   0.10920   0.03388   0.14013   0.03376   0.13230   0.05707   0.05363   0.00809   0.26994   0.08370   0.08406   0.10453   0.00000   0.12281   0.08916   2.53197   2.23161   1.41513   1.58675   0.86706  
 12 172.8108   2232.730138  x:  0.06188   0.00786   0.15947   0.00000   0.08887   0.04871   0.09452   0.02557   0.18213   0.10678   0.03310   0.14578   0.05609   0.14050   0.03615   0.04403   0.01156   0.23603   0.06118   0.07701   0.08949   0.00000   0.13545   0.08050   2.67658   2.21512   1.44241   1.60135   0.90105  
 13 191.6601   2228.922835  x:  0.05193   0.00815   0.16777   0.00000   0.09297   0.04225   0.06981   0.02747   0.18970   0.09560   0.02882   0.16598   0.04470   0.15560   0.06137   0.05850   0.01131   0.20345   0.06036   0.07226   0.08192   0.00000   0.15385   0.07055   2.86995   2.19824   1.47086   1.62130   0.89427  
 14 170.8938   2220.074237  x:  0.07349   0.00613   0.20554   0.00000   0.09500   0.04743   0.09019   0.02848   0.22736   0.08330   0.03231   0.19707   0.01761   0.17512   0.03595   0.04522   0.00962   0.19750   0.08197   0.07864   0.09713   0.00000   0.17263   0.09211   3.34594   2.16556   1.52689   1.67109   0.81188  
 15 258.9982   2214.212086  x:  0.08055   0.00445   0.22789   0.00000   0.09220   0.03865   0.10917   0.02899   0.24919   0.09444   0.03010   0.19940   0.06358   0.17667   0.05514   0.04736   0.00750   0.23276   0.08696   0.08728   0.10587   0.00000   0.16986   0.09917   3.74470   2.14401   1.56527   1.71235   0.72662  
 16 552.8085   2208.781278  x:  0.05510   0.00478   0.22931   0.00000   0.09287   0.04497   0.09256   0.02714   0.25148   0.10395   0.03265   0.17493   0.04678   0.15432   0.04777   0.05289   0.00903   0.29619   0.06699   0.07950   0.09667   0.00000   0.14273   0.07372   4.04920   2.13874   1.57878   1.74196   0.65504  
 17 306.7922   2207.994088  x:  0.06669   0.00498   0.22091   0.00000   0.09477   0.04426   0.07940   0.02749   0.24423   0.09256   0.03199   0.16799   0.04594   0.15278   0.04971   0.05119   0.00885   0.31026   0.06708   0.07110   0.08974   0.00000   0.14550   0.08531   4.09847   2.14999   1.56297   1.74544   0.64699  
 18 62.8272   2206.658595  x:  0.06092   0.00527   0.20295   0.00000   0.09786   0.04316   0.08833   0.02758   0.22744   0.08023   0.03193   0.16722   0.04396   0.16379   0.04716   0.05856   0.00750   0.32627   0.07326   0.08030   0.09090   0.00000   0.16722   0.07954   4.19128   2.20118   1.48781   1.74857   0.64433  
 19 48.5328   2205.399486  x:  0.06039   0.00503   0.20105   0.00000   0.09524   0.04335   0.08529   0.02765   0.22350   0.10028   0.03281   0.17355   0.04028   0.16815   0.05276   0.04410   0.00794   0.32651   0.07214   0.07492   0.09669   0.00000   0.17120   0.07901   4.28115   2.25979   1.40164   1.74917   0.64650  
 20 105.1561   2204.638562  x:  0.06370   0.00446   0.20935   0.00000   0.08926   0.04406   0.08257   0.02765   0.23050   0.10293   0.03337   0.17519   0.04422   0.16189   0.04576   0.05766   0.00816   0.31612   0.06930   0.07393   0.09521   0.00000   0.15782   0.08232   4.33783   2.30000   1.34371   1.74717   0.64955  
 21 96.6939   2204.375873  x:  0.06195   0.00452   0.21408   0.00000   0.08963   0.04318   0.08597   0.02731   0.23615   0.09318   0.03241   0.17224   0.04564   0.15615   0.04851   0.05137   0.00839   0.30973   0.06803   0.07619   0.09143   0.00000   0.14938   0.08057   4.35717   2.31466   1.32447   1.74453   0.65086  
 22 48.2102   2204.337716  x:  0.06169   0.00465   0.21499   0.00000   0.09525   0.04247   0.08612   0.02739   0.23823   0.09390   0.03200   0.16832   0.04596   0.15467   0.04814   0.05167   0.00818   0.30815   0.06973   0.07525   0.09187   0.00000   0.15027   0.08031   4.36056   2.31799   1.32377   1.74078   0.65129  
 23  7.1658   2204.224659  x:  0.06252   0.00480   0.21654   0.00000   0.09202   0.04295   0.08470   0.02735   0.24201   0.09455   0.03216   0.16017   0.04514   0.15454   0.04860   0.05159   0.00855   0.30706   0.06591   0.07860   0.09432   0.00000   0.15579   0.08114   4.37203   2.33077   1.32990   1.71894   0.65338  
 24  6.3146   2203.991637  x:  0.06125   0.00489   0.21579   0.00000   0.08761   0.04279   0.08809   0.02742   0.24281   0.09532   0.03242   0.16158   0.04552   0.15624   0.04817   0.05196   0.00813   0.30862   0.07037   0.07214   0.08922   0.00000   0.15592   0.07987   4.39600   2.35666   1.34503   1.67233   0.65786  
 25 25.2021   2203.826270  x:  0.06227   0.00475   0.21406   0.00000   0.09365   0.04253   0.08582   0.02736   0.23988   0.09496   0.03186   0.17026   0.04571   0.15675   0.04813   0.05176   0.00816   0.31117   0.06887   0.07728   0.09125   0.00000   0.15033   0.08089   4.41329   2.37348   1.35544   1.64165   0.66125  
 26 34.9860   2203.695808  x:  0.06184   0.00464   0.21737   0.00000   0.09460   0.04202   0.08796   0.02721   0.23508   0.09134   0.03110   0.17199   0.04595   0.15425   0.04864   0.05276   0.00853   0.31149   0.06467   0.07111   0.09903   0.00000   0.15065   0.08046   4.42572   2.37493   1.35741   1.63933   0.66466  
 27  4.0920   2201.802944  x:  0.06189   0.00376   0.25853   0.00000   0.09700   0.04076   0.08701   0.02591   0.19480   0.09481   0.02686   0.17112   0.04414   0.13648   0.04676   0.05169   0.00829   0.31641   0.06579   0.07758   0.08448   0.00000   0.16173   0.08051   4.60263   2.36681   1.37008   1.65969   0.71807  
 28 17.8900   2195.265636  x:  0.05952   0.00508   0.22997   0.00000   0.10422   0.03231   0.08529   0.02352   0.22110   0.09460   0.01523   0.14819   0.03823   0.19150   0.04219   0.05331   0.00932   0.33369   0.04869   0.06893   0.07787   0.00000   0.12968   0.07813   5.24586   2.32239   1.40679   1.76045   0.91440  
 29 107.9323   2193.821534  x:  0.05873   0.00520   0.20089   0.00000   0.10137   0.03090   0.08468   0.02339   0.24757   0.09638   0.01416   0.16526   0.03871   0.15554   0.04117   0.05369   0.00949   0.33875   0.04609   0.06847   0.07590   0.00000   0.14539   0.07735   5.37993   2.31183   1.41377   1.78182   0.95539  
 30 102.8191   2192.124831  x:  0.06080   0.00552   0.21149   0.00000   0.09862   0.03221   0.08683   0.02339   0.24751   0.09644   0.01443   0.16800   0.03893   0.15974   0.04100   0.05137   0.00939   0.33889   0.05917   0.07147   0.08456   0.00000   0.15594   0.07941   5.81302   2.03346   1.25313   1.58683   0.98202  
 31  0.9156   2192.105945  x:  0.06079   0.00552   0.21147   0.00226   0.09863   0.03220   0.08683   0.02339   0.24751   0.09645   0.01443   0.16800   0.03893   0.15972   0.04100   0.05137   0.00939   0.33888   0.05914   0.07146   0.08454   0.00000   0.15591   0.07941   5.81208   2.03448   1.25373   1.58754   0.98196  
 32 22.9620   2189.870578  x:  0.06417   0.00628   0.23328   0.00123   0.09395   0.03414   0.09018   0.02307   0.25471   0.09684   0.01523   0.17672   0.04128   0.15847   0.04024   0.04779   0.00949   0.32835   0.07726   0.07643   0.09699   0.00000   0.16123   0.08278   6.46430   2.33931   1.45016   1.80075   1.02248  
 33  3.8696   2188.314870  x:  0.06383   0.00784   0.23285   0.00000   0.09514   0.03738   0.08942   0.02099   0.25147   0.09432   0.01676   0.17590   0.03630   0.15970   0.04454   0.05175   0.01136   0.32709   0.06780   0.07546   0.09165   0.00000   0.15847   0.08243   7.14510   2.29023   1.41150   1.76034   1.03067  
 34  0.5823   2188.314870  x:  0.06383   0.00784   0.23285   0.00000   0.09514   0.03738   0.08942   0.02099   0.25147   0.09432   0.01676   0.17590   0.03630   0.15970   0.04454   0.05175   0.01136   0.32709   0.06780   0.07546   0.09165   0.00000   0.15847   0.08243   7.14510   2.29023   1.41150   1.76034   1.03067  
 35  0.7551   2188.232519  x:  0.06326   0.00911   0.23114   0.00004   0.09578   0.03641   0.08863   0.02397   0.25077   0.09449   0.01624   0.17526   0.03729   0.15970   0.04328   0.05149   0.00923   0.32602   0.06463   0.07470   0.09011   0.00000   0.15794   0.08187   7.14542   2.29009   1.41160   1.76042   1.02960  
 36 25.7823   2188.179399  x:  0.06257   0.00916   0.22854   0.00071   0.09652   0.03539   0.08750   0.02475   0.24979   0.09468   0.01633   0.17426   0.03819   0.15967   0.04227   0.05147   0.01163   0.32443   0.06128   0.07378   0.08822   0.00000   0.15715   0.08118   7.14595   2.28987   1.41174   1.76054   1.02789  
 37 28.2364   2188.147190  x:  0.06214   0.00836   0.22562   0.00084   0.09699   0.03463   0.08661   0.02266   0.24887   0.09451   0.01660   0.17321   0.03839   0.15958   0.04255   0.05179   0.01081   0.32261   0.05953   0.07313   0.08698   0.00000   0.15632   0.08075   7.14663   2.28959   1.41189   1.76074   1.02573  
 38 19.9447   2188.111957  x:  0.06216   0.01027   0.22020   0.00112   0.09747   0.03508   0.08648   0.02249   0.24730   0.09376   0.01605   0.17173   0.03792   0.15936   0.04412   0.05260   0.01089   0.31893   0.06099   0.07286   0.08665   0.00000   0.15497   0.08077   7.14830   2.28893   1.41208   1.76134   1.02051  
 39 13.6251   2188.092126  x:  0.06236   0.00904   0.21714   0.00044   0.09749   0.03524   0.08689   0.02349   0.24648   0.09337   0.01665   0.17095   0.03770   0.15926   0.04383   0.05244   0.01088   0.31664   0.06219   0.07314   0.08712   0.00000   0.15442   0.08097   7.14963   2.28842   1.41217   1.76185   1.01647  
 40 20.1364   2188.077810  x:  0.06263   0.00911   0.21586   0.00117   0.09701   0.03586   0.08748   0.02308   0.24605   0.09396   0.01662   0.17098   0.03811   0.15929   0.04236   0.05147   0.01071   0.31505   0.06244   0.07382   0.08805   0.00000   0.15459   0.08124   7.15121   2.28785   1.41216   1.76250   1.01194  
 41 12.5316   2188.065909  x:  0.06277   0.00961   0.21553   0.00000   0.09642   0.03555   0.08790   0.02260   0.24592   0.09445   0.01626   0.17134   0.03847   0.15934   0.04183   0.05085   0.01091   0.31390   0.06222   0.07437   0.08875   0.00000   0.15500   0.08137   7.15293   2.28726   1.41210   1.76321   1.00714  
 42 20.2572   2188.065909  x:  0.06277   0.00961   0.21553   0.00000   0.09642   0.03555   0.08790   0.02260   0.24592   0.09445   0.01626   0.17134   0.03847   0.15934   0.04183   0.05085   0.01091   0.31390   0.06222   0.07437   0.08875   0.00000   0.15500   0.08137   7.15293   2.28726   1.41210   1.76321   1.00714  
 43 22.4392   2188.056666  x:  0.06265   0.00917   0.21609   0.00083   0.09655   0.03594   0.08775   0.02302   0.24600   0.09461   0.01679   0.17149   0.03822   0.15935   0.04273   0.05131   0.01075   0.31415   0.06211   0.07416   0.08849   0.00000   0.15512   0.08126   7.15317   2.28720   1.41205   1.76331   1.00661  
 44  9.9091   2188.047456  x:  0.06243   0.00892   0.21749   0.00011   0.09665   0.03567   0.08738   0.02333   0.24631   0.09457   0.01669   0.17191   0.03781   0.15937   0.04404   0.05213   0.01084   0.31480   0.06189   0.07372   0.08793   0.00000   0.15540   0.08104   7.15381   2.28703   1.41193   1.76358   1.00521  
 45  9.5641   2188.035824  x:  0.06225   0.00972   0.22033   0.00054   0.09679   0.03585   0.08686   0.02266   0.24689   0.09478   0.01613   0.17275   0.03765   0.15946   0.04384   0.05255   0.01085   0.31619   0.06153   0.07314   0.08720   0.00000   0.15594   0.08086   7.15534   2.28662   1.41166   1.76420   1.00192  
 46  9.3393   2188.022891  x:  0.06228   0.00865   0.22341   0.00033   0.09693   0.03569   0.08668   0.02277   0.24757   0.09472   0.01673   0.17349   0.03777   0.15958   0.04251   0.05216   0.01075   0.31792   0.06137   0.07293   0.08693   0.00000   0.15648   0.08089   7.15756   2.28603   1.41130   1.76505   0.99726  
 47 15.8127   2188.012479  x:  0.06265   0.00874   0.22480   0.00059   0.09685   0.03562   0.08732   0.02381   0.24792   0.09449   0.01615   0.17364   0.03814   0.15964   0.04279   0.05135   0.01113   0.31914   0.06188   0.07369   0.08785   0.00000   0.15652   0.08126   7.16018   2.28535   1.41092   1.76598   0.99204  
 48 10.3565   2188.002046  x:  0.06294   0.00892   0.22518   0.00062   0.09669   0.03529   0.08791   0.02319   0.24813   0.09412   0.01642   0.17345   0.03823   0.15962   0.04349   0.05099   0.01020   0.32001   0.06232   0.07445   0.08882   0.00000   0.15628   0.08154   7.16321   2.28458   1.41052   1.76698   0.98626  
 49 18.8012   2187.991945  x:  0.06297   0.00869   0.22466   0.00086   0.09657   0.03505   0.08820   0.02223   0.24819   0.09379   0.01676   0.17301   0.03796   0.15954   0.04375   0.05128   0.01109   0.32048   0.06260   0.07478   0.08930   0.00000   0.15587   0.08158   7.16662   2.28372   1.41012   1.76804   0.98003  
 50 23.6920   2187.966943  x:  0.06250   0.00852   0.22170   0.00123   0.09658   0.03477   0.08811   0.02283   0.24802   0.09325   0.01596   0.17170   0.03715   0.15930   0.04280   0.05270   0.01060   0.32064   0.06215   0.07416   0.08884   0.00000   0.15480   0.08111   7.17567   2.28150   1.40911   1.77065   0.96433  
 51 27.8763   2187.960441  x:  0.06244   0.00926   0.22079   0.00102   0.09669   0.03475   0.08778   0.02323   0.24794   0.09328   0.01672   0.17159   0.03759   0.15931   0.04283   0.05239   0.01075   0.32032   0.06187   0.07372   0.08829   0.00000   0.15478   0.08104   7.17838   2.28088   1.40881   1.77135   0.96019  
 52 19.6678   2187.956043  x:  0.06250   0.00887   0.22014   0.00091   0.09677   0.03503   0.08731   0.02297   0.24784   0.09372   0.01643   0.17180   0.03827   0.15938   0.04326   0.05154   0.01075   0.31963   0.06168   0.07337   0.08768   0.00000   0.15514   0.08111   7.18067   2.28042   1.40855   1.77183   0.95758  
 53 10.1507   2187.950961  x:  0.06270   0.00886   0.21995   0.00036   0.09675   0.03576   0.08711   0.02299   0.24746   0.09495   0.01654   0.17316   0.03770   0.15952   0.04311   0.05169   0.01071   0.31742   0.06234   0.07403   0.08767   0.00000   0.15634   0.08130   7.18518   2.27976   1.40796   1.77238   0.95545  
 54  3.9075   2187.945666  x:  0.06230   0.00877   0.22072   0.00031   0.09634   0.03581   0.08800   0.02294   0.24654   0.09494   0.01653   0.17372   0.03813   0.15967   0.04311   0.05196   0.01079   0.31519   0.06131   0.07360   0.08861   0.00000   0.15658   0.08090   7.19225   2.27895   1.40705   1.77286   0.95471  
 55  3.8596   2187.927743  x:  0.06251   0.00876   0.22322   0.00080   0.09648   0.03511   0.08776   0.02294   0.24412   0.09307   0.01642   0.17285   0.03731   0.15955   0.04317   0.05105   0.01074   0.31111   0.06271   0.07288   0.08776   0.00000   0.15479   0.08112   7.22009   2.27607   1.40361   1.77418   0.95488  
 56  8.5422   2187.893170  x:  0.06323   0.00865   0.22483   0.00085   0.09767   0.03487   0.08619   0.02297   0.24342   0.09294   0.01633   0.17073   0.03951   0.15928   0.04296   0.05278   0.01076   0.30907   0.06185   0.07595   0.08669   0.00000   0.15337   0.08184   7.27695   2.27046   1.39691   1.77635   0.95694  
 57 26.5328   2187.763915  x:  0.06244   0.00896   0.22442   0.00000   0.09843   0.03594   0.08599   0.02295   0.24563   0.09538   0.01646   0.16804   0.03740   0.15825   0.04310   0.05111   0.01092   0.31017   0.06029   0.07592   0.08759   0.00000   0.15309   0.08105   7.42349   2.25636   1.38064   1.78100   0.96344  
 58 83.1529   2187.662974  x:  0.06289   0.00875   0.22189   0.00014   0.09602   0.03599   0.08774   0.02297   0.24720   0.09519   0.01653   0.16936   0.04043   0.15863   0.04274   0.05354   0.01057   0.31350   0.06448   0.07196   0.08761   0.00000   0.15512   0.08149   7.59193   2.24069   1.36391   1.78477   0.97094  
 59 198.1988   2187.604925  x:  0.06336   0.00862   0.21904   0.00179   0.09380   0.03385   0.08750   0.02314   0.24558   0.09098   0.01642   0.17521   0.03925   0.16004   0.04286   0.05294   0.01071   0.31658   0.06254   0.07373   0.08594   0.00000   0.15679   0.08196   7.68850   2.23273   1.35855   1.78372   0.97474  
 60 78.7851   2187.554159  x:  0.06171   0.00850   0.21822   0.00182   0.09908   0.03360   0.08553   0.02302   0.24367   0.09001   0.01618   0.17878   0.03998   0.16117   0.04282   0.05295   0.01064   0.31836   0.06355   0.07351   0.08861   0.00000   0.15588   0.08031   7.77564   2.22811   1.36314   1.77564   0.97660  
 61 33.4661   2187.421331  x:  0.06463   0.00869   0.21994   0.00061   0.09962   0.03437   0.08997   0.02283   0.24198   0.09470   0.01638   0.17866   0.03948   0.16125   0.04299   0.05349   0.01073   0.32012   0.06247   0.07274   0.08648   0.00000   0.15302   0.08324   8.00570   2.21910   1.38406   1.74740   0.97986  
 62 76.9543   2187.377567  x:  0.06295   0.00888   0.22103   0.00013   0.09561   0.03642   0.08794   0.02307   0.24317   0.09335   0.01651   0.17607   0.03980   0.16076   0.04302   0.05325   0.01068   0.31970   0.06331   0.07387   0.08687   0.00000   0.15491   0.08155   8.08082   2.21748   1.39136   1.73750   0.98065  
 63 81.6258   2187.369400  x:  0.06329   0.00895   0.22118   0.00111   0.09556   0.03437   0.08703   0.02325   0.24448   0.09327   0.01646   0.17505   0.03957   0.16070   0.04302   0.05328   0.01069   0.31891   0.06327   0.07354   0.08758   0.00000   0.15668   0.08190   8.09496   2.21865   1.39234   1.73555   0.98067  
 64 14.9935   2187.363638  x:  0.06362   0.00900   0.22115   0.00142   0.09674   0.03439   0.08774   0.02317   0.24674   0.09169   0.01637   0.17463   0.03938   0.16085   0.04302   0.05333   0.01071   0.31790   0.06310   0.07348   0.08733   0.00000   0.15787   0.08222   8.10530   2.22133   1.39246   1.73419   0.98053  
 65  8.8299   2187.357398  x:  0.06280   0.00896   0.22113   0.00189   0.09660   0.03347   0.08829   0.02321   0.24892   0.09188   0.01636   0.17539   0.03964   0.16116   0.04303   0.05313   0.01068   0.31707   0.06349   0.07399   0.08671   0.00000   0.15676   0.08140   8.11690   2.22714   1.39169   1.73300   0.98019  
 66  6.0503   2187.349807  x:  0.06354   0.00892   0.22106   0.00170   0.09587   0.03401   0.08715   0.02330   0.24979   0.09185   0.01641   0.17626   0.03957   0.16114   0.04301   0.05326   0.01071   0.31682   0.06314   0.07347   0.08756   0.00000   0.15522   0.08214   8.13135   2.23595   1.39039   1.73200   0.97970  
 67 10.2905   2187.337474  x:  0.06330   0.00900   0.22099   0.00115   0.09621   0.03456   0.08767   0.02319   0.24601   0.09252   0.01646   0.17521   0.03946   0.16029   0.04301   0.05318   0.01069   0.31827   0.06320   0.07365   0.08721   0.00000   0.15677   0.08190   8.15538   2.25233   1.38847   1.73189   0.97895  
 68  9.2556   2187.333017  x:  0.06331   0.00906   0.22099   0.00101   0.09611   0.03475   0.08762   0.02319   0.24571   0.09277   0.01648   0.17446   0.03917   0.16326   0.04301   0.05316   0.01069   0.31842   0.06317   0.07363   0.08722   0.00000   0.15689   0.08191   8.16521   2.25822   1.39181   1.73728   0.97946  
 69  1.8746   2187.304713  x:  0.06319   0.00909   0.22065   0.00110   0.09605   0.03459   0.08754   0.02320   0.24648   0.09263   0.01648   0.17483   0.03920   0.16056   0.04299   0.05301   0.01070   0.31808   0.06302   0.07358   0.08722   0.00000   0.15678   0.08179   8.22962   2.29522   1.41885   1.77876   0.98379  
 70  8.4340   2187.255131  x:  0.06255   0.00935   0.22083   0.00043   0.09683   0.03545   0.08730   0.02316   0.24828   0.09463   0.01656   0.17234   0.03736   0.15978   0.04311   0.05156   0.01084   0.31835   0.06163   0.07376   0.08801   0.00000   0.15631   0.08115   8.44423   2.27073   1.39555   1.77635   0.98642  
 71  0.2181   2187.254380  x:  0.06262   0.00932   0.22079   0.00052   0.09681   0.03531   0.08731   0.02316   0.24795   0.09437   0.01654   0.17256   0.03766   0.15987   0.04309   0.05178   0.01082   0.31831   0.06180   0.07367   0.08793   0.00000   0.15626   0.08122   8.47609   2.26950   1.39530   1.77621   0.98660  
 72  0.0278   2187.254378  x:  0.06262   0.00932   0.22079   0.00052   0.09681   0.03531   0.08731   0.02316   0.24796   0.09436   0.01654   0.17257   0.03763   0.15987   0.04309   0.05176   0.01082   0.31831   0.06179   0.07368   0.08792   0.00000   0.15627   0.08122   8.47760   2.26956   1.39535   1.77619   0.98659  
 73  0.0015   2187.254378  x:  0.06262   0.00932   0.22079   0.00052   0.09681   0.03531   0.08731   0.02316   0.24796   0.09437   0.01654   0.17257   0.03763   0.15987   0.04309   0.05176   0.01082   0.31831   0.06179   0.07368   0.08792   0.00000   0.15627   0.08122   8.47762   2.26956   1.39535   1.77619   0.98659  