

TREE # 1

  0  0.0000   1884.628216  x:  0.01972   0.20925   0.02571   0.03211   0.02495   0.05815   0.02188   0.05666   0.08536   0.02661   0.17168   0.01972   0.20925   0.02571   0.03211   0.02495   0.05815   0.02188   0.05666   0.08536   0.02661   0.17168   0.21568   8.40433   1.69921   1.06194   1.63020   1.00000  
  1 99.0000   1876.337437  x:  0.00119   0.20844   0.05080   0.01664   0.04650   0.04913   0.05362   0.07634   0.09667   0.00210   0.16160   0.00000   0.21012   0.03582   0.04106   0.04676   0.03895   0.01608   0.05704   0.08405   0.03517   0.16473   0.21439   8.40473   1.69784   1.05865   1.63349   0.99976  
  2 277.7519   1875.645048  x:  0.00445   0.20889   0.05620   0.01410   0.04714   0.04555   0.05404   0.08234   0.10156   0.00561   0.15606   0.00608   0.21145   0.03610   0.04170   0.04779   0.03096   0.01820   0.05675   0.08316   0.03497   0.16171   0.21361   8.40502   1.69679   1.05640   1.63584   0.99941  
  3 98.4520   1875.126751  x:  0.00528   0.20923   0.05830   0.01544   0.04458   0.04271   0.04948   0.08739   0.10676   0.00069   0.14842   0.00696   0.21291   0.03481   0.04098   0.04555   0.02583   0.01946   0.05629   0.08211   0.03335   0.15727   0.21248   8.40545   1.69524   1.05314   1.63925   0.99896  
  4 96.2602   1874.752428  x:  0.00284   0.20971   0.06086   0.01623   0.04236   0.04103   0.04518   0.09220   0.11212   0.00326   0.13894   0.00359   0.21448   0.03388   0.04035   0.04349   0.02546   0.01848   0.05594   0.08110   0.03230   0.15163   0.21097   8.40602   1.69318   1.04882   1.64378   0.99842  
  5 112.5696   1874.458626  x:  0.00624   0.21047   0.06198   0.01383   0.04213   0.04218   0.04370   0.09548   0.11653   0.00228   0.12863   0.00394   0.21650   0.03433   0.04043   0.04307   0.03165   0.01671   0.05598   0.08052   0.03313   0.14560   0.20913   8.40685   1.69027   1.04276   1.65015   0.99763  
  6 75.5527   1874.290199  x:  0.00420   0.21092   0.06026   0.01587   0.04333   0.04510   0.04521   0.09427   0.11713   0.00210   0.12175   0.00649   0.21817   0.03495   0.04065   0.04375   0.03283   0.01926   0.05633   0.08083   0.03411   0.14176   0.20747   8.40779   1.68698   1.03616   1.65718   0.99675  
  7 44.9695   1874.058414  x:  0.00674   0.21179   0.05584   0.01606   0.04433   0.04733   0.04770   0.08914   0.11502   0.00289   0.11467   0.00484   0.22033   0.03486   0.04060   0.04447   0.02855   0.01731   0.05671   0.08176   0.03402   0.13696   0.20474   8.40971   1.68036   1.02320   1.67108   0.99505  
  8 54.6459   1873.834284  x:  0.00475   0.21203   0.05505   0.01188   0.04347   0.04283   0.04784   0.08555   0.11170   0.00246   0.11392   0.00557   0.22195   0.03415   0.04048   0.04447   0.02880   0.01822   0.05631   0.08209   0.03267   0.13547   0.20238   8.41230   1.67169   1.00689   1.68882   0.99280  
  9 50.8247   1873.526003  x:  0.00579   0.21216   0.05863   0.01614   0.04352   0.03689   0.04842   0.08394   0.10793   0.00224   0.11689   0.00570   0.22363   0.03432   0.04084   0.04522   0.03080   0.01774   0.05561   0.08197   0.03229   0.13537   0.19953   8.41659   1.65767   0.98105   1.71717   0.98915  
 10 127.7507   1873.191787  x:  0.00519   0.21168   0.06294   0.01502   0.04267   0.04444   0.04537   0.08774   0.10700   0.00177   0.12449   0.00500   0.22369   0.03475   0.04031   0.04369   0.02961   0.01790   0.05531   0.08084   0.03370   0.13884   0.19829   8.42206   1.64052   0.95144   1.75064   0.98457  
 11 94.3141   1873.125146  x:  0.00458   0.21112   0.05867   0.01524   0.04366   0.04394   0.04648   0.09012   0.11101   0.00211   0.12560   0.00557   0.22123   0.03393   0.04026   0.04379   0.02984   0.01666   0.05641   0.08079   0.03267   0.14178   0.20095   8.42411   1.63549   0.94681   1.75824   0.98288  
 12 20.2326   1873.108653  x:  0.00515   0.21090   0.05764   0.01516   0.04373   0.04361   0.04674   0.09047   0.11213   0.00233   0.12569   0.00469   0.22017   0.03409   0.04031   0.04388   0.02996   0.01798   0.05649   0.08085   0.03287   0.14254   0.20204   8.42489   1.63385   0.94605   1.76032   0.98225  
 13 24.1520   1873.088794  x:  0.00503   0.21011   0.05782   0.01513   0.04286   0.04325   0.04633   0.08936   0.11288   0.00228   0.12479   0.00489   0.21767   0.03534   0.04047   0.04396   0.02971   0.01762   0.05552   0.08116   0.03444   0.14338   0.20469   8.42693   1.63030   0.94704   1.76341   0.98060  
 14  9.7803   1873.066058  x:  0.00523   0.20910   0.05953   0.01513   0.04311   0.04386   0.04634   0.08814   0.11259   0.00214   0.12361   0.00499   0.21471   0.03429   0.04043   0.04425   0.02987   0.01774   0.05523   0.08119   0.03283   0.14356   0.20767   8.43032   1.62497   0.94988   1.76732   0.97791  
 15 13.7112   1873.039541  x:  0.00523   0.20865   0.05937   0.01510   0.04396   0.04348   0.04615   0.08936   0.11053   0.00214   0.12379   0.00507   0.21367   0.03426   0.04001   0.04299   0.02979   0.01774   0.05766   0.08068   0.03373   0.14202   0.20827   8.43641   1.61681   0.95595   1.77242   0.97333  
 16 10.0781   1873.010208  x:  0.00519   0.20906   0.05808   0.01526   0.04278   0.04375   0.04635   0.09090   0.11000   0.00224   0.12502   0.00504   0.21499   0.03473   0.04093   0.04425   0.02989   0.01773   0.05586   0.08088   0.03303   0.14077   0.20653   8.44465   1.60729   0.96369   1.77807   0.96750  
 17 16.7072   1872.995575  x:  0.00516   0.20984   0.05851   0.01520   0.04357   0.04372   0.04634   0.08961   0.11187   0.00217   0.12542   0.00487   0.21703   0.03419   0.03968   0.04387   0.02992   0.01774   0.05533   0.08128   0.03352   0.14191   0.20479   8.45006   1.60291   0.96745   1.78061   0.96419  
 18 11.0400   1872.989935  x:  0.00516   0.21028   0.05886   0.01519   0.04331   0.04379   0.04619   0.08889   0.11255   0.00212   0.12523   0.00474   0.21804   0.03459   0.04068   0.04372   0.02990   0.01775   0.05631   0.08126   0.03321   0.14297   0.20427   8.45303   1.60171   0.96852   1.78131   0.96271  
 19  7.5187   1872.975850  x:  0.00522   0.21133   0.05886   0.01527   0.04223   0.04381   0.04651   0.08962   0.11115   0.00211   0.12359   0.00448   0.21981   0.03417   0.03985   0.04447   0.02993   0.01775   0.05667   0.08041   0.03345   0.14578   0.20500   8.46505   1.60175   0.96874   1.78141   0.95824  
 20  4.2335   1872.946155  x:  0.00523   0.21249   0.05834   0.01525   0.04436   0.04364   0.04562   0.09053   0.10943   0.00213   0.12235   0.00419   0.22179   0.03482   0.04080   0.04288   0.02990   0.01777   0.05492   0.08067   0.03296   0.14780   0.20672   8.49257   1.60323   0.96802   1.78086   0.94874  
 21 19.5922   1872.786565  x:  0.00493   0.21354   0.05784   0.01543   0.04287   0.04392   0.04457   0.08919   0.11094   0.00218   0.12590   0.00415   0.22452   0.03327   0.04055   0.04377   0.03004   0.01781   0.05662   0.08493   0.03359   0.14313   0.21226   8.64366   1.61366   0.96188   1.77640   0.89995  
 22 45.6058   1872.733927  x:  0.00496   0.21234   0.05752   0.01551   0.04207   0.04409   0.04603   0.08807   0.11181   0.00225   0.12655   0.00429   0.22225   0.03523   0.03936   0.04217   0.03014   0.01785   0.05611   0.08050   0.03230   0.14242   0.21023   8.69472   1.61668   0.96010   1.77494   0.88688  
 23 60.2978   1872.690916  x:  0.00505   0.21054   0.05684   0.01554   0.04288   0.04396   0.04444   0.08762   0.11170   0.00232   0.12596   0.00438   0.21844   0.03322   0.04096   0.04328   0.03006   0.01786   0.05571   0.07824   0.03372   0.14350   0.20588   8.73778   1.61845   0.95905   1.77398   0.88020  
 24 47.8634   1872.628826  x:  0.00526   0.20828   0.05669   0.01561   0.04253   0.04398   0.04386   0.08874   0.11061   0.00234   0.12425   0.00451   0.21328   0.03454   0.03957   0.04317   0.03012   0.01789   0.05638   0.08276   0.03265   0.14619   0.19968   8.80203   1.61977   0.95820   1.77315   0.87709  
 25 48.0040   1872.462798  x:  0.00542   0.20813   0.05653   0.01592   0.03894   0.04430   0.04787   0.08900   0.11005   0.00238   0.12391   0.00478   0.21211   0.03067   0.04198   0.03737   0.03043   0.01803   0.05506   0.08502   0.03421   0.14696   0.19841   8.97371   1.61968   0.95793   1.77283   0.88646  
 26 51.0246   1870.887362  x:  0.00575   0.21342   0.04674   0.01810   0.03660   0.04521   0.03406   0.08061   0.10785   0.00312   0.12811   0.00678   0.21735   0.03230   0.03762   0.03757   0.03098   0.01881   0.05651   0.08088   0.03071   0.14458   0.20594  10.65325   1.61525   0.95733   1.77195   0.99589  
 27 440.6195   1870.883332  x:  0.00589   0.21013   0.04661   0.01810   0.03660   0.04521   0.03408   0.08063   0.10784   0.00320   0.12800   0.00670   0.21873   0.03230   0.03762   0.03757   0.03098   0.01882   0.05651   0.08089   0.03070   0.14479   0.20620  10.65820   1.61573   0.95762   1.77245   0.99619  
 28  3.3156   1870.834810  x:  0.00599   0.21026   0.04729   0.01805   0.03677   0.04532   0.03491   0.08097   0.10782   0.00323   0.12831   0.00674   0.21819   0.03224   0.03768   0.03764   0.03108   0.01879   0.05639   0.08085   0.03081   0.14508   0.20610  10.77752   1.66222   0.98321   1.81908   1.00044  
 29  0.9026   1870.627323  x:  0.00655   0.21162   0.05178   0.01769   0.03831   0.04536   0.04086   0.08286   0.10763   0.00357   0.12774   0.00693   0.22001   0.03235   0.03868   0.03885   0.03177   0.01872   0.05612   0.08174   0.03179   0.14497   0.20724  11.44388   1.62680   0.96520   1.78732   1.00293  
 30  1.5988   1870.582751  x:  0.00617   0.21165   0.05125   0.01745   0.03839   0.04492   0.03819   0.08431   0.10898   0.00334   0.12685   0.00639   0.21971   0.03243   0.03890   0.03878   0.03129   0.01854   0.05608   0.08175   0.03186   0.14464   0.20659  11.85240   1.63281   0.96673   1.79458   0.99661  
 31  0.3127   1870.580211  x:  0.00605   0.21160   0.05058   0.01750   0.03825   0.04499   0.03861   0.08344   0.10859   0.00332   0.12718   0.00635   0.21946   0.03247   0.03872   0.03882   0.03118   0.01855   0.05618   0.08165   0.03172   0.14485   0.20656  11.90700   1.63241   0.96639   1.79321   0.99590  
 32  0.0599   1870.580135  x:  0.00603   0.21158   0.05076   0.01749   0.03824   0.04502   0.03860   0.08340   0.10853   0.00327   0.12725   0.00635   0.21948   0.03247   0.03870   0.03880   0.03120   0.01857   0.05618   0.08162   0.03171   0.14488   0.20658  11.91548   1.63221   0.96632   1.79281   0.99587  
 33  0.0090   1870.580132  x:  0.00602   0.21158   0.05075   0.01749   0.03825   0.04502   0.03861   0.08343   0.10853   0.00326   0.12726   0.00636   0.21948   0.03247   0.03871   0.03880   0.03121   0.01857   0.05618   0.08162   0.03171   0.14488   0.20658  11.91675   1.63221   0.96633   1.79280   0.99588  
 34  0.0012   1870.580132  x:  0.00602   0.21158   0.05076   0.01749   0.03825   0.04502   0.03861   0.08343   0.10853   0.00326   0.12726   0.00636   0.21948   0.03247   0.03871   0.03880   0.03121   0.01857   0.05618   0.08162   0.03171   0.14488   0.20658  11.91653   1.63221   0.96633   1.79282   0.99589  
 35  0.0002   1870.580132  x:  0.00602   0.21158   0.05076   0.01749   0.03825   0.04502   0.03861   0.08343   0.10853   0.00326   0.12726   0.00636   0.21948   0.03247   0.03871   0.03880   0.03121   0.01857   0.05618   0.08162   0.03171   0.14488   0.20658  11.91650   1.63221   0.96633   1.79282   0.99590  
 36  0.0000   1870.580132  x:  0.00602   0.21158   0.05076   0.01749   0.03825   0.04502   0.03861   0.08343   0.10853   0.00326   0.12726   0.00636   0.21948   0.03247   0.03871   0.03880   0.03121   0.01857   0.05618   0.08162   0.03171   0.14488   0.20658  11.91650   1.63221   0.96633   1.79282   0.99590  

TREE # 2

  0  0.0000   2113.074161  x:  0.00602   0.21158   0.05076   0.01749   0.03825   0.04502   0.03861   0.08343   0.10853   0.00326   0.12726   0.00636   0.21948   0.03247   0.03871   0.03880   0.03121   0.01857   0.05618   0.08162   0.03171   0.14488   0.20658  11.91650   1.60114   0.88060   1.63586   0.99590  
  1 99.0000   1958.689823  x:  0.27264   0.20633   0.09078   0.20759   0.03944   0.04158   0.05924   0.07804   0.10201   0.10784   0.11172   0.05033   0.21219   0.08503   0.12095   0.02649   0.04113   0.11084   0.04455   0.08204   0.03014   0.13204   0.19120  11.91651   1.60061   0.88106   1.63695   0.99615  
  2 2797.8948   1928.172246  x:  0.26986   0.17324   0.10340   0.21882   0.03159   0.03358   0.07474   0.05635   0.08122   0.08405   0.07904   0.02264   0.17793   0.10224   0.15226   0.00000   0.04197   0.11310   0.02034   0.08272   0.02993   0.10519   0.15808  11.91656   1.59794   0.88526   1.63803   0.99604  
  3 357.4859   1912.029174  x:  0.26758   0.13997   0.11391   0.22897   0.02749   0.02879   0.08524   0.03808   0.06320   0.06221   0.04851   0.00337   0.14304   0.11578   0.17799   0.01920   0.04802   0.11512   0.00487   0.08327   0.03168   0.07965   0.12529  11.91661   1.59545   0.88900   1.63924   0.99594  
  4 1376.8163   1897.080402  x:  0.26056   0.09746   0.12548   0.23807   0.02462   0.02505   0.09595   0.01896   0.04304   0.03518   0.01352   0.02130   0.09854   0.12983   0.20612   0.02936   0.05396   0.11618   0.00562   0.08398   0.03493   0.04873   0.08414  11.91666   1.59242   0.89358   1.64079   0.99582  
  5 1480.8383   1885.310359  x:  0.25532   0.04500   0.13612   0.24818   0.02958   0.02963   0.10161   0.02846   0.03446   0.01848   0.01925   0.01467   0.04350   0.14032   0.23098   0.03111   0.05744   0.11789   0.03198   0.08459   0.03993   0.02172   0.03711  11.91671   1.58919   0.89846   1.64284   0.99577  
  6 608.1779   1879.054394  x:  0.24811   0.01030   0.14112   0.25038   0.03138   0.03128   0.10186   0.03123   0.03924   0.02745   0.02188   0.01723   0.00708   0.14375   0.24188   0.03211   0.05709   0.11676   0.02732   0.08462   0.04132   0.02727   0.01631  11.91674   1.58718   0.90141   1.64431   0.99578  
  7 467.5767   1878.079073  x:  0.24718   0.00267   0.14260   0.25134   0.03172   0.03163   0.10148   0.03195   0.04000   0.02679   0.02241   0.01761   0.00000   0.14473   0.24446   0.03237   0.05681   0.11672   0.02694   0.08461   0.04150   0.02723   0.02070  11.91674   1.58666   0.90216   1.64476   0.99576  
  8 244.1502   1877.887015  x:  0.24618   0.00000   0.14415   0.25191   0.03186   0.03180   0.10067   0.03247   0.04075   0.02632   0.02282   0.01792   0.00172   0.14598   0.24643   0.03269   0.05612   0.11652   0.02670   0.08456   0.04145   0.02769   0.02096  11.91675   1.58621   0.90278   1.64522   0.99568  
  9 58.1124   1877.515433  x:  0.23784   0.00360   0.15675   0.25584   0.03219   0.03215   0.09311   0.03461   0.04345   0.02820   0.02349   0.01874   0.00047   0.15314   0.25835   0.03476   0.04880   0.11454   0.02767   0.08422   0.04075   0.02818   0.02251  11.91682   1.58244   0.90791   1.64935   0.99467  
 10 46.0293   1877.478741  x:  0.23693   0.00362   0.15757   0.25686   0.03205   0.03198   0.09093   0.03309   0.04154   0.02835   0.02412   0.01841   0.00049   0.15274   0.25930   0.03461   0.04985   0.11474   0.02868   0.08419   0.04083   0.02989   0.02268  11.91686   1.58077   0.91008   1.65149   0.99411  
 11 14.7420   1877.412570  x:  0.23514   0.00331   0.15756   0.25911   0.03202   0.03226   0.08614   0.03296   0.04164   0.02986   0.02335   0.01812   0.00107   0.14974   0.25959   0.03378   0.05305   0.11541   0.02843   0.08415   0.04083   0.02802   0.02283  11.91697   1.57557   0.91675   1.65849   0.99225  
 12 18.8550   1877.346030  x:  0.23451   0.00423   0.15710   0.26209   0.03204   0.03245   0.08436   0.03422   0.04288   0.02709   0.02352   0.01854   0.00075   0.14658   0.25953   0.03344   0.05441   0.11627   0.02690   0.08420   0.04080   0.02893   0.02229  11.91711   1.56930   0.92478   1.66729   0.98992  
 13 34.0710   1877.191625  x:  0.23176   0.00425   0.15487   0.26689   0.03219   0.03153   0.09133   0.03408   0.04210   0.02849   0.02453   0.01877   0.00198   0.14128   0.25851   0.03419   0.05131   0.11635   0.02709   0.08455   0.04136   0.02867   0.02301  11.91753   1.55268   0.94606   1.69212   0.98334  
 14 35.3203   1877.169049  x:  0.23233   0.00405   0.15462   0.26652   0.03226   0.03236   0.09173   0.03393   0.04287   0.02860   0.02299   0.01818   0.00198   0.14212   0.25757   0.03406   0.05097   0.11603   0.02830   0.08449   0.04095   0.02947   0.02306  11.91761   1.55061   0.94876   1.69643   0.98219  
 15 19.0184   1877.112629  x:  0.23555   0.00380   0.15454   0.26285   0.03139   0.03342   0.09101   0.03219   0.04370   0.02830   0.02421   0.01830   0.00149   0.14792   0.25382   0.03402   0.05083   0.11456   0.02812   0.08417   0.03954   0.02879   0.02284  11.91786   1.54648   0.95445   1.70905   0.97880  
 16 20.8298   1877.075732  x:  0.23775   0.00358   0.15492   0.25966   0.03168   0.03230   0.09030   0.03429   0.04201   0.02851   0.02374   0.01848   0.00128   0.15177   0.25152   0.03391   0.05108   0.11395   0.02753   0.08414   0.04053   0.02898   0.02283  11.91805   1.54460   0.95739   1.71788   0.97640  
 17 29.6884   1877.050060  x:  0.23888   0.00365   0.15620   0.25711   0.03337   0.03104   0.09037   0.03335   0.04317   0.02839   0.02384   0.01833   0.00123   0.15185   0.25159   0.03372   0.05146   0.11527   0.02767   0.08459   0.04259   0.02898   0.02286  11.91824   1.54579   0.95725   1.72495   0.97440  
 18  8.9542   1876.952481  x:  0.24182   0.00350   0.16077   0.24884   0.03147   0.03295   0.09138   0.03402   0.04270   0.02877   0.02398   0.01848   0.00139   0.14749   0.25437   0.03366   0.05188   0.12060   0.02742   0.08561   0.04110   0.02918   0.02301  11.91904   1.55476   0.95328   1.75253   0.96635  
 19 19.3021   1876.849790  x:  0.24363   0.00285   0.15837   0.24910   0.03322   0.03009   0.08918   0.03383   0.04253   0.02855   0.02373   0.01828   0.00147   0.14390   0.25618   0.03353   0.04922   0.11645   0.02763   0.08264   0.03799   0.02911   0.02289  11.91998   1.56852   0.94814   1.77977   0.95817  
 20 19.1940   1876.748559  x:  0.24315   0.00316   0.15461   0.25257   0.03173   0.03297   0.08837   0.03364   0.04257   0.02864   0.02395   0.01831   0.00164   0.14318   0.25741   0.03309   0.04893   0.11122   0.02698   0.08172   0.04215   0.02924   0.02320  11.92096   1.58405   0.94375   1.80582   0.95031  
 21 45.4846   1876.656938  x:  0.23874   0.00389   0.15178   0.25816   0.03116   0.03123   0.09002   0.03441   0.04398   0.02913   0.02431   0.01842   0.00166   0.14678   0.25563   0.03275   0.05291   0.11152   0.02727   0.08561   0.04047   0.02989   0.02378  11.92192   1.60008   0.94285   1.82577   0.94442  
 22 24.9981   1876.588600  x:  0.23562   0.00358   0.15119   0.26212   0.03437   0.03337   0.08952   0.03421   0.04268   0.02912   0.02435   0.01852   0.00178   0.14866   0.25081   0.03238   0.05151   0.11527   0.02604   0.08591   0.03971   0.02972   0.02384  11.92268   1.61328   0.94534   1.83743   0.94127  
 23 23.2757   1876.491880  x:  0.23308   0.00224   0.15228   0.26637   0.03115   0.03167   0.08789   0.03381   0.04310   0.02891   0.02399   0.01811   0.00194   0.14944   0.24299   0.03219   0.04811   0.12026   0.02633   0.08379   0.04103   0.02960   0.02361  11.92378   1.63201   0.95172   1.85045   0.93818  
 24 36.1605   1876.203917  x:  0.23547   0.00154   0.16519   0.26802   0.03206   0.03201   0.09177   0.03419   0.04377   0.02933   0.02431   0.01804   0.00284   0.14505   0.23054   0.03062   0.05346   0.11387   0.02522   0.07776   0.04041   0.03013   0.02419  11.92733   1.68987   0.98556   1.87625   0.93524  
 25 21.5695   1875.919984  x:  0.24235   0.00086   0.16396   0.26290   0.03192   0.03192   0.08782   0.03389   0.04361   0.02944   0.02428   0.01777   0.00346   0.14015   0.22756   0.02991   0.04894   0.10940   0.02442   0.09002   0.04024   0.03031   0.02444  11.93098   1.74526   1.02286   1.89710   0.93603  
 26 45.1318   1875.627136  x:  0.24604   0.00363   0.14903   0.25231   0.03213   0.03215   0.08608   0.03500   0.04528   0.03069   0.02527   0.01817   0.00370   0.14207   0.23684   0.02958   0.04957   0.11496   0.02408   0.08370   0.04014   0.03160   0.02588  11.93473   1.79535   1.05986   1.91451   0.94128  
 27 39.9661   1874.397110  x:  0.25231   0.00608   0.14393   0.25128   0.03208   0.03267   0.08135   0.03632   0.04846   0.03329   0.02695   0.01787   0.00705   0.13274   0.21185   0.02397   0.04957   0.11469   0.01993   0.08303   0.03921   0.03453   0.02928  11.95420   1.77538   1.03670   1.93736   1.13307  
 28  3.3314   1872.920346  x:  0.26121   0.00599   0.14062   0.24584   0.03274   0.03334   0.07554   0.03854   0.05310   0.03685   0.02951   0.01767   0.01015   0.12324   0.18532   0.01764   0.04931   0.11599   0.01523   0.08279   0.03851   0.03871   0.03395  11.98090   1.63793   0.95733   1.79329   0.99856  
 29  4.2850   1871.509383  x:  0.24721   0.00000   0.14807   0.24150   0.03298   0.03360   0.07786   0.04028   0.05815   0.04265   0.03193   0.01700   0.00540   0.12891   0.21264   0.00868   0.04891   0.11267   0.01599   0.08295   0.03868   0.04449   0.03652  11.99046   1.61148   0.94925   1.76670   0.97941  
 30  0.0600   1871.163422  x:  0.23916   0.00288   0.14895   0.24145   0.03213   0.03288   0.08120   0.03972   0.05863   0.04308   0.03216   0.01642   0.00580   0.12993   0.21622   0.00217   0.05075   0.11271   0.01650   0.08332   0.03837   0.04627   0.03864  11.99301   1.62189   0.96134   1.77773   0.98577  
 31  0.0332   1871.017226  x:  0.23100   0.00714   0.14886   0.24071   0.03122   0.03210   0.08462   0.03897   0.05743   0.04191   0.03203   0.01762   0.00584   0.13150   0.22379   0.00316   0.05164   0.11289   0.01761   0.08370   0.03792   0.04637   0.03951  11.99276   1.62310   0.96924   1.78253   0.99197  
 32  0.0194   1870.749721  x:  0.21569   0.00584   0.14587   0.22988   0.03132   0.03188   0.08197   0.03722   0.05328   0.03871   0.03067   0.02086   0.00441   0.13296   0.22069   0.00245   0.04995   0.11125   0.01643   0.08381   0.03833   0.04510   0.03948  11.98643   1.64130   0.97639   1.81103   1.00447  
 33  0.0131   1870.641779  x:  0.21295   0.00553   0.14554   0.22245   0.03166   0.03239   0.08153   0.03744   0.05405   0.03833   0.03012   0.02078   0.00572   0.12714   0.21312   0.00316   0.05089   0.10944   0.01901   0.08341   0.03817   0.04483   0.03944  11.97600   1.62453   0.96287   1.78733   0.98948  
 34  0.0300   1870.600694  x:  0.20850   0.00680   0.14497   0.22130   0.03200   0.03280   0.08172   0.03909   0.05640   0.03890   0.03083   0.02036   0.00620   0.12597   0.21071   0.00283   0.05136   0.10855   0.01756   0.08325   0.03830   0.04490   0.03909  11.95670   1.63146   0.96564   1.78793   0.99635  
 35  0.0144   1870.586798  x:  0.20689   0.00613   0.14508   0.22037   0.03175   0.03253   0.08160   0.03917   0.05693   0.03908   0.03114   0.01950   0.00606   0.12796   0.21095   0.00357   0.05033   0.10870   0.01770   0.08346   0.03828   0.04486   0.03856  11.93951   1.63434   0.96711   1.79381   0.99766  
 36  0.0147   1870.581082  x:  0.20664   0.00646   0.14473   0.21911   0.03163   0.03237   0.08146   0.03874   0.05662   0.03892   0.03123   0.01869   0.00606   0.12750   0.21200   0.00317   0.05066   0.10865   0.01771   0.08351   0.03827   0.04495   0.03848  11.92586   1.63220   0.96645   1.79417   0.99624  
 37  0.0115   1870.580233  x:  0.20659   0.00633   0.14491   0.21951   0.03172   0.03246   0.08166   0.03867   0.05628   0.03880   0.03122   0.01859   0.00604   0.12715   0.21173   0.00325   0.05080   0.10851   0.01748   0.08343   0.03826   0.04493   0.03846  11.92183   1.63213   0.96635   1.79308   0.99561  
 38  0.0041   1870.580151  x:  0.20660   0.00637   0.14488   0.21949   0.03172   0.03247   0.08163   0.03869   0.05616   0.03879   0.03120   0.01858   0.00602   0.12731   0.21153   0.00325   0.05075   0.10853   0.01750   0.08342   0.03825   0.04499   0.03854  11.92015   1.63216   0.96630   1.79260   0.99596  
 39  0.0014   1870.580135  x:  0.20658   0.00636   0.14489   0.21947   0.03171   0.03247   0.08162   0.03872   0.05616   0.03881   0.03121   0.01857   0.00602   0.12724   0.21160   0.00326   0.05074   0.10854   0.01750   0.08343   0.03825   0.04502   0.03859  11.91860   1.63224   0.96633   1.79280   0.99595  
 40  0.0011   1870.580132  x:  0.20658   0.00636   0.14488   0.21947   0.03171   0.03247   0.08163   0.03872   0.05617   0.03881   0.03121   0.01857   0.00602   0.12726   0.21158   0.00326   0.05076   0.10853   0.01749   0.08343   0.03825   0.04502   0.03860  11.91776   1.63221   0.96633   1.79284   0.99588  
 41  0.0006   1870.580132  x:  0.20658   0.00636   0.14488   0.21947   0.03171   0.03247   0.08162   0.03871   0.05618   0.03880   0.03121   0.01857   0.00602   0.12726   0.21158   0.00326   0.05076   0.10853   0.01749   0.08343   0.03825   0.04502   0.03861  11.91721   1.63222   0.96634   1.79283   0.99590  
 42  0.0004   1870.580132  x:  0.20658   0.00636   0.14488   0.21948   0.03171   0.03247   0.08162   0.03871   0.05618   0.03880   0.03121   0.01857   0.00602   0.12726   0.21158   0.00326   0.05076   0.10853   0.01749   0.08343   0.03825   0.04502   0.03861  11.91676   1.63221   0.96633   1.79281   0.99590  
 43  0.0002   1870.580132  x:  0.20658   0.00636   0.14488   0.21947   0.03171   0.03247   0.08162   0.03871   0.05618   0.03880   0.03121   0.01857   0.00602   0.12726   0.21158   0.00326   0.05076   0.10853   0.01749   0.08343   0.03825   0.04502   0.03861  11.91656   1.63222   0.96633   1.79282   0.99590  
 44  0.0001   1870.580132  x:  0.20658   0.00636   0.14488   0.21948   0.03171   0.03247   0.08162   0.03871   0.05618   0.03880   0.03121   0.01857   0.00602   0.12726   0.21158   0.00326   0.05076   0.10853   0.01749   0.08343   0.03825   0.04502   0.03861  11.91652   1.63221   0.96633   1.79282   0.99589  
 45  0.0000   1870.580132  x:  0.20658   0.00636   0.14488   0.21948   0.03171   0.03247   0.08162   0.03871   0.05618   0.03880   0.03121   0.01857   0.00602   0.12726   0.21158   0.00326   0.05076   0.10853   0.01749   0.08343   0.03825   0.04502   0.03861  11.91651   1.63221   0.96633   1.79282   0.99589  
 46  0.0000   1870.580132  x:  0.20658   0.00636   0.14488   0.21948   0.03171   0.03247   0.08162   0.03871   0.05618   0.03880   0.03121   0.01857   0.00602   0.12726   0.21158   0.00326   0.05076   0.10853   0.01749   0.08343   0.03825   0.04502   0.03861  11.91650   1.63221   0.96633   1.79282   0.99590  
 47  0.0000   1870.580132  x:  0.20658   0.00636   0.14488   0.21948   0.03171   0.03247   0.08162   0.03871   0.05618   0.03880   0.03121   0.01857   0.00602   0.12726   0.21158   0.00326   0.05076   0.10853   0.01749   0.08343   0.03825   0.04502   0.03861  11.91650   1.63221   0.96633   1.79282   0.99589  