

TREE # 1

  0  0.0000   1802.984644  x:  0.01972   0.20925   0.02571   0.03211   0.02495   0.05815   0.02188   0.05666   0.08536   0.02661   0.17168   0.01972   0.20925   0.02571   0.03211   0.02495   0.05815   0.02188   0.05666   0.08536   0.02661   0.17168   0.21568   8.40433   1.64254   1.16295   1.64957   1.00000  
  1 99.0000   1787.506574  x:  0.00000   0.20227   0.00215   0.03100   0.01296   0.05453   0.01790   0.05609   0.09410   0.04122   0.17080   0.00299   0.20324   0.02563   0.02189   0.01159   0.05302   0.02889   0.03186   0.07918   0.03807   0.17432   0.21666   8.40428   1.64220   1.16184   1.65111   0.99752  
  2 332.5553   1786.737214  x:  0.00000   0.20166   0.00000   0.03107   0.01309   0.05437   0.01810   0.05610   0.09450   0.04112   0.17076   0.00209   0.20273   0.02548   0.02160   0.01191   0.05278   0.02870   0.02981   0.07884   0.03805   0.17462   0.21678   8.40427   1.64217   1.16173   1.65125   0.99731  
  3 534.6793   1782.053013  x:  0.00000   0.19256   0.00000   0.03182   0.01338   0.05369   0.01632   0.05621   0.09699   0.03880   0.17064   0.00280   0.19616   0.02503   0.02566   0.00745   0.05233   0.02532   0.00000   0.07591   0.03635   0.17990   0.21882   8.40419   1.64169   1.15985   1.65374   0.99407  
  4 525.2512   1781.349227  x:  0.00000   0.17522   0.00000   0.03197   0.00913   0.05269   0.01299   0.05615   0.10111   0.04036   0.17052   0.00612   0.18390   0.02580   0.03482   0.00959   0.05421   0.02119   0.00000   0.07104   0.03701   0.18957   0.22263   8.40403   1.64076   1.15602   1.65870   0.98762  
  5 195.1065   1780.722862  x:  0.00000   0.15759   0.00000   0.03134   0.01323   0.05258   0.01873   0.05608   0.10322   0.04536   0.17077   0.01015   0.17156   0.02720   0.04027   0.00925   0.05762   0.02427   0.00000   0.06808   0.03941   0.19858   0.22652   8.40384   1.63973   1.15160   1.66433   0.98022  
  6 140.7985   1779.612808  x:  0.00000   0.13264   0.00000   0.03139   0.01274   0.05573   0.01383   0.05595   0.09663   0.04451   0.17340   0.01009   0.15289   0.02508   0.02797   0.01159   0.06225   0.03320   0.00000   0.07358   0.03589   0.20855   0.23298   8.40340   1.63768   1.14221   1.67613   0.96400  
  7 62.8861   1778.914727  x:  0.00000   0.12309   0.00000   0.03208   0.00764   0.05640   0.01949   0.05588   0.09211   0.04410   0.17609   0.00634   0.14408   0.02596   0.02178   0.01070   0.06278   0.02802   0.00000   0.07795   0.03759   0.21193   0.23665   8.40307   1.63637   1.13563   1.68433   0.95239  
  8 93.6107   1778.153050  x:  0.00000   0.11843   0.00000   0.03275   0.01088   0.05570   0.01760   0.05587   0.09004   0.04661   0.17894   0.00000   0.13802   0.02703   0.01952   0.01090   0.06122   0.02235   0.00000   0.08084   0.04216   0.21343   0.23966   8.40274   1.63518   1.12929   1.69222   0.94096  
  9 132.6714   1777.224330  x:  0.00000   0.11993   0.00000   0.03516   0.01066   0.04849   0.01889   0.05618   0.10017   0.04531   0.18383   0.00000   0.13181   0.02067   0.01602   0.01408   0.04569   0.02459   0.00000   0.07600   0.04530   0.21372   0.24430   8.40206   1.63307   1.11735   1.70737   0.91787  
 10 70.0064   1776.584056  x:  0.00000   0.12094   0.00000   0.03071   0.01122   0.04881   0.01802   0.05610   0.11121   0.04336   0.18920   0.00000   0.12377   0.03201   0.01662   0.01478   0.04435   0.02656   0.00000   0.06904   0.04176   0.21298   0.25046   8.40083   1.62959   1.09743   1.73313   0.87718  
 11 72.7699   1775.893283  x:  0.00000   0.11991   0.00000   0.03056   0.01221   0.05139   0.01751   0.05565   0.11953   0.04633   0.19338   0.00000   0.11748   0.02383   0.02181   0.01383   0.05287   0.02531   0.00000   0.06354   0.03987   0.21354   0.25677   8.39918   1.62517   1.07241   1.76624   0.82373  
 12 136.8150   1775.612345  x:  0.00000   0.11398   0.00000   0.03611   0.01262   0.04863   0.01695   0.05585   0.11786   0.04487   0.18765   0.00000   0.12654   0.02553   0.02417   0.01410   0.05213   0.02659   0.00000   0.06282   0.04287   0.22113   0.25556   8.39809   1.62324   1.06220   1.78274   0.79386  
 13 44.8522   1775.475812  x:  0.00000   0.11252   0.00000   0.03103   0.01292   0.04855   0.01700   0.05592   0.11717   0.04651   0.18216   0.00000   0.13267   0.02462   0.02352   0.01425   0.05028   0.02538   0.00000   0.06171   0.04115   0.22629   0.25265   8.39746   1.62262   1.05969   1.78944   0.77975  
 14 45.2451   1775.381916  x:  0.00000   0.11755   0.00000   0.03320   0.01281   0.05177   0.01720   0.05552   0.11884   0.04741   0.17592   0.00000   0.13173   0.02508   0.02165   0.01438   0.05079   0.02495   0.00000   0.06215   0.04019   0.23013   0.24664   8.39655   1.62260   1.06239   1.79365   0.76686  
 15 14.9980   1775.305160  x:  0.00000   0.12051   0.00000   0.03125   0.01265   0.04978   0.01717   0.05576   0.11769   0.04527   0.17346   0.00000   0.12824   0.02478   0.02226   0.01425   0.05132   0.02569   0.00000   0.06502   0.04248   0.23059   0.24214   8.39545   1.62249   1.06520   1.79899   0.75207  
 16 25.7767   1775.185013  x:  0.00000   0.12104   0.00000   0.03256   0.01224   0.04675   0.01740   0.05617   0.11308   0.04718   0.17707   0.00000   0.12857   0.02525   0.02155   0.01406   0.05142   0.02552   0.00000   0.06318   0.03972   0.22318   0.23802   8.39301   1.62301   1.07396   1.80743   0.72710  
 17 18.4222   1775.120782  x:  0.00000   0.12001   0.00000   0.03208   0.01199   0.05081   0.01754   0.05590   0.11253   0.04586   0.17995   0.00000   0.13072   0.02489   0.02140   0.01407   0.05028   0.02572   0.00000   0.06316   0.04152   0.21836   0.23822   8.39139   1.62362   1.07916   1.81271   0.71319  
 18 31.0996   1775.098005  x:  0.00000   0.12022   0.00000   0.03196   0.01193   0.05014   0.01761   0.05570   0.11485   0.04568   0.18030   0.00000   0.13290   0.02496   0.02050   0.01398   0.05161   0.02548   0.00000   0.06540   0.04128   0.21720   0.24118   8.39044   1.62442   1.08129   1.81526   0.70920  
 19  9.8214   1775.087622  x:  0.00000   0.12137   0.00000   0.03208   0.01186   0.05033   0.01763   0.05607   0.11343   0.04625   0.17952   0.00000   0.13254   0.02501   0.02086   0.01396   0.05081   0.02558   0.00000   0.06600   0.04103   0.21744   0.24519   8.38933   1.62556   1.08150   1.81882   0.70729  
 20  5.0503   1775.083794  x:  0.00000   0.12208   0.00000   0.03194   0.01184   0.05017   0.01761   0.05583   0.11285   0.04587   0.17907   0.00000   0.13276   0.02496   0.02046   0.01395   0.05132   0.02561   0.00000   0.06504   0.04143   0.21747   0.24626   8.38864   1.62643   1.08176   1.82052   0.70751  
 21  5.0370   1775.052167  x:  0.00000   0.12270   0.00000   0.03194   0.01170   0.05016   0.01771   0.05358   0.11166   0.04592   0.17855   0.00000   0.13347   0.02491   0.02031   0.01384   0.05088   0.02554   0.00000   0.06598   0.04120   0.21452   0.24354   8.37740   1.64063   1.08138   1.84910   0.71423  
 22  3.3438   1775.041935  x:  0.00000   0.12296   0.00000   0.03192   0.01162   0.05029   0.01773   0.05584   0.11153   0.04582   0.17850   0.00000   0.13390   0.02487   0.02004   0.01381   0.05110   0.02550   0.00000   0.06600   0.04131   0.21371   0.24250   8.37349   1.64556   1.08183   1.85841   0.71663  
 23 24.7044   1775.015693  x:  0.00000   0.12353   0.00000   0.03185   0.01178   0.05025   0.01770   0.05568   0.11161   0.04595   0.18233   0.00000   0.13397   0.02484   0.02026   0.01388   0.05112   0.02547   0.00000   0.06596   0.04147   0.21825   0.24254   8.35587   1.66499   1.10256   1.88057   0.71831  
 24  2.7213   1774.998836  x:  0.00000   0.12226   0.00000   0.03194   0.01185   0.05013   0.01775   0.05572   0.11238   0.04576   0.17844   0.00000   0.13355   0.02478   0.02053   0.01393   0.05104   0.02540   0.00000   0.06551   0.04135   0.21558   0.24304   8.34354   1.67843   1.11708   1.89291   0.71986  
 25 11.2355   1774.986606  x:  0.00000   0.12230   0.00000   0.03196   0.01186   0.05008   0.01782   0.05572   0.11226   0.04558   0.17887   0.00000   0.13345   0.02472   0.02053   0.01388   0.05095   0.02531   0.00000   0.06551   0.04127   0.21568   0.24312   8.32006   1.69691   1.11528   1.88905   0.71717  
 26  1.0143   1774.773668  x:  0.00000   0.12737   0.00000   0.03267   0.01224   0.04959   0.01953   0.05588   0.11059   0.04149   0.17780   0.00000   0.13800   0.02347   0.02110   0.01286   0.04924   0.02306   0.00000   0.06616   0.03989   0.21303   0.24084   7.72636   1.67283   1.11460   1.86400   0.72274  
 27  1.4301   1774.712731  x:  0.00000   0.12880   0.00000   0.03261   0.01179   0.04933   0.01895   0.05577   0.11138   0.04494   0.17695   0.00000   0.13952   0.02349   0.02078   0.01187   0.04912   0.02403   0.00000   0.06620   0.04217   0.21102   0.23920   7.51920   1.67045   1.11615   1.85579   0.72386  
 28  1.2620   1774.695205  x:  0.00000   0.12634   0.00000   0.03254   0.01214   0.04970   0.01865   0.05579   0.11153   0.04469   0.17734   0.00000   0.13729   0.02396   0.02045   0.01183   0.04955   0.02490   0.00000   0.06606   0.04151   0.21332   0.24041   7.41228   1.66910   1.11343   1.86080   0.71723  
 29  0.1192   1774.694803  x:  0.00000   0.12611   0.00000   0.03247   0.01214   0.04967   0.01858   0.05579   0.11175   0.04481   0.17742   0.00000   0.13702   0.02405   0.02048   0.01187   0.04954   0.02475   0.00000   0.06595   0.04160   0.21324   0.24054   7.42379   1.66850   1.11265   1.86117   0.71643  
 30  0.0129   1774.694798  x:  0.00000   0.12611   0.00000   0.03246   0.01215   0.04968   0.01857   0.05579   0.11173   0.04482   0.17742   0.00000   0.13702   0.02404   0.02049   0.01188   0.04955   0.02475   0.00000   0.06595   0.04159   0.21317   0.24054   7.42281   1.66839   1.11257   1.86098   0.71652  
 31  0.0009   1774.694798  x:  0.00000   0.12611   0.00000   0.03246   0.01215   0.04968   0.01857   0.05579   0.11173   0.04482   0.17742   0.00000   0.13702   0.02404   0.02049   0.01188   0.04955   0.02475   0.00000   0.06595   0.04160   0.21318   0.24053   7.42264   1.66840   1.11258   1.86099   0.71651  
 32  0.0001   1774.694798  x:  0.00000   0.12611   0.00000   0.03246   0.01215   0.04968   0.01857   0.05579   0.11173   0.04482   0.17742   0.00000   0.13702   0.02404   0.02049   0.01188   0.04955   0.02475   0.00000   0.06595   0.04160   0.21318   0.24053   7.42265   1.66840   1.11258   1.86099   0.71651  
 33  0.0000   1774.694798  x:  0.00000   0.12611   0.00000   0.03246   0.01215   0.04968   0.01857   0.05579   0.11173   0.04482   0.17742   0.00000   0.13702   0.02404   0.02049   0.01188   0.04955   0.02475   0.00000   0.06595   0.04160   0.21318   0.24053   7.42264   1.66840   1.11258   1.86099   0.71651  
 34  0.0000   1774.694798  x:  0.00000   0.12611   0.00000   0.03246   0.01215   0.04968   0.01857   0.05579   0.11173   0.04482   0.17742   0.00000   0.13702   0.02404   0.02049   0.01188   0.04955   0.02475   0.00000   0.06595   0.04160   0.21318   0.24053   7.42264   1.66840   1.11258   1.86099   0.71651  

TREE # 2

  0  0.0000   2195.743366  x:  0.00000   0.12611   0.00000   0.03246   0.01215   0.04968   0.01857   0.05579   0.11173   0.04482   0.17742   0.00000   0.13702   0.02404   0.02049   0.01188   0.04955   0.02475   0.00000   0.06595   0.04160   0.21318   0.24053   7.42264   1.63519   1.00971   1.69118   0.71651  
  1 99.0000   1964.711790  x:  0.13820   0.12920   0.37895   0.04933   0.01535   0.04910   0.02289   0.05477   0.10985   0.04445   0.17636   0.07006   0.13810   0.03365   0.03243   0.01687   0.04802   0.03209   0.09712   0.06629   0.04093   0.21185   0.23893   7.42265   1.63516   1.00976   1.69125   0.71649  
  2 35714.1129   1864.952447  x:  0.17546   0.09474   0.37084   0.10809   0.07821   0.02948   0.11197   0.02241   0.05841   0.00489   0.13844   0.04019   0.09363   0.25394   0.15814   0.13659   0.00000   0.13848   0.07305   0.05720   0.00148   0.17362   0.19286   7.42273   1.63299   1.01400   1.69181   0.71492  
  3 1071.2813   1851.748843  x:  0.18427   0.08070   0.37038   0.11248   0.07385   0.02515   0.10944   0.01644   0.04058   0.01630   0.12640   0.03611   0.07805   0.25955   0.15941   0.13158   0.00000   0.13954   0.06568   0.05664   0.00000   0.16156   0.17734   7.42277   1.63210   1.01579   1.69189   0.71439  
  4 402.2845   1823.826526  x:  0.20308   0.04817   0.36952   0.12064   0.06368   0.01892   0.10243   0.00973   0.00000   0.01147   0.09923   0.02764   0.04201   0.26871   0.16007   0.11803   0.00000   0.14022   0.05022   0.05592   0.00616   0.13477   0.14214   7.42284   1.63016   1.01972   1.69214   0.71322  
  5 2641.0648   1801.048333  x:  0.22295   0.01071   0.36809   0.12867   0.05435   0.01809   0.09559   0.02246   0.00000   0.00976   0.07051   0.02029   0.00000   0.27964   0.16105   0.10336   0.00000   0.14150   0.03498   0.05513   0.00739   0.10439   0.10132   7.42292   1.62811   1.02384   1.69253   0.71204  
  6 4497.1964   1796.962702  x:  0.22625   0.00000   0.36564   0.12908   0.05467   0.02403   0.09459   0.02124   0.00000   0.00993   0.06642   0.02592   0.00000   0.28277   0.16097   0.09935   0.00000   0.14213   0.03641   0.05526   0.00857   0.09613   0.08764   7.42293   1.62766   1.02464   1.69287   0.71189  
  7 567.8842   1790.669664  x:  0.23120   0.00000   0.35874   0.12523   0.06393   0.01531   0.09375   0.01915   0.00000   0.00654   0.07528   0.02395   0.00000   0.29047   0.15559   0.08347   0.00000   0.14279   0.06016   0.05680   0.00329   0.06953   0.02519   7.42294   1.62644   1.02579   1.69569   0.71256  
  8 284.0345   1790.088855  x:  0.23179   0.00000   0.35802   0.12472   0.06547   0.01426   0.09404   0.01986   0.00000   0.00764   0.07706   0.02277   0.00000   0.29210   0.15498   0.08180   0.00000   0.14310   0.06316   0.05706   0.00734   0.06627   0.01727   7.42295   1.62629   1.02587   1.69617   0.71270  
  9 478.8585   1789.800064  x:  0.23435   0.00000   0.35814   0.12391   0.06643   0.01858   0.09418   0.01910   0.00000   0.00769   0.08003   0.01762   0.00000   0.29570   0.15192   0.07789   0.00000   0.14273   0.06286   0.05704   0.00737   0.06103   0.01770   7.42295   1.62586   1.02604   1.69784   0.71320  
 10 39.7476   1789.114295  x:  0.24284   0.00000   0.35604   0.12095   0.06742   0.01563   0.09458   0.02094   0.00000   0.00724   0.08701   0.02009   0.00000   0.30915   0.14138   0.06608   0.00000   0.14161   0.05729   0.05675   0.00833   0.04698   0.02288   7.42297   1.62433   1.02669   1.70392   0.71494  
 11 66.8233   1787.957354  x:  0.25987   0.00000   0.35418   0.11329   0.06278   0.01692   0.09281   0.02343   0.00000   0.00623   0.09071   0.02119   0.00000   0.33428   0.11874   0.05281   0.00000   0.13801   0.03977   0.05591   0.00733   0.05486   0.01590   7.42304   1.62132   1.02795   1.71766   0.71871  
 12 58.0554   1786.525928  x:  0.28410   0.00000   0.34373   0.09541   0.05009   0.01504   0.08031   0.02869   0.00000   0.00616   0.06418   0.01686   0.00000   0.36153   0.09023   0.05674   0.00000   0.13197   0.04994   0.05660   0.00746   0.05578   0.01783   7.42321   1.61713   1.03145   1.73894   0.72329  
 13 54.5685   1786.275046  x:  0.28772   0.00000   0.34394   0.09125   0.05421   0.01491   0.07994   0.02933   0.00000   0.00595   0.05968   0.01666   0.00000   0.35614   0.08994   0.06544   0.00000   0.12831   0.04386   0.05648   0.00715   0.05063   0.01577   7.42333   1.61746   1.03287   1.74434   0.72326  
 14 21.3092   1785.922534  x:  0.29700   0.00000   0.33947   0.10333   0.05262   0.01472   0.08809   0.03177   0.00000   0.00557   0.05254   0.01609   0.00000   0.33669   0.11219   0.05930   0.00000   0.13202   0.04321   0.05476   0.00716   0.04989   0.01543   7.42384   1.62111   1.04013   1.75591   0.71904  
 15 14.2288   1785.810272  x:  0.29912   0.00000   0.33816   0.11269   0.05021   0.01510   0.08110   0.03279   0.00000   0.00527   0.05465   0.01647   0.00000   0.33129   0.11904   0.06082   0.00000   0.13569   0.04248   0.05779   0.00710   0.04887   0.01498   7.42413   1.62254   1.04513   1.76036   0.71643  
 16 20.0779   1785.780968  x:  0.29787   0.00000   0.33848   0.11535   0.05256   0.01500   0.07823   0.03299   0.00000   0.00530   0.05377   0.01646   0.00000   0.33067   0.11985   0.06003   0.00000   0.13654   0.04243   0.05507   0.00718   0.04915   0.01513   7.42432   1.62304   1.04896   1.76203   0.71470  
 17  9.1398   1785.678102  x:  0.28673   0.00000   0.34252   0.11926   0.05182   0.01508   0.07928   0.03317   0.00000   0.00567   0.05053   0.01644   0.00000   0.33109   0.12002   0.05830   0.00000   0.13653   0.04151   0.05776   0.00704   0.04799   0.01485   7.42552   1.62563   1.07291   1.77046   0.70438  
 18  8.2159   1785.621093  x:  0.28630   0.00000   0.34272   0.11807   0.04823   0.01536   0.07962   0.03327   0.00000   0.00575   0.05243   0.01659   0.00000   0.33119   0.12147   0.05957   0.00000   0.13533   0.04137   0.05420   0.00706   0.04736   0.01458   7.42632   1.62776   1.08705   1.77596   0.69854  
 19 16.0931   1785.518561  x:  0.29432   0.00000   0.34000   0.11378   0.05119   0.01520   0.07879   0.03339   0.00000   0.00613   0.05441   0.01650   0.00000   0.33069   0.12383   0.05943   0.00000   0.13303   0.04147   0.05666   0.00713   0.04955   0.01558   7.42798   1.63340   1.11245   1.78754   0.68851  
 20 20.3791   1785.439991  x:  0.30023   0.00000   0.33773   0.11726   0.05218   0.01536   0.08301   0.03331   0.00000   0.00639   0.05491   0.01681   0.00000   0.32750   0.11634   0.06217   0.00000   0.13712   0.04192   0.05607   0.00715   0.04988   0.01576   7.42950   1.64334   1.12290   1.79904   0.68568  
 21  8.6518   1784.977318  x:  0.30383   0.00000   0.33830   0.10460   0.04920   0.01586   0.07795   0.03126   0.00000   0.00891   0.05277   0.01726   0.00000   0.32679   0.11508   0.05915   0.00000   0.15144   0.03762   0.05559   0.00689   0.04858   0.01595   7.43976   1.73013   1.13928   1.87839   0.69363  
 22 10.6285   1784.693134  x:  0.30680   0.00000   0.33684   0.11314   0.04875   0.01649   0.07771   0.03051   0.00000   0.01019   0.05212   0.01824   0.00000   0.33214   0.11577   0.06015   0.00000   0.13240   0.03863   0.05537   0.00680   0.04853   0.01611   7.44604   1.78054   1.14553   1.92335   0.70122  
 23 35.9525   1784.121480  x:  0.31177   0.00000   0.33591   0.11805   0.04675   0.01844   0.07677   0.02906   0.00000   0.01176   0.04976   0.02028   0.00000   0.32116   0.12160   0.05970   0.00000   0.13316   0.03494   0.05505   0.00734   0.04875   0.01765   7.47267   1.71273   1.14883   1.84452   0.78755  
 24  1.4918   1783.156660  x:  0.32183   0.00000   0.33420   0.11920   0.04266   0.02130   0.07399   0.02656   0.00000   0.01384   0.04537   0.02300   0.00000   0.31251   0.12005   0.05846   0.00000   0.13068   0.02905   0.05460   0.00822   0.04893   0.02004   7.52123   1.60084   1.05062   1.71895   0.70812  
 25  6.4490   1782.843981  x:  0.31682   0.00000   0.33621   0.11917   0.04294   0.02279   0.07457   0.02433   0.00000   0.01336   0.04514   0.02461   0.00000   0.30523   0.12195   0.05780   0.00000   0.13061   0.02916   0.05444   0.00888   0.04941   0.02087   7.54124   1.55542   1.04398   1.79092   0.70638  
 26  1.6194   1781.337566  x:  0.31219   0.00000   0.33950   0.10408   0.04310   0.02848   0.07515   0.01662   0.00000   0.00854   0.04157   0.03016   0.00000   0.28534   0.10681   0.05384   0.00000   0.12602   0.02924   0.05485   0.01240   0.05135   0.02429   7.64162   1.72484   1.13737   1.88141   0.69242  
 27  2.5699   1779.518342  x:  0.31279   0.00000   0.33038   0.11281   0.04831   0.03262   0.07215   0.01823   0.00000   0.01189   0.05036   0.03378   0.00000   0.22797   0.11169   0.04202   0.00000   0.12148   0.04375   0.05628   0.01302   0.04543   0.01870   7.75860   1.67621   1.11548   1.81632   0.69059  
 28  0.2172   1778.672270  x:  0.29521   0.00000   0.33339   0.12306   0.04408   0.03193   0.06960   0.02517   0.00000   0.01192   0.05301   0.03192   0.00000   0.19079   0.11261   0.04712   0.00000   0.11422   0.03621   0.05606   0.01407   0.04942   0.01989   7.73149   1.69604   1.12563   1.84518   0.70966  
 29  0.0965   1778.320185  x:  0.29415   0.00000   0.33438   0.11562   0.03975   0.02831   0.06396   0.02361   0.00000   0.01273   0.05134   0.02834   0.00000   0.20254   0.09639   0.04673   0.00000   0.10769   0.03500   0.05607   0.01326   0.05040   0.01816   7.61253   1.68257   1.10940   1.84439   0.71813  
 30  0.1531   1778.110187  x:  0.28666   0.00000   0.33551   0.11656   0.04073   0.02369   0.06546   0.02212   0.00000   0.01285   0.04883   0.02475   0.00000   0.19415   0.10565   0.04411   0.00000   0.11128   0.03410   0.05566   0.01220   0.05002   0.01761   7.48120   1.66970   1.09778   1.84221   0.71383  
 31  0.1149   1777.923056  x:  0.28768   0.00000   0.32676   0.11017   0.04353   0.02212   0.06700   0.02446   0.00000   0.01155   0.04746   0.02418   0.00000   0.19515   0.10299   0.04725   0.00000   0.11099   0.03940   0.05614   0.01122   0.04904   0.01901   7.44217   1.68684   1.10878   1.84840   0.69669  
 32  0.0236   1777.264868  x:  0.28206   0.00000   0.29976   0.12334   0.04620   0.02124   0.06841   0.02312   0.00000   0.00913   0.05847   0.02512   0.00000   0.18218   0.10975   0.03950   0.00000   0.10637   0.03745   0.05706   0.00920   0.04793   0.02272   7.52631   1.73413   1.14999   1.87818   0.70574  
 33  0.0304   1776.058787  x:  0.26719   0.00000   0.24908   0.14088   0.03994   0.02326   0.06034   0.01957   0.00000   0.00980   0.05797   0.02736   0.00000   0.16552   0.12441   0.04912   0.00000   0.11179   0.04038   0.05734   0.00610   0.05223   0.02224   7.60593   1.69399   1.13574   1.85676   0.73131  
 34  0.0585   1774.998285  x:  0.24414   0.00000   0.21584   0.13809   0.03906   0.02583   0.06547   0.02299   0.00000   0.01071   0.05078   0.02751   0.00000   0.18495   0.12184   0.04597   0.00000   0.11147   0.03192   0.05522   0.00774   0.05294   0.02027   7.55933   1.66001   1.10105   1.85215   0.73273  
 35  0.0691   1774.749511  x:  0.23873   0.00000   0.21642   0.13799   0.04185   0.02523   0.06550   0.01991   0.00000   0.01174   0.04791   0.02593   0.00000   0.17409   0.12484   0.04523   0.00000   0.11007   0.03119   0.05532   0.01058   0.04930   0.01836   7.44378   1.65435   1.09964   1.85231   0.71760  
 36  0.1110   1774.700024  x:  0.24162   0.00000   0.21343   0.13650   0.04117   0.02416   0.06568   0.02036   0.00000   0.01170   0.04928   0.02467   0.00000   0.17747   0.12591   0.04459   0.00000   0.11222   0.03278   0.05587   0.01148   0.04929   0.01849   7.40353   1.67034   1.11305   1.86092   0.71401  
 37  0.0439   1774.695544  x:  0.24015   0.00000   0.21323   0.13714   0.04168   0.02408   0.06600   0.02051   0.00000   0.01181   0.04973   0.02460   0.00000   0.17755   0.12651   0.04492   0.00000   0.11162   0.03243   0.05581   0.01191   0.04972   0.01859   7.41327   1.66941   1.11339   1.86129   0.71665  
 38  0.0097   1774.694856  x:  0.24066   0.00000   0.21314   0.13695   0.04162   0.02412   0.06600   0.02049   0.00000   0.01188   0.04956   0.02472   0.00000   0.17740   0.12603   0.04484   0.00000   0.11176   0.03245   0.05578   0.01212   0.04975   0.01856   7.42120   1.66837   1.11267   1.86102   0.71682  
 39  0.0083   1774.694803  x:  0.24050   0.00000   0.21319   0.13703   0.04158   0.02407   0.06593   0.02050   0.00000   0.01189   0.04954   0.02473   0.00000   0.17742   0.12612   0.04481   0.00000   0.11173   0.03247   0.05579   0.01215   0.04969   0.01857   7.42221   1.66836   1.11258   1.86106   0.71649  
 40  0.0013   1774.694798  x:  0.24054   0.00000   0.21317   0.13702   0.04160   0.02405   0.06595   0.02048   0.00000   0.01188   0.04956   0.02474   0.00000   0.17743   0.12611   0.04482   0.00000   0.11172   0.03246   0.05579   0.01215   0.04967   0.01857   7.42253   1.66840   1.11259   1.86102   0.71648  
 41  0.0004   1774.694798  x:  0.24053   0.00000   0.21317   0.13702   0.04160   0.02404   0.06595   0.02049   0.00000   0.01188   0.04955   0.02475   0.00000   0.17742   0.12612   0.04482   0.00000   0.11173   0.03246   0.05579   0.01215   0.04968   0.01857   7.42269   1.66841   1.11259   1.86100   0.71650  
 42  0.0002   1774.694798  x:  0.24053   0.00000   0.21318   0.13702   0.04160   0.02404   0.06595   0.02049   0.00000   0.01188   0.04955   0.02475   0.00000   0.17742   0.12611   0.04482   0.00000   0.11173   0.03246   0.05579   0.01215   0.04968   0.01857   7.42267   1.66840   1.11258   1.86099   0.71651  
 43  0.0000   1774.694798  x:  0.24053   0.00000   0.21318   0.13702   0.04160   0.02404   0.06595   0.02049   0.00000   0.01188   0.04955   0.02475   0.00000   0.17742   0.12611   0.04482   0.00000   0.11173   0.03246   0.05579   0.01215   0.04968   0.01857   7.42265   1.66840   1.11258   1.86099   0.71651  
 44  0.0000   1774.694798  x:  0.24053   0.00000   0.21318   0.13702   0.04160   0.02404   0.06595   0.02049   0.00000   0.01188   0.04955   0.02475   0.00000   0.17742   0.12611   0.04482   0.00000   0.11173   0.03246   0.05579   0.01215   0.04968   0.01857   7.42264   1.66840   1.11258   1.86099   0.71651  
 45  0.0000   1774.694798  x:  0.24053   0.00000   0.21318   0.13702   0.04160   0.02404   0.06595   0.02049   0.00000   0.01188   0.04955   0.02475   0.00000   0.17742   0.12611   0.04482   0.00000   0.11173   0.03246   0.05579   0.01215   0.04968   0.01857   7.42264   1.66840   1.11258   1.86099   0.71651  
 46  0.0000   1774.694798  x:  0.24053   0.00000   0.21318   0.13702   0.04160   0.02404   0.06595   0.02049   0.00000   0.01188   0.04955   0.02475   0.00000   0.17742   0.12611   0.04482   0.00000   0.11173   0.03246   0.05579   0.01215   0.04968   0.01857   7.42264   1.66840   1.11258   1.86099   0.71651  