

TREE # 1

  0  0.0000   2629.793666  x:  0.05517   0.00288   0.10335   0.01970   0.07042   0.08040   0.04637   0.05212   0.09326   0.05386   0.06745   0.11000   0.02216   0.02954   0.00000   0.07430   0.02577   0.09354   0.14482   0.08588   0.14722   0.11208   0.11200   0.07379   2.00000   1.74390   0.96072   1.23116   0.40000  
  1 99.0000   2599.466617  x:  0.06428   0.03550   0.11451   0.01889   0.06345   0.07291   0.04575   0.04905   0.09385   0.06162   0.06224   0.11875   0.02680   0.04590   0.19262   0.08515   0.02124   0.11352   0.15068   0.09506   0.15336   0.11783   0.12155   0.08290   2.00364   1.74336   0.96008   1.23289   0.41706  
  2 2896.0905   2537.570817  x:  0.10964   0.01472   0.17482   0.01562   0.02082   0.02722   0.04274   0.03258   0.09733   0.09723   0.03143   0.15765   0.03819   0.08453   0.18516   0.12057   0.00000   0.20640   0.18504   0.12907   0.17262   0.13695   0.16652   0.12826   2.02701   1.73995   0.95829   1.24178   0.51345  
  3 485.9305   2528.600867  x:  0.10269   0.03967   0.19202   0.03693   0.03313   0.02462   0.04734   0.05742   0.10024   0.08416   0.04596   0.17032   0.01205   0.07388   0.17963   0.12514   0.04752   0.23505   0.19464   0.13959   0.18290   0.13331   0.17998   0.12131   2.06434   1.73371   0.96027   1.25313   0.59691  
  4 217.5180   2520.313780  x:  0.08468   0.04120   0.19092   0.00769   0.03510   0.03978   0.04604   0.05496   0.10089   0.06419   0.04620   0.17050   0.01798   0.05668   0.18019   0.11152   0.03889   0.23603   0.18887   0.13689   0.18858   0.12718   0.18244   0.10330   2.12259   1.72358   0.96667   1.26919   0.68560  
  5 181.1172   2514.609730  x:  0.06762   0.03382   0.18135   0.03376   0.03361   0.04879   0.04367   0.04464   0.10029   0.05525   0.04572   0.16519   0.02880   0.04444   0.18265   0.09175   0.01243   0.22441   0.17686   0.13029   0.19210   0.12249   0.17910   0.08624   2.19794   1.71090   0.97538   1.28918   0.78012  
  6 410.0561   2508.025368  x:  0.07458   0.02592   0.15010   0.02964   0.03860   0.03645   0.04791   0.04911   0.09768   0.09244   0.05070   0.14835   0.01561   0.06421   0.18432   0.07402   0.00839   0.18309   0.15744   0.12385   0.18983   0.12531   0.15933   0.09321   2.31469   1.69347   0.98857   1.31753   0.87185  
  7 216.5565   2504.832135  x:  0.08886   0.02682   0.13794   0.03086   0.03128   0.02628   0.04322   0.04249   0.09646   0.07985   0.04422   0.13988   0.03677   0.06752   0.18407   0.08287   0.02873   0.15961   0.15335   0.12727   0.18608   0.12868   0.14801   0.10748   2.40954   1.68235   0.99832   1.33744   0.89561  
  8 152.7246   2495.460837  x:  0.10419   0.02456   0.14422   0.03308   0.02337   0.03981   0.04758   0.04418   0.09749   0.05667   0.03345   0.13774   0.00556   0.05803   0.18480   0.12765   0.01324   0.14222   0.16933   0.13481   0.16769   0.13339   0.13334   0.12281   2.70905   1.65428   1.02513   1.39412   0.89003  
  9 187.6557   2484.042960  x:  0.10237   0.03671   0.16024   0.03278   0.04039   0.04980   0.05308   0.05788   0.09959   0.07298   0.04612   0.14280   0.02639   0.04959   0.18180   0.16103   0.00000   0.14458   0.19368   0.13103   0.14909   0.13845   0.13437   0.12099   3.06862   1.62417   1.05473   1.45986   0.86693  
 10 739.0756   2472.438484  x:  0.06915   0.01301   0.16839   0.02944   0.02922   0.03655   0.03721   0.03218   0.09815   0.09567   0.04483   0.15229   0.02042   0.05247   0.18637   0.15915   0.03080   0.17404   0.21530   0.10322   0.14129   0.14054   0.15804   0.08777   3.53824   1.59348   1.08817   1.53902   0.81952  
 11 716.8390   2467.614527  x:  0.07068   0.03122   0.16335   0.02806   0.01758   0.01813   0.04658   0.04405   0.09659   0.08128   0.03681   0.16121   0.01630   0.06360   0.18298   0.12103   0.02485   0.19376   0.20658   0.08626   0.16290   0.13766   0.17808   0.08930   3.73228   1.59337   1.09370   1.56318   0.79306  
 12 316.1020   2464.646353  x:  0.08487   0.02724   0.15849   0.02965   0.03374   0.03395   0.04417   0.04237   0.09638   0.07178   0.03502   0.16813   0.01395   0.07484   0.18289   0.08470   0.02690   0.21340   0.19151   0.09094   0.19140   0.13544   0.19482   0.10349   3.87103   1.60301   1.09109   1.57398   0.77400  
 13 322.2292   2462.313700  x:  0.08657   0.02132   0.15846   0.02764   0.02848   0.02686   0.04040   0.04323   0.09798   0.07215   0.05431   0.16848   0.01230   0.06434   0.18368   0.06445   0.02350   0.22351   0.16431   0.13285   0.22443   0.12868   0.19866   0.10519   3.98069   1.62877   1.07743   1.56949   0.75827  
 14 146.3740   2461.267768  x:  0.08006   0.02873   0.16292   0.02843   0.02736   0.03216   0.04799   0.04102   0.09840   0.07901   0.03820   0.16546   0.01362   0.06655   0.18180   0.06176   0.02639   0.22677   0.15097   0.14999   0.23471   0.13096   0.19238   0.09868   4.03043   1.65576   1.06154   1.55568   0.75497  
 15 80.1725   2459.868775  x:  0.07638   0.02645   0.17079   0.02791   0.03517   0.02538   0.03417   0.04828   0.09771   0.07384   0.03351   0.15983   0.01409   0.07450   0.18196   0.06182   0.02334   0.23267   0.14684   0.14805   0.23056   0.13435   0.17747   0.09500   4.10128   1.71667   1.02518   1.51706   0.75801  
 16 69.8307   2458.231733  x:  0.07881   0.02102   0.17473   0.02753   0.02986   0.02802   0.04749   0.04318   0.09648   0.07018   0.04627   0.15536   0.01635   0.07844   0.18311   0.06234   0.02518   0.23919   0.14890   0.13514   0.21946   0.13218   0.16580   0.09743   4.19156   1.80046   0.97573   1.46139   0.76458  
 17 199.3328   2457.581687  x:  0.08285   0.02759   0.16776   0.02768   0.02573   0.03119   0.04078   0.03983   0.09679   0.07673   0.04479   0.15846   0.01505   0.06975   0.18240   0.06507   0.02495   0.23600   0.15273   0.12965   0.21435   0.12278   0.17435   0.10147   4.22658   1.83454   0.95772   1.43621   0.76797  
 18 91.9510   2457.365055  x:  0.08216   0.02343   0.16230   0.02772   0.02956   0.02813   0.04417   0.04179   0.09721   0.07614   0.04141   0.16173   0.01547   0.06804   0.18321   0.06825   0.02452   0.23134   0.15596   0.13080   0.21312   0.11997   0.18384   0.10078   4.23840   1.84610   0.95402   1.42571   0.76933  
 19 41.5250   2457.268080  x:  0.08055   0.02391   0.16103   0.02785   0.02757   0.03023   0.04308   0.04270   0.09711   0.07497   0.04321   0.16435   0.01549   0.07244   0.18286   0.06877   0.02409   0.22647   0.15886   0.13317   0.21304   0.12366   0.18968   0.09917   4.24373   1.85068   0.95607   1.41902   0.77019  
 20 17.4826   2457.157374  x:  0.08094   0.02588   0.16474   0.02752   0.02999   0.02796   0.04350   0.03859   0.09695   0.07480   0.04372   0.16561   0.01412   0.07053   0.18261   0.06567   0.02364   0.22207   0.16233   0.13429   0.21350   0.12906   0.19171   0.09956   4.24956   1.85395   0.96458   1.40929   0.77131  
 21 11.9096   2456.984071  x:  0.08230   0.02262   0.16891   0.02772   0.02749   0.02925   0.04364   0.04296   0.09683   0.07676   0.04165   0.16519   0.01462   0.06520   0.18351   0.06159   0.02509   0.21968   0.16592   0.13363   0.21552   0.13421   0.19149   0.10092   4.25851   1.85758   0.98075   1.39378   0.77310  
 22 25.6881   2456.522559  x:  0.08199   0.02403   0.16179   0.02780   0.02841   0.02936   0.04341   0.04152   0.09852   0.07684   0.04326   0.16116   0.01515   0.06861   0.18262   0.07185   0.02351   0.23009   0.16378   0.12960   0.22580   0.13011   0.18554   0.10061   4.28153   1.86260   1.02379   1.35742   0.77841  
 23 21.6025   2455.911761  x:  0.08300   0.02346   0.17327   0.02784   0.02785   0.02958   0.04371   0.04162   0.09538   0.07539   0.04246   0.17014   0.01614   0.07884   0.18232   0.06842   0.02429   0.23153   0.15170   0.13598   0.20736   0.10878   0.18430   0.10162   4.30780   1.86055   1.04314   1.34294   0.78443  
 24 10.3659   2451.893228  x:  0.09123   0.02508   0.15921   0.02699   0.02551   0.02795   0.04457   0.04170   0.12172   0.07301   0.03917   0.16436   0.01526   0.07377   0.17975   0.06559   0.02021   0.26743   0.12363   0.15693   0.14743   0.13785   0.19946   0.10985   4.46959   1.83581   1.04712   1.33740   0.82292  
 25 18.0102   2430.926047  x:  0.11347   0.01579   0.17912   0.02308   0.01704   0.02388   0.04413   0.03483   0.04951   0.07948   0.02363   0.16730   0.01679   0.08016   0.16966   0.09357   0.00000   0.30231   0.17086   0.18714   0.15413   0.15523   0.19831   0.13209   5.18869   1.72460   0.98620   1.36900   0.99420  
 26 132.5099   2421.159495  x:  0.12686   0.00385   0.21895   0.02071   0.00807   0.02100   0.04273   0.02837   0.11351   0.08517   0.01361   0.18334   0.01880   0.09631   0.16410   0.11373   0.00000   0.29706   0.20794   0.18828   0.18855   0.14454   0.18864   0.14548   5.65733   1.65364   0.94149   1.39443   1.10525  
 27 687.8950   2420.279789  x:  0.12928   0.00000   0.23786   0.02024   0.00832   0.02113   0.04203   0.02855   0.11208   0.08695   0.01672   0.18856   0.01772   0.09282   0.16401   0.13266   0.00000   0.28833   0.17829   0.16846   0.19908   0.15423   0.20273   0.14790   5.69383   1.65232   0.93927   1.39997   1.11423  
 28 42.5576   2418.517514  x:  0.13103   0.00015   0.22646   0.01908   0.01124   0.01987   0.04207   0.02945   0.11393   0.09059   0.01985   0.23392   0.01748   0.08768   0.16210   0.13674   0.00000   0.29245   0.18512   0.16705   0.19762   0.16392   0.18589   0.14965   5.78622   1.83023   1.04120   1.56182   1.13780  
 29  4.1146   2417.105330  x:  0.13366   0.00405   0.24059   0.01831   0.01334   0.01984   0.04219   0.03031   0.11762   0.09087   0.02282   0.19077   0.01516   0.09453   0.16008   0.13788   0.00000   0.29300   0.19882   0.17050   0.19490   0.15237   0.20767   0.15228   5.85983   1.95956   1.11649   1.68042   1.15663  
 30 70.1095   2412.902925  x:  0.13667   0.01355   0.24972   0.01479   0.02641   0.01897   0.04163   0.03785   0.12650   0.09713   0.03506   0.19752   0.01349   0.10349   0.15215   0.13570   0.00000   0.31082   0.21616   0.18411   0.20560   0.14770   0.19612   0.15529   6.26796   1.63607   0.94321   1.43512   1.22630  
 31  3.3522   2403.962790  x:  0.13963   0.01418   0.24711   0.00755   0.01629   0.03618   0.04420   0.04153   0.10106   0.10901   0.03941   0.22132   0.01612   0.10462   0.12023   0.13186   0.00000   0.38774   0.19708   0.17797   0.23177   0.14413   0.23624   0.15823   8.13834   1.89835   1.10389   1.63100   1.55957  
 32  1.0647   2400.420230  x:  0.13150   0.00000   0.24000   0.02130   0.02881   0.02524   0.04473   0.03373   0.09249   0.10177   0.03552   0.20898   0.02144   0.10184   0.10526   0.11227   0.00000   0.40930   0.19089   0.17721   0.22591   0.13273   0.23819   0.15011   8.98084   1.79784   1.03210   1.51249   1.69813  
 33  0.6152   2398.342803  x:  0.12117   0.01049   0.24931   0.01992   0.02202   0.01837   0.04272   0.04089   0.09217   0.09595   0.03517   0.21244   0.02351   0.08591   0.08247   0.11045   0.00000   0.39464   0.17189   0.17047   0.20780   0.14445   0.22732   0.13978   9.72476   1.71329   0.97274   1.46960   1.80538  
 34  0.4044   2397.140647  x:  0.11462   0.00703   0.24137   0.01577   0.01589   0.02632   0.04277   0.04057   0.09986   0.09302   0.03825   0.20461   0.02266   0.08604   0.06617   0.10012   0.00000   0.37697   0.19055   0.18232   0.20045   0.14308   0.21201   0.13321  10.17435   1.75834   1.00337   1.53072   1.86030  
 35  0.3382   2396.480774  x:  0.11575   0.00510   0.24569   0.01339   0.02167   0.02780   0.04362   0.03760   0.10376   0.09318   0.03012   0.20163   0.02000   0.08682   0.05560   0.11055   0.00000   0.35588   0.18351   0.17909   0.21139   0.14777   0.21513   0.13435  10.36926   1.80294   1.02792   1.56448   1.86840  
 36  0.2035   2395.943198  x:  0.12135   0.00414   0.23450   0.01664   0.01906   0.02244   0.04345   0.03464   0.10439   0.09317   0.03360   0.20636   0.01803   0.09077   0.04542   0.11565   0.00000   0.33815   0.18748   0.18652   0.22241   0.14678   0.21509   0.13995  10.38947   1.81931   1.03269   1.55874   1.81699  
 37  0.0329   2395.611406  x:  0.12506   0.00626   0.23038   0.01818   0.01941   0.02540   0.04351   0.04063   0.09945   0.09579   0.03294   0.20644   0.01747   0.09108   0.04153   0.11943   0.00000   0.33762   0.17842   0.18587   0.22003   0.14660   0.21838   0.14366  10.19807   1.77317   1.00643   1.52782   1.71831  
 38  0.1067   2395.422775  x:  0.12426   0.00415   0.22734   0.01567   0.02078   0.02379   0.04373   0.03841   0.09746   0.09517   0.03376   0.20166   0.01866   0.09061   0.03883   0.11284   0.00000   0.34646   0.17951   0.18695   0.21531   0.14385   0.21710   0.14287  10.11189   1.76609   1.00314   1.53337   1.65014  
 39  0.0695   2395.360502  x:  0.12306   0.00611   0.23258   0.01547   0.02021   0.02460   0.04357   0.03649   0.09852   0.09491   0.03378   0.20326   0.01917   0.08947   0.03743   0.11222   0.00000   0.35060   0.17828   0.18468   0.21629   0.14551   0.21712   0.14166  10.11116   1.78750   1.01429   1.54845   1.63075  
 40  0.0310   2395.343486  x:  0.12211   0.00483   0.23529   0.01590   0.02033   0.02442   0.04348   0.03777   0.09983   0.09507   0.03369   0.20513   0.01925   0.08956   0.03772   0.11187   0.00000   0.35323   0.17954   0.18491   0.21778   0.14612   0.21709   0.14071  10.12271   1.79409   1.01821   1.55095   1.62655  
 41  0.0131   2395.340282  x:  0.12155   0.00474   0.23589   0.01597   0.02021   0.02434   0.04346   0.03757   0.10016   0.09502   0.03368   0.20540   0.01917   0.08981   0.03697   0.11189   0.00000   0.35369   0.17895   0.18557   0.21861   0.14587   0.21748   0.14016  10.14890   1.78538   1.01348   1.54489   1.62443  
 42  0.0200   2395.339471  x:  0.12148   0.00477   0.23597   0.01595   0.02010   0.02434   0.04346   0.03746   0.10012   0.09507   0.03363   0.20524   0.01911   0.08998   0.03753   0.11209   0.00000   0.35440   0.17865   0.18591   0.21873   0.14560   0.21789   0.14009  10.14754   1.78451   1.01294   1.54434   1.62272  
 43  0.0019   2395.338494  x:  0.12139   0.00479   0.23573   0.01587   0.01997   0.02437   0.04345   0.03755   0.10012   0.09505   0.03343   0.20494   0.01903   0.08996   0.03733   0.11244   0.00000   0.35449   0.17856   0.18632   0.21836   0.14547   0.21793   0.14000  10.18362   1.78735   1.01421   1.54657   1.62388  
 44  0.0144   2395.337100  x:  0.12163   0.00488   0.23515   0.01599   0.02016   0.02441   0.04345   0.03750   0.10012   0.09499   0.03347   0.20531   0.01907   0.08990   0.03764   0.11229   0.00000   0.35454   0.17891   0.18613   0.21829   0.14562   0.21736   0.14024  10.22367   1.78598   1.01381   1.54541   1.62023  
 45  0.0118   2395.336738  x:  0.12163   0.00485   0.23562   0.01595   0.02013   0.02433   0.04346   0.03754   0.10016   0.09500   0.03357   0.20504   0.01909   0.08990   0.03784   0.11224   0.00000   0.35386   0.17900   0.18563   0.21836   0.14565   0.21748   0.14024  10.23827   1.78604   1.01353   1.54583   1.62119  
 46  0.0082   2395.336707  x:  0.12165   0.00482   0.23563   0.01594   0.02012   0.02436   0.04346   0.03753   0.10011   0.09504   0.03358   0.20511   0.01909   0.08990   0.03783   0.11225   0.00000   0.35367   0.17902   0.18560   0.21834   0.14569   0.21759   0.14026  10.23810   1.78615   1.01364   1.54591   1.62045  
 47  0.0007   2395.336705  x:  0.12164   0.00482   0.23564   0.01593   0.02012   0.02436   0.04346   0.03753   0.10010   0.09505   0.03358   0.20514   0.01910   0.08989   0.03784   0.11224   0.00000   0.35365   0.17905   0.18563   0.21831   0.14569   0.21760   0.14024  10.23843   1.78611   1.01363   1.54587   1.62061  
 48  0.0003   2395.336705  x:  0.12164   0.00482   0.23564   0.01594   0.02012   0.02436   0.04346   0.03753   0.10010   0.09505   0.03358   0.20513   0.01910   0.08989   0.03784   0.11224   0.00000   0.35365   0.17905   0.18563   0.21831   0.14569   0.21761   0.14024  10.23835   1.78612   1.01364   1.54588   1.62057  
 49  0.0001   2395.336705  x:  0.12164   0.00482   0.23564   0.01594   0.02012   0.02436   0.04346   0.03753   0.10010   0.09505   0.03358   0.20513   0.01910   0.08989   0.03784   0.11224   0.00000   0.35364   0.17905   0.18563   0.21832   0.14569   0.21760   0.14024  10.23835   1.78612   1.01364   1.54588   1.62058  
 50  0.0000   2395.336705  x:  0.12164   0.00482   0.23564   0.01594   0.02012   0.02436   0.04346   0.03753   0.10010   0.09505   0.03358   0.20513   0.01910   0.08989   0.03784   0.11224   0.00000   0.35364   0.17905   0.18563   0.21831   0.14569   0.21760   0.14024  10.23835   1.78612   1.01364   1.54588   1.62058  
 51  0.0000   2395.336705  x:  0.12164   0.00482   0.23564   0.01594   0.02012   0.02436   0.04346   0.03753   0.10010   0.09505   0.03358   0.20513   0.01910   0.08989   0.03784   0.11224   0.00000   0.35364   0.17905   0.18563   0.21831   0.14569   0.21760   0.14024  10.23835   1.78612   1.01364   1.54588   1.62058  
 52  0.0000   2395.336705  x:  0.12164   0.00482   0.23564   0.01594   0.02012   0.02436   0.04346   0.03753   0.10010   0.09505   0.03358   0.20513   0.01910   0.08989   0.03784   0.11224   0.00000   0.35364   0.17905   0.18563   0.21831   0.14569   0.21760   0.14024  10.23835   1.78612   1.01364   1.54588   1.62058  