

TREE # 1

  0  0.0000   2076.467685  x:  0.09302   0.00418   0.11052   0.00306   0.05240   0.03468   0.05735   0.05456   0.07546   0.10736   0.05866   0.17085   0.00000   0.07036   0.01297   0.04088   0.00983   0.07084   0.04700   0.08694   0.16515   0.05521   0.12766   0.11164   2.00000   1.59167   0.95906   1.31150   0.40000  
  1 99.0000   2069.239391  x:  0.09367   0.00426   0.11373   0.01679   0.05322   0.03106   0.05882   0.05327   0.07546   0.10791   0.05649   0.17126   0.04525   0.07529   0.02311   0.04079   0.00487   0.07255   0.04529   0.08740   0.16524   0.05239   0.12791   0.11229   2.00107   1.59141   0.95930   1.31190   0.40379  
  2 1328.0836   2066.246052  x:  0.09417   0.00308   0.11669   0.01778   0.05371   0.02766   0.06025   0.05194   0.07537   0.10823   0.05409   0.17152   0.04429   0.07865   0.02759   0.04057   0.00000   0.07413   0.04374   0.08782   0.16529   0.04940   0.12760   0.11279   2.00211   1.59113   0.95958   1.31228   0.40739  
  3 305.8069   2060.225780  x:  0.09718   0.00847   0.13642   0.01770   0.05737   0.00900   0.06648   0.04435   0.07488   0.10911   0.03654   0.17379   0.04523   0.09461   0.01262   0.03922   0.00000   0.08305   0.03783   0.08999   0.16491   0.02605   0.12411   0.11580   2.01118   1.58883   0.96183   1.31542   0.43516  
  4 329.4285   2057.862418  x:  0.09852   0.01753   0.14955   0.01134   0.06053   0.02373   0.06623   0.04249   0.07492   0.10777   0.02329   0.17531   0.04646   0.09783   0.01391   0.04279   0.00000   0.08616   0.03909   0.09070   0.16391   0.01168   0.11963   0.11714   2.02193   1.58639   0.96424   1.31892   0.46220  
  5 194.1943   2055.124540  x:  0.09842   0.03410   0.16889   0.02495   0.06682   0.02680   0.05907   0.04611   0.07529   0.10205   0.01687   0.17683   0.04206   0.09217   0.01489   0.05435   0.00000   0.08532   0.04666   0.09006   0.15992   0.02537   0.10798   0.11704   2.05050   1.58044   0.97026   1.32770   0.52291  
  6 153.8543   2052.941536  x:  0.09587   0.03566   0.17325   0.01114   0.06741   0.01984   0.05595   0.05044   0.07493   0.09621   0.03439   0.17563   0.04545   0.08305   0.01837   0.05395   0.00000   0.07945   0.04886   0.08791   0.15710   0.02677   0.10185   0.11449   2.08275   1.57439   0.97700   1.33667   0.57597  
  7 160.8508   2051.033791  x:  0.09122   0.01901   0.15912   0.02090   0.06140   0.02610   0.05881   0.05344   0.07463   0.09559   0.04279   0.17116   0.04394   0.07626   0.01382   0.04298   0.00000   0.07158   0.04619   0.08552   0.15571   0.02037   0.10408   0.10984   2.12685   1.56745   0.98563   1.34760   0.62660  
  8 141.8113   2049.470886  x:  0.08878   0.01014   0.13488   0.01356   0.05450   0.02526   0.05973   0.05129   0.07466   0.10045   0.03038   0.16733   0.04627   0.07786   0.01230   0.03844   0.00000   0.07143   0.04698   0.08623   0.15614   0.03056   0.11197   0.10740   2.17511   1.56144   0.99401   1.35836   0.66167  
  9 139.9969   2048.226482  x:  0.09053   0.02535   0.11032   0.01674   0.05591   0.02121   0.05829   0.04765   0.07550   0.10645   0.03195   0.16547   0.04435   0.07710   0.01622   0.03906   0.00000   0.07544   0.04940   0.08895   0.15966   0.02448   0.12308   0.10915   2.23620   1.55628   1.00313   1.37012   0.67798  
 10 102.1795   2044.476491  x:  0.10266   0.02127   0.11191   0.01619   0.06353   0.03303   0.06597   0.04739   0.07679   0.11862   0.05346   0.16859   0.04385   0.09891   0.00941   0.06150   0.00000   0.08610   0.03918   0.09587   0.17131   0.03270   0.14155   0.12128   2.49292   1.54269   1.03582   1.41378   0.68031  
 11 107.3662   2033.370008  x:  0.11109   0.01269   0.15795   0.01540   0.03941   0.02045   0.04933   0.05860   0.07523   0.12444   0.03305   0.18109   0.04419   0.06707   0.01486   0.05442   0.00000   0.07274   0.04511   0.08437   0.18794   0.02472   0.14987   0.12971   3.26287   1.51236   1.12647   1.53693   0.64227  
 12 426.6486   2029.266236  x:  0.09699   0.01423   0.16203   0.01383   0.07283   0.02067   0.06379   0.05111   0.07539   0.10603   0.02572   0.18278   0.04445   0.07076   0.01686   0.02869   0.00000   0.06965   0.05450   0.08146   0.17702   0.02898   0.12522   0.11562   3.55263   1.51111   1.15179   1.57760   0.62437  
 13 435.1037   2027.689030  x:  0.08528   0.01242   0.15482   0.01524   0.06679   0.01956   0.05673   0.04552   0.07450   0.08907   0.02547   0.17876   0.04429   0.07982   0.01674   0.03880   0.00000   0.07340   0.05397   0.08886   0.16119   0.02318   0.10138   0.10391   3.66271   1.52195   1.15170   1.58680   0.61780  
 14 180.3195   2026.857763  x:  0.08790   0.02007   0.15375   0.01505   0.05717   0.02070   0.06514   0.05238   0.07483   0.09281   0.02615   0.17187   0.04403   0.08174   0.01770   0.03450   0.00000   0.07619   0.04538   0.08815   0.14323   0.02506   0.09165   0.10652   3.72555   1.54919   1.13281   1.58081   0.61899  
 15 62.1601   2025.129728  x:  0.09209   0.01275   0.15604   0.01425   0.06835   0.01875   0.05561   0.04529   0.07603   0.10264   0.02487   0.15769   0.04426   0.07709   0.01754   0.03893   0.00000   0.07197   0.04610   0.08206   0.12232   0.02169   0.09739   0.11071   3.86022   1.63250   1.07005   1.55316   0.62827  
 16 98.6475   2023.511492  x:  0.08675   0.01281   0.15912   0.01454   0.06310   0.01820   0.06067   0.05075   0.07334   0.09150   0.02539   0.16035   0.04376   0.08103   0.01792   0.03631   0.00000   0.07354   0.05625   0.08490   0.14586   0.02154   0.10543   0.10537   3.99097   1.72230   1.00183   1.51854   0.64088  
 17 144.9887   2023.309862  x:  0.08709   0.01329   0.15745   0.01437   0.06377   0.01879   0.05895   0.04618   0.07421   0.09276   0.02510   0.16778   0.04386   0.07828   0.01790   0.03538   0.00000   0.07221   0.04790   0.08545   0.15263   0.02285   0.10058   0.10572   4.00671   1.73352   0.99584   1.51108   0.64299  
 18 36.8003   2023.236000  x:  0.08773   0.01142   0.15522   0.01431   0.06540   0.01807   0.05935   0.04984   0.07451   0.09439   0.02446   0.17431   0.04393   0.07767   0.01786   0.03733   0.00000   0.07358   0.04873   0.08332   0.15258   0.02162   0.09818   0.10636   4.01239   1.73736   0.99851   1.50324   0.64402  
 19 11.5963   2023.093969  x:  0.08859   0.01153   0.15540   0.01467   0.06315   0.01883   0.05740   0.04778   0.07366   0.09433   0.02613   0.18338   0.04366   0.08118   0.01795   0.03456   0.00000   0.07317   0.05152   0.08235   0.14860   0.02222   0.10035   0.10721   4.02280   1.74355   1.00970   1.48245   0.64639  
 20 17.1050   2022.926365  x:  0.08783   0.01151   0.15645   0.01462   0.06290   0.01842   0.06254   0.04585   0.07390   0.09240   0.02535   0.18442   0.04369   0.07799   0.01817   0.03725   0.00000   0.07141   0.05059   0.08654   0.14644   0.02230   0.10408   0.10645   4.03477   1.74953   1.02486   1.45613   0.64885  
 21 32.4763   2022.727046  x:  0.08719   0.01146   0.15776   0.01444   0.06512   0.01855   0.05859   0.04955   0.07558   0.09241   0.02485   0.17479   0.04369   0.07849   0.01824   0.03509   0.00000   0.07513   0.04701   0.08794   0.15057   0.02271   0.10377   0.10582   4.04826   1.75428   1.04197   1.42624   0.65164  
 22 33.2653   2022.632835  x:  0.08809   0.01175   0.15757   0.01454   0.06403   0.01850   0.06020   0.04726   0.07437   0.09471   0.02529   0.16912   0.04363   0.08030   0.01832   0.03650   0.00000   0.07295   0.04894   0.08360   0.15448   0.02249   0.09991   0.10671   4.05403   1.75425   1.04691   1.41546   0.65277  
 23 18.1113   2021.371222  x:  0.10256   0.00000   0.15866   0.01577   0.06246   0.01821   0.06347   0.03909   0.07426   0.09746   0.02809   0.16690   0.04310   0.07755   0.01952   0.03158   0.00000   0.08495   0.05795   0.10066   0.15603   0.02116   0.09072   0.12119   4.12208   1.68926   1.00983   1.37002   0.66903  
 24  4.5735   2016.716734  x:  0.10984   0.00000   0.16357   0.01759   0.06741   0.01310   0.06535   0.04768   0.07530   0.10077   0.02511   0.17089   0.03922   0.10590   0.02634   0.03653   0.00000   0.06716   0.03557   0.10848   0.15196   0.01343   0.10035   0.12847   4.36332   1.45483   0.87240   1.21777   0.72477  
 25 178.1937   2015.604757  x:  0.10064   0.00000   0.16899   0.01844   0.06446   0.01379   0.07007   0.03957   0.07526   0.10474   0.02792   0.17298   0.03840   0.10394   0.02771   0.03977   0.00000   0.08620   0.02761   0.09349   0.14952   0.01363   0.10818   0.11928   4.42187   1.40110   0.84110   1.18464   0.73872  
 26 153.7916   2015.285605  x:  0.09343   0.00000   0.17257   0.01850   0.06291   0.01360   0.07088   0.03904   0.08385   0.11841   0.02985   0.17422   0.03807   0.10653   0.02830   0.03948   0.00000   0.08517   0.03058   0.09948   0.15039   0.01298   0.10706   0.11207   4.43387   1.41257   0.84962   1.19871   0.74261  
 27  9.7524   2014.476419  x:  0.09330   0.01698   0.17462   0.01904   0.06396   0.01291   0.07165   0.03874   0.07474   0.12216   0.03006   0.17481   0.03727   0.10975   0.02967   0.03969   0.00000   0.08666   0.02691   0.10262   0.15203   0.01192   0.10825   0.11194   4.46927   1.46160   0.88556   1.25389   0.75495  
 28 36.5178   2011.839632  x:  0.09585   0.00000   0.17910   0.02050   0.06580   0.01101   0.07433   0.03691   0.06071   0.12629   0.03022   0.17604   0.03517   0.11844   0.03319   0.04054   0.00000   0.09061   0.01733   0.10732   0.15638   0.00916   0.11190   0.11449   4.56222   1.58988   0.97962   1.39830   0.78733  
 29 306.1930   2011.169661  x:  0.10225   0.00089   0.17876   0.02100   0.06411   0.01021   0.07674   0.03400   0.08020   0.11625   0.02962   0.17582   0.03453   0.12174   0.03412   0.04141   0.00000   0.09167   0.01509   0.10135   0.15779   0.00833   0.11399   0.12090   4.59013   1.62662   1.00664   1.43993   0.79698  
 30 120.9984   2009.960088  x:  0.10395   0.00000   0.18083   0.02105   0.06418   0.00997   0.07773   0.03374   0.08032   0.11380   0.02808   0.17639   0.03373   0.12461   0.03503   0.04180   0.00000   0.09374   0.01965   0.09980   0.15833   0.00951   0.11528   0.12259   4.65968   1.64303   1.02221   1.46226   0.81074  
 31  0.7692   2006.370374  x:  0.10264   0.00164   0.19803   0.02103   0.06627   0.01691   0.07986   0.04690   0.07516   0.10387   0.01692   0.17882   0.02421   0.14818   0.04399   0.04494   0.00000   0.10233   0.02371   0.09114   0.16051   0.02007   0.11327   0.12129   5.53674   1.70355   1.08792   1.52741   0.94689  
 32  0.7950   2005.224563  x:  0.09960   0.00104   0.20077   0.02099   0.06539   0.01018   0.07709   0.04299   0.07215   0.10220   0.02418   0.18090   0.01918   0.14967   0.04735   0.04531   0.00000   0.10072   0.03101   0.08876   0.15980   0.01089   0.11143   0.11825   5.95949   1.69953   1.08486   1.51849   0.99853  
 33  0.4396   2004.808627  x:  0.10195   0.00020   0.19787   0.01886   0.06460   0.01283   0.07302   0.03704   0.07470   0.10881   0.02389   0.18116   0.01575   0.14496   0.04830   0.04379   0.00000   0.09426   0.03273   0.09602   0.16086   0.01474   0.11258   0.12061   6.25222   1.68266   1.06490   1.49785   1.01715  
 34  0.2077   2004.649948  x:  0.10277   0.00300   0.19308   0.01751   0.06431   0.01136   0.07202   0.04008   0.07601   0.10724   0.02143   0.17930   0.01356   0.13818   0.04830   0.04311   0.00000   0.09320   0.03332   0.09381   0.16030   0.01422   0.11445   0.12143   6.41751   1.67352   1.05556   1.48812   1.02011  
 35  0.1403   2004.598827  x:  0.10324   0.00180   0.19059   0.01749   0.06461   0.01244   0.07299   0.04185   0.07629   0.10633   0.02355   0.17923   0.01271   0.13468   0.04798   0.04370   0.00000   0.09409   0.03270   0.09227   0.16044   0.01420   0.11562   0.12189   6.46219   1.67881   1.06019   1.49561   1.01391  
 36  0.0540   2004.571653  x:  0.10242   0.00125   0.19012   0.01736   0.06461   0.01164   0.07400   0.04044   0.07503   0.10686   0.02306   0.18056   0.01245   0.13259   0.04742   0.04392   0.00000   0.09527   0.03135   0.09219   0.16075   0.01471   0.11574   0.12107   6.47716   1.68357   1.06650   1.50389   1.00283  
 37  0.0167   2004.564594  x:  0.10243   0.00199   0.19066   0.01748   0.06463   0.01202   0.07406   0.04019   0.07492   0.10710   0.02332   0.18075   0.01236   0.13305   0.04713   0.04396   0.00000   0.09537   0.03092   0.09301   0.16087   0.01450   0.11548   0.12109   6.48490   1.68531   1.06801   1.50709   0.99741  
 38  0.0100   2004.559808  x:  0.10258   0.00150   0.19153   0.01743   0.06458   0.01199   0.07362   0.04051   0.07543   0.10701   0.02301   0.18037   0.01222   0.13428   0.04681   0.04381   0.00000   0.09506   0.03064   0.09345   0.16081   0.01425   0.11520   0.12123   6.50855   1.68612   1.06753   1.50774   0.99335  
 39  0.0165   2004.558101  x:  0.10261   0.00157   0.19162   0.01729   0.06457   0.01190   0.07352   0.04048   0.07540   0.10681   0.02324   0.18044   0.01220   0.13484   0.04652   0.04387   0.00000   0.09497   0.03063   0.09268   0.16073   0.01450   0.11552   0.12126   6.52757   1.68472   1.06636   1.50560   0.99269  
 40  0.0123   2004.557357  x:  0.10259   0.00153   0.19140   0.01738   0.06460   0.01196   0.07372   0.04044   0.07518   0.10699   0.02316   0.18072   0.01223   0.13497   0.04624   0.04387   0.00000   0.09506   0.03084   0.09270   0.16073   0.01434   0.11575   0.12124   6.53898   1.68319   1.06590   1.50498   0.99307  
 41  0.0054   2004.557068  x:  0.10259   0.00154   0.19128   0.01741   0.06462   0.01191   0.07380   0.04052   0.07526   0.10703   0.02320   0.18057   0.01231   0.13491   0.04603   0.04387   0.00000   0.09510   0.03088   0.09296   0.16082   0.01448   0.11567   0.12124   6.54116   1.68397   1.06621   1.50562   0.99337  
 42  0.0016   2004.556993  x:  0.10258   0.00155   0.19129   0.01743   0.06460   0.01194   0.07376   0.04044   0.07531   0.10690   0.02316   0.18047   0.01231   0.13482   0.04595   0.04386   0.00000   0.09509   0.03089   0.09287   0.16081   0.01448   0.11559   0.12123   6.54259   1.68466   1.06656   1.50606   0.99384  
 43  0.0013   2004.556960  x:  0.10260   0.00155   0.19139   0.01742   0.06460   0.01193   0.07371   0.04047   0.07530   0.10697   0.02318   0.18054   0.01229   0.13478   0.04591   0.04388   0.00000   0.09507   0.03086   0.09286   0.16077   0.01447   0.11558   0.12126   6.54245   1.68462   1.06671   1.50615   0.99431  
 44  0.0003   2004.556953  x:  0.10259   0.00155   0.19141   0.01742   0.06460   0.01193   0.07373   0.04047   0.07529   0.10695   0.02317   0.18054   0.01230   0.13478   0.04588   0.04388   0.00000   0.09507   0.03084   0.09287   0.16078   0.01447   0.11561   0.12125   6.54134   1.68456   1.06657   1.50605   0.99434  
 45  0.0006   2004.556952  x:  0.10259   0.00155   0.19139   0.01741   0.06460   0.01193   0.07374   0.04047   0.07530   0.10695   0.02317   0.18053   0.01228   0.13479   0.04588   0.04387   0.00000   0.09507   0.03084   0.09288   0.16079   0.01447   0.11561   0.12125   6.54124   1.68449   1.06653   1.50597   0.99442  
 46  0.0001   2004.556951  x:  0.10259   0.00155   0.19138   0.01741   0.06460   0.01193   0.07374   0.04047   0.07530   0.10695   0.02317   0.18053   0.01228   0.13481   0.04587   0.04387   0.00000   0.09508   0.03084   0.09287   0.16078   0.01447   0.11561   0.12125   6.54067   1.68453   1.06657   1.50600   0.99438  
 47  0.0003   2004.556951  x:  0.10259   0.00155   0.19138   0.01741   0.06460   0.01193   0.07373   0.04047   0.07529   0.10695   0.02317   0.18053   0.01228   0.13480   0.04587   0.04387   0.00000   0.09508   0.03084   0.09287   0.16078   0.01447   0.11561   0.12125   6.54060   1.68453   1.06656   1.50601   0.99436  
 48  0.0000   2004.556951  x:  0.10259   0.00155   0.19139   0.01741   0.06460   0.01193   0.07373   0.04047   0.07529   0.10695   0.02317   0.18053   0.01228   0.13480   0.04587   0.04387   0.00000   0.09508   0.03084   0.09287   0.16078   0.01447   0.11561   0.12125   6.54056   1.68453   1.06656   1.50601   0.99436  
 49  0.0000   2004.556951  x:  0.10259   0.00155   0.19139   0.01741   0.06460   0.01193   0.07373   0.04047   0.07529   0.10695   0.02317   0.18053   0.01228   0.13480   0.04587   0.04387   0.00000   0.09508   0.03084   0.09287   0.16078   0.01447   0.11561   0.12125   6.54056   1.68453   1.06656   1.50601   0.99436  