

TREE # 1

  0  0.0000   2308.372171  x:  0.06486   0.00000   0.09039   0.01957   0.06115   0.07554   0.05348   0.04768   0.09444   0.07143   0.07537   0.16604   0.01850   0.08308   0.00707   0.07420   0.06683   0.04965   0.05348   0.05488   0.12917   0.06086   0.14312   0.08348   2.00000   1.82465   1.13153   1.65687   0.40000  
  1 99.0000   2279.449158  x:  0.09105   0.14388   0.12269   0.06087   0.03684   0.05946   0.06411   0.02975   0.09228   0.09929   0.05654   0.19692   0.03054   0.15970   0.05238   0.04986   0.05161   0.06960   0.02559   0.06149   0.14672   0.05776   0.17011   0.10967   2.01198   1.82339   1.12961   1.65933   0.43482  
  2 711.3022   2264.570083  x:  0.10132   0.12821   0.13892   0.04794   0.01318   0.04591   0.06869   0.02253   0.09005   0.11384   0.03846   0.22219   0.01319   0.19920   0.02955   0.02052   0.04107   0.07631   0.00536   0.06240   0.16423   0.04221   0.19328   0.11994   2.02923   1.82113   1.12903   1.66172   0.47492  
  3 272.1582   2260.698131  x:  0.10653   0.12130   0.14711   0.04312   0.00942   0.04058   0.07053   0.02185   0.08929   0.12095   0.03132   0.23507   0.00651   0.21954   0.02113   0.01090   0.03778   0.07957   0.02034   0.06289   0.17308   0.03564   0.20496   0.12515   2.03903   1.81989   1.12868   1.66307   0.49626  
  4 669.8839   2253.928233  x:  0.11827   0.09843   0.16589   0.03517   0.03466   0.03457   0.07298   0.02853   0.08873   0.13642   0.02470   0.26639   0.00097   0.26829   0.01469   0.03193   0.03569   0.08502   0.02441   0.06403   0.19425   0.02692   0.23315   0.13689   2.06705   1.81637   1.12788   1.66680   0.55220  
  5 444.6137   2247.890793  x:  0.12627   0.05859   0.18043   0.03684   0.03408   0.04401   0.07223   0.03030   0.08912   0.14573   0.04657   0.29643   0.01895   0.31400   0.04042   0.03122   0.04403   0.08499   0.02746   0.06379   0.21262   0.04422   0.25984   0.14489   2.10579   1.81151   1.12774   1.67135   0.61688  
  6 342.0635   2244.742357  x:  0.11816   0.04631   0.17461   0.07671   0.02787   0.05874   0.06363   0.02351   0.09292   0.13059   0.04147   0.30261   0.00000   0.32959   0.04309   0.03776   0.05168   0.07292   0.02853   0.06198   0.20575   0.04515   0.25820   0.13678   2.16354   1.80413   1.13108   1.67583   0.67091  
  7 105.2845   2241.946509  x:  0.10711   0.04441   0.16259   0.09669   0.02610   0.05842   0.06134   0.03518   0.09411   0.10993   0.03023   0.30017   0.02373   0.33641   0.03370   0.03578   0.04782   0.06642   0.02795   0.06136   0.19024   0.03720   0.24896   0.12573   2.24281   1.79430   1.13625   1.68143   0.72981  
  8 172.0191   2236.400083  x:  0.09349   0.05929   0.14122   0.08616   0.03690   0.03656   0.07092   0.02751   0.09076   0.09123   0.05484   0.28257   0.01775   0.32807   0.02614   0.03000   0.03499   0.08143   0.02738   0.06464   0.16049   0.04674   0.21847   0.11212   2.41971   1.77382   1.14718   1.69300   0.83412  
  9 199.7734   2230.092767  x:  0.09425   0.08233   0.12635   0.04267   0.03070   0.05720   0.07436   0.03054   0.08673   0.10485   0.04175   0.25280   0.00970   0.29703   0.03631   0.03242   0.05871   0.08699   0.02682   0.06490   0.14358   0.04606   0.18369   0.11288   2.64722   1.75002   1.15933   1.70693   0.93980  
 10 301.1727   2225.045631  x:  0.10983   0.08939   0.14105   0.04288   0.02501   0.04993   0.05906   0.01751   0.09318   0.12839   0.04184   0.22547   0.01648   0.24197   0.03854   0.03963   0.04056   0.06840   0.02877   0.05861   0.16880   0.04157   0.17943   0.12845   2.85729   1.73305   1.16713   1.71774   0.99149  
 11 204.2848   2223.035956  x:  0.11621   0.09298   0.15172   0.05146   0.02560   0.04577   0.06007   0.03945   0.09540   0.13572   0.04566   0.21712   0.00960   0.21504   0.03811   0.03372   0.03903   0.06671   0.02685   0.05988   0.18330   0.04506   0.18558   0.13483   2.96787   1.72613   1.16972   1.72273   1.00459  
 12 336.6172   2219.426334  x:  0.11686   0.09375   0.16821   0.06374   0.03549   0.04754   0.07647   0.02750   0.09536   0.12618   0.04114   0.22385   0.01634   0.18723   0.02748   0.02598   0.06254   0.08695   0.02502   0.07042   0.20063   0.04776   0.21650   0.13548   3.17161   1.71972   1.16994   1.72953   0.98716  
 13 194.4053   2211.769995  x:  0.10430   0.09018   0.17784   0.04834   0.01400   0.05521   0.08240   0.03094   0.08296   0.09525   0.03469   0.26227   0.00816   0.19547   0.04464   0.04669   0.04169   0.09766   0.02901   0.06532   0.20585   0.04399   0.27073   0.12292   3.60042   1.71585   1.16361   1.73975   0.89723  
 14 268.0924   2205.043698  x:  0.09882   0.08414   0.16957   0.04096   0.04196   0.06483   0.06084   0.02959   0.08451   0.10317   0.03836   0.29631   0.00347   0.23600   0.04989   0.02078   0.03735   0.07584   0.02512   0.05340   0.19452   0.03755   0.29780   0.11744   4.01362   1.71670   1.15432   1.74771   0.79347  
 15 543.7106   2200.903662  x:  0.10675   0.07362   0.15576   0.05017   0.02866   0.04696   0.05965   0.03254   0.09138   0.12987   0.04842   0.31089   0.00833   0.27798   0.03412   0.03236   0.05540   0.06411   0.02648   0.06363   0.18275   0.04231   0.29235   0.12537   4.27017   1.72172   1.14507   1.75117   0.72203  
 16 409.1013   2199.743642  x:  0.11550   0.06056   0.15351   0.06017   0.03058   0.05127   0.06983   0.03190   0.09611   0.13638   0.03895   0.30716   0.01023   0.29517   0.03664   0.03166   0.04513   0.07846   0.02664   0.06374   0.18504   0.04847   0.27280   0.13412   4.34233   1.72820   1.13875   1.75026   0.70012  
 17 114.6175   2199.295626  x:  0.11914   0.05656   0.16357   0.06156   0.03083   0.05066   0.06974   0.03227   0.09177   0.12693   0.04296   0.30102   0.01039   0.30628   0.03897   0.03055   0.04899   0.08173   0.02627   0.06309   0.19478   0.03909   0.25509   0.13776   4.37037   1.73733   1.13165   1.74741   0.69232  
 18 42.8067   2199.143539  x:  0.11825   0.05659   0.17040   0.05964   0.03152   0.04948   0.06858   0.03210   0.09042   0.12204   0.04009   0.29777   0.01043   0.31109   0.03730   0.03026   0.05011   0.07869   0.02620   0.06436   0.19969   0.04547   0.24861   0.13687   4.38057   1.74441   1.12663   1.74495   0.69057  
 19 31.0573   2199.049493  x:  0.11465   0.05764   0.17497   0.05907   0.03092   0.05358   0.07087   0.03211   0.09325   0.12390   0.04246   0.29457   0.01094   0.31296   0.03420   0.03079   0.04856   0.07777   0.02625   0.06493   0.20057   0.04550   0.24772   0.13327   4.38736   1.75582   1.11936   1.74070   0.69158  
 20 13.9599   2198.894756  x:  0.11013   0.05604   0.17734   0.05970   0.03091   0.04921   0.07027   0.03201   0.09462   0.12795   0.04021   0.28935   0.01063   0.31252   0.03803   0.03059   0.04980   0.07972   0.02619   0.06358   0.19805   0.04399   0.24998   0.12875   4.39897   1.78110   1.10443   1.73102   0.69523  
 21 21.9924   2198.731066  x:  0.11570   0.05647   0.17243   0.06004   0.03107   0.05131   0.06791   0.03196   0.08879   0.12611   0.04110   0.28787   0.01058   0.30983   0.03602   0.03043   0.04859   0.07971   0.02610   0.06519   0.19385   0.04468   0.25426   0.13432   4.41178   1.81147   1.08940   1.71915   0.70056  
 22 22.9851   2198.677536  x:  0.11778   0.05712   0.16925   0.05910   0.03118   0.05052   0.07107   0.03180   0.09225   0.12371   0.04115   0.29064   0.01026   0.30830   0.03632   0.03026   0.04929   0.07720   0.02604   0.06267   0.19481   0.04458   0.25395   0.13640   4.41620   1.82092   1.08787   1.71545   0.70241  
 23 12.3383   2198.576533  x:  0.11684   0.05795   0.16469   0.05822   0.03096   0.05050   0.06760   0.03217   0.09619   0.12373   0.04117   0.30014   0.01044   0.30484   0.03670   0.03002   0.04879   0.07893   0.02592   0.06691   0.20000   0.04407   0.24908   0.13546   4.42509   1.83574   1.09448   1.71007   0.70552  
 24  8.7758   2198.414198  x:  0.11450   0.05817   0.16402   0.05983   0.03070   0.05063   0.06868   0.03212   0.08942   0.12819   0.04148   0.31023   0.01154   0.30137   0.03468   0.03036   0.04913   0.07957   0.02588   0.06127   0.20306   0.04531   0.24283   0.13312   4.43942   1.85539   1.11097   1.70429   0.70976  
 25 17.6591   2198.073128  x:  0.11581   0.05390   0.17288   0.05997   0.03187   0.04978   0.07528   0.03108   0.08628   0.13006   0.04004   0.31204   0.01111   0.30072   0.03853   0.02926   0.04723   0.07336   0.02583   0.06897   0.19482   0.04291   0.24022   0.13443   4.47044   1.88996   1.15107   1.69975   0.71752  
 26 21.8582   2197.514399  x:  0.12088   0.05032   0.18429   0.05789   0.02975   0.05020   0.06725   0.03220   0.09604   0.12691   0.04095   0.30238   0.01113   0.30610   0.03524   0.03036   0.04895   0.08002   0.02560   0.06315   0.18391   0.04510   0.24391   0.13950   4.52105   1.94099   1.21310   1.70030   0.72967  
 27 59.2715   2196.740285  x:  0.11760   0.04728   0.16375   0.05580   0.02968   0.05019   0.06978   0.03173   0.09265   0.12654   0.04153   0.27141   0.00979   0.32135   0.03494   0.02979   0.04944   0.07936   0.02518   0.06467   0.20415   0.04484   0.25696   0.13622   4.58974   1.99582   1.27161   1.72899   0.74586  
 28 32.0203   2191.583889  x:  0.12785   0.00000   0.17262   0.04345   0.02137   0.04380   0.06720   0.02848   0.09382   0.13941   0.03938   0.28726   0.01042   0.31531   0.02612   0.02403   0.04482   0.07710   0.01907   0.06243   0.18738   0.04385   0.21019   0.14647   5.38708   2.43101   1.44822   2.47670   0.94573  
 29 25.5181   2191.583889  x:  0.12785   0.00000   0.17262   0.04345   0.02137   0.04380   0.06720   0.02848   0.09382   0.13941   0.03938   0.28726   0.01042   0.31531   0.02612   0.02403   0.04482   0.07710   0.01907   0.06243   0.18738   0.04385   0.21019   0.14647   5.38708   2.43101   1.44822   2.47670   0.94573  
 30  5.1972   2190.725370  x:  0.12078   0.00525   0.17128   0.03862   0.01932   0.04669   0.06609   0.02632   0.09145   0.13109   0.03659   0.28619   0.00725   0.30556   0.01555   0.02340   0.04278   0.07412   0.01545   0.06061   0.18718   0.04020   0.21426   0.13940   5.38888   2.42907   1.44876   2.47348   0.94527  
 31 68.0614   2189.808993  x:  0.10625   0.00469   0.16700   0.03452   0.02110   0.04968   0.06457   0.02646   0.08745   0.11421   0.03508   0.28301   0.00997   0.28326   0.01982   0.02588   0.04123   0.06973   0.02190   0.05839   0.18685   0.04001   0.22345   0.12487   5.39335   2.42432   1.44975   2.46572   0.94425  
 32 86.2878   2189.499098  x:  0.10194   0.00320   0.16488   0.03871   0.02151   0.04813   0.06500   0.02751   0.08713   0.10981   0.03765   0.28151   0.00947   0.27161   0.02199   0.02422   0.04238   0.07019   0.01622   0.05928   0.18671   0.04125   0.22737   0.12056   5.39619   2.42130   1.45008   2.46100   0.94362  
 33 67.0024   2189.290695  x:  0.10201   0.00514   0.16319   0.04264   0.02032   0.04512   0.06628   0.02738   0.08862   0.11105   0.03919   0.28035   0.00937   0.25830   0.01973   0.02307   0.04455   0.07334   0.01969   0.06129   0.18665   0.04143   0.23087   0.12062   5.40052   2.41673   1.45016   2.45409   0.94269  
 34 41.6026   2189.048586  x:  0.10579   0.00547   0.16100   0.03984   0.02099   0.04523   0.06705   0.02678   0.09093   0.11667   0.03646   0.27906   0.01119   0.24037   0.02040   0.02684   0.04378   0.07600   0.01773   0.06226   0.18669   0.04118   0.23481   0.12441   5.40835   2.40848   1.44997   2.44178   0.94113  
 35 48.1366   2188.945603  x:  0.10798   0.00385   0.16027   0.03800   0.02107   0.04705   0.06641   0.02758   0.09093   0.11889   0.03704   0.27892   0.00935   0.23444   0.02101   0.02337   0.04262   0.07460   0.01835   0.06095   0.18674   0.04131   0.23558   0.12660   5.41355   2.40303   1.44958   2.43374   0.94019  
 36 37.1694   2188.761890  x:  0.11113   0.00637   0.16067   0.03982   0.02010   0.04888   0.06417   0.02764   0.08871   0.11974   0.04067   0.28033   0.01292   0.23073   0.02111   0.02322   0.04273   0.06853   0.01807   0.05778   0.18706   0.04158   0.23530   0.12975   5.42811   2.38783   1.44773   2.41162   0.93782  
 37 33.8405   2188.191548  x:  0.11539   0.00275   0.16161   0.04413   0.02174   0.04730   0.06207   0.02681   0.08402   0.11762   0.04018   0.28502   0.00681   0.22946   0.01950   0.02995   0.04551   0.06168   0.01933   0.05712   0.18813   0.04184   0.23215   0.13401   5.47647   2.33747   1.44054   2.33864   0.93033  
 38 96.9111   2186.318502  x:  0.11985   0.00000   0.16506   0.04395   0.02235   0.04354   0.06394   0.02774   0.07902   0.11068   0.03275   0.29666   0.01241   0.23440   0.01830   0.02496   0.04673   0.06468   0.01886   0.06230   0.19058   0.04296   0.22561   0.13847   5.60196   2.20697   1.42001   2.15031   0.91173  
 39 376.7654   2185.116804  x:  0.11824   0.00811   0.16878   0.03979   0.02083   0.04831   0.06732   0.02746   0.08550   0.11045   0.04191   0.30451   0.00668   0.24183   0.02393   0.02768   0.04372   0.07417   0.01873   0.06322   0.19248   0.04443   0.22347   0.13686   5.71181   2.09317   1.39830   1.98790   0.89705  
 40 563.7978   2184.626862  x:  0.11334   0.00205   0.16822   0.04079   0.02267   0.05115   0.06706   0.02766   0.09415   0.11787   0.04582   0.30317   0.00987   0.24707   0.01959   0.02927   0.04410   0.07505   0.01920   0.05944   0.19298   0.04096   0.22748   0.13196   5.75771   2.04630   1.38376   1.92401   0.89337  
 41 203.8919   2184.255057  x:  0.10856   0.00470   0.16738   0.04235   0.01905   0.04859   0.06473   0.02774   0.09864   0.12773   0.03939   0.29756   0.00829   0.25216   0.02216   0.02780   0.04614   0.06971   0.01894   0.05748   0.19307   0.04342   0.23558   0.12718   5.79507   2.00929   1.36365   1.87841   0.89397  
 42 110.7037   2183.912366  x:  0.10865   0.00828   0.16604   0.04164   0.02675   0.04681   0.06401   0.03026   0.09345   0.13178   0.04066   0.28761   0.00760   0.25647   0.02122   0.02703   0.04410   0.06747   0.01907   0.06269   0.19290   0.04372   0.24565   0.12727   5.83514   1.97115   1.33064   1.83911   0.89951  
 43 76.5528   2183.349959  x:  0.11200   0.00501   0.16325   0.03971   0.02041   0.04681   0.06549   0.02626   0.08352   0.13131   0.04466   0.27223   0.00784   0.26129   0.02114   0.02816   0.04288   0.06921   0.01897   0.06634   0.19263   0.04272   0.25841   0.13061   5.89821   1.91208   1.27286   1.78274   0.91063  
 44 188.7335   2182.749775  x:  0.11808   0.00639   0.16245   0.04326   0.02156   0.05211   0.06785   0.03027   0.08544   0.12168   0.04036   0.26313   0.00709   0.26179   0.02048   0.02847   0.04770   0.07434   0.01882   0.05683   0.19255   0.04365   0.26225   0.13670   5.97028   1.84592   1.20077   1.72607   0.92555  
 45 147.1174   2182.271328  x:  0.11971   0.00592   0.16358   0.04296   0.02368   0.04794   0.06506   0.02356   0.09502   0.11557   0.04066   0.26646   0.00763   0.25770   0.02072   0.02685   0.04402   0.07087   0.01890   0.05806   0.19259   0.04438   0.25484   0.13833   6.02960   1.79267   1.13931   1.68562   0.93855  
 46 131.0762   2182.003665  x:  0.11821   0.00490   0.16463   0.04096   0.02037   0.04616   0.06435   0.03012   0.09714   0.11581   0.04178   0.27249   0.00825   0.25387   0.01990   0.02835   0.04308   0.06823   0.01894   0.06161   0.19258   0.04374   0.24712   0.13683   6.06590   1.76072   1.10223   1.66351   0.94636  
 47 159.3376   2181.804611  x:  0.11408   0.00492   0.16562   0.04128   0.02175   0.04963   0.06516   0.02785   0.09083   0.12198   0.04143   0.28101   0.00861   0.24996   0.02041   0.02774   0.04657   0.06969   0.01880   0.06202   0.19239   0.04359   0.23913   0.13269   6.09460   1.73657   1.07554   1.64993   0.95186  
 48 71.9856   2181.777916  x:  0.11352   0.00484   0.16554   0.04214   0.02184   0.04829   0.06578   0.02798   0.08924   0.12298   0.04118   0.28266   0.00855   0.24962   0.02032   0.02795   0.04399   0.07059   0.01891   0.05992   0.19226   0.04369   0.23878   0.13214   6.10006   1.73282   1.07309   1.64964   0.95225  
 49 16.5148   2181.654773  x:  0.11436   0.00437   0.16340   0.03905   0.02237   0.04519   0.06633   0.02795   0.08921   0.12238   0.04259   0.29166   0.00830   0.25114   0.02034   0.02771   0.04680   0.07071   0.01853   0.05788   0.19103   0.04378   0.24677   0.13298   6.14459   1.71003   1.07459   1.66507   0.95016  
 50  9.1678   2181.539405  x:  0.11510   0.00387   0.16218   0.04230   0.02147   0.04940   0.06576   0.02796   0.09026   0.12166   0.04098   0.29763   0.00807   0.25238   0.02041   0.02780   0.04443   0.07051   0.01889   0.06089   0.19051   0.04360   0.25285   0.13372   6.19016   1.68853   1.07728   1.68114   0.94777  
 51 73.0385   2181.317156  x:  0.11332   0.00401   0.16922   0.04150   0.02142   0.04851   0.06361   0.02814   0.09027   0.12239   0.04117   0.28133   0.00855   0.25092   0.02018   0.02780   0.04471   0.07135   0.01882   0.06039   0.19575   0.04424   0.24182   0.13194   6.28778   1.66056   1.08698   1.71126   0.94210  
 52 24.4852   2181.258928  x:  0.11313   0.00481   0.16720   0.04170   0.02162   0.04836   0.06888   0.02778   0.09081   0.12250   0.04093   0.27862   0.00848   0.25098   0.02117   0.02743   0.04473   0.06907   0.01882   0.06051   0.19391   0.04158   0.23912   0.13175   6.31747   1.66029   1.08869   1.71703   0.94097  
 53 24.3390   2180.980236  x:  0.11252   0.00589   0.15226   0.04081   0.02156   0.04916   0.06839   0.02773   0.09131   0.12276   0.04147   0.27384   0.00930   0.25242   0.01891   0.02800   0.04430   0.06937   0.01892   0.06067   0.18163   0.04802   0.23151   0.13114   6.46647   1.67881   1.09372   1.73777   0.93714  
 54 45.4971   2180.574817  x:  0.11238   0.00760   0.14706   0.04180   0.02125   0.04756   0.05953   0.02845   0.09082   0.12267   0.04070   0.27331   0.00866   0.25347   0.02254   0.02697   0.04479   0.07301   0.01859   0.06018   0.17678   0.03768   0.22949   0.13100   6.67975   1.71325   1.09896   1.76423   0.93355  
 55 148.8979   2178.839181  x:  0.11072   0.00219   0.17085   0.04074   0.02118   0.04920   0.06720   0.02772   0.09240   0.12282   0.04043   0.28395   0.00945   0.25512   0.01997   0.02631   0.04370   0.07213   0.01834   0.06043   0.19465   0.04365   0.24250   0.12933   7.68667   1.88985   1.12049   1.88370   0.92347  
 56 327.9624   2178.565003  x:  0.11056   0.00173   0.17381   0.04071   0.02100   0.04918   0.06734   0.02783   0.09282   0.12306   0.04026   0.28665   0.00943   0.25492   0.01991   0.02625   0.04377   0.07250   0.01835   0.06057   0.19196   0.04381   0.24113   0.12918   7.84913   1.91012   1.15352   1.89514   1.00634  
 57 12.8331   2178.559473  x:  0.11058   0.00199   0.17148   0.04070   0.02101   0.04918   0.06735   0.02783   0.09284   0.12307   0.04027   0.28685   0.00944   0.25513   0.01993   0.02622   0.04377   0.07250   0.01834   0.06057   0.19501   0.04376   0.24077   0.12920   7.85268   1.91038   1.15411   1.89521   1.00791  
 58  3.5238   2178.150838  x:  0.11275   0.00181   0.16957   0.04042   0.02083   0.04751   0.06745   0.02793   0.09157   0.11940   0.03783   0.29451   0.01137   0.25708   0.01981   0.02422   0.04431   0.07530   0.01791   0.06195   0.19272   0.04362   0.23615   0.13136   8.36896   1.84534   1.15351   1.80915   0.98950  
 59  0.5361   2178.107529  x:  0.11211   0.00165   0.16844   0.04043   0.02095   0.04749   0.06717   0.02783   0.09184   0.12028   0.03814   0.29050   0.01128   0.25850   0.01954   0.02504   0.04422   0.07517   0.01802   0.06197   0.19218   0.04334   0.23789   0.13072   8.59333   1.83491   1.13749   1.81502   0.99480  
 60  0.1773   2178.105454  x:  0.11213   0.00181   0.16879   0.04047   0.02097   0.04764   0.06718   0.02788   0.09180   0.12042   0.03822   0.29113   0.01126   0.25776   0.01967   0.02494   0.04422   0.07490   0.01804   0.06189   0.19228   0.04338   0.23709   0.13074   8.63836   1.83876   1.14137   1.81944   0.99409  
 61  0.0394   2178.105415  x:  0.11217   0.00177   0.16876   0.04048   0.02093   0.04764   0.06719   0.02788   0.09182   0.12038   0.03821   0.29112   0.01121   0.25777   0.01966   0.02491   0.04422   0.07490   0.01803   0.06187   0.19230   0.04338   0.23725   0.13078   8.64300   1.83882   1.14132   1.81906   0.99420  
 62  0.0045   2178.105414  x:  0.11217   0.00178   0.16876   0.04048   0.02094   0.04764   0.06718   0.02788   0.09181   0.12038   0.03822   0.29111   0.01120   0.25777   0.01966   0.02491   0.04422   0.07489   0.01803   0.06187   0.19230   0.04338   0.23726   0.13078   8.64302   1.83885   1.14130   1.81905   0.99421  
 63  0.0000   2178.105414  x:  0.11217   0.00178   0.16876   0.04048   0.02094   0.04764   0.06718   0.02788   0.09181   0.12038   0.03822   0.29111   0.01120   0.25777   0.01966   0.02491   0.04422   0.07489   0.01803   0.06187   0.19230   0.04338   0.23725   0.13078   8.64297   1.83886   1.14130   1.81905   0.99421  
 64  0.0000   2178.105414  x:  0.11217   0.00178   0.16876   0.04048   0.02094   0.04764   0.06718   0.02788   0.09181   0.12038   0.03822   0.29111   0.01120   0.25777   0.01966   0.02491   0.04422   0.07489   0.01803   0.06187   0.19230   0.04338   0.23725   0.13078   8.64297   1.83886   1.14130   1.81905   0.99421  