

TREE # 1

  0  0.0000   2114.347393  x:  0.20925   0.02571   0.03211   0.02495   0.05815   0.02188   0.05666   0.08536   0.02661   0.17168   0.20925   0.02571   0.03211   0.02495   0.05815   0.02188   0.05666   0.08536   0.02661   0.17168   0.21568   8.40433   1.61807   1.13388   1.52754   1.00000  
  1 99.0000   2093.555480  x:  0.20952   0.01372   0.03395   0.07424   0.08275   0.07183   0.09665   0.10161   0.04256   0.17756   0.20072   0.00745   0.05900   0.00892   0.06053   0.07324   0.06640   0.09443   0.04922   0.16893   0.21939   8.40437   1.61716   1.13124   1.53076   0.99803  
  2 507.9767   2090.664045  x:  0.20798   0.00733   0.02454   0.06969   0.10116   0.05769   0.12212   0.13037   0.04711   0.19014   0.17920   0.01865   0.06693   0.00334   0.05899   0.06410   0.07322   0.10605   0.05048   0.16284   0.22774   8.40447   1.61463   1.12559   1.53840   0.99273  
  3 104.9002   2089.771108  x:  0.20665   0.01582   0.02023   0.06826   0.10790   0.05230   0.13185   0.14225   0.04998   0.19609   0.16817   0.01416   0.06908   0.00991   0.05880   0.06116   0.07599   0.10993   0.05041   0.16000   0.23187   8.40454   1.61317   1.12245   1.54272   0.98962  
  4 199.0986   2089.431239  x:  0.20539   0.01490   0.01846   0.06688   0.10855   0.05076   0.13342   0.14550   0.05128   0.19854   0.16288   0.00740   0.06776   0.00843   0.05886   0.05990   0.07565   0.11026   0.04957   0.15892   0.23375   8.40458   1.61226   1.12063   1.54527   0.98767  
  5 90.6252   2088.963537  x:  0.19902   0.01095   0.01576   0.06609   0.10445   0.05469   0.13144   0.14944   0.05671   0.20533   0.14599   0.00796   0.06028   0.01269   0.06016   0.06235   0.07081   0.10762   0.04827   0.15642   0.23965   8.40477   1.60846   1.11317   1.55574   0.97938  
  6 48.7796   2088.776033  x:  0.19528   0.01452   0.01565   0.06651   0.10206   0.05605   0.12941   0.15063   0.05837   0.20819   0.13902   0.00952   0.05849   0.00874   0.06021   0.06303   0.06888   0.10647   0.04860   0.15572   0.24238   8.40488   1.60615   1.10873   1.56199   0.97429  
  7 71.5168   2088.427940  x:  0.18402   0.01338   0.01704   0.06901   0.09742   0.05389   0.12199   0.14995   0.05496   0.21227   0.13263   0.00916   0.06802   0.00907   0.05815   0.06230   0.07288   0.10485   0.05364   0.15722   0.24776   8.40530   1.59789   1.09322   1.58410   0.95570  
  8 35.0726   2087.883533  x:  0.17551   0.01383   0.01356   0.06875   0.10449   0.05553   0.12239   0.14629   0.05365   0.21255   0.14328   0.00970   0.06526   0.00843   0.05964   0.06342   0.07515   0.10588   0.04494   0.16229   0.25160   8.40629   1.57949   1.06108   1.63188   0.91388  
  9 39.0123   2087.699811  x:  0.17693   0.01349   0.01951   0.06763   0.10531   0.05442   0.12468   0.14616   0.05677   0.21091   0.14728   0.00925   0.06258   0.00889   0.05949   0.06236   0.07318   0.10646   0.04839   0.16269   0.25088   8.40671   1.57223   1.04956   1.65021   0.89691  
 10 67.8540   2087.568129  x:  0.18389   0.01365   0.01605   0.06716   0.10251   0.05431   0.12685   0.14579   0.05534   0.20787   0.14813   0.00916   0.06203   0.00897   0.05867   0.06193   0.07021   0.10660   0.05318   0.16088   0.24772   8.40708   1.56663   1.04254   1.66356   0.88322  
 11 41.0556   2087.489598  x:  0.19130   0.01350   0.01824   0.06781   0.09965   0.05435   0.12747   0.14631   0.05407   0.20497   0.14551   0.00929   0.06423   0.00888   0.05855   0.06241   0.07090   0.10630   0.04915   0.15786   0.24348   8.40741   1.56283   1.04023   1.67177   0.87297  
 12 23.3131   2087.471547  x:  0.19283   0.01349   0.01871   0.06785   0.10212   0.05455   0.12588   0.14545   0.05308   0.20498   0.14384   0.00936   0.06311   0.00874   0.05931   0.06238   0.07290   0.10601   0.05000   0.15696   0.24157   8.40763   1.56167   1.04267   1.67348   0.86839  
 13  6.7905   2087.453127  x:  0.19260   0.01343   0.01863   0.06803   0.10378   0.05399   0.12550   0.14401   0.05365   0.20647   0.14333   0.00933   0.06409   0.00887   0.05794   0.06251   0.07097   0.10623   0.04967   0.15726   0.24033   8.40810   1.56031   1.04975   1.67492   0.86057  
 14  5.7822   2087.435997  x:  0.19151   0.01347   0.01871   0.06766   0.10193   0.05428   0.12679   0.14451   0.05319   0.20766   0.14419   0.00933   0.06389   0.00881   0.05963   0.06240   0.07145   0.10653   0.04982   0.15800   0.24069   8.40867   1.55934   1.05814   1.67625   0.85204  
 15  9.5985   2087.433017  x:  0.19144   0.01346   0.01857   0.06784   0.10157   0.05438   0.12672   0.14507   0.05340   0.20719   0.14451   0.00936   0.06340   0.00879   0.05860   0.06241   0.07213   0.10633   0.04981   0.15798   0.24144   8.40884   1.55953   1.05978   1.67660   0.85044  
 16  4.2814   2087.431362  x:  0.19155   0.01344   0.01841   0.06796   0.10184   0.05425   0.12616   0.14564   0.05373   0.20610   0.14467   0.00936   0.06361   0.00877   0.05894   0.06246   0.07191   0.10606   0.04982   0.15777   0.24254   8.40906   1.56034   1.06080   1.67705   0.84948  
 17  2.0956   2087.430525  x:  0.19146   0.01345   0.01862   0.06769   0.10198   0.05459   0.12627   0.14553   0.05326   0.20563   0.14447   0.00933   0.06362   0.00881   0.05881   0.06237   0.07169   0.10640   0.04982   0.15772   0.24292   8.40937   1.56192   1.06130   1.67774   0.84905  
 18  1.0241   2087.428093  x:  0.19148   0.01344   0.01861   0.06785   0.10183   0.05399   0.12674   0.14449   0.05337   0.20517   0.14405   0.00936   0.06343   0.00876   0.05889   0.06264   0.07193   0.10684   0.04980   0.15779   0.24326   8.41052   1.56772   1.06274   1.68039   0.84802  
 19  2.7151   2087.424949  x:  0.19176   0.01342   0.01852   0.06790   0.10184   0.05448   0.12670   0.14459   0.05368   0.20583   0.14431   0.00938   0.06366   0.00873   0.05892   0.06191   0.07201   0.10600   0.04976   0.15789   0.24281   8.41218   1.57557   1.06471   1.68436   0.84703  
 20  5.1224   2087.423603  x:  0.19177   0.01342   0.01859   0.06774   0.10182   0.05426   0.12635   0.14523   0.05338   0.20627   0.14463   0.00937   0.06356   0.00871   0.05884   0.06251   0.07183   0.10586   0.04978   0.15781   0.24236   8.41297   1.57880   1.06571   1.68632   0.84685  
 21  5.0537   2087.422783  x:  0.19156   0.01339   0.01847   0.06793   0.10167   0.05436   0.12593   0.14552   0.05362   0.20620   0.14478   0.00934   0.06350   0.00872   0.05887   0.06236   0.07182   0.10662   0.04976   0.15759   0.24189   8.41366   1.58012   1.06677   1.68815   0.84743  
 22  1.3849   2087.420240  x:  0.19089   0.01339   0.01843   0.06760   0.10168   0.05431   0.12636   0.14536   0.05366   0.20529   0.14461   0.00936   0.06354   0.00867   0.05883   0.06240   0.07184   0.10599   0.04979   0.15740   0.24120   8.41623   1.58274   1.07097   1.69494   0.85061  
 23  1.9277   2087.419114  x:  0.19164   0.01335   0.01866   0.06803   0.10172   0.05420   0.12629   0.14516   0.05323   0.20573   0.14459   0.00936   0.06338   0.00868   0.05885   0.06226   0.07171   0.10602   0.04975   0.15783   0.24189   8.41756   1.58363   1.07280   1.69791   0.85213  
 24  2.2984   2087.418811  x:  0.19196   0.01337   0.01868   0.06770   0.10171   0.05430   0.12619   0.14500   0.05334   0.20595   0.14463   0.00936   0.06350   0.00865   0.05883   0.06238   0.07182   0.10613   0.04977   0.15787   0.24218   8.41800   1.58382   1.07321   1.69859   0.85249  
 25  1.5031   2087.418067  x:  0.19194   0.01335   0.01874   0.06775   0.10168   0.05425   0.12624   0.14467   0.05321   0.20630   0.14495   0.00936   0.06347   0.00863   0.05884   0.06233   0.07179   0.10605   0.04974   0.15677   0.24250   8.41995   1.58384   1.07333   1.69870   0.85264  
 26  0.2629   2087.369122  x:  0.19262   0.01211   0.01905   0.06616   0.09995   0.05365   0.12309   0.14254   0.05250   0.20497   0.14556   0.00908   0.06199   0.00738   0.05892   0.06116   0.07106   0.10530   0.04896   0.15798   0.24145   8.55494   1.58156   1.07167   1.69102   0.85461  
 27  1.6169   2087.365165  x:  0.19260   0.01202   0.01913   0.06562   0.09984   0.05317   0.12266   0.14243   0.05231   0.20489   0.14582   0.00942   0.06190   0.00791   0.05890   0.06061   0.07108   0.10536   0.04882   0.15807   0.24138   8.57440   1.58120   1.07117   1.69139   0.85443  
 28  0.0178   2087.364533  x:  0.19250   0.01227   0.01912   0.06539   0.09978   0.05293   0.12252   0.14249   0.05229   0.20499   0.14567   0.00935   0.06181   0.00786   0.05889   0.06037   0.07107   0.10537   0.04875   0.15804   0.24147   8.57215   1.58121   1.07099   1.69204   0.85417  
 29  0.0020   2087.364514  x:  0.19253   0.01227   0.01912   0.06540   0.09975   0.05294   0.12246   0.14242   0.05228   0.20497   0.14566   0.00932   0.06179   0.00789   0.05889   0.06038   0.07106   0.10535   0.04874   0.15803   0.24146   8.56840   1.58132   1.07110   1.69190   0.85425  
 30  0.0032   2087.364513  x:  0.19253   0.01227   0.01913   0.06540   0.09975   0.05294   0.12246   0.14242   0.05228   0.20496   0.14567   0.00933   0.06179   0.00788   0.05889   0.06037   0.07106   0.10534   0.04874   0.15804   0.24145   8.56712   1.58130   1.07110   1.69189   0.85423  
 31  0.0010   2087.364513  x:  0.19253   0.01227   0.01913   0.06540   0.09975   0.05294   0.12246   0.14242   0.05228   0.20496   0.14567   0.00933   0.06179   0.00788   0.05889   0.06037   0.07106   0.10535   0.04874   0.15804   0.24145   8.56697   1.58130   1.07109   1.69189   0.85423  