

TREE # 1

  0  0.0000   2030.612948  x:  0.01972   0.20925   0.02571   0.03211   0.02495   0.05815   0.02188   0.05666   0.08536   0.02661   0.17168   0.01972   0.20925   0.02571   0.03211   0.02495   0.05815   0.02188   0.05666   0.08536   0.02661   0.17168   0.21568   8.40433   1.59393   1.24138   1.39173   1.00000  
  1 99.0000   2018.426649  x:  0.00000   0.20634   0.02606   0.04582   0.02635   0.07904   0.03521   0.05717   0.10118   0.03161   0.17356   0.00105   0.20861   0.01344   0.02715   0.03721   0.07137   0.01117   0.05695   0.08062   0.03037   0.17669   0.22462   8.40464   1.59331   1.23965   1.39345   1.00172  
  2 317.7024   2018.202392  x:  0.00000   0.20617   0.02597   0.04583   0.02629   0.07937   0.03490   0.05716   0.10161   0.03160   0.17368   0.00000   0.20857   0.01335   0.02712   0.03707   0.07161   0.01144   0.05696   0.08044   0.03041   0.17693   0.22506   8.40465   1.59327   1.23956   1.39354   1.00182  
  3 225.3687   2017.299123  x:  0.00000   0.20167   0.02488   0.04474   0.02550   0.08273   0.02801   0.05630   0.10828   0.03080   0.17706   0.00000   0.20731   0.01541   0.02776   0.03325   0.07381   0.00544   0.05692   0.07715   0.03050   0.18241   0.23574   8.40510   1.59233   1.23728   1.39587   1.00433  
  4 188.4692   2016.110507  x:  0.00000   0.18548   0.03000   0.04708   0.02976   0.07979   0.03233   0.05106   0.11279   0.03091   0.18876   0.00000   0.20261   0.02627   0.03159   0.03722   0.06858   0.00760   0.05689   0.07223   0.02705   0.19776   0.26804   8.40683   1.58867   1.22909   1.40432   1.01373  
  5 90.4100   2015.469950  x:  0.00000   0.17367   0.02723   0.04567   0.02631   0.07429   0.03471   0.05251   0.10578   0.03045   0.19624   0.00000   0.19840   0.01594   0.02668   0.03684   0.06552   0.00715   0.05678   0.07441   0.02892   0.20568   0.28734   8.40863   1.58505   1.22143   1.41231   1.02300  
  6 67.4068   2015.292202  x:  0.00000   0.16988   0.02693   0.04493   0.02817   0.07647   0.03437   0.05703   0.10012   0.03196   0.19802   0.00000   0.19566   0.01627   0.03015   0.03653   0.06977   0.00728   0.05681   0.07821   0.03061   0.20550   0.29108   8.41030   1.58194   1.21524   1.41885   1.03088  
  7 30.1194   2015.044030  x:  0.00000   0.16720   0.02861   0.04509   0.02569   0.07955   0.03405   0.05733   0.09848   0.02936   0.19853   0.00000   0.19084   0.01850   0.02646   0.03662   0.07183   0.00737   0.05679   0.08135   0.02540   0.20103   0.29042   8.41462   1.57433   1.20068   1.43434   1.05017  
  8 30.5798   2014.543947  x:  0.00000   0.16495   0.02854   0.04576   0.02661   0.07921   0.03320   0.05193   0.10299   0.03009   0.19797   0.00000   0.18245   0.01880   0.02588   0.03651   0.06808   0.00747   0.05669   0.08173   0.03227   0.19126   0.28512   8.42538   1.55604   1.16629   1.47085   1.09659  
  9 89.9514   2014.386171  x:  0.00000   0.16610   0.02718   0.04589   0.02800   0.07730   0.03322   0.05239   0.10469   0.03141   0.19730   0.00000   0.18261   0.01559   0.02964   0.03639   0.06728   0.00724   0.05661   0.07884   0.02847   0.19079   0.28298   8.42933   1.55005   1.15560   1.48218   1.11208  
 10 73.9963   2014.254200  x:  0.00000   0.17025   0.02632   0.04546   0.02673   0.07493   0.03498   0.05672   0.10413   0.03102   0.19590   0.00000   0.18857   0.01728   0.02842   0.03644   0.06888   0.00728   0.05651   0.07341   0.02935   0.19601   0.28086   8.43415   1.54438   1.14694   1.49138   1.12752  
 11 34.5882   2014.202601  x:  0.00000   0.17285   0.02858   0.04394   0.02798   0.07660   0.03445   0.05521   0.10313   0.03093   0.19494   0.00000   0.19347   0.01634   0.02796   0.03636   0.06824   0.00722   0.05659   0.07497   0.02947   0.20030   0.28026   8.43748   1.54189   1.14476   1.49382   1.13518  
 12 18.2621   2014.178983  x:  0.00000   0.17373   0.02688   0.04530   0.02700   0.07706   0.03421   0.05385   0.10284   0.03081   0.19442   0.00000   0.19579   0.01680   0.02871   0.03654   0.06798   0.00726   0.05661   0.07705   0.02940   0.20203   0.28023   8.44005   1.54072   1.14488   1.49379   1.13961  
 13 13.5970   2014.138473  x:  0.00000   0.17340   0.02724   0.04766   0.02820   0.07547   0.03310   0.05460   0.10393   0.03230   0.19372   0.00000   0.19741   0.01696   0.02730   0.03587   0.06847   0.00732   0.05650   0.07883   0.02906   0.20187   0.28077   8.44801   1.53863   1.14866   1.48994   1.15008  
 14  9.0837   2013.957970  x:  0.00000   0.17086   0.02858   0.04570   0.02708   0.07461   0.03382   0.05629   0.10720   0.02890   0.19160   0.00000   0.20062   0.01601   0.02932   0.03722   0.06956   0.00735   0.05656   0.07944   0.02997   0.19827   0.28333   8.48677   1.52971   1.16823   1.46941   1.19847  
 15 41.8259   2013.878712  x:  0.00000   0.17067   0.02674   0.04375   0.02694   0.07704   0.03489   0.05530   0.10605   0.03198   0.19164   0.00000   0.20025   0.01673   0.02839   0.03628   0.06878   0.00746   0.05677   0.07720   0.02939   0.19725   0.28409   8.50485   1.52620   1.17655   1.45999   1.21945  
 16 70.9844   2013.836558  x:  0.00000   0.17243   0.02672   0.04621   0.02796   0.07841   0.03350   0.05435   0.10349   0.03067   0.19321   0.00000   0.19754   0.01628   0.02828   0.03608   0.06835   0.00752   0.05689   0.07460   0.02964   0.19836   0.28372   8.51578   1.52533   1.17961   1.45498   1.22908  
 17 24.4533   2013.806865  x:  0.00000   0.17457   0.02799   0.04639   0.02623   0.07786   0.03281   0.05390   0.10345   0.03188   0.19519   0.00000   0.19435   0.01606   0.02880   0.03684   0.06916   0.00751   0.05679   0.07468   0.02981   0.20052   0.28283   8.52505   1.52582   1.18005   1.45163   1.23408  
 18 16.5922   2013.759327  x:  0.00000   0.17746   0.02662   0.04499   0.02763   0.07712   0.03405   0.05430   0.10532   0.03109   0.19824   0.00000   0.18961   0.01621   0.02822   0.03656   0.07006   0.00752   0.05664   0.07665   0.02965   0.20429   0.28116   8.54153   1.52768   1.17896   1.44658   1.24014  
 19 26.6426   2013.666203  x:  0.00000   0.17604   0.02737   0.04611   0.02641   0.07974   0.03472   0.05826   0.10735   0.03111   0.19955   0.00000   0.18845   0.01612   0.02891   0.03466   0.06579   0.00771   0.05741   0.07775   0.02985   0.20681   0.27918   8.57816   1.53373   1.17193   1.43844   1.24581  
 20 18.3606   2013.221879  x:  0.00000   0.16403   0.02501   0.04548   0.02756   0.08173   0.02953   0.05751   0.10905   0.03173   0.19968   0.00000   0.19230   0.01559   0.02710   0.04111   0.06734   0.00799   0.05776   0.07546   0.02979   0.21066   0.27405   8.75756   1.56331   1.13501   1.40240   1.26634  
 21 88.5949   2012.977442  x:  0.00000   0.16070   0.02666   0.04701   0.02674   0.08141   0.03247   0.05313   0.10927   0.03118   0.19865   0.00000   0.19486   0.01456   0.02807   0.03500   0.07252   0.00825   0.05678   0.07387   0.03019   0.21040   0.27448   8.85603   1.57777   1.11584   1.38454   1.27584  
 22 225.1190   2012.535654  x:  0.00000   0.18126   0.02573   0.04700   0.02645   0.08337   0.03157   0.05502   0.11064   0.03133   0.19226   0.00000   0.19733   0.01357   0.02738   0.03609   0.07241   0.00862   0.05548   0.07490   0.03047   0.19769   0.29640   9.04504   1.58975   1.09071   1.36529   1.28284  
 23 70.3470   2011.605606  x:  0.00000   0.18158   0.02462   0.04801   0.02560   0.08614   0.03025   0.05405   0.11640   0.03139   0.18663   0.00000   0.19421   0.01122   0.02635   0.03506   0.07812   0.00952   0.08390   0.07359   0.03102   0.20241   0.30334   9.49483   1.55490   1.08855   1.37335   1.26526  
 24 52.7298   2008.664496  x:  0.00000   0.17163   0.02114   0.05126   0.02284   0.10130   0.02514   0.05616   0.13250   0.03154   0.18267   0.00000   0.18843   0.00512   0.02424   0.03406   0.08531   0.01230   0.05719   0.06902   0.03285   0.21981   0.31104  10.72166   1.44935   1.09405   1.40567   1.21155  
 25 591.3861   2008.556154  x:  0.00000   0.17253   0.02092   0.05141   0.02270   0.10208   0.02488   0.05621   0.13369   0.03154   0.19724   0.00000   0.19483   0.00477   0.02410   0.03392   0.08596   0.01246   0.05785   0.06892   0.03294   0.21526   0.31013  10.77085   1.44853   1.09636   1.40986   1.21007  
 26 35.2625   2008.094903  x:  0.00000   0.17352   0.02059   0.05188   0.02276   0.10420   0.02513   0.05612   0.13630   0.03184   0.19638   0.00000   0.19517   0.00519   0.02414   0.03392   0.08743   0.01274   0.05663   0.06746   0.03322   0.21682   0.31299  11.02706   1.58464   1.18145   1.52578   1.23492  
 27  5.7024   2007.402729  x:  0.00000   0.17163   0.02225   0.05402   0.02420   0.10982   0.02738   0.05570   0.14248   0.03244   0.20190   0.00000   0.19666   0.01407   0.02495   0.03610   0.09002   0.01269   0.05379   0.06711   0.03313   0.21837   0.31552  11.70676   1.53617   1.16443   1.50556   1.22924  
 28  1.9892   2007.034167  x:  0.00000   0.17025   0.02464   0.05564   0.02631   0.11245   0.03347   0.05481   0.14422   0.03326   0.19870   0.00000   0.19342   0.01167   0.02597   0.03986   0.09035   0.01184   0.05916   0.06971   0.03288   0.21920   0.31781  12.55457   1.55480   1.15878   1.49134   1.26504  
 29  0.7606   2006.927198  x:  0.00000   0.17129   0.02292   0.05611   0.02492   0.11379   0.03094   0.05396   0.14402   0.03296   0.19774   0.00000   0.19369   0.01018   0.02546   0.03861   0.09008   0.01200   0.05549   0.06897   0.03294   0.21796   0.31768  13.16322   1.55405   1.15209   1.48208   1.27091  
 30  0.3603   2006.909082  x:  0.00000   0.17162   0.02315   0.05548   0.02502   0.11284   0.03014   0.05462   0.14301   0.03283   0.19840   0.00000   0.19436   0.01023   0.02551   0.03801   0.08961   0.01195   0.05784   0.06897   0.03297   0.21768   0.31696  13.32530   1.55069   1.15490   1.48710   1.26543  
 31  0.1343   2006.905782  x:  0.00000   0.17138   0.02336   0.05506   0.02524   0.11188   0.03062   0.05486   0.14228   0.03287   0.19878   0.00000   0.19438   0.01034   0.02553   0.03813   0.08924   0.01183   0.05710   0.06916   0.03295   0.21798   0.31655  13.38948   1.55083   1.15538   1.48877   1.26527  
 32  0.0497   2006.905500  x:  0.00000   0.17136   0.02328   0.05512   0.02516   0.11164   0.03057   0.05468   0.14216   0.03288   0.19868   0.00000   0.19428   0.01043   0.02555   0.03818   0.08923   0.01181   0.05717   0.06907   0.03294   0.21803   0.31669  13.40203   1.55147   1.15512   1.48826   1.26631  
 33  0.0108   2006.905488  x:  0.00000   0.17138   0.02330   0.05515   0.02517   0.11158   0.03057   0.05470   0.14220   0.03287   0.19865   0.00000   0.19429   0.01044   0.02554   0.03817   0.08927   0.01181   0.05717   0.06910   0.03294   0.21801   0.31677  13.40280   1.55162   1.15521   1.48830   1.26636  
 34  0.0006   2006.905487  x:  0.00000   0.17138   0.02329   0.05515   0.02517   0.11157   0.03057   0.05470   0.14221   0.03287   0.19866   0.00000   0.19429   0.01043   0.02554   0.03817   0.08928   0.01182   0.05717   0.06909   0.03294   0.21801   0.31676  13.40277   1.55157   1.15519   1.48830   1.26634  
 35  0.0001   2006.905487  x:  0.00000   0.17138   0.02330   0.05515   0.02517   0.11156   0.03057   0.05470   0.14221   0.03287   0.19866   0.00000   0.19429   0.01043   0.02554   0.03817   0.08928   0.01182   0.05717   0.06909   0.03294   0.21801   0.31676  13.40274   1.55156   1.15518   1.48829   1.26633  
 36  0.0000   2006.905487  x:  0.00000   0.17138   0.02330   0.05515   0.02517   0.11156   0.03057   0.05470   0.14221   0.03287   0.19866   0.00000   0.19429   0.01043   0.02554   0.03817   0.08928   0.01182   0.05717   0.06909   0.03294   0.21801   0.31676  13.40272   1.55156   1.15518   1.48829   1.26634  
 37  0.0000   2006.905487  x:  0.00000   0.17138   0.02330   0.05515   0.02517   0.11156   0.03057   0.05470   0.14221   0.03287   0.19866   0.00000   0.19429   0.01043   0.02554   0.03817   0.08928   0.01182   0.05717   0.06909   0.03294   0.21801   0.31676  13.40272   1.55156   1.15518   1.48829   1.26634  
 38  0.0000   2006.905487  x:  0.00000   0.17138   0.02330   0.05515   0.02517   0.11156   0.03057   0.05470   0.14221   0.03287   0.19866   0.00000   0.19429   0.01043   0.02554   0.03817   0.08928   0.01182   0.05717   0.06909   0.03294   0.21801   0.31676  13.40272   1.55156   1.15518   1.48829   1.26634  

TREE # 2

  0  0.0000   2379.383269  x:  0.00000   0.17138   0.02330   0.05515   0.02517   0.11156   0.03057   0.05470   0.14221   0.03287   0.19866   0.00000   0.19429   0.01043   0.02554   0.03817   0.08928   0.01182   0.05717   0.06909   0.03294   0.21801   0.31676  13.40272   1.52308   1.05611   1.36234   1.26634  
  1 99.0000   2146.844787  x:  0.55900   0.17967   0.09939   0.08900   0.02961   0.10203   0.04286   0.05030   0.13570   0.03787   0.19322   0.07179   0.20023   0.15036   0.10227   0.03906   0.08509   0.10862   0.05941   0.06718   0.02883   0.21277   0.30773  13.40273   1.52297   1.05647   1.36283   1.26612  
  2 8101.3029   2078.517900  x:  0.54235   0.11532   0.19187   0.17523   0.03464   0.03558   0.08605   0.01640   0.09093   0.02761   0.15269   0.00987   0.13609   0.17682   0.14750   0.01650   0.03850   0.13121   0.04266   0.05847   0.00000   0.17704   0.24488  13.40286   1.51901   1.06358   1.36561   1.26706  
  3 444.2247   2057.393884  x:  0.53581   0.07311   0.21579   0.19628   0.03133   0.00000   0.08794   0.02683   0.06893   0.03972   0.13015   0.00558   0.09397   0.18735   0.16276   0.03537   0.02110   0.14016   0.04213   0.06028   0.03489   0.16011   0.20690  13.40293   1.51666   1.06747   1.36770   1.26726  
  4 645.6916   2035.075804  x:  0.52434   0.00000   0.24994   0.22655   0.03418   0.02345   0.08792   0.03929   0.03615   0.05449   0.09401   0.01679   0.02071   0.20353   0.18506   0.05594   0.00043   0.15330   0.04279   0.06329   0.06929   0.13045   0.14068  13.40305   1.51282   1.07393   1.37125   1.26773  
  5 1038.0144   2029.992145  x:  0.52190   0.00000   0.25725   0.23276   0.03439   0.02629   0.08681   0.04082   0.03120   0.05671   0.08550   0.01837   0.00000   0.20753   0.19022   0.06007   0.00924   0.15648   0.04397   0.06419   0.07487   0.12265   0.12242  13.40308   1.51182   1.07565   1.37224   1.26786  
  6 1115.3669   2023.386874  x:  0.51824   0.00000   0.26475   0.23541   0.03031   0.02588   0.06853   0.03905   0.05586   0.05508   0.06497   0.02227   0.00000   0.21953   0.19866   0.06125   0.00828   0.16240   0.05138   0.06678   0.07876   0.09561   0.04301  13.40319   1.50779   1.08255   1.37656   1.26837  
  7 275.1352   2022.487615  x:  0.51870   0.00000   0.26191   0.23088   0.03152   0.02471   0.06493   0.03821   0.04740   0.05311   0.07049   0.02105   0.00000   0.22194   0.19824   0.05974   0.00762   0.16241   0.05349   0.06407   0.07737   0.09539   0.02499  13.40323   1.50642   1.08498   1.37824   1.26853  
  8 102.1813   2022.267390  x:  0.51626   0.00000   0.26119   0.22514   0.03089   0.02447   0.06384   0.03823   0.04572   0.05213   0.06632   0.02048   0.00000   0.23008   0.20040   0.05844   0.00715   0.16408   0.06126   0.05454   0.07654   0.09648   0.02487  13.40337   1.50223   1.09255   1.38344   1.26901  
  9 20.7376   2021.946106  x:  0.50908   0.00000   0.26369   0.21476   0.03446   0.02432   0.06910   0.03886   0.04916   0.05378   0.07180   0.02203   0.00000   0.24914   0.20530   0.05875   0.00746   0.16853   0.06012   0.05497   0.07627   0.10093   0.02455  13.40380   1.49061   1.11420   1.39891   1.27045  
 10 23.4961   2021.745936  x:  0.50652   0.00000   0.26454   0.20855   0.02873   0.02488   0.06587   0.03789   0.04696   0.05291   0.07106   0.02030   0.00000   0.25777   0.20521   0.05851   0.00729   0.16945   0.05667   0.06022   0.07463   0.10080   0.02638  13.40415   1.48310   1.12938   1.41044   1.27159  
 11 39.2664   2021.582957  x:  0.50641   0.00000   0.26478   0.20580   0.03471   0.02372   0.06235   0.03771   0.04517   0.05176   0.06801   0.01995   0.00000   0.25866   0.20048   0.05847   0.00715   0.16730   0.05442   0.06281   0.07286   0.09748   0.02828  13.40455   1.47735   1.14337   1.42258   1.27282  
 12 28.0634   2021.149686  x:  0.50832   0.00000   0.26733   0.20758   0.03167   0.02254   0.06883   0.04054   0.04508   0.05264   0.06931   0.02364   0.00000   0.24846   0.18329   0.05852   0.00766   0.15872   0.05470   0.05949   0.06951   0.09072   0.02797  13.40579   1.46593   1.17898   1.45749   1.27645  
 13 36.7417   2020.876398  x:  0.50979   0.00000   0.26901   0.21162   0.03197   0.02521   0.06669   0.03912   0.04788   0.05428   0.07062   0.01679   0.00000   0.23933   0.17802   0.05872   0.00823   0.15731   0.05769   0.05861   0.07278   0.09768   0.02669  13.40666   1.46381   1.19715   1.47904   1.27870  
 14 38.3727   2020.630299  x:  0.50806   0.00000   0.26885   0.21563   0.03165   0.02375   0.06237   0.03454   0.04820   0.05228   0.07085   0.02338   0.00000   0.22988   0.17968   0.05512   0.00850   0.15940   0.05885   0.05835   0.07378   0.10545   0.02625  13.40760   1.46764   1.21016   1.49913   1.28086  
 15 36.9187   2019.759182  x:  0.50282   0.00000   0.24845   0.21360   0.03177   0.02308   0.06424   0.04693   0.04877   0.04298   0.07052   0.02111   0.00000   0.20497   0.20105   0.04616   0.00886   0.17148   0.05552   0.05797   0.06976   0.10448   0.02684  13.41117   1.50343   1.23659   1.56236   1.28796  
 16 32.8197   2018.696531  x:  0.49516   0.00000   0.22219   0.20938   0.03207   0.02194   0.06634   0.03304   0.04789   0.05556   0.07366   0.01891   0.00000   0.18983   0.21865   0.05441   0.00763   0.17519   0.05828   0.05829   0.05788   0.09497   0.02921  13.41557   1.55668   1.25950   1.63155   1.29600  
 17 80.8929   2016.571458  x:  0.47492   0.00000   0.19916   0.21290   0.03159   0.01965   0.06422   0.03730   0.05014   0.04300   0.07272   0.01997   0.00000   0.21263   0.20652   0.06721   0.00829   0.14196   0.05640   0.05806   0.03849   0.10768   0.02804  13.42467   1.68621   1.28416   1.74430   1.31007  
 18 57.4843   2015.004708  x:  0.45913   0.00000   0.20055   0.19919   0.03179   0.02039   0.06134   0.03172   0.05119   0.04617   0.07988   0.01814   0.00000   0.22885   0.18131   0.03918   0.01149   0.13372   0.05532   0.05622   0.04931   0.09941   0.03146  13.43119   1.78032   1.29817   1.81001   1.31871  
 19 94.0740   2014.073368  x:  0.44772   0.00000   0.21785   0.17175   0.03204   0.01930   0.06403   0.03119   0.05102   0.04465   0.07704   0.01826   0.00000   0.22673   0.15250   0.04133   0.01156   0.15395   0.05645   0.05760   0.04112   0.10293   0.03050  13.43549   1.83844   1.30756   1.83621   1.32249  
 20 55.8598   2013.852391  x:  0.44529   0.00000   0.22652   0.16554   0.03184   0.01930   0.05785   0.03359   0.05223   0.04469   0.08273   0.01836   0.00000   0.22255   0.15629   0.04366   0.01176   0.14977   0.05587   0.05389   0.03811   0.10052   0.03206  13.43669   1.84442   1.31445   1.82546   1.32136  
 21 12.4705   2013.413187  x:  0.44284   0.00000   0.22906   0.15228   0.03224   0.01937   0.06321   0.02991   0.05236   0.04086   0.08038   0.01806   0.00000   0.21359   0.16342   0.04208   0.01196   0.13682   0.05943   0.05775   0.03853   0.10265   0.03104  13.43923   1.84824   1.33141   1.78985   1.31729  
 22 28.2465   2012.742899  x:  0.43624   0.00000   0.21318   0.15426   0.03210   0.01791   0.06259   0.03281   0.05284   0.05013   0.07671   0.01820   0.00000   0.20881   0.16169   0.03534   0.01306   0.13701   0.05373   0.05490   0.03109   0.10866   0.02926  13.44327   1.84391   1.35766   1.72409   1.30941  
 23 40.7095   2012.159420  x:  0.42910   0.00000   0.19627   0.16304   0.03211   0.01838   0.06154   0.02872   0.05427   0.04033   0.08289   0.01737   0.00000   0.20780   0.15705   0.03751   0.01330   0.14531   0.05559   0.05333   0.03187   0.10453   0.03134  13.44679   1.83544   1.37776   1.66647   1.30227  
 24 85.9992   2012.089482  x:  0.42785   0.00000   0.19536   0.16443   0.03237   0.01786   0.06085   0.03068   0.05390   0.04093   0.08438   0.01770   0.00000   0.20798   0.15673   0.03633   0.01304   0.14594   0.06069   0.05683   0.02994   0.10394   0.03190  13.44725   1.82974   1.37503   1.66085   1.30124  
 25 14.6110   2010.429127  x:  0.40717   0.00000   0.18081   0.15174   0.03230   0.01691   0.06026   0.02683   0.05579   0.03703   0.08688   0.01654   0.00000   0.20309   0.15322   0.03208   0.01455   0.14160   0.05786   0.05357   0.02136   0.10409   0.03249  13.45774   1.60914   1.20427   1.57537   1.27691  
 26 17.6970   2007.953712  x:  0.35887   0.00000   0.21151   0.18540   0.03260   0.01780   0.06578   0.02567   0.06137   0.03790   0.09226   0.01176   0.00000   0.19646   0.16504   0.03179   0.01823   0.13526   0.05648   0.05562   0.02941   0.11673   0.03159  13.47182   1.45943   1.09519   1.40691   1.27077  
 27  0.2231   2007.785982  x:  0.35239   0.00000   0.21392   0.18742   0.03256   0.01734   0.06634   0.02513   0.06143   0.03793   0.09226   0.01174   0.00000   0.19746   0.16603   0.03206   0.01848   0.13610   0.05609   0.05565   0.02812   0.11664   0.03133  13.47152   1.47784   1.10564   1.42556   1.18929  
 28  0.7083   2007.137555  x:  0.32321   0.00000   0.22137   0.19460   0.03272   0.01441   0.06885   0.02340   0.06161   0.03823   0.09247   0.01232   0.00000   0.20246   0.17171   0.03423   0.01939   0.14167   0.05512   0.05591   0.02210   0.11647   0.03034  13.46427   1.55989   1.15437   1.47891   1.26745  
 29  0.9122   2007.008764  x:  0.31567   0.00000   0.22103   0.19545   0.03302   0.01282   0.06977   0.02602   0.05942   0.03690   0.09140   0.01216   0.00000   0.20079   0.17168   0.03029   0.02020   0.14371   0.05480   0.05452   0.02482   0.11339   0.03029  13.45485   1.56472   1.15932   1.49651   1.27069  
 30  0.0313   2006.937380  x:  0.31444   0.00000   0.21888   0.19682   0.03327   0.01083   0.07017   0.02603   0.05655   0.03829   0.08930   0.01204   0.00000   0.19734   0.17220   0.03299   0.02054   0.14284   0.05503   0.05421   0.02461   0.11082   0.03042  13.44194   1.54787   1.15440   1.49087   1.26728  
 31  0.0259   2006.922180  x:  0.31487   0.00000   0.21814   0.19479   0.03300   0.01053   0.06900   0.02493   0.05668   0.03834   0.08879   0.01161   0.00000   0.19866   0.17096   0.03281   0.02114   0.14207   0.05520   0.05494   0.02545   0.11070   0.03054  13.43030   1.55107   1.15630   1.48808   1.26706  
 32  0.0110   2006.913314  x:  0.31608   0.00000   0.21787   0.19354   0.03280   0.01027   0.06865   0.02580   0.05729   0.03795   0.08892   0.01204   0.00000   0.19893   0.17065   0.03314   0.02191   0.14165   0.05507   0.05494   0.02531   0.11161   0.03078  13.41627   1.55202   1.15510   1.48509   1.26559  
 33  0.0115   2006.908404  x:  0.31660   0.00000   0.21753   0.19349   0.03281   0.01033   0.06885   0.02581   0.05749   0.03827   0.08934   0.01153   0.00000   0.19851   0.17150   0.03304   0.02260   0.14225   0.05516   0.05465   0.02517   0.11203   0.03067  13.40418   1.55238   1.15441   1.48877   1.26582  
 34  0.0104   2006.906523  x:  0.31669   0.00000   0.21771   0.19397   0.03289   0.01026   0.06904   0.02546   0.05746   0.03832   0.08950   0.01187   0.00000   0.19838   0.17163   0.03281   0.02298   0.14236   0.05521   0.05458   0.02523   0.11192   0.03057  13.39861   1.55163   1.15452   1.48953   1.26608  
 35  0.0078   2006.905619  x:  0.31680   0.00000   0.21801   0.19438   0.03296   0.01037   0.06918   0.02553   0.05728   0.03810   0.08945   0.01180   0.00000   0.19861   0.17129   0.03289   0.02324   0.14216   0.05513   0.05470   0.02520   0.11160   0.03051  13.39633   1.55177   1.15574   1.48868   1.26640  
 36  0.0027   2006.905500  x:  0.31679   0.00000   0.21802   0.19430   0.03294   0.01043   0.06911   0.02555   0.05719   0.03820   0.08931   0.01182   0.00000   0.19874   0.17137   0.03287   0.02329   0.14224   0.05515   0.05472   0.02518   0.11155   0.03057  13.39737   1.55135   1.15516   1.48802   1.26625  
 37  0.0012   2006.905489  x:  0.31677   0.00000   0.21802   0.19429   0.03294   0.01043   0.06909   0.02554   0.05717   0.03817   0.08928   0.01182   0.00000   0.19865   0.17137   0.03287   0.02329   0.14221   0.05515   0.05470   0.02517   0.11156   0.03058  13.39842   1.55152   1.15512   1.48826   1.26629  
 38  0.0012   2006.905488  x:  0.31674   0.00000   0.21801   0.19429   0.03294   0.01043   0.06908   0.02554   0.05717   0.03817   0.08927   0.01182   0.00000   0.19866   0.17139   0.03287   0.02329   0.14222   0.05515   0.05470   0.02517   0.11157   0.03057  13.39974   1.55157   1.15520   1.48829   1.26630  
 39  0.0009   2006.905487  x:  0.31675   0.00000   0.21801   0.19428   0.03294   0.01043   0.06909   0.02554   0.05716   0.03817   0.08928   0.01182   0.00000   0.19866   0.17137   0.03287   0.02330   0.14221   0.05515   0.05470   0.02517   0.11157   0.03057  13.40198   1.55159   1.15521   1.48834   1.26633  
 40  0.0010   2006.905487  x:  0.31676   0.00000   0.21801   0.19428   0.03294   0.01043   0.06909   0.02554   0.05717   0.03817   0.08928   0.01182   0.00000   0.19866   0.17138   0.03287   0.02330   0.14222   0.05515   0.05470   0.02517   0.11156   0.03057  13.40268   1.55155   1.15518   1.48830   1.26633  
 41  0.0006   2006.905487  x:  0.31676   0.00000   0.21801   0.19429   0.03294   0.01043   0.06909   0.02554   0.05717   0.03817   0.08928   0.01182   0.00000   0.19866   0.17138   0.03287   0.02330   0.14221   0.05515   0.05470   0.02517   0.11156   0.03057  13.40272   1.55156   1.15518   1.48829   1.26634  
 42  0.0000   2006.905487  x:  0.31676   0.00000   0.21801   0.19429   0.03294   0.01043   0.06909   0.02554   0.05717   0.03817   0.08928   0.01182   0.00000   0.19866   0.17138   0.03287   0.02330   0.14221   0.05515   0.05470   0.02517   0.11156   0.03057  13.40273   1.55156   1.15518   1.48829   1.26634  
 43  0.0000   2006.905487  x:  0.31676   0.00000   0.21801   0.19429   0.03294   0.01043   0.06909   0.02554   0.05717   0.03817   0.08928   0.01182   0.00000   0.19866   0.17138   0.03287   0.02330   0.14221   0.05515   0.05470   0.02517   0.11156   0.03057  13.40273   1.55156   1.15518   1.48829   1.26634  