

TREE # 1

  0  0.0000   1995.990902  x:  0.20925   0.02571   0.03211   0.02495   0.05815   0.02188   0.05666   0.08536   0.02661   0.17168   0.20925   0.02571   0.03211   0.02495   0.05815   0.02188   0.05666   0.08536   0.02661   0.17168   0.21568   8.40433   1.90641   1.14605   1.47168   1.00000  
  1 99.0000   1972.002512  x:  0.21280   0.00413   0.03205   0.01788   0.05121   0.00000   0.04703   0.08025   0.03295   0.18368   0.20468   0.00324   0.03745   0.01187   0.11231   0.05251   0.06467   0.12522   0.05862   0.17578   0.21494   8.40461   1.90647   1.14353   1.47518   1.00211  
  2 475.9756   1969.178557  x:  0.21330   0.00123   0.03205   0.01705   0.05029   0.00157   0.04569   0.07953   0.03381   0.18537   0.20402   0.00000   0.03817   0.01010   0.11966   0.05657   0.06578   0.13070   0.06290   0.17635   0.21483   8.40466   1.90648   1.14317   1.47568   1.00241  
  3 3505.7886   1967.189423  x:  0.21828   0.02410   0.03423   0.02308   0.04577   0.00220   0.03915   0.07493   0.03743   0.19872   0.19743   0.00000   0.03776   0.01166   0.13432   0.04942   0.07147   0.15254   0.06082   0.18055   0.21339   8.40507   1.90658   1.13998   1.48046   1.00535  
  4 172.4378   1964.919060  x:  0.22596   0.01529   0.03374   0.02214   0.04331   0.00187   0.03565   0.06902   0.03202   0.21975   0.18578   0.00000   0.03600   0.01328   0.14083   0.02767   0.07558   0.17570   0.04660   0.18728   0.21060   8.40589   1.90668   1.13420   1.48959   1.01094  
  5 130.3152   1964.110959  x:  0.23375   0.01318   0.03406   0.02394   0.04685   0.00175   0.04233   0.06855   0.03494   0.23957   0.17330   0.00000   0.04079   0.01587   0.13243   0.03572   0.07074   0.18534   0.04075   0.19375   0.20706   8.40713   1.90686   1.12620   1.50251   1.01891  
  6 61.5783   1963.660739  x:  0.23869   0.01364   0.03399   0.02246   0.04744   0.00176   0.04170   0.06996   0.03542   0.25188   0.16522   0.00000   0.03931   0.01035   0.12466   0.03487   0.06754   0.18677   0.04838   0.19774   0.20437   8.40834   1.90704   1.11914   1.51438   1.02631  
  7 72.8470   1963.466865  x:  0.24071   0.01310   0.03373   0.02167   0.04607   0.00178   0.03871   0.07117   0.03457   0.25704   0.16202   0.00000   0.03769   0.01567   0.12314   0.03524   0.06775   0.18454   0.05264   0.19930   0.20288   8.40936   1.90724   1.11383   1.52375   1.03222  
  8 57.2678   1962.925046  x:  0.24348   0.01229   0.03334   0.02491   0.04105   0.00172   0.03335   0.07343   0.03276   0.26501   0.15860   0.00000   0.03562   0.01250   0.12901   0.03923   0.07433   0.17049   0.04871   0.20105   0.19913   8.41360   1.90814   1.09408   1.56033   1.05553  
  9 51.4654   1962.473831  x:  0.24346   0.01379   0.03354   0.01943   0.04484   0.00185   0.04047   0.07216   0.03522   0.26663   0.15975   0.00000   0.03586   0.01298   0.13667   0.03644   0.07777   0.16273   0.04918   0.20058   0.19720   8.41807   1.90925   1.07587   1.59631   1.07872  
 10 90.8125   1962.053860  x:  0.23977   0.01210   0.03361   0.02753   0.04859   0.00161   0.04126   0.06815   0.03463   0.25997   0.16540   0.00000   0.03950   0.01374   0.13828   0.03295   0.07160   0.16574   0.05209   0.19728   0.19787   8.42365   1.91098   1.05852   1.63611   1.10500  
 11 71.4925   1961.674299  x:  0.23522   0.01319   0.03326   0.02166   0.04640   0.00174   0.03647   0.06677   0.03385   0.25052   0.17044   0.00000   0.04057   0.01314   0.13531   0.03467   0.06439   0.17405   0.04910   0.19354   0.19980   8.42920   1.91311   1.04580   1.67125   1.12883  
 12 95.3904   1961.543682  x:  0.23323   0.01244   0.03349   0.02240   0.04270   0.00172   0.03956   0.07028   0.03469   0.24504   0.17016   0.00000   0.03701   0.01319   0.13196   0.03553   0.06823   0.17984   0.04930   0.19229   0.20142   8.43224   1.91496   1.04503   1.68439   1.13866  
 13 33.2124   1961.471317  x:  0.23258   0.01236   0.03309   0.02224   0.04671   0.00169   0.03779   0.07113   0.03408   0.24156   0.16767   0.00000   0.03714   0.01296   0.13008   0.03647   0.07317   0.18233   0.04941   0.19230   0.20264   8.43523   1.91745   1.04952   1.69208   1.14547  
 14 19.8445   1961.199694  x:  0.23354   0.01186   0.03438   0.02200   0.04406   0.00168   0.03845   0.06318   0.03491   0.23317   0.15486   0.00000   0.03794   0.01290   0.13210   0.03678   0.07292   0.18175   0.05031   0.19556   0.20611   8.45162   1.93311   1.08645   1.72026   1.17473  
 15 19.5550   1960.922680  x:  0.23542   0.01201   0.03126   0.02261   0.04614   0.00165   0.03871   0.07247   0.03460   0.23250   0.15347   0.00000   0.03692   0.01297   0.13852   0.03579   0.06676   0.18244   0.04946   0.19820   0.20711   8.47097   1.95329   1.12944   1.74950   1.20579  
 16 55.3182   1960.716123  x:  0.23656   0.01123   0.03757   0.02183   0.04502   0.00163   0.03844   0.07425   0.03387   0.23825   0.16304   0.00000   0.04042   0.01282   0.13850   0.03583   0.06871   0.18372   0.05056   0.19796   0.20546   8.48725   1.97207   1.16232   1.77097   1.22846  
 17 58.4609   1960.565913  x:  0.23659   0.01074   0.03254   0.02185   0.04458   0.00161   0.03829   0.07008   0.03552   0.24409   0.17198   0.00000   0.03850   0.01266   0.13719   0.03727   0.07131   0.18494   0.05125   0.19617   0.20337   8.49955   1.98752   1.18411   1.78520   1.24308  
 18 65.6924   1960.526155  x:  0.23547   0.01083   0.03391   0.02202   0.04591   0.00159   0.03859   0.06882   0.03405   0.24540   0.17238   0.00000   0.03510   0.01260   0.13776   0.03842   0.07079   0.18541   0.05106   0.19420   0.20255   8.50408   1.99481   1.18748   1.78799   1.24506  
 19 14.8481   1960.258937  x:  0.22439   0.00969   0.03375   0.02179   0.04518   0.00153   0.03796   0.07013   0.03613   0.25028   0.16568   0.00000   0.03772   0.01244   0.14108   0.03796   0.07059   0.18759   0.05189   0.17848   0.19760   8.54109   2.05906   1.19893   1.80283   1.24936  
 20 22.2106   1959.982005  x:  0.22474   0.01037   0.03121   0.02108   0.04372   0.00152   0.04029   0.06979   0.02937   0.24797   0.16642   0.00000   0.04025   0.01201   0.14425   0.03932   0.07120   0.19056   0.05369   0.18698   0.20002   8.58256   2.12895   1.20481   1.81746   1.24825  
 21 39.9762   1959.717763  x:  0.22800   0.00785   0.03331   0.02129   0.04481   0.00141   0.03789   0.06950   0.03576   0.24419   0.16855   0.00000   0.03805   0.01194   0.14719   0.03943   0.07075   0.19302   0.05366   0.19839   0.20357   8.62501   2.19870   1.20996   1.83232   1.24572  
 22 158.2185   1959.639800  x:  0.24217   0.00740   0.03317   0.02118   0.04472   0.00139   0.03792   0.06949   0.03561   0.24090   0.16893   0.00000   0.03816   0.01186   0.14842   0.03969   0.07084   0.19433   0.05399   0.19182   0.20379   8.64329   2.20850   1.21189   1.84053   1.23584  
 23  8.1451   1959.160352  x:  0.23500   0.00519   0.03314   0.02056   0.04450   0.00127   0.03773   0.06929   0.03584   0.24407   0.16806   0.00000   0.03829   0.01144   0.15676   0.04161   0.07162   0.20079   0.05637   0.19490   0.20285   8.78771   2.19855   1.22964   1.91003   1.12908  
 24  8.8294   1958.673989  x:  0.23470   0.00200   0.03305   0.01985   0.04425   0.00112   0.03754   0.06917   0.03597   0.25319   0.16733   0.00000   0.03914   0.01070   0.16760   0.04360   0.07226   0.20641   0.05946   0.19153   0.22175   9.05663   2.10628   1.18438   1.82465   1.17620  
 25  3.6942   1958.503434  x:  0.23564   0.00092   0.03307   0.01963   0.04421   0.00107   0.03752   0.06912   0.03605   0.24890   0.16671   0.00000   0.03949   0.01046   0.17099   0.04413   0.07242   0.21017   0.06030   0.19533   0.20370   9.15225   2.07440   1.16888   1.79436   1.19334  
 26 51.5470   1956.879427  x:  0.23708   0.00768   0.03235   0.01729   0.04453   0.00200   0.03821   0.06995   0.03540   0.24693   0.16530   0.00000   0.03906   0.00838   0.17013   0.04492   0.07059   0.20072   0.05987   0.19814   0.19701  11.49784   2.06538   1.15658   1.80823   1.25951  
 27  2.3165   1956.555396  x:  0.23775   0.00346   0.03258   0.01981   0.04459   0.00218   0.03815   0.06951   0.03501   0.24957   0.16561   0.00000   0.03828   0.00959   0.16236   0.04256   0.07052   0.19628   0.05717   0.19678   0.20533  12.00416   2.13969   1.18830   1.87275   1.24595  
 28  0.7612   1956.442605  x:  0.23726   0.00160   0.03284   0.01922   0.04430   0.00251   0.03780   0.06933   0.03582   0.24909   0.16676   0.00000   0.03896   0.01012   0.16737   0.04367   0.07146   0.20227   0.05911   0.19592   0.20577  12.27420   2.10452   1.17074   1.83836   1.23220  
 29  0.1788   1956.376162  x:  0.23753   0.00317   0.03281   0.01901   0.04434   0.00308   0.03788   0.06949   0.03620   0.24850   0.16678   0.00000   0.03929   0.00914   0.16960   0.04442   0.07157   0.20455   0.05984   0.19691   0.20132  12.37170   2.08561   1.16419   1.81585   1.23774  
 30  0.0504   1956.268724  x:  0.23798   0.00190   0.03269   0.01808   0.04422   0.00439   0.03787   0.06957   0.03572   0.24988   0.16580   0.00000   0.03859   0.00865   0.16525   0.04304   0.07089   0.20221   0.05777   0.19783   0.20130  12.44105   2.12097   1.18348   1.84789   1.24528  
 31  0.0305   1956.211482  x:  0.23744   0.00238   0.03272   0.01983   0.04455   0.00523   0.03805   0.06950   0.03566   0.24902   0.16631   0.00000   0.03891   0.01018   0.16673   0.04361   0.07098   0.20170   0.05888   0.19676   0.20509  12.23789   2.10737   1.17497   1.83928   1.24081  
 32  0.1352   1956.197566  x:  0.23748   0.00239   0.03277   0.01893   0.04418   0.00572   0.03781   0.06939   0.03580   0.24913   0.16644   0.00000   0.03894   0.00945   0.16767   0.04377   0.07136   0.20249   0.05899   0.19646   0.20438  12.08207   2.10507   1.17257   1.83749   1.23581  
 33  0.1110   1956.196826  x:  0.23748   0.00229   0.03275   0.01910   0.04430   0.00582   0.03787   0.06942   0.03579   0.24914   0.16638   0.00000   0.03892   0.00946   0.16745   0.04369   0.07126   0.20231   0.05892   0.19664   0.20366  12.07201   2.10640   1.17375   1.83809   1.23715  
 34  0.0099   1956.196777  x:  0.23748   0.00230   0.03275   0.01905   0.04430   0.00586   0.03788   0.06943   0.03579   0.24915   0.16637   0.00000   0.03891   0.00950   0.16741   0.04368   0.07123   0.20225   0.05892   0.19667   0.20378  12.07504   2.10636   1.17387   1.83799   1.23754  
 35  0.0027   1956.196771  x:  0.23748   0.00230   0.03275   0.01906   0.04430   0.00587   0.03788   0.06943   0.03579   0.24914   0.16637   0.00000   0.03892   0.00948   0.16741   0.04369   0.07123   0.20225   0.05892   0.19666   0.20381  12.07825   2.10626   1.17381   1.83791   1.23750  
 36  0.0028   1956.196771  x:  0.23748   0.00230   0.03275   0.01906   0.04430   0.00587   0.03788   0.06943   0.03579   0.24913   0.16637   0.00000   0.03892   0.00948   0.16741   0.04369   0.07124   0.20225   0.05893   0.19666   0.20380  12.07898   2.10629   1.17381   1.83795   1.23746  
 37  0.0007   1956.196771  x:  0.23748   0.00230   0.03275   0.01906   0.04430   0.00587   0.03788   0.06943   0.03579   0.24914   0.16637   0.00000   0.03892   0.00948   0.16741   0.04369   0.07124   0.20225   0.05892   0.19666   0.20380  12.07902   2.10630   1.17381   1.83795   1.23746  
 38  0.0000   1956.196771  x:  0.23748   0.00230   0.03275   0.01906   0.04430   0.00587   0.03788   0.06943   0.03579   0.24914   0.16637   0.00000   0.03892   0.00948   0.16741   0.04369   0.07124   0.20225   0.05892   0.19666   0.20380  12.07902   2.10630   1.17381   1.83795   1.23746  
 39  0.0000   1956.196771  x:  0.23748   0.00230   0.03275   0.01906   0.04430   0.00587   0.03788   0.06943   0.03579   0.24914   0.16637   0.00000   0.03892   0.00948   0.16741   0.04369   0.07124   0.20225   0.05892   0.19666   0.20380  12.07902   2.10630   1.17381   1.83795   1.23746  
 40  0.0000   1956.196771  x:  0.23748   0.00230   0.03275   0.01906   0.04430   0.00587   0.03788   0.06943   0.03579   0.24914   0.16637   0.00000   0.03892   0.00948   0.16741   0.04369   0.07124   0.20225   0.05892   0.19666   0.20380  12.07902   2.10630   1.17381   1.83795   1.23746  