

TREE # 1

  0  0.0000   2106.059619  x:  0.04446   0.01364   0.15816   0.00000   0.04636   0.07400   0.06277   0.02979   0.12270   0.08214   0.08015   0.09968   0.00373   0.17969   0.03463   0.04376   0.04492   0.03973   0.04396   0.07001   0.10165   0.04330   0.09844   0.06308   2.00000   1.57628   1.12897   1.50633   0.40000  
  1 99.0000   2106.058206  x:  0.04446   0.01363   0.15816   0.00000   0.04636   0.07400   0.06277   0.02979   0.12270   0.08214   0.08015   0.09968   0.00373   0.17969   0.03463   0.04376   0.04492   0.03973   0.04396   0.07001   0.10165   0.04330   0.09844   0.06308   2.00000   1.57628   1.12897   1.50633   0.40000  
  2 403.8592   2102.705088  x:  0.04709   0.01208   0.15990   0.00000   0.04478   0.07705   0.06328   0.02709   0.12032   0.08257   0.07730   0.10178   0.00000   0.18318   0.03512   0.04046   0.04299   0.04065   0.04049   0.07040   0.10107   0.04218   0.10052   0.06571   2.00097   1.57585   1.12909   1.50666   0.40338  
  3 1189.9839   2092.220517  x:  0.02707   0.01066   0.17418   0.00000   0.03526   0.08258   0.06506   0.01211   0.09594   0.08836   0.05167   0.11190   0.00079   0.20917   0.03501   0.01232   0.03169   0.03518   0.01149   0.07213   0.09676   0.03610   0.10734   0.04571   2.01162   1.57142   1.13070   1.51012   0.43460  
  4 372.0934   2088.183775  x:  0.02868   0.02243   0.18685   0.00000   0.03351   0.07117   0.06469   0.02667   0.06604   0.09383   0.02653   0.11416   0.00026   0.23009   0.03379   0.01354   0.03349   0.03131   0.02104   0.07214   0.09380   0.03640   0.10534   0.04734   2.02866   1.56504   1.13281   1.51560   0.47314  
  5 162.7221   2086.311564  x:  0.02864   0.02281   0.19429   0.00000   0.03901   0.06631   0.06230   0.02525   0.05059   0.09588   0.04099   0.10897   0.00017   0.24025   0.03346   0.02390   0.03911   0.03925   0.01529   0.07099   0.09323   0.04007   0.10066   0.04734   2.05094   1.55735   1.13544   1.52235   0.51075  
  6 116.8553   2084.137193  x:  0.02963   0.01704   0.19855   0.00000   0.04550   0.07075   0.06012   0.02108   0.06270   0.09452   0.05126   0.09714   0.00026   0.24249   0.03152   0.01757   0.04317   0.02667   0.02525   0.06895   0.09463   0.04389   0.09357   0.04841   2.09497   1.54314   1.14071   1.53486   0.56697  
  7 119.5409   2082.698274  x:  0.02752   0.01413   0.19552   0.00000   0.04489   0.06966   0.06126   0.02523   0.08011   0.09093   0.04616   0.09222   0.00036   0.23337   0.03236   0.01475   0.04227   0.04211   0.02718   0.06878   0.09672   0.04341   0.09107   0.04639   2.13993   1.52982   1.14605   1.54670   0.60740  
  8 156.0203   2081.007262  x:  0.02926   0.01680   0.18560   0.00000   0.03972   0.06427   0.06324   0.02794   0.09156   0.08675   0.03993   0.09674   0.00029   0.21344   0.03429   0.02612   0.03847   0.03612   0.01377   0.07022   0.09881   0.03994   0.09388   0.04824   2.20016   1.51362   1.15302   1.56129   0.64183  
  9 159.7806   2078.867532  x:  0.02629   0.02262   0.16628   0.00000   0.03333   0.07197   0.06336   0.02281   0.07818   0.08641   0.04572   0.11491   0.00036   0.18307   0.03270   0.02451   0.03419   0.03689   0.02463   0.07213   0.09814   0.03596   0.10593   0.04548   2.30614   1.48910   1.16430   1.58429   0.66626  
 10 132.2834   2076.769675  x:  0.03039   0.02559   0.15531   0.00000   0.04175   0.06752   0.06169   0.02454   0.06921   0.08901   0.04541   0.11362   0.00026   0.17363   0.03445   0.00893   0.03973   0.03706   0.01856   0.07028   0.09657   0.04248   0.10543   0.04979   2.41234   1.46844   1.17427   1.60499   0.66492  
 11 160.6452   2069.860299  x:  0.02805   0.01218   0.14312   0.00000   0.06024   0.08943   0.06029   0.01549   0.05866   0.09916   0.02299   0.09569   0.00045   0.19364   0.03742   0.02353   0.04744   0.03768   0.01665   0.06562   0.08933   0.05341   0.10250   0.04836   2.84589   1.39125   1.21197   1.68551   0.63149  
 12 388.3609   2062.542162  x:  0.02865   0.01152   0.15965   0.00000   0.04772   0.08039   0.06549   0.02618   0.06608   0.09983   0.03769   0.09810   0.00000   0.22689   0.02950   0.02116   0.03588   0.03665   0.01830   0.06968   0.08791   0.04252   0.10190   0.04968   3.19479   1.33592   1.23957   1.74683   0.59974  
 13 705.4130   2062.542162  x:  0.02865   0.01152   0.15965   0.00000   0.04772   0.08039   0.06549   0.02618   0.06608   0.09983   0.03769   0.09810   0.00000   0.22689   0.02950   0.02116   0.03588   0.03665   0.01830   0.06968   0.08791   0.04252   0.10190   0.04968   3.19479   1.33592   1.23957   1.74683   0.59974  
 14 212.8674   2046.034700  x:  0.08327   0.00000   0.17198   0.00000   0.03349   0.10366   0.06779   0.00630   0.06420   0.09530   0.03219   0.11674   0.03877   0.24212   0.03957   0.00686   0.02523   0.05058   0.00645   0.07291   0.08811   0.03419   0.12135   0.10430   3.19723   1.33948   1.23784   1.74541   0.60801  
 15 443.0437   2043.600821  x:  0.09411   0.00580   0.17932   0.00000   0.02781   0.11352   0.06936   0.01252   0.06336   0.09301   0.03096   0.12525   0.03517   0.25080   0.04173   0.01596   0.02416   0.05309   0.02126   0.07433   0.08839   0.03088   0.12793   0.11514   3.19893   1.34195   1.23668   1.74432   0.61337  
 16 254.4252   2039.634764  x:  0.10014   0.00000   0.19260   0.00000   0.02278   0.12765   0.07126   0.01299   0.06229   0.08926   0.03090   0.13777   0.01096   0.26725   0.04201   0.01570   0.02523   0.05302   0.01887   0.07612   0.08869   0.02780   0.13681   0.12117   3.20263   1.34731   1.23419   1.74181   0.62453  
 17 186.5012   2038.474181  x:  0.10278   0.00886   0.20011   0.00000   0.02437   0.13390   0.07181   0.01030   0.06210   0.08774   0.03100   0.14384   0.00000   0.27685   0.04202   0.01313   0.02504   0.05276   0.01492   0.07668   0.08880   0.02819   0.14143   0.12381   3.20519   1.35089   1.23259   1.74003   0.63182  
 18 298.5352   2037.115421  x:  0.09658   0.00851   0.21848   0.00000   0.03888   0.14143   0.07174   0.01205   0.06312   0.08676   0.03255   0.15137   0.00756   0.30538   0.03965   0.01347   0.02561   0.04882   0.01361   0.07598   0.08891   0.03609   0.15227   0.11761   3.21499   1.36410   1.22698   1.73300   0.65731  
 19 87.6877   2036.562068  x:  0.09360   0.00871   0.22291   0.00000   0.03514   0.13812   0.07049   0.00587   0.06313   0.08841   0.03121   0.14938   0.00903   0.31620   0.03932   0.01206   0.02347   0.05030   0.01719   0.07489   0.08872   0.03463   0.15330   0.11464   3.22168   1.37245   1.22359   1.72820   0.67209  
 20 77.8791   2035.781376  x:  0.09138   0.01107   0.22765   0.00000   0.02602   0.12970   0.06900   0.01068   0.06308   0.09192   0.02905   0.14327   0.01146   0.33263   0.03997   0.00900   0.02085   0.05416   0.01469   0.07303   0.08831   0.03069   0.15286   0.11242   3.23470   1.38828   1.21727   1.71894   0.69921  
 21 181.0299   2035.340219  x:  0.09281   0.01152   0.22807   0.00000   0.02425   0.12345   0.06838   0.00992   0.06319   0.09374   0.02971   0.13803   0.01126   0.34066   0.04144   0.01521   0.02388   0.05583   0.01093   0.07257   0.08819   0.02937   0.15074   0.11384   3.24465   1.39972   1.21277   1.71209   0.71805  
 22 156.6351   2034.467464  x:  0.10048   0.00891   0.22331   0.00000   0.03173   0.11197   0.06866   0.01123   0.06366   0.09551   0.03345   0.12635   0.00587   0.35029   0.04421   0.01225   0.02924   0.05603   0.01525   0.07334   0.08799   0.03058   0.14286   0.12151   3.26800   1.42502   1.20302   1.69655   0.75805  
 23 151.0601   2033.931905  x:  0.10297   0.00781   0.21658   0.00000   0.03375   0.11343   0.06991   0.01145   0.06354   0.09306   0.03072   0.12337   0.00397   0.34814   0.04119   0.01486   0.02032   0.05077   0.01475   0.07506   0.08832   0.03347   0.13689   0.12400   3.28629   1.44216   1.19680   1.68541   0.78323  
 24 87.0838   2033.225246  x:  0.10211   0.00949   0.20523   0.00000   0.02912   0.12478   0.07155   0.01080   0.06282   0.08721   0.02856   0.12626   0.00702   0.33643   0.03511   0.01310   0.02682   0.04468   0.01480   0.07695   0.08888   0.03447   0.13044   0.12314   3.31863   1.46906   1.18753   1.66725   0.82079  
 25 111.2900   2032.672653  x:  0.09834   0.00968   0.19813   0.00000   0.02995   0.13403   0.07110   0.01054   0.06294   0.08575   0.03585   0.13339   0.00829   0.31980   0.04126   0.01297   0.02462   0.05307   0.01430   0.07593   0.08885   0.03258   0.13089   0.11938   3.35073   1.49150   1.18032   1.65137   0.85029  
 26 101.0574   2032.379509  x:  0.09758   0.00898   0.19935   0.00000   0.03304   0.13276   0.06991   0.01080   0.06351   0.08969   0.02834   0.13816   0.00745   0.30735   0.04347   0.01315   0.02558   0.05491   0.01430   0.07406   0.08839   0.03106   0.13776   0.11861   3.37293   1.50208   1.17764   1.64301   0.86252  
 27 56.7565   2032.094791  x:  0.09837   0.00881   0.20540   0.00000   0.03090   0.12666   0.06946   0.01090   0.06336   0.09404   0.03279   0.14210   0.00694   0.29393   0.04020   0.01320   0.02494   0.05010   0.01450   0.07345   0.08801   0.03273   0.14802   0.11941   3.40257   1.51135   1.17624   1.63454   0.87145  
 28 57.4812   2031.627121  x:  0.09792   0.00864   0.21958   0.00000   0.02999   0.12183   0.07444   0.01067   0.06228   0.08070   0.03125   0.13720   0.00708   0.28622   0.03969   0.01311   0.02529   0.05505   0.01450   0.08167   0.08962   0.03578   0.14971   0.11895   3.47909   1.51810   1.17984   1.62285   0.87035  
 29 29.3591   2030.318385  x:  0.09865   0.00853   0.24002   0.00000   0.03413   0.12898   0.07062   0.01062   0.06444   0.07916   0.03317   0.12711   0.00817   0.28540   0.04158   0.01311   0.02446   0.04811   0.01424   0.07725   0.08996   0.02119   0.13867   0.11969   3.70033   1.52849   1.19254   1.59558   0.85690  
 30 109.9072   2028.753752  x:  0.10033   0.00743   0.25566   0.00000   0.02899   0.13961   0.06459   0.01058   0.06572   0.09007   0.03161   0.12005   0.00672   0.29104   0.04792   0.01291   0.02578   0.04788   0.01479   0.06739   0.08902   0.03606   0.12353   0.12137   4.00693   1.54007   1.20959   1.56081   0.83692  
 31 540.8021   2026.977823  x:  0.10030   0.00671   0.23943   0.00000   0.03263   0.13709   0.07423   0.01031   0.06182   0.10508   0.03230   0.13162   0.00539   0.31109   0.03020   0.01377   0.02561   0.06036   0.01454   0.07554   0.08749   0.03538   0.12404   0.12133   4.33340   1.54569   1.22383   1.53312   0.81700  
 32 289.4927   2025.542878  x:  0.09769   0.00739   0.21050   0.00000   0.03032   0.12702   0.07887   0.00977   0.06125   0.10036   0.03184   0.14511   0.00508   0.33326   0.04474   0.01270   0.02554   0.04937   0.01433   0.08357   0.08847   0.03432   0.13948   0.11873   4.61340   1.54497   1.23153   1.51839   0.80368  
 33 347.2642   2024.990193  x:  0.09836   0.00713   0.19839   0.00000   0.03064   0.12407   0.06835   0.01047   0.06593   0.08841   0.03215   0.14492   0.00322   0.33925   0.03939   0.01310   0.02540   0.05188   0.01449   0.07332   0.08984   0.03542   0.15029   0.11939   4.71743   1.53843   1.22857   1.52396   0.80472  
 34 126.9106   2023.641478  x:  0.09727   0.00747   0.19191   0.00000   0.03100   0.13453   0.07515   0.01003   0.05199   0.09179   0.03217   0.12673   0.00167   0.33534   0.03963   0.01305   0.02554   0.05206   0.01436   0.07020   0.08669   0.03571   0.16451   0.11830   4.98459   1.48773   1.18792   1.59958   0.84306  
 35 59.9117   2022.826632  x:  0.09705   0.00709   0.19320   0.00000   0.02947   0.13420   0.07398   0.01008   0.07030   0.09565   0.03220   0.13055   0.00181   0.33134   0.03973   0.01278   0.02557   0.05198   0.01430   0.07888   0.08754   0.03607   0.15971   0.11808   5.15875   1.45190   1.15885   1.65423   0.87133  
 36 221.0463   2022.494372  x:  0.09749   0.00645   0.19668   0.00000   0.03003   0.12661   0.06966   0.01045   0.06355   0.09285   0.03190   0.14429   0.00279   0.32953   0.03997   0.01277   0.02539   0.05125   0.01425   0.07699   0.08911   0.03582   0.14830   0.11852   5.22585   1.43759   1.14772   1.67703   0.88338  
 37 89.5605   2022.486956  x:  0.09751   0.00643   0.19681   0.00000   0.02998   0.12619   0.07146   0.01037   0.06413   0.09242   0.03190   0.14485   0.00282   0.32947   0.04001   0.01278   0.02538   0.05119   0.01426   0.07544   0.08832   0.03580   0.14788   0.11854   5.22745   1.43758   1.14829   1.67792   0.88386  
 38  5.2209   2022.420187  x:  0.09739   0.00612   0.19701   0.00000   0.02996   0.12628   0.06991   0.01047   0.06394   0.09183   0.03190   0.14550   0.00251   0.32867   0.04000   0.01281   0.02539   0.05113   0.01422   0.07671   0.08260   0.03581   0.14782   0.11842   5.24440   1.44784   1.17689   1.69634   0.89321  
 39  2.1396   2022.338013  x:  0.09720   0.00575   0.19726   0.00000   0.02991   0.12656   0.07105   0.01044   0.06409   0.09237   0.03192   0.14594   0.00208   0.32774   0.04004   0.01272   0.02541   0.05113   0.01418   0.07592   0.08905   0.03573   0.14803   0.11824   5.26595   1.46222   1.21201   1.72013   0.90419  
 40 40.3619   2022.064542  x:  0.09641   0.00460   0.20200   0.00000   0.02966   0.12742   0.07085   0.01023   0.06403   0.09157   0.03184   0.14727   0.00080   0.33111   0.03988   0.01260   0.02545   0.05081   0.01404   0.07577   0.08847   0.03551   0.14816   0.11745   5.34288   1.56392   1.23939   1.80571   0.88889  
 41  5.1654   2021.853116  x:  0.09607   0.00397   0.20430   0.00000   0.02958   0.12826   0.07085   0.01023   0.06396   0.09119   0.03186   0.14742   0.00000   0.33223   0.03984   0.01256   0.02551   0.05072   0.01399   0.07568   0.08849   0.03540   0.14877   0.11711   5.37544   1.55967   1.23572   1.79669   0.89365  
 42  1.4299   2020.769683  x:  0.09431   0.00000   0.21620   0.00000   0.02769   0.13295   0.07137   0.01002   0.06330   0.08946   0.03166   0.14900   0.00000   0.34121   0.03918   0.01203   0.02564   0.05048   0.01302   0.07587   0.08865   0.03354   0.15359   0.11532   5.72595   1.53367   1.20918   1.72518   0.93083  
 43  0.6952   2020.383866  x:  0.09344   0.00000   0.23067   0.00000   0.02615   0.13793   0.07188   0.00974   0.06256   0.08783   0.03140   0.15210   0.00000   0.34540   0.03887   0.01160   0.02555   0.05068   0.01203   0.07596   0.08880   0.03107   0.15114   0.11442   6.20941   1.51253   1.18380   1.66061   0.96889  
 44  0.4512   2020.354942  x:  0.09391   0.00000   0.22906   0.00000   0.02656   0.13836   0.07169   0.00972   0.06301   0.08781   0.03147   0.14874   0.00000   0.34250   0.03879   0.01169   0.02556   0.05045   0.01237   0.07593   0.08879   0.03150   0.15078   0.11490   6.34042   1.52097   1.18996   1.68173   0.96647  
 45  0.0802   2020.352393  x:  0.09382   0.00000   0.22818   0.00000   0.02660   0.13781   0.07179   0.00976   0.06282   0.08810   0.03152   0.14902   0.00000   0.34242   0.03888   0.01171   0.02561   0.05052   0.01232   0.07591   0.08877   0.03161   0.15054   0.11481   6.36747   1.51756   1.18799   1.67407   0.96413  
 46  0.0214   2020.352285  x:  0.09369   0.00000   0.22822   0.00000   0.02655   0.13768   0.07175   0.00976   0.06285   0.08803   0.03152   0.14917   0.00000   0.34248   0.03887   0.01171   0.02561   0.05050   0.01231   0.07587   0.08878   0.03162   0.15062   0.11468   6.36814   1.51817   1.18873   1.67509   0.96325  
 47  0.0015   2020.352280  x:  0.09367   0.00000   0.22825   0.00000   0.02657   0.13768   0.07175   0.00977   0.06286   0.08805   0.03152   0.14918   0.00000   0.34245   0.03887   0.01171   0.02561   0.05050   0.01231   0.07588   0.08878   0.03161   0.15063   0.11465   6.36765   1.51805   1.18863   1.67502   0.96312  
 48  0.0005   2020.352280  x:  0.09366   0.00000   0.22825   0.00000   0.02657   0.13768   0.07175   0.00977   0.06286   0.08805   0.03152   0.14917   0.00000   0.34244   0.03886   0.01171   0.02561   0.05050   0.01231   0.07588   0.08878   0.03161   0.15062   0.11465   6.36755   1.51802   1.18861   1.67500   0.96312  
 49  0.0001   2020.352280  x:  0.09366   0.00000   0.22825   0.00000   0.02657   0.13768   0.07175   0.00977   0.06286   0.08804   0.03152   0.14917   0.00000   0.34243   0.03886   0.01171   0.02561   0.05050   0.01231   0.07588   0.08878   0.03161   0.15062   0.11465   6.36754   1.51803   1.18861   1.67500   0.96313  
 50  0.0000   2020.352280  x:  0.09366   0.00000   0.22825   0.00000   0.02657   0.13768   0.07175   0.00977   0.06286   0.08804   0.03152   0.14917   0.00000   0.34244   0.03886   0.01171   0.02561   0.05050   0.01231   0.07588   0.08878   0.03161   0.15062   0.11465   6.36754   1.51803   1.18862   1.67500   0.96313  
 51  0.0000   2020.352280  x:  0.09366   0.00000   0.22825   0.00000   0.02657   0.13768   0.07175   0.00977   0.06286   0.08804   0.03152   0.14917   0.00000   0.34244   0.03886   0.01171   0.02561   0.05050   0.01231   0.07588   0.08878   0.03161   0.15062   0.11465   6.36755   1.51803   1.18862   1.67500   0.96313  
 52  0.0000   2020.352280  x:  0.09366   0.00000   0.22825   0.00000   0.02657   0.13768   0.07175   0.00977   0.06286   0.08804   0.03152   0.14917   0.00000   0.34244   0.03886   0.01171   0.02561   0.05050   0.01231   0.07588   0.08878   0.03161   0.15062   0.11465   6.36755   1.51803   1.18862   1.67500   0.96313  