

TREE # 1

  0  0.0000   2042.709687  x:  0.05277   0.00000   0.09615   0.01372   0.06236   0.08846   0.03895   0.05203   0.09162   0.05406   0.07537   0.10864   0.01467   0.01298   0.07349   0.07289   0.06501   0.05051   0.05284   0.05438   0.08859   0.05641   0.09463   0.07139   2.00000   1.71720   1.12765   1.25417   0.40000  
  1 99.0000   2042.707347  x:  0.05277   0.00000   0.09615   0.01372   0.06236   0.08846   0.03895   0.05203   0.09162   0.05407   0.07537   0.10864   0.01467   0.01298   0.07350   0.07289   0.06501   0.05051   0.05284   0.05438   0.08859   0.05641   0.09463   0.07139   2.00000   1.71720   1.12765   1.25417   0.40000  
  2 660.0350   2032.132497  x:  0.05911   0.00000   0.10202   0.00000   0.05565   0.08669   0.03427   0.04996   0.08933   0.05621   0.07428   0.11705   0.00265   0.01182   0.08069   0.06762   0.05956   0.05363   0.04740   0.05634   0.08615   0.06404   0.10364   0.07774   2.00311   1.71686   1.12772   1.25517   0.41002  
  3 510.2588   2031.466843  x:  0.05893   0.00000   0.10193   0.00000   0.05486   0.08654   0.03436   0.04997   0.08910   0.05619   0.07427   0.11761   0.00000   0.01188   0.08068   0.06695   0.05902   0.05342   0.04708   0.05630   0.08594   0.06324   0.10371   0.07755   2.00378   1.71680   1.12773   1.25537   0.41161  
  4 285.2688   2027.178995  x:  0.06698   0.00000   0.07145   0.00000   0.04454   0.08651   0.03837   0.05298   0.08791   0.05747   0.07891   0.11945   0.00000   0.01262   0.07148   0.05739   0.05828   0.05791   0.05650   0.05568   0.08427   0.07998   0.08153   0.08562   2.04711   1.71372   1.12671   1.26890   0.47825  
  5 134.5875   2022.478348  x:  0.06095   0.00000   0.08725   0.00000   0.06507   0.09303   0.03492   0.05242   0.09657   0.06130   0.08741   0.09368   0.00000   0.01496   0.07840   0.07659   0.08153   0.05497   0.07741   0.05604   0.09418   0.08347   0.10128   0.07965   2.15194   1.70857   1.12352   1.29967   0.56703  
  6 108.4930   2017.490551  x:  0.06730   0.00000   0.10714   0.00000   0.09534   0.09252   0.02909   0.04509   0.09994   0.04455   0.06981   0.13541   0.00000   0.01865   0.07856   0.10541   0.09858   0.05927   0.07363   0.05488   0.09767   0.07392   0.08221   0.08608   2.32804   1.70312   1.12200   1.34447   0.59622  
  7 108.8503   2006.549615  x:  0.07031   0.00000   0.08102   0.00000   0.11877   0.07899   0.05153   0.05889   0.08583   0.07744   0.04359   0.14859   0.00000   0.02553   0.07102   0.12286   0.08898   0.05446   0.02996   0.05326   0.08000   0.07762   0.10969   0.08929   2.74518   1.69355   1.12520   1.44072   0.58427  
  8 242.7272   1989.570663  x:  0.07215   0.00000   0.07232   0.00000   0.09545   0.06789   0.03179   0.05095   0.06345   0.06160   0.11796   0.13266   0.00000   0.03818   0.09253   0.09705   0.03024   0.06233   0.03347   0.05850   0.05222   0.08162   0.11657   0.09147   3.45732   1.68333   1.13717   1.59233   0.52070  
  9 570.8920   1980.222863  x:  0.07518   0.00000   0.09303   0.00000   0.03165   0.08151   0.02810   0.04807   0.07947   0.06397   0.10789   0.11767   0.00000   0.04424   0.08793   0.04610   0.04686   0.05887   0.04816   0.06116   0.07573   0.09119   0.11296   0.09467   3.80099   1.68534   1.14821   1.65323   0.48090  
 10 488.1666   1979.601052  x:  0.06999   0.00000   0.09199   0.00000   0.02867   0.08469   0.02795   0.04526   0.08340   0.05703   0.09573   0.11193   0.00000   0.04464   0.09583   0.04693   0.03726   0.06318   0.04787   0.05667   0.07799   0.09611   0.11092   0.08948   3.82941   1.69709   1.15651   1.63843   0.48131  
 11 43.5904   1977.802745  x:  0.06758   0.00000   0.09204   0.00000   0.03978   0.08504   0.02206   0.04941   0.07938   0.05894   0.08851   0.11098   0.00000   0.04598   0.10563   0.03258   0.04056   0.06073   0.05227   0.06737   0.07021   0.09806   0.10711   0.08710   3.92109   1.76074   1.19931   1.54552   0.48595  
 12 58.2994   1975.841446  x:  0.07306   0.00000   0.09622   0.00000   0.03041   0.08352   0.03634   0.04892   0.07559   0.06062   0.09693   0.11448   0.00000   0.04752   0.10536   0.04485   0.04335   0.05957   0.05545   0.06888   0.07036   0.09875   0.10940   0.09262   4.02847   1.83861   1.25043   1.43009   0.49183  
 13 276.1040   1975.290791  x:  0.07467   0.00000   0.09378   0.00000   0.02975   0.08351   0.02648   0.04753   0.07968   0.06287   0.10155   0.11591   0.00000   0.04795   0.09644   0.04733   0.04275   0.06114   0.05131   0.06119   0.07612   0.09744   0.11336   0.09424   4.05619   1.85921   1.26242   1.39937   0.49367  
 14 116.8020   1975.239110  x:  0.07478   0.00000   0.09429   0.00000   0.03192   0.08419   0.02874   0.04738   0.08197   0.06152   0.10336   0.11652   0.00000   0.04794   0.09485   0.04486   0.04212   0.06236   0.04961   0.06044   0.07765   0.09803   0.11441   0.09435   4.05892   1.86138   1.26186   1.39644   0.49406  
 15 17.2345   1975.148141  x:  0.07272   0.00000   0.09368   0.00000   0.03040   0.08510   0.02797   0.04940   0.08466   0.05967   0.10549   0.11747   0.00000   0.04795   0.09495   0.04587   0.04315   0.06160   0.04525   0.06456   0.07824   0.10005   0.11430   0.09229   4.06359   1.86549   1.25112   1.39227   0.49500  
 16  6.0573   1974.506570  x:  0.07090   0.00000   0.09543   0.00000   0.02923   0.08581   0.02866   0.04342   0.08546   0.06789   0.10636   0.12083   0.00000   0.04820   0.09837   0.04383   0.04138   0.05872   0.04609   0.06091   0.07650   0.10172   0.11170   0.09044   4.09598   1.89258   1.16543   1.36489   0.50039  
 17 26.0608   1974.207176  x:  0.07470   0.00000   0.09508   0.00000   0.02823   0.08364   0.02786   0.04928   0.08084   0.06158   0.10252   0.11843   0.00000   0.04834   0.09683   0.04267   0.04156   0.06221   0.04839   0.06005   0.07618   0.09832   0.11545   0.09421   4.11126   1.90240   1.12838   1.35253   0.50315  
 18 66.5033   1974.061632  x:  0.07643   0.00000   0.09392   0.00000   0.02862   0.08224   0.02762   0.04270   0.07888   0.05877   0.10032   0.11602   0.00000   0.04842   0.09433   0.04237   0.04115   0.06094   0.04750   0.06455   0.07739   0.09722   0.11702   0.09593   4.11832   1.89944   1.12172   1.34814   0.50496  
 19 12.0015   1968.881893  x:  0.08277   0.00000   0.11898   0.00000   0.03385   0.07311   0.02500   0.05379   0.07683   0.06877   0.09017   0.11725   0.00000   0.05072   0.09413   0.04336   0.01861   0.05439   0.04346   0.07721   0.09541   0.10015   0.10938   0.10186   4.35327   1.68984   1.05825   1.22395   0.56569  
 20 19.4565   1962.019976  x:  0.08002   0.00000   0.12674   0.00000   0.03103   0.06576   0.02418   0.04499   0.07011   0.06444   0.08403   0.12966   0.00000   0.05346   0.11651   0.03721   0.04047   0.06817   0.02872   0.06531   0.09102   0.10319   0.11811   0.09850   4.69788   1.38202   0.97049   1.04397   0.65152  
 21 802.0858   1960.730990  x:  0.08040   0.00000   0.12076   0.00000   0.03027   0.08099   0.02347   0.04422   0.08032   0.06026   0.07954   0.14303   0.00000   0.05367   0.11463   0.03884   0.03816   0.06246   0.04237   0.06748   0.07984   0.10387   0.13293   0.09876   4.76403   1.32880   0.95663   1.01458   0.66643  
 22 187.7271   1959.721928  x:  0.08854   0.00000   0.12808   0.00000   0.02917   0.09542   0.02229   0.04371   0.08484   0.05839   0.07798   0.13520   0.00000   0.05416   0.11326   0.03972   0.03844   0.05773   0.03166   0.06273   0.06361   0.10038   0.12879   0.10680   4.80727   1.35074   0.97236   1.04119   0.68002  
 23 15.8937   1949.517013  x:  0.08872   0.00000   0.13350   0.00000   0.02132   0.10730   0.01926   0.03429   0.08287   0.07423   0.06638   0.16932   0.00000   0.05552   0.12343   0.04306   0.03963   0.10542   0.03604   0.07973   0.07362   0.08317   0.15685   0.10584   5.31208   1.70736   1.19748   1.43357   0.82354  
 24 106.4609   1946.090335  x:  0.08727   0.00000   0.13470   0.00000   0.02228   0.08370   0.01886   0.03656   0.07824   0.05434   0.06350   0.18351   0.00000   0.05495   0.12838   0.03845   0.04382   0.06614   0.03911   0.06018   0.08118   0.10141   0.16973   0.10407   5.45197   1.80773   1.26062   1.54324   0.86252  
 25 266.9717   1946.072262  x:  0.08785   0.00000   0.13442   0.00000   0.02212   0.08091   0.01891   0.03651   0.08135   0.05449   0.06328   0.18312   0.00000   0.05493   0.12902   0.03857   0.04389   0.06629   0.03949   0.06045   0.08016   0.10058   0.16967   0.10465   5.45415   1.80820   1.26082   1.54371   0.86277  
 26  6.2603   1945.749495  x:  0.09246   0.00000   0.12764   0.00000   0.02542   0.08504   0.01966   0.03820   0.08404   0.05515   0.06458   0.18222   0.00000   0.05252   0.13925   0.04009   0.04496   0.06167   0.03800   0.06038   0.08841   0.09329   0.16847   0.10913   5.55154   1.81187   1.25764   1.54555   0.86986  
 27  2.8930   1943.608264  x:  0.08197   0.00000   0.13760   0.00000   0.03724   0.07993   0.02193   0.04153   0.08187   0.05465   0.06133   0.17635   0.00000   0.03792   0.11820   0.05051   0.04826   0.06511   0.04146   0.05992   0.07618   0.09480   0.16047   0.09778   6.19531   1.83552   1.23662   1.55636   0.92058  
 28 114.7583   1940.236802  x:  0.09038   0.00000   0.14079   0.00000   0.02447   0.07817   0.03152   0.04693   0.07665   0.06844   0.08215   0.18835   0.00000   0.04068   0.11717   0.03730   0.04272   0.06053   0.02613   0.06355   0.07137   0.08953   0.17142   0.10564   7.15000   1.87572   1.23806   1.52202   1.02413  
 29  1.0049   1938.614733  x:  0.09456   0.00000   0.14177   0.00000   0.03437   0.07314   0.02419   0.04375   0.07055   0.06914   0.06626   0.19441   0.00000   0.05182   0.12550   0.04678   0.03689   0.06563   0.02689   0.06458   0.06441   0.09009   0.17951   0.10994   7.83683   1.87338   1.21583   1.47570   1.10823  
 30  0.5672   1937.736924  x:  0.09334   0.00000   0.13347   0.00000   0.02746   0.07696   0.02252   0.04276   0.07374   0.06728   0.06434   0.18820   0.00000   0.05027   0.12281   0.04385   0.03543   0.06096   0.03551   0.06249   0.07474   0.08809   0.17421   0.10861   8.66945   1.81042   1.19508   1.46099   1.16706  
 31  0.6665   1937.393045  x:  0.08916   0.00000   0.13240   0.00000   0.02928   0.07709   0.02415   0.04308   0.07758   0.06380   0.07372   0.18655   0.00000   0.05465   0.11787   0.04370   0.03556   0.06383   0.03185   0.06340   0.07202   0.09339   0.17152   0.10472   9.07916   1.78894   1.19401   1.46258   1.19425  
 32  0.3331   1937.254175  x:  0.08929   0.00000   0.13141   0.00000   0.02910   0.07692   0.02571   0.04445   0.07475   0.06306   0.06810   0.18241   0.00000   0.05881   0.11922   0.04327   0.03780   0.06297   0.02991   0.06347   0.07024   0.09219   0.16637   0.10519   9.33364   1.80253   1.19514   1.46500   1.20082  
 33  0.1593   1937.191306  x:  0.08919   0.00000   0.13017   0.00000   0.02975   0.07569   0.02382   0.04385   0.07426   0.06455   0.07027   0.18168   0.00000   0.06178   0.11899   0.04397   0.03891   0.06272   0.03172   0.06284   0.06996   0.08944   0.16329   0.10543   9.41928   1.81985   1.20133   1.47777   1.18705  
 34  0.0539   1937.147258  x:  0.08816   0.00000   0.12984   0.00000   0.02898   0.07747   0.02455   0.04315   0.07569   0.06462   0.06945   0.18295   0.00000   0.06378   0.11761   0.04410   0.03763   0.06322   0.03075   0.06325   0.07134   0.08861   0.16258   0.10466   9.43406   1.82193   1.20553   1.49120   1.15897  
 35  0.0166   1937.129555  x:  0.08822   0.00000   0.13111   0.00000   0.02915   0.07622   0.02491   0.04389   0.07496   0.06390   0.06957   0.18441   0.00000   0.06356   0.11709   0.04411   0.03709   0.06182   0.03135   0.06296   0.06994   0.08929   0.16396   0.10470   9.46291   1.82098   1.20608   1.49048   1.14485  
 36  0.0176   1937.113048  x:  0.08883   0.00000   0.13137   0.00000   0.02951   0.07657   0.02434   0.04417   0.07502   0.06380   0.06958   0.18455   0.00000   0.06218   0.11859   0.04420   0.03719   0.06326   0.03092   0.06285   0.07028   0.08893   0.16492   0.10518   9.58723   1.81295   1.19905   1.47884   1.13580  
 37  0.0622   1937.109001  x:  0.08885   0.00000   0.13144   0.00000   0.02938   0.07661   0.02458   0.04360   0.07510   0.06413   0.06955   0.18419   0.00000   0.06173   0.11869   0.04407   0.03772   0.06268   0.03105   0.06305   0.07069   0.08980   0.16499   0.10514   9.65953   1.81208   1.19960   1.48041   1.13683  
 38  0.0541   1937.108618  x:  0.08892   0.00000   0.13143   0.00000   0.02929   0.07668   0.02455   0.04373   0.07516   0.06423   0.06955   0.18413   0.00000   0.06174   0.11855   0.04401   0.03772   0.06291   0.03109   0.06312   0.07052   0.08985   0.16522   0.10521   9.67161   1.81431   1.20130   1.48294   1.13694  
 39  0.0094   1937.108562  x:  0.08894   0.00000   0.13135   0.00000   0.02930   0.07664   0.02452   0.04369   0.07513   0.06420   0.06956   0.18411   0.00000   0.06170   0.11859   0.04404   0.03769   0.06285   0.03103   0.06307   0.07053   0.08985   0.16535   0.10523   9.67266   1.81521   1.20155   1.48369   1.13707  
 40  0.0014   1937.108555  x:  0.08894   0.00000   0.13133   0.00000   0.02931   0.07665   0.02454   0.04369   0.07511   0.06420   0.06956   0.18404   0.00000   0.06168   0.11860   0.04405   0.03767   0.06286   0.03105   0.06308   0.07053   0.08984   0.16536   0.10523   9.67182   1.81531   1.20154   1.48372   1.13707  
 41  0.0007   1937.108553  x:  0.08894   0.00000   0.13134   0.00000   0.02931   0.07665   0.02453   0.04370   0.07512   0.06420   0.06956   0.18400   0.00000   0.06168   0.11859   0.04405   0.03767   0.06286   0.03104   0.06308   0.07053   0.08985   0.16536   0.10522   9.67162   1.81526   1.20153   1.48370   1.13702  
 42  0.0002   1937.108553  x:  0.08893   0.00000   0.13134   0.00000   0.02931   0.07665   0.02454   0.04370   0.07512   0.06420   0.06956   0.18399   0.00000   0.06168   0.11859   0.04405   0.03767   0.06286   0.03104   0.06308   0.07053   0.08985   0.16536   0.10522   9.67158   1.81525   1.20153   1.48369   1.13701  
 43  0.0000   1937.108553  x:  0.08893   0.00000   0.13134   0.00000   0.02931   0.07665   0.02454   0.04370   0.07512   0.06420   0.06956   0.18399   0.00000   0.06168   0.11859   0.04405   0.03767   0.06286   0.03104   0.06308   0.07053   0.08985   0.16537   0.10522   9.67156   1.81524   1.20153   1.48369   1.13701  
 44  0.0000   1937.108553  x:  0.08893   0.00000   0.13134   0.00000   0.02931   0.07665   0.02454   0.04370   0.07512   0.06420   0.06956   0.18399   0.00000   0.06168   0.11859   0.04405   0.03767   0.06286   0.03104   0.06308   0.07053   0.08985   0.16537   0.10522   9.67157   1.81524   1.20153   1.48368   1.13701  
 45  0.0000   1937.108553  x:  0.08893   0.00000   0.13134   0.00000   0.02931   0.07665   0.02454   0.04370   0.07512   0.06420   0.06956   0.18399   0.00000   0.06168   0.11859   0.04405   0.03767   0.06286   0.03104   0.06308   0.07053   0.08985   0.16537   0.10522   9.67157   1.81524   1.20153   1.48368   1.13701  
 46  0.0000   1937.108553  x:  0.08893   0.00000   0.13134   0.00000   0.02931   0.07665   0.02454   0.04370   0.07512   0.06420   0.06956   0.18399   0.00000   0.06168   0.11859   0.04405   0.03767   0.06286   0.03104   0.06308   0.07053   0.08985   0.16537   0.10522   9.67157   1.81524   1.20153   1.48368   1.13701  
 47  0.0000   1937.108553  x:  0.08893   0.00000   0.13134   0.00000   0.02931   0.07665   0.02454   0.04370   0.07512   0.06420   0.06956   0.18399   0.00000   0.06168   0.11859   0.04405   0.03767   0.06286   0.03104   0.06308   0.07053   0.08985   0.16537   0.10522   9.67157   1.81524   1.20153   1.48368   1.13701  