

TREE # 1

  0  0.0000   1874.815517  x:  0.20925   0.02571   0.03211   0.02495   0.05815   0.02188   0.05666   0.08536   0.02661   0.17168   0.20925   0.02571   0.03211   0.02495   0.05815   0.02188   0.05666   0.08536   0.02661   0.17168   0.21568   8.40433   1.37587   1.10001   1.35671   1.00000  
  1 99.0000   1859.803654  x:  0.20003   0.02620   0.00000   0.06527   0.04394   0.02789   0.03870   0.06547   0.02276   0.18442   0.19883   0.06147   0.00897   0.02434   0.05730   0.05144   0.02856   0.08687   0.08668   0.17949   0.20890   8.40404   1.37666   1.09834   1.35935   1.00351  
  2 400.3804   1859.067233  x:  0.19899   0.02643   0.00385   0.06822   0.04259   0.02819   0.03710   0.06344   0.02254   0.18577   0.19766   0.06396   0.00769   0.02430   0.05723   0.05339   0.02577   0.08701   0.09115   0.18034   0.20815   8.40400   1.37676   1.09815   1.35965   1.00392  
  3 578.5246   1857.459741  x:  0.19245   0.02737   0.00417   0.06841   0.03745   0.02577   0.03048   0.05239   0.02349   0.19332   0.19029   0.06297   0.01857   0.02431   0.05699   0.05062   0.01388   0.08769   0.09450   0.18528   0.20355   8.40377   1.37738   1.09692   1.36161   1.00661  
  4 157.1907   1855.691135  x:  0.17848   0.02781   0.00397   0.06471   0.03170   0.02295   0.02414   0.03385   0.02439   0.20845   0.17441   0.05687   0.01116   0.02440   0.05666   0.04262   0.01504   0.08819   0.09602   0.19531   0.19381   8.40323   1.37880   1.09411   1.36610   1.01277  
  5 141.3341   1854.365664  x:  0.15695   0.02614   0.00405   0.06357   0.03612   0.02866   0.03471   0.03583   0.02271   0.23006   0.15029   0.05296   0.01422   0.02461   0.05643   0.04097   0.01814   0.08893   0.10194   0.20978   0.17904   8.40223   1.38133   1.08900   1.37432   1.02394  
  6 103.0467   1854.048273  x:  0.15116   0.02669   0.00387   0.06210   0.03714   0.02585   0.03176   0.04300   0.02414   0.23557   0.14406   0.05165   0.01162   0.02445   0.05657   0.04224   0.01511   0.08859   0.10081   0.21353   0.17515   8.40173   1.38253   1.08672   1.37815   1.02923  
  7 72.2557   1853.962623  x:  0.14983   0.02690   0.00398   0.06232   0.03657   0.02481   0.02903   0.04446   0.02403   0.23700   0.14297   0.05264   0.01296   0.02441   0.05669   0.04413   0.01774   0.08827   0.10004   0.21449   0.17425   8.40137   1.38339   1.08517   1.38089   1.03304  
  8 36.5844   1853.568844  x:  0.14824   0.02650   0.00391   0.06251   0.03434   0.02824   0.02916   0.04249   0.02045   0.24068   0.14450   0.05984   0.01187   0.02422   0.05745   0.05176   0.01606   0.08538   0.08756   0.21672   0.17288   8.39798   1.39119   1.07184   1.40531   1.06738  
  9 31.6491   1853.234205  x:  0.14919   0.02818   0.00388   0.06542   0.03647   0.02557   0.03191   0.04066   0.02787   0.24251   0.14690   0.06499   0.01198   0.02406   0.05715   0.05131   0.01645   0.08511   0.08383   0.21720   0.17260   8.39441   1.39924   1.05914   1.43002   1.10263  
 10 96.5351   1852.701296  x:  0.15331   0.02553   0.00400   0.06832   0.03895   0.02278   0.03042   0.04283   0.02262   0.24233   0.15032   0.06480   0.01210   0.02434   0.05591   0.04074   0.01652   0.08790   0.08829   0.21525   0.17334   8.38850   1.41219   1.04124   1.46859   1.15903  
 11 114.2139   1852.458025  x:  0.15570   0.02855   0.00400   0.06558   0.03590   0.02831   0.02879   0.04427   0.02435   0.23971   0.15049   0.05778   0.01223   0.02437   0.05601   0.04044   0.01679   0.08930   0.09402   0.21257   0.17431   8.38516   1.41914   1.03484   1.48764   1.18871  
 12 85.5489   1852.320577  x:  0.15634   0.02717   0.00409   0.06231   0.03507   0.02538   0.03070   0.04306   0.02394   0.23643   0.14933   0.05197   0.01245   0.02416   0.05652   0.04498   0.01673   0.08906   0.09835   0.21029   0.17516   8.38296   1.42340   1.03399   1.49765   1.20626  
 13 60.3200   1852.257594  x:  0.15453   0.02618   0.00418   0.06095   0.03873   0.02637   0.02904   0.04179   0.02430   0.23237   0.14712   0.05181   0.01259   0.02414   0.05676   0.04550   0.01651   0.08700   0.09931   0.20889   0.17582   8.38117   1.42635   1.03928   1.50113   1.21675  
 14 19.0650   1852.120948  x:  0.14941   0.02809   0.00415   0.06068   0.03614   0.02550   0.03026   0.04220   0.02369   0.22320   0.14203   0.05434   0.01276   0.02426   0.05669   0.04312   0.01664   0.08355   0.09961   0.20669   0.17695   8.37646   1.43380   1.05697   1.50699   1.24131  
 15 37.1327   1852.000490  x:  0.14842   0.02417   0.00421   0.06356   0.03457   0.02639   0.02998   0.04259   0.02532   0.22106   0.14184   0.05332   0.01265   0.02412   0.05615   0.04328   0.01664   0.08850   0.09759   0.20770   0.17648   8.37128   1.44202   1.07831   1.51073   1.26471  
 16 31.9257   1851.878285  x:  0.14972   0.02810   0.00412   0.06530   0.03684   0.02572   0.02995   0.04197   0.02356   0.22259   0.14395   0.05186   0.01252   0.02440   0.05621   0.04454   0.01659   0.09310   0.09628   0.20992   0.17551   8.36535   1.45148   1.10252   1.51415   1.28964  
 17 71.1415   1851.765542  x:  0.15452   0.02715   0.00419   0.06121   0.03637   0.02584   0.03016   0.04281   0.02408   0.22999   0.14862   0.05332   0.01260   0.02371   0.05744   0.04385   0.01676   0.08885   0.09832   0.21244   0.17482   8.35906   1.46181   1.12592   1.51678   1.31217  
 18 36.8722   1851.759519  x:  0.15483   0.02706   0.00419   0.06156   0.03633   0.02585   0.03015   0.04285   0.02413   0.23077   0.14856   0.05302   0.01261   0.02491   0.05682   0.04390   0.01676   0.08817   0.09822   0.21199   0.17516   8.35841   1.46298   1.12707   1.51694   1.31312  
 19  7.9907   1851.751223  x:  0.15520   0.02712   0.00417   0.06259   0.03636   0.02587   0.03014   0.04286   0.02407   0.23219   0.14798   0.05234   0.01264   0.02415   0.05574   0.04395   0.01677   0.08719   0.09781   0.21054   0.17612   8.35697   1.46563   1.12840   1.51719   1.31392  
 20  7.6035   1851.736998  x:  0.15532   0.02712   0.00417   0.06274   0.03636   0.02584   0.03015   0.04286   0.02406   0.23426   0.14663   0.05269   0.01262   0.02430   0.05775   0.04382   0.01678   0.08785   0.09737   0.20735   0.17784   8.35314   1.47256   1.13003   1.51788   1.31410  
 21  6.4724   1851.716621  x:  0.15487   0.02718   0.00419   0.06061   0.03639   0.02582   0.03018   0.04282   0.02405   0.23470   0.14645   0.05417   0.01257   0.02431   0.05571   0.04396   0.01677   0.08960   0.09749   0.20564   0.17789   8.34618   1.48437   1.13168   1.51947   1.31296  
 22  8.5903   1851.653753  x:  0.15374   0.02715   0.00417   0.06181   0.03638   0.02580   0.03016   0.04284   0.02402   0.23134   0.14893   0.05240   0.01263   0.02430   0.05674   0.04365   0.01681   0.08777   0.09710   0.20809   0.17384   8.32197   1.52242   1.13631   1.52622   1.30725  
 23 16.9425   1851.628827  x:  0.15634   0.02715   0.00416   0.06154   0.03640   0.02579   0.03017   0.04290   0.02398   0.23017   0.14612   0.05255   0.01262   0.02430   0.05668   0.04364   0.01684   0.08792   0.09666   0.21306   0.17796   8.30956   1.53176   1.13971   1.53338   1.30317  
 24  6.2130   1851.449917  x:  0.14907   0.02711   0.00414   0.06029   0.03643   0.02568   0.03021   0.04305   0.02395   0.23160   0.15145   0.05103   0.01254   0.02428   0.05664   0.04294   0.01702   0.08767   0.09447   0.21177   0.18181   8.20483   1.56150   1.17459   1.60723   1.26612  
 25  8.1669   1851.380789  x:  0.15550   0.02712   0.00412   0.06018   0.03640   0.02563   0.03019   0.04291   0.02388   0.23067   0.14699   0.05201   0.01252   0.02427   0.05657   0.04276   0.01705   0.08759   0.09223   0.20827   0.17417   8.16341   1.57061   1.18683   1.63298   1.25330  
 26 30.3475   1849.902972  x:  0.15498   0.02670   0.00426   0.05001   0.03706   0.02475   0.03051   0.04375   0.02343   0.22796   0.14806   0.04551   0.01204   0.02441   0.05665   0.03726   0.01878   0.08742   0.06422   0.20699   0.17497   7.12808   1.52995   1.15088   1.58797   1.29310  
 27  4.0134   1849.819293  x:  0.15438   0.02683   0.00464   0.04983   0.03776   0.02442   0.03131   0.04376   0.02391   0.22735   0.14829   0.04573   0.01352   0.02443   0.05666   0.03704   0.01859   0.08698   0.06904   0.20723   0.17533   6.87160   1.50736   1.13375   1.56038   1.29343  
 28  0.2661   1849.809652  x:  0.15442   0.02697   0.00489   0.05126   0.03776   0.02454   0.03130   0.04376   0.02395   0.22756   0.14820   0.04655   0.01336   0.02441   0.05664   0.03778   0.01852   0.08712   0.06767   0.20723   0.17519   6.82705   1.50435   1.13264   1.55639   1.28611  
 29  0.0402   1849.800852  x:  0.15460   0.02701   0.00542   0.05057   0.03755   0.02466   0.03113   0.04374   0.02382   0.22787   0.14797   0.04599   0.01283   0.02442   0.05665   0.03765   0.01848   0.08724   0.06844   0.20726   0.17493   6.84281   1.50552   1.13495   1.55718   1.27879  
 30  0.0087   1849.798179  x:  0.15457   0.02695   0.00569   0.05058   0.03764   0.02451   0.03124   0.04376   0.02384   0.22755   0.14822   0.04621   0.01317   0.02443   0.05665   0.03734   0.01845   0.08709   0.06797   0.20718   0.17520   6.85587   1.50649   1.13495   1.55844   1.28393  
 31  0.0091   1849.798023  x:  0.15450   0.02697   0.00573   0.05061   0.03766   0.02453   0.03124   0.04375   0.02388   0.22761   0.14818   0.04608   0.01314   0.02442   0.05665   0.03750   0.01848   0.08712   0.06807   0.20723   0.17516   6.85707   1.50625   1.13444   1.55834   1.28513  
 32  0.0018   1849.798017  x:  0.15449   0.02697   0.00573   0.05061   0.03765   0.02454   0.03124   0.04375   0.02388   0.22763   0.14816   0.04612   0.01313   0.02442   0.05665   0.03748   0.01849   0.08713   0.06807   0.20724   0.17515   6.85632   1.50631   1.13441   1.55849   1.28522  
 33  0.0008   1849.798017  x:  0.15450   0.02697   0.00573   0.05061   0.03765   0.02454   0.03124   0.04375   0.02387   0.22763   0.14816   0.04612   0.01313   0.02442   0.05665   0.03748   0.01849   0.08712   0.06807   0.20723   0.17515   6.85627   1.50634   1.13442   1.55853   1.28523  
 34  0.0001   1849.798017  x:  0.15450   0.02697   0.00573   0.05061   0.03765   0.02454   0.03124   0.04375   0.02387   0.22763   0.14816   0.04612   0.01313   0.02442   0.05665   0.03748   0.01849   0.08712   0.06807   0.20723   0.17515   6.85629   1.50634   1.13442   1.55853   1.28523  
 35  0.0000   1849.798017  x:  0.15450   0.02697   0.00573   0.05061   0.03765   0.02454   0.03124   0.04375   0.02387   0.22763   0.14816   0.04612   0.01313   0.02442   0.05665   0.03748   0.01849   0.08712   0.06807   0.20723   0.17515   6.85629   1.50634   1.13442   1.55853   1.28523  
 36  0.0000   1849.798017  x:  0.15450   0.02697   0.00573   0.05061   0.03765   0.02454   0.03124   0.04375   0.02387   0.22763   0.14816   0.04612   0.01313   0.02442   0.05665   0.03748   0.01849   0.08712   0.06807   0.20723   0.17515   6.85629   1.50634   1.13442   1.55853   1.28523  