

TREE # 1

  0  0.0000   2114.430947  x:  0.01972   0.20925   0.02571   0.03211   0.02495   0.05815   0.02188   0.05666   0.08536   0.02661   0.17168   0.01972   0.20925   0.02571   0.03211   0.02495   0.05815   0.02188   0.05666   0.08536   0.02661   0.17168   0.21568   8.40433   1.22069   1.03410   1.04912   1.00000  
  1 99.0000   2091.233505  x:  0.00000   0.21148   0.02208   0.08595   0.04432   0.05862   0.05884   0.06061   0.08638   0.03345   0.17048   0.00306   0.21337   0.01408   0.03043   0.00760   0.07065   0.04690   0.06615   0.09915   0.02530   0.16965   0.21787   8.40432   1.21952   1.03160   1.05324   1.00063  
  2 542.0756   2090.607709  x:  0.00000   0.21227   0.02129   0.08664   0.04357   0.05806   0.05750   0.06054   0.08602   0.03237   0.17020   0.00000   0.21448   0.01349   0.03004   0.00609   0.07198   0.04594   0.06760   0.10149   0.02568   0.16931   0.21853   8.40431   1.21919   1.03090   1.05445   1.00083  
  3 128.6492   2089.402815  x:  0.00000   0.21987   0.01861   0.09411   0.03993   0.05428   0.04995   0.06036   0.08291   0.02605   0.16766   0.00000   0.22584   0.01327   0.02919   0.01801   0.08169   0.04180   0.07767   0.11937   0.02702   0.16745   0.22484   8.40427   1.21594   1.02391   1.06666   1.00294  
  4 176.5946   2088.539507  x:  0.00000   0.23255   0.03022   0.09274   0.04117   0.05467   0.04881   0.06024   0.07910   0.03009   0.16313   0.00000   0.24417   0.02033   0.03095   0.01564   0.08261   0.04090   0.07696   0.13000   0.01997   0.16515   0.23449   8.40420   1.20995   1.01113   1.08902   1.00696  
  5 65.2830   2087.422115  x:  0.00000   0.25073   0.02706   0.08522   0.04414   0.05744   0.05534   0.06004   0.07637   0.02758   0.15545   0.00000   0.27136   0.01208   0.02983   0.01556   0.07736   0.04279   0.06807   0.13205   0.02461   0.16100   0.24814   8.40412   1.19965   0.98925   1.12712   1.01402  
  6 95.6930   2087.065733  x:  0.00000   0.25564   0.02013   0.08730   0.04287   0.05692   0.05551   0.06008   0.07872   0.02595   0.15243   0.00000   0.27859   0.01851   0.02954   0.01444   0.07584   0.04382   0.06834   0.12525   0.02426   0.15832   0.25141   8.40410   1.19508   0.97967   1.14405   1.01749  
  7 69.3240   2086.744488  x:  0.00000   0.25779   0.02057   0.09180   0.04033   0.05531   0.05187   0.06017   0.08278   0.02787   0.15003   0.00000   0.28132   0.01460   0.02937   0.01459   0.07611   0.04316   0.07231   0.11446   0.02139   0.15501   0.25208   8.40409   1.19025   0.96968   1.16218   1.02156  
  8 62.2179   2086.620632  x:  0.00000   0.25634   0.02359   0.09287   0.04164   0.05521   0.05153   0.06029   0.08362   0.02778   0.14976   0.00000   0.27874   0.01545   0.02963   0.01435   0.07775   0.04248   0.07398   0.11180   0.02639   0.15339   0.25024   8.40411   1.18775   0.96463   1.17204   1.02416  
  9 34.3265   2086.305263  x:  0.00000   0.24740   0.02371   0.09096   0.04532   0.05620   0.05428   0.06007   0.08130   0.02405   0.15130   0.00000   0.26368   0.01520   0.03104   0.01454   0.08122   0.04389   0.07473   0.11435   0.02308   0.15049   0.24138   8.40420   1.18089   0.95128   1.20036   1.03264  
 10 36.7898   2086.163563  x:  0.00000   0.24275   0.02164   0.09226   0.04264   0.05590   0.05486   0.05993   0.07991   0.02978   0.15305   0.00000   0.25609   0.01529   0.02901   0.01485   0.07982   0.04416   0.07288   0.11838   0.02393   0.15172   0.23735   8.40425   1.17793   0.94567   1.21405   1.03734  
 11 43.8415   2086.087539  x:  0.00000   0.24072   0.02236   0.09553   0.04191   0.05544   0.05404   0.06048   0.08200   0.02803   0.15590   0.00000   0.25383   0.01501   0.03078   0.01443   0.07570   0.04448   0.07160   0.12061   0.02436   0.15776   0.23688   8.40431   1.17756   0.94522   1.22021   1.04075  
 12 13.8549   2085.998758  x:  0.00000   0.23941   0.02206   0.09643   0.04467   0.05577   0.05488   0.06029   0.08295   0.02827   0.15986   0.00000   0.25376   0.01511   0.02708   0.01420   0.07694   0.04432   0.07335   0.12031   0.02378   0.16649   0.23825   8.40442   1.17888   0.94823   1.22549   1.04574  
 13 12.1473   2085.909099  x:  0.00000   0.23862   0.02074   0.09683   0.04430   0.05591   0.05687   0.05982   0.08190   0.03019   0.16267   0.00000   0.25472   0.01470   0.03099   0.01362   0.08063   0.04575   0.07521   0.11943   0.02428   0.17204   0.23995   8.40455   1.18140   0.95338   1.22962   1.05137  
 14 19.2171   2085.642746  x:  0.00000   0.23791   0.02356   0.10554   0.03979   0.05469   0.06220   0.06086   0.07793   0.02671   0.16215   0.00000   0.25828   0.01477   0.02840   0.01326   0.08401   0.04896   0.07168   0.11836   0.02418   0.16689   0.24258   8.40505   1.19272   0.97413   1.23682   1.06861  
 15 14.4512   2085.378037  x:  0.00000   0.23889   0.02149   0.11429   0.04777   0.05446   0.06302   0.06068   0.07784   0.02886   0.15831   0.00000   0.26145   0.01411   0.02983   0.01328   0.08064   0.04807   0.07213   0.12056   0.02406   0.15693   0.24385   8.40560   1.20555   0.99553   1.24282   1.08580  
 16 46.9530   2085.332713  x:  0.00000   0.24092   0.02182   0.11382   0.04697   0.05596   0.06461   0.05961   0.08154   0.02909   0.15599   0.00000   0.26132   0.01410   0.02926   0.01330   0.07945   0.05049   0.07501   0.12227   0.02431   0.15556   0.24271   8.40574   1.20865   0.99784   1.24310   1.08781  
 17 13.1049   2085.312107  x:  0.00000   0.24470   0.02174   0.11418   0.04719   0.05425   0.06564   0.06102   0.08247   0.02919   0.15352   0.00000   0.26028   0.01408   0.02942   0.01330   0.08035   0.04995   0.07439   0.12254   0.02416   0.15675   0.24028   8.40591   1.21187   0.99565   1.24188   1.08660  
 18  5.0357   2085.295400  x:  0.00000   0.24769   0.02170   0.11568   0.04734   0.05594   0.06508   0.05962   0.08088   0.02890   0.15281   0.00000   0.25962   0.01403   0.02943   0.01323   0.08052   0.05018   0.07403   0.12218   0.02420   0.15759   0.23850   8.40614   1.21533   0.99178   1.24007   1.08407  
 19  6.9015   2085.275575  x:  0.00000   0.24797   0.02182   0.11602   0.04749   0.05470   0.06571   0.06021   0.07964   0.02885   0.15550   0.00000   0.26016   0.01401   0.02924   0.01315   0.07937   0.05109   0.07545   0.12213   0.02430   0.15643   0.23897   8.40656   1.21974   0.98455   1.23682   1.07850  
 20  5.5169   2085.261548  x:  0.00000   0.24622   0.02171   0.11669   0.04747   0.05551   0.06630   0.06008   0.08154   0.02904   0.15638   0.00000   0.26098   0.01400   0.02942   0.01316   0.08055   0.05017   0.07433   0.12261   0.02404   0.15559   0.24043   8.40694   1.22197   0.97912   1.23425   1.07344  
 21  7.8542   2085.252138  x:  0.00000   0.24381   0.02176   0.11695   0.04784   0.05497   0.06573   0.05987   0.08131   0.02907   0.15381   0.00000   0.26163   0.01397   0.02930   0.01302   0.08077   0.05134   0.07416   0.12275   0.02412   0.15630   0.24165   8.40732   1.22107   0.97628   1.23242   1.06880  
 22  4.0392   2085.245112  x:  0.00000   0.24290   0.02185   0.11734   0.04751   0.05547   0.06678   0.06021   0.08061   0.02894   0.15243   0.00000   0.26194   0.01398   0.02939   0.01301   0.08018   0.05024   0.07503   0.12270   0.02401   0.15674   0.24205   8.40768   1.21873   0.97492   1.23110   1.06479  
 23  5.0352   2085.204992  x:  0.00000   0.24578   0.02177   0.11893   0.04792   0.05507   0.06723   0.05975   0.08098   0.02891   0.15413   0.00000   0.26250   0.01390   0.02936   0.01269   0.08083   0.05088   0.07475   0.12319   0.02394   0.15595   0.24097   8.41009   1.19796   0.97117   1.22389   1.04050  
 24  5.8583   2085.202116  x:  0.00000   0.24602   0.02168   0.11896   0.04794   0.05585   0.06680   0.06104   0.08093   0.02897   0.15414   0.00000   0.26228   0.01387   0.02933   0.01264   0.08096   0.05125   0.07479   0.12323   0.02397   0.15588   0.24129   8.41034   1.19706   0.97072   1.22329   1.04044  
 25  1.1759   2085.112134  x:  0.00000   0.25134   0.02167   0.12004   0.04786   0.05508   0.06715   0.05991   0.08072   0.02843   0.15278   0.00000   0.25530   0.01364   0.02934   0.01148   0.08139   0.05088   0.07524   0.12402   0.02411   0.15468   0.25247   8.41906   1.17727   0.95505   1.20451   1.05835  
 26  2.0286   2084.961931  x:  0.00000   0.24881   0.02121   0.12129   0.04759   0.05498   0.06671   0.06016   0.08080   0.02807   0.15311   0.00000   0.26622   0.01326   0.02917   0.00900   0.08272   0.05034   0.07604   0.12620   0.02401   0.15438   0.24320   8.43369   1.15013   0.93206   1.17749   1.08771  
 27 11.3841   2084.541559  x:  0.00000   0.25010   0.01980   0.12212   0.04624   0.05432   0.06450   0.06005   0.08068   0.02707   0.15290   0.00000   0.26532   0.01242   0.02870   0.00351   0.08457   0.04892   0.07806   0.13019   0.02437   0.15339   0.24559   8.47197   1.17788   0.95292   1.21139   1.07430  
 28  1.3021   2084.418767  x:  0.00000   0.24975   0.01853   0.12194   0.04472   0.05371   0.06193   0.05996   0.08063   0.02626   0.15267   0.00000   0.26359   0.01152   0.02803   0.00535   0.08666   0.04711   0.08024   0.13442   0.02477   0.15106   0.24492   8.48470   1.20243   0.97133   1.23545   1.06194  
 29  0.0651   2084.406506  x:  0.00000   0.24955   0.01882   0.12221   0.04435   0.05350   0.06097   0.05997   0.08069   0.02622   0.15256   0.00000   0.26308   0.01225   0.02802   0.00479   0.08745   0.04669   0.08115   0.13627   0.02464   0.15059   0.24453   8.48432   1.20547   0.97349   1.23670   1.05903  
 30  0.0068   2084.405966  x:  0.00000   0.24955   0.01885   0.12244   0.04434   0.05347   0.06093   0.05998   0.08078   0.02629   0.15256   0.00000   0.26311   0.01205   0.02806   0.00471   0.08750   0.04673   0.08136   0.13651   0.02461   0.15073   0.24452   8.48163   1.20428   0.97256   1.23535   1.05949  
 31  0.0040   2084.405930  x:  0.00000   0.24956   0.01884   0.12253   0.04435   0.05347   0.06096   0.05998   0.08079   0.02630   0.15256   0.00000   0.26315   0.01208   0.02806   0.00472   0.08748   0.04675   0.08139   0.13653   0.02460   0.15078   0.24455   8.47995   1.20380   0.97221   1.23485   1.05968  
 32  0.0020   2084.405929  x:  0.00000   0.24956   0.01884   0.12256   0.04435   0.05347   0.06095   0.05998   0.08079   0.02629   0.15256   0.00000   0.26316   0.01208   0.02806   0.00473   0.08747   0.04675   0.08140   0.13653   0.02460   0.15077   0.24455   8.47940   1.20381   0.97223   1.23489   1.05966  
 33  0.0005   2084.405929  x:  0.00000   0.24956   0.01884   0.12256   0.04435   0.05347   0.06095   0.05998   0.08079   0.02629   0.15256   0.00000   0.26315   0.01208   0.02806   0.00473   0.08747   0.04675   0.08140   0.13653   0.02460   0.15077   0.24455   8.47928   1.20382   0.97224   1.23490   1.05965  
 34  0.0001   2084.405929  x:  0.00000   0.24956   0.01884   0.12256   0.04435   0.05347   0.06095   0.05998   0.08079   0.02629   0.15256   0.00000   0.26315   0.01208   0.02806   0.00473   0.08747   0.04675   0.08140   0.13653   0.02460   0.15077   0.24455   8.47926   1.20382   0.97224   1.23490   1.05966  

TREE # 2

  0  0.0000   2390.439442  x:  0.00000   0.24956   0.01884   0.12256   0.04435   0.05347   0.06095   0.05998   0.08079   0.02629   0.15256   0.00000   0.26315   0.01208   0.02806   0.00473   0.08747   0.04675   0.08140   0.13653   0.02460   0.15077   0.24455   8.47926   1.18500   0.90051   1.14502   1.05966  
  1 99.0000   2257.368630  x:  0.16247   0.24969   0.04767   0.13102   0.04226   0.04883   0.06821   0.05846   0.08034   0.03020   0.15181   0.33973   0.26284   0.07854   0.07858   0.03207   0.08328   0.05074   0.08432   0.13323   0.02655   0.14716   0.24015   8.47926   1.18508   0.90083   1.14499   1.05953  
  2 9397.7075   2200.466250  x:  0.17462   0.22100   0.10489   0.16798   0.03535   0.02343   0.09846   0.04175   0.08245   0.00000   0.13473   0.31799   0.23429   0.11457   0.14912   0.03235   0.05930   0.07188   0.09758   0.11460   0.03569   0.12653   0.21469   8.47934   1.18351   0.90327   1.14623   1.05937  
  3 579.0823   2174.405077  x:  0.20632   0.16211   0.08371   0.18588   0.02516   0.00000   0.10302   0.02245   0.08283   0.00000   0.11342   0.30626   0.17674   0.12152   0.14792   0.02013   0.02127   0.06307   0.10558   0.08411   0.03146   0.08917   0.16635   8.47944   1.18037   0.90786   1.14866   1.05948  
  4 358.8940   2165.018923  x:  0.22175   0.13327   0.07428   0.19497   0.02045   0.00132   0.10560   0.01319   0.08304   0.00000   0.10297   0.30032   0.14855   0.12528   0.14823   0.01441   0.00286   0.05913   0.10960   0.06921   0.02962   0.07092   0.14269   8.47949   1.17884   0.91011   1.14985   1.05954  
  5 6469.9088   2140.606876  x:  0.26676   0.04313   0.05103   0.22038   0.01707   0.00239   0.11202   0.00885   0.08352   0.00000   0.07415   0.28167   0.06015   0.13425   0.14925   0.01612   0.02041   0.05279   0.12168   0.02898   0.02958   0.01986   0.07111   8.47963   1.17438   0.91673   1.15366   1.05972  
  6 1297.8162   2131.376556  x:  0.28692   0.00000   0.04785   0.22946   0.02230   0.00217   0.11289   0.02690   0.08362   0.00000   0.06574   0.27363   0.01717   0.13483   0.14805   0.01782   0.01589   0.05127   0.12535   0.02529   0.03343   0.01924   0.04260   8.47968   1.17249   0.91965   1.15547   1.05980  
  7 918.9470   2131.376556  x:  0.28692   0.00000   0.04785   0.22946   0.02230   0.00217   0.11289   0.02690   0.08362   0.00000   0.06574   0.27363   0.01717   0.13483   0.14805   0.01782   0.01589   0.05127   0.12535   0.02529   0.03343   0.01924   0.04260   8.47968   1.17249   0.91965   1.15547   1.05980  
  8 385.4805   2115.781358  x:  0.28448   0.00344   0.09131   0.23436   0.03358   0.07881   0.11703   0.02695   0.08442   0.00000   0.07329   0.25435   0.00065   0.13532   0.16667   0.02643   0.02599   0.06486   0.12552   0.05689   0.04328   0.06150   0.05507   8.47968   1.17228   0.92019   1.15640   1.05984  
  9 677.2428   2115.471004  x:  0.28438   0.00313   0.09192   0.23446   0.03350   0.07854   0.11714   0.02690   0.08446   0.00000   0.07343   0.25371   0.00000   0.13539   0.16710   0.02645   0.02592   0.06508   0.12550   0.05707   0.04334   0.06158   0.05520   8.47968   1.17227   0.92022   1.15643   1.05984  
 10 268.1442   2099.851299  x:  0.26376   0.08476   0.16363   0.25029   0.05290   0.02894   0.13151   0.03970   0.08836   0.00000   0.07922   0.07863   0.00000   0.15870   0.22608   0.03093   0.02569   0.07075   0.12066   0.06448   0.03837   0.07731   0.05166   8.47974   1.16878   0.92545   1.16736   1.06083  
 11 268.9855   2099.392050  x:  0.26275   0.08729   0.16513   0.25076   0.05268   0.02773   0.13191   0.03961   0.08821   0.00558   0.07949   0.07066   0.00000   0.15946   0.22783   0.03080   0.02547   0.07082   0.12052   0.06476   0.03867   0.07783   0.05182   8.47974   1.16861   0.92574   1.16790   1.06088  
 12 380.6789   2097.951269  x:  0.25839   0.08741   0.15707   0.25058   0.04312   0.03160   0.13139   0.03239   0.08415   0.00522   0.07923   0.04165   0.00000   0.15991   0.22710   0.02778   0.02312   0.06962   0.12068   0.06522   0.04355   0.07802   0.05478   8.47974   1.16799   0.92721   1.17022   1.06105  
 13 122.0145   2097.830321  x:  0.25436   0.08728   0.15426   0.25178   0.03776   0.03223   0.13283   0.03583   0.08211   0.00511   0.08103   0.03968   0.00000   0.16035   0.22894   0.03042   0.02590   0.07067   0.12088   0.06567   0.04034   0.07858   0.05386   8.47975   1.16748   0.92867   1.17266   1.06113  
 14 23.0521   2097.732554  x:  0.24615   0.08935   0.15107   0.25517   0.03499   0.03244   0.13571   0.03620   0.08016   0.00506   0.08356   0.04137   0.00000   0.16121   0.23351   0.02800   0.02268   0.07103   0.12071   0.06645   0.04090   0.07998   0.05343   8.47976   1.16642   0.93204   1.17846   1.06129  
 15 16.5858   2097.661076  x:  0.23910   0.08934   0.14798   0.25857   0.03676   0.03206   0.13706   0.03309   0.08063   0.00512   0.08335   0.04226   0.00000   0.16101   0.23703   0.02983   0.02495   0.07100   0.12082   0.06626   0.04231   0.07983   0.05414   8.47978   1.16552   0.93601   1.18535   1.06142  
 16 19.1262   2097.585420  x:  0.23456   0.08654   0.14616   0.26202   0.03964   0.03351   0.13571   0.03516   0.08352   0.00510   0.07984   0.04133   0.00000   0.15895   0.23881   0.02861   0.02418   0.07040   0.12090   0.06538   0.04000   0.07847   0.05451   8.47981   1.16505   0.94208   1.19594   1.06161  
 17 14.5376   2097.405252  x:  0.23728   0.08556   0.14838   0.26608   0.03747   0.03262   0.12882   0.03772   0.08351   0.00502   0.07953   0.04167   0.00000   0.15434   0.23743   0.02938   0.02460   0.06915   0.12147   0.06513   0.04539   0.07726   0.05096   8.47991   1.16705   0.95962   1.22706   1.06220  
 18 15.0332   2097.171877  x:  0.24475   0.08592   0.15027   0.26760   0.03644   0.03076   0.12576   0.03304   0.08099   0.00511   0.08249   0.04250   0.00000   0.15198   0.23378   0.02878   0.02416   0.07027   0.12140   0.06522   0.03953   0.07758   0.05457   8.48006   1.17253   0.98155   1.26617   1.06294  
 19 50.0520   2096.923107  x:  0.25379   0.08218   0.14736   0.26154   0.03945   0.02925   0.13841   0.03618   0.08126   0.00498   0.08169   0.04166   0.00000   0.15818   0.22991   0.02917   0.02387   0.07337   0.12046   0.06550   0.04208   0.07767   0.05630   8.48023   1.18677   1.00271   1.30388   1.06356  
 20 31.5500   2096.754677  x:  0.25459   0.07896   0.14848   0.25481   0.03845   0.02997   0.14151   0.03265   0.08332   0.00508   0.08010   0.04176   0.00000   0.16354   0.23077   0.02966   0.02308   0.06949   0.11975   0.06476   0.03986   0.07769   0.04938   8.48036   1.20282   1.01306   1.32176   1.06385  
 21 25.9531   2096.291614  x:  0.24626   0.07558   0.15111   0.23545   0.03533   0.02773   0.13360   0.03463   0.08501   0.00502   0.07723   0.04398   0.00000   0.17407   0.23305   0.02873   0.02473   0.06309   0.11908   0.06240   0.04101   0.07574   0.05727   8.48075   1.25926   1.03584   1.35915   1.06448  
 22 37.2276   2095.864683  x:  0.23714   0.07181   0.14986   0.22540   0.04106   0.02598   0.12546   0.03495   0.08132   0.00497   0.08032   0.04317   0.00000   0.17483   0.22958   0.02929   0.02249   0.07491   0.12075   0.06173   0.04082   0.07142   0.05333   8.48112   1.31473   1.05451   1.38711   1.06504  
 23 65.7616   2095.306542  x:  0.23239   0.06697   0.14997   0.23929   0.04179   0.01969   0.13244   0.03549   0.07981   0.00490   0.08121   0.04174   0.00000   0.15954   0.21900   0.03410   0.01855   0.06904   0.12127   0.06623   0.04000   0.07254   0.05390   8.48154   1.38235   1.07356   1.40868   1.06600  
 24 37.8948   2095.036199  x:  0.23422   0.06573   0.15014   0.25026   0.03878   0.01889   0.13629   0.03443   0.08135   0.00491   0.08065   0.04179   0.00000   0.15477   0.21826   0.02634   0.02514   0.07062   0.12021   0.06204   0.04036   0.07129   0.05320   8.48174   1.41096   1.08184   1.41557   1.06664  
 25 51.2852   2094.753927  x:  0.24297   0.06517   0.14611   0.26385   0.03560   0.02179   0.13602   0.03351   0.08305   0.00494   0.08007   0.04223   0.00000   0.15658   0.22659   0.02999   0.02189   0.07292   0.11904   0.05451   0.04098   0.06523   0.05513   8.48192   1.43147   1.08933   1.41732   1.06763  
 26 26.6854   2094.372074  x:  0.25648   0.06089   0.13327   0.27648   0.03761   0.01906   0.12983   0.03408   0.08179   0.00488   0.07938   0.04218   0.00000   0.16184   0.24060   0.02767   0.02349   0.07138   0.11981   0.06447   0.04028   0.06256   0.05429   8.48219   1.44639   1.09832   1.41422   1.06936  
 27 25.1837   2093.819174  x:  0.26390   0.05130   0.12318   0.27524   0.04214   0.01301   0.12638   0.03600   0.07876   0.00467   0.08226   0.04101   0.00000   0.15740   0.25111   0.02689   0.02361   0.06858   0.12349   0.05486   0.04036   0.07567   0.05326   8.48261   1.44396   1.10813   1.40331   1.07227  
 28 14.4675   2091.495768  x:  0.26638   0.03711   0.11740   0.24867   0.03901   0.00592   0.13645   0.03484   0.07970   0.00443   0.08346   0.04177   0.00000   0.13154   0.26401   0.02499   0.02433   0.06652   0.12839   0.05353   0.04019   0.04951   0.05453   8.48432   1.40141   1.13693   1.35650   1.08407  
 29 26.3229   2090.683861  x:  0.25777   0.02486   0.12284   0.25647   0.04170   0.00284   0.13313   0.03631   0.07508   0.00424   0.08648   0.04110   0.00000   0.15299   0.24406   0.02514   0.02484   0.06327   0.12215   0.05003   0.04007   0.04393   0.05401   8.48497   1.38028   1.13293   1.34478   1.08760  
 30 26.0524   2090.632793  x:  0.25760   0.02341   0.12309   0.25685   0.04310   0.00351   0.13337   0.03693   0.07424   0.00416   0.08954   0.04067   0.00000   0.15381   0.24364   0.02457   0.02537   0.06125   0.12374   0.04914   0.04006   0.04187   0.05405   8.48502   1.37904   1.13052   1.34514   1.08771  
 31 17.3909   2090.417259  x:  0.25803   0.02145   0.12096   0.25767   0.04167   0.00290   0.13339   0.03679   0.08199   0.00390   0.09386   0.04037   0.00000   0.15481   0.24249   0.02417   0.02494   0.06134   0.13591   0.04922   0.04000   0.04132   0.05452   8.48520   1.37382   1.10652   1.35348   1.08731  
 32 14.7817   2090.033603  x:  0.26024   0.01657   0.11947   0.25702   0.04167   0.00259   0.13505   0.03631   0.07169   0.00412   0.08590   0.04113   0.00000   0.15001   0.24763   0.02370   0.02501   0.06099   0.13896   0.04766   0.03977   0.03934   0.05425   8.48554   1.36568   1.05972   1.37088   1.08572  
 33 27.6838   2089.809323  x:  0.26162   0.01347   0.11509   0.25490   0.04233   0.00248   0.13405   0.03690   0.07559   0.00387   0.09104   0.04053   0.00000   0.14492   0.24995   0.02404   0.02516   0.06070   0.12427   0.04795   0.04003   0.03931   0.05387   8.48578   1.36139   1.03688   1.37898   1.08403  
 34 21.6610   2088.167564  x:  0.25954   0.00000   0.11149   0.25448   0.03913   0.00330   0.13314   0.03579   0.07727   0.00381   0.08647   0.04174   0.00000   0.14827   0.24081   0.02463   0.02429   0.06295   0.12515   0.04798   0.03986   0.04018   0.05364   8.48736   1.34662   1.03506   1.36754   1.06761  
 35  1.8778   2087.789197  x:  0.25670   0.00000   0.11387   0.25465   0.03635   0.00400   0.13242   0.03450   0.07884   0.00375   0.08389   0.04293   0.00000   0.15133   0.23529   0.02515   0.02325   0.06537   0.12443   0.04884   0.04032   0.04166   0.05397   8.48608   1.32796   1.02373   1.35253   1.18652  
 36  1.4560   2085.209176  x:  0.24481   0.00000   0.14419   0.25787   0.02104   0.00658   0.13172   0.02810   0.08292   0.00443   0.08332   0.04534   0.00000   0.15883   0.23196   0.02570   0.01826   0.07440   0.11892   0.05491   0.04331   0.04764   0.05761   8.48489   1.19069   0.93390   1.26526   1.05724  
 37  1.0322   2084.590767  x:  0.24528   0.00000   0.14835   0.26157   0.02876   0.00776   0.13509   0.02784   0.08167   0.00476   0.08782   0.04810   0.00000   0.15244   0.24587   0.02604   0.01890   0.07815   0.12234   0.05922   0.04432   0.05427   0.06034   8.47133   1.18880   0.96466   1.22561   1.04810  
 38  0.0716   2084.490478  x:  0.24515   0.00000   0.14988   0.26395   0.02442   0.00870   0.13674   0.02804   0.08151   0.00481   0.08811   0.04707   0.00000   0.15072   0.25213   0.02627   0.01905   0.08054   0.12229   0.06060   0.04463   0.05373   0.06123   8.47073   1.21083   0.97920   1.23325   1.06082  
 39  0.0401   2084.440035  x:  0.24359   0.00000   0.15397   0.26374   0.02508   0.01021   0.13677   0.02863   0.08143   0.00477   0.08705   0.04631   0.00000   0.15427   0.25063   0.02663   0.01854   0.08256   0.12252   0.06041   0.04435   0.05394   0.06130   8.47952   1.20539   0.96895   1.23968   1.06231  
 40  0.0109   2084.415064  x:  0.24477   0.00000   0.15362   0.26246   0.02424   0.01140   0.13644   0.02760   0.08130   0.00470   0.08733   0.04673   0.00000   0.15302   0.24856   0.02615   0.01885   0.08133   0.12293   0.05992   0.04427   0.05368   0.06093   8.48492   1.19908   0.97327   1.23279   1.06083  
 41  0.0069   2084.406749  x:  0.24493   0.00000   0.15144   0.26322   0.02464   0.01195   0.13636   0.02815   0.08128   0.00468   0.08773   0.04691   0.00000   0.15202   0.24953   0.02625   0.01888   0.08055   0.12240   0.06000   0.04432   0.05350   0.06083   8.48330   1.20504   0.97244   1.23546   1.05913  
 42  0.0062   2084.405999  x:  0.24448   0.00000   0.15091   0.26322   0.02463   0.01207   0.13655   0.02803   0.08138   0.00470   0.08751   0.04670   0.00000   0.15258   0.24970   0.02629   0.01883   0.08066   0.12254   0.05999   0.04437   0.05338   0.06094   8.48072   1.20388   0.97221   1.23493   1.06008  
 43  0.0029   2084.405939  x:  0.24453   0.00000   0.15082   0.26317   0.02459   0.01209   0.13655   0.02809   0.08140   0.00472   0.08747   0.04675   0.00000   0.15262   0.24957   0.02629   0.01886   0.08074   0.12259   0.05997   0.04435   0.05346   0.06096   8.47970   1.20377   0.97226   1.23488   1.05967  
 44  0.0011   2084.405929  x:  0.24456   0.00000   0.15078   0.26316   0.02459   0.01208   0.13654   0.02806   0.08140   0.00472   0.08747   0.04675   0.00000   0.15257   0.24957   0.02629   0.01884   0.08079   0.12256   0.05998   0.04435   0.05347   0.06095   8.47929   1.20384   0.97225   1.23494   1.05961  
 45  0.0005   2084.405929  x:  0.24455   0.00000   0.15077   0.26315   0.02460   0.01208   0.13653   0.02806   0.08140   0.00472   0.08747   0.04675   0.00000   0.15256   0.24956   0.02629   0.01884   0.08079   0.12256   0.05998   0.04435   0.05347   0.06095   8.47925   1.20381   0.97223   1.23489   1.05966  
 46  0.0001   2084.405929  x:  0.24455   0.00000   0.15077   0.26315   0.02460   0.01208   0.13653   0.02806   0.08140   0.00473   0.08747   0.04675   0.00000   0.15256   0.24956   0.02629   0.01884   0.08079   0.12256   0.05998   0.04435   0.05347   0.06095   8.47925   1.20382   0.97224   1.23490   1.05966  
 47  0.0000   2084.405929  x:  0.24455   0.00000   0.15077   0.26315   0.02460   0.01208   0.13653   0.02806   0.08140   0.00473   0.08747   0.04675   0.00000   0.15256   0.24956   0.02629   0.01884   0.08079   0.12256   0.05998   0.04435   0.05347   0.06095   8.47926   1.20382   0.97224   1.23490   1.05966  
 48  0.0000   2084.405929  x:  0.24455   0.00000   0.15077   0.26315   0.02460   0.01208   0.13653   0.02806   0.08140   0.00473   0.08747   0.04675   0.00000   0.15256   0.24956   0.02629   0.01884   0.08079   0.12256   0.05998   0.04435   0.05347   0.06095   8.47926   1.20382   0.97224   1.23490   1.05966  