

TREE # 1

  0  0.0000   2103.512561  x:  0.01972   0.20925   0.02571   0.03211   0.02495   0.05815   0.02188   0.05666   0.08536   0.02661   0.17168   0.01972   0.20925   0.02571   0.03211   0.02495   0.05815   0.02188   0.05666   0.08536   0.02661   0.17168   0.21568   8.40433   1.71832   1.38784   1.53515   1.00000  
  1 99.0000   2072.274667  x:  0.00000   0.19897   0.04645   0.02217   0.01543   0.06588   0.00323   0.09902   0.08984   0.09918   0.18604   0.01053   0.20599   0.03903   0.03944   0.00587   0.04627   0.02566   0.05696   0.09796   0.05245   0.17678   0.21389   8.40411   1.71769   1.38571   1.53842   1.00393  
  2 622.9161   2069.505274  x:  0.00000   0.18649   0.04481   0.01695   0.00613   0.07064   0.03146   0.11768   0.09185   0.10477   0.20094   0.00000   0.20220   0.03815   0.03997   0.00207   0.03613   0.02550   0.05742   0.10810   0.05615   0.18229   0.21243   8.40384   1.71695   1.38338   1.54225   1.00862  
  3 267.3512   2067.695631  x:  0.00000   0.17021   0.04097   0.01587   0.00695   0.07500   0.03626   0.13510   0.09377   0.10393   0.21893   0.00000   0.19741   0.03555   0.03981   0.01987   0.02719   0.02520   0.05826   0.11887   0.05784   0.18914   0.21110   8.40347   1.71595   1.38040   1.54727   1.01484  
  4 270.2053   2062.182378  x:  0.00000   0.12057   0.02837   0.02365   0.01511   0.08261   0.02271   0.16911   0.09752   0.08281   0.26858   0.00000   0.18306   0.02667   0.03538   0.00657   0.02026   0.02327   0.05868   0.14371   0.05481   0.20849   0.20800   8.40230   1.71285   1.37103   1.56316   1.03470  
  5 244.6739   2060.545768  x:  0.00000   0.10265   0.03268   0.01903   0.00546   0.08269   0.01784   0.17505   0.09799   0.07456   0.28580   0.00000   0.17718   0.02932   0.03548   0.00646   0.03088   0.02435   0.05863   0.14964   0.05383   0.21520   0.20732   8.40173   1.71147   1.36668   1.57052   1.04399  
  6 201.4003   2060.038554  x:  0.00000   0.09511   0.04115   0.01551   0.01105   0.08023   0.01925   0.17246   0.09713   0.07237   0.29453   0.00000   0.17318   0.03338   0.03662   0.00599   0.03207   0.02507   0.05832   0.14950   0.05378   0.21841   0.20766   8.40124   1.71039   1.36302   1.57671   1.05184  
  7 96.1454   2059.294432  x:  0.00000   0.08754   0.04972   0.02074   0.00732   0.07449   0.01897   0.16170   0.09472   0.07322   0.30818   0.00000   0.16551   0.03588   0.03749   0.00607   0.02430   0.02450   0.05772   0.14526   0.05378   0.22313   0.20916   8.40016   1.70823   1.35511   1.59000   1.06880  
  8 97.5637   2058.126862  x:  0.00000   0.08635   0.04196   0.01518   0.00848   0.06977   0.02022   0.14247   0.09108   0.08510   0.33269   0.00000   0.15105   0.02825   0.03537   0.00638   0.02646   0.02335   0.05754   0.13514   0.05603   0.23070   0.21318   8.39756   1.70348   1.33647   1.62117   1.10869  
  9 93.9784   2057.622983  x:  0.00000   0.09209   0.03804   0.02134   0.01012   0.07396   0.02227   0.13932   0.09168   0.08724   0.34139   0.00000   0.14764   0.03460   0.03671   0.00694   0.03094   0.02643   0.05788   0.13217   0.05754   0.23260   0.21514   8.39586   1.70079   1.32498   1.64054   1.13379  
 10 92.5654   2056.719248  x:  0.00000   0.10711   0.03868   0.01484   0.00807   0.08363   0.01852   0.14115   0.09478   0.08138   0.34730   0.00000   0.14946   0.04057   0.03756   0.00543   0.02528   0.02412   0.05829   0.12991   0.05560   0.23161   0.21779   8.39228   1.69589   1.30261   1.67892   1.18448  
 11 110.7519   2055.859600  x:  0.00000   0.11524   0.04859   0.01885   0.00831   0.08372   0.01912   0.14916   0.09666   0.07939   0.34310   0.00000   0.15711   0.02974   0.03505   0.00583   0.02876   0.02231   0.05766   0.13093   0.05278   0.22626   0.21825   8.38819   1.69106   1.27973   1.71979   1.23998  
 12 131.8734   2055.045751  x:  0.00000   0.10868   0.04361   0.01709   0.00806   0.07086   0.01868   0.15530   0.09400   0.07768   0.32561   0.00000   0.16739   0.02986   0.03674   0.00568   0.02685   0.03178   0.05642   0.13436   0.05475   0.21664   0.21528   8.38349   1.68688   1.25844   1.76141   1.29954  
 13 112.0018   2054.674622  x:  0.00000   0.10162   0.04000   0.01759   0.00856   0.06811   0.01935   0.15643   0.09244   0.07883   0.31442   0.00000   0.17048   0.03360   0.03701   0.00614   0.02783   0.02354   0.05665   0.13620   0.05563   0.21245   0.21284   8.38120   1.68552   1.25079   1.77901   1.32647  
 14 117.2823   2054.488203  x:  0.00000   0.09406   0.04001   0.01746   0.00862   0.07653   0.01963   0.15362   0.09228   0.08066   0.30364   0.00000   0.16781   0.03304   0.03530   0.00633   0.02726   0.02506   0.05786   0.13724   0.05395   0.21189   0.20991   8.37935   1.68582   1.25036   1.78763   1.34367  
 15 38.2255   2054.402387  x:  0.00000   0.09450   0.04027   0.01756   0.00864   0.07673   0.01949   0.15406   0.09413   0.07937   0.29755   0.00000   0.16122   0.03147   0.03909   0.00622   0.02730   0.02474   0.05655   0.13909   0.05647   0.21589   0.20788   8.37744   1.68799   1.25670   1.78977   1.35566  
 16 15.7950   2054.314580  x:  0.00000   0.09640   0.04046   0.01753   0.00863   0.07428   0.01942   0.15585   0.09495   0.07909   0.29283   0.00000   0.15544   0.03281   0.03464   0.00629   0.02724   0.02496   0.05693   0.14079   0.05584   0.22075   0.20647   8.37484   1.69163   1.26707   1.79067   1.36998  
 17 27.5192   2054.152089  x:  0.00000   0.09718   0.03996   0.01755   0.00862   0.07365   0.01937   0.15759   0.09017   0.08054   0.29214   0.00000   0.15852   0.03292   0.03825   0.00615   0.02747   0.02498   0.06015   0.14000   0.05013   0.22504   0.20811   8.36782   1.70335   1.29719   1.78905   1.40289  
 18 20.2342   2053.944613  x:  0.00000   0.09612   0.04000   0.01759   0.00856   0.07575   0.01941   0.15676   0.08922   0.07944   0.29410   0.00000   0.16713   0.03242   0.03608   0.00617   0.02743   0.02488   0.05729   0.13717   0.05655   0.22553   0.21092   8.35777   1.72076   1.33911   1.78611   1.44719  
 19 65.0535   2053.886893  x:  0.00000   0.09558   0.03966   0.01754   0.00862   0.07496   0.01945   0.15538   0.09580   0.08038   0.29603   0.00000   0.16769   0.03267   0.03649   0.00617   0.02742   0.02493   0.05688   0.13801   0.05487   0.22045   0.21063   8.35422   1.72757   1.35074   1.78541   1.45928  
 20 22.2902   2053.861358  x:  0.00000   0.09637   0.04001   0.01758   0.00859   0.07506   0.01926   0.15528   0.09420   0.07992   0.29754   0.00000   0.16508   0.03252   0.03637   0.00607   0.02744   0.02492   0.05860   0.13963   0.05580   0.21454   0.20925   8.35153   1.73332   1.35495   1.78570   1.46371  
 21  8.3911   2053.851316  x:  0.00000   0.09656   0.03999   0.01758   0.00859   0.07526   0.01922   0.15561   0.09315   0.08007   0.29787   0.00000   0.16417   0.03268   0.03634   0.00611   0.02747   0.02491   0.05640   0.13973   0.05503   0.21311   0.20877   8.34972   1.73724   1.35585   1.78638   1.46477  
 22  6.1195   2053.739088  x:  0.00000   0.09512   0.04001   0.01762   0.00863   0.07507   0.01884   0.15840   0.09407   0.07969   0.29710   0.00000   0.16282   0.03263   0.03639   0.00603   0.02752   0.02490   0.05751   0.13311   0.05526   0.21464   0.20725   8.32087   1.79871   1.35824   1.80136   1.46913  
 23  7.1353   2053.691902  x:  0.00000   0.09588   0.04023   0.01763   0.00865   0.07511   0.01857   0.15500   0.09370   0.08057   0.29689   0.00000   0.16467   0.03265   0.03621   0.00589   0.02758   0.02489   0.05737   0.14007   0.05563   0.21718   0.20895   8.30738   1.82282   1.36027   1.80987   1.46956  
 24 18.7548   2053.442825  x:  0.00000   0.09349   0.04035   0.01764   0.00836   0.07505   0.01690   0.15752   0.09373   0.08107   0.29393   0.00000   0.15950   0.03273   0.03601   0.00537   0.02778   0.02479   0.05725   0.13906   0.05593   0.21340   0.22478   8.20663   1.87166   1.41584   1.90770   1.43858  
 25  4.4293   2053.273638  x:  0.00000   0.09516   0.04047   0.01765   0.00827   0.07491   0.01563   0.15570   0.09343   0.08232   0.29650   0.00000   0.16357   0.03288   0.03604   0.00501   0.02795   0.02471   0.05716   0.13851   0.05602   0.21556   0.20712   8.13814   1.89949   1.45181   1.97027   1.41862  
 26 37.4687   2051.960074  x:  0.00000   0.09597   0.04220   0.01809   0.00781   0.07509   0.00554   0.15568   0.09335   0.08896   0.29996   0.00000   0.16017   0.03380   0.03617   0.00211   0.02944   0.02442   0.05714   0.13518   0.05710   0.21719   0.20983   7.53487   1.85300   1.41245   1.92277   1.46332  
 27  2.6533   2051.488547  x:  0.00000   0.09912   0.04530   0.01767   0.00764   0.07468   0.00502   0.15409   0.09319   0.09742   0.29628   0.00000   0.15969   0.03522   0.03684   0.00612   0.03071   0.02468   0.05714   0.13100   0.05865   0.21639   0.21114   7.12288   1.81762   1.38485   1.88788   1.48721  
 28  0.9184   2051.397924  x:  0.00000   0.09913   0.04543   0.01808   0.00858   0.07426   0.00724   0.15384   0.09316   0.10141   0.29396   0.00000   0.16033   0.03544   0.03687   0.00574   0.03119   0.02486   0.05713   0.13026   0.05932   0.21602   0.21136   7.12681   1.79689   1.36973   1.86287   1.49207  
 29  0.0751   2051.327382  x:  0.00000   0.09863   0.04510   0.01823   0.00967   0.07389   0.00606   0.15557   0.09316   0.10732   0.29153   0.00000   0.16178   0.03576   0.03688   0.00505   0.03147   0.02520   0.05711   0.13138   0.06035   0.21538   0.21042   7.25011   1.78338   1.36095   1.84594   1.48860  
 30  0.1078   2051.318222  x:  0.00000   0.09873   0.04538   0.01801   0.00928   0.07435   0.00610   0.15646   0.09320   0.10870   0.29348   0.00000   0.16129   0.03592   0.03696   0.00495   0.03119   0.02500   0.05712   0.13161   0.06046   0.21587   0.21046   7.26483   1.79740   1.37199   1.86036   1.48295  
 31  0.0216   2051.317594  x:  0.00000   0.09863   0.04536   0.01799   0.00914   0.07433   0.00611   0.15689   0.09325   0.10901   0.29363   0.00000   0.16120   0.03584   0.03694   0.00493   0.03107   0.02503   0.05713   0.13169   0.06048   0.21592   0.21057   7.25177   1.79458   1.36973   1.85728   1.48425  
 32  0.0116   2051.317576  x:  0.00000   0.09864   0.04532   0.01799   0.00914   0.07434   0.00612   0.15696   0.09326   0.10900   0.29358   0.00000   0.16125   0.03581   0.03694   0.00495   0.03104   0.02503   0.05713   0.13174   0.06048   0.21590   0.21051   7.25391   1.79457   1.36979   1.85750   1.48452  
 33  0.0018   2051.317576  x:  0.00000   0.09864   0.04532   0.01800   0.00915   0.07434   0.00611   0.15696   0.09326   0.10901   0.29360   0.00000   0.16125   0.03582   0.03694   0.00495   0.03104   0.02503   0.05713   0.13173   0.06049   0.21591   0.21052   7.25388   1.79459   1.36979   1.85752   1.48460  
 34  0.0001   2051.317576  x:  0.00000   0.09863   0.04532   0.01800   0.00915   0.07434   0.00611   0.15696   0.09326   0.10901   0.29360   0.00000   0.16124   0.03582   0.03694   0.00495   0.03104   0.02503   0.05713   0.13173   0.06049   0.21591   0.21052   7.25388   1.79459   1.36979   1.85752   1.48461  
 35  0.0000   2051.317576  x:  0.00000   0.09863   0.04532   0.01800   0.00915   0.07434   0.00611   0.15696   0.09326   0.10901   0.29360   0.00000   0.16124   0.03582   0.03694   0.00495   0.03104   0.02503   0.05713   0.13173   0.06049   0.21591   0.21052   7.25389   1.79459   1.36979   1.85752   1.48461  
 36  0.0000   2051.317576  x:  0.00000   0.09863   0.04532   0.01800   0.00915   0.07434   0.00611   0.15696   0.09326   0.10901   0.29360   0.00000   0.16124   0.03582   0.03694   0.00495   0.03104   0.02503   0.05713   0.13173   0.06049   0.21591   0.21052   7.25389   1.79459   1.36979   1.85752   1.48461  
 37  0.0000   2051.317576  x:  0.00000   0.09863   0.04532   0.01800   0.00915   0.07434   0.00611   0.15696   0.09326   0.10901   0.29360   0.00000   0.16124   0.03582   0.03694   0.00495   0.03104   0.02503   0.05713   0.13173   0.06049   0.21591   0.21052   7.25389   1.79459   1.36979   1.85752   1.48461  
 38  0.0000   2051.317576  x:  0.00000   0.09863   0.04532   0.01800   0.00915   0.07434   0.00611   0.15696   0.09326   0.10901   0.29360   0.00000   0.16124   0.03582   0.03694   0.00495   0.03104   0.02503   0.05713   0.13173   0.06049   0.21591   0.21052   7.25389   1.79459   1.36979   1.85752   1.48461  
 39  0.0000   2051.317576  x:  0.00000   0.09863   0.04532   0.01800   0.00915   0.07434   0.00611   0.15696   0.09326   0.10901   0.29360   0.00000   0.16124   0.03582   0.03694   0.00495   0.03104   0.02503   0.05713   0.13173   0.06049   0.21591   0.21052   7.25389   1.79459   1.36979   1.85752   1.48461  

TREE # 2

  0  0.0000   2445.303098  x:  0.00000   0.09863   0.04532   0.01800   0.00915   0.07434   0.00611   0.15696   0.09326   0.10901   0.29360   0.00000   0.16124   0.03582   0.03694   0.00495   0.03104   0.02503   0.05713   0.13173   0.06049   0.21591   0.21052   7.25389   1.75652   1.23544   1.67772   1.48461  
  1 99.0000   2250.012194  x:  0.49301   0.10521   0.06849   0.06910   0.03466   0.07483   0.09275   0.15375   0.09061   0.10454   0.28855   0.07048   0.16134   0.07164   0.05606   0.11882   0.03822   0.04224   0.05287   0.13264   0.05550   0.21175   0.20430   7.25389   1.75621   1.23561   1.67802   1.48468  
  2 12548.9426   2137.511272  x:  0.46976   0.04503   0.22459   0.18342   0.06857   0.04294   0.12408   0.09673   0.05771   0.02847   0.21733   0.01807   0.09559   0.27766   0.12822   0.12599   0.04457   0.13525   0.00000   0.14039   0.00001   0.15976   0.12540   7.25414   1.75201   1.24277   1.67865   1.48460  
  3 702.5126   2137.486554  x:  0.46975   0.04502   0.22461   0.18343   0.06858   0.04294   0.12409   0.09673   0.05771   0.02846   0.21733   0.01807   0.09558   0.27768   0.12823   0.12599   0.04457   0.13526   0.00001   0.14039   0.00000   0.15975   0.12540   7.25414   1.75201   1.24277   1.67865   1.48460  
  4 9555.0080   2123.349631  x:  0.46331   0.02523   0.26716   0.21442   0.07705   0.03357   0.13320   0.07859   0.04859   0.00418   0.19403   0.00561   0.07380   0.33429   0.14705   0.12799   0.04678   0.15970   0.00168   0.14313   0.03169   0.14342   0.09979   7.25422   1.75063   1.24508   1.67889   1.48457  
  5 4025.2256   2115.563901  x:  0.45947   0.01671   0.27554   0.21997   0.07759   0.03149   0.13513   0.07199   0.04767   0.00000   0.18425   0.02288   0.06425   0.34611   0.14936   0.12790   0.04675   0.16302   0.00191   0.14419   0.03592   0.13718   0.08885   7.25425   1.75008   1.24602   1.67896   1.48459  
  6 893.7742   2104.978143  x:  0.45820   0.00000   0.28106   0.22274   0.07575   0.03025   0.13791   0.06108   0.04993   0.01619   0.16535   0.02764   0.04505   0.35567   0.14756   0.12839   0.04567   0.16160   0.00206   0.14603   0.03861   0.12595   0.06721   7.25432   1.74907   1.24783   1.67906   1.48465  
  7 646.4263   2083.636816  x:  0.45939   0.00000   0.28246   0.22047   0.06901   0.03083   0.14237   0.03919   0.05579   0.01404   0.12163   0.02611   0.00000   0.36357   0.13685   0.12953   0.04268   0.15027   0.00207   0.14971   0.03839   0.10208   0.01724   7.25447   1.74684   1.25184   1.67932   1.48483  
  8 1119.8582   2079.625098  x:  0.45974   0.00000   0.28310   0.21758   0.07399   0.03260   0.14326   0.05514   0.04734   0.01482   0.08937   0.02628   0.00000   0.36866   0.13198   0.12861   0.04979   0.14425   0.00204   0.15022   0.03851   0.09660   0.00269   7.25456   1.74546   1.25390   1.68043   1.48497  
  9 217.7700   2075.376067  x:  0.46033   0.00000   0.28445   0.21305   0.07739   0.03353   0.14558   0.06540   0.04131   0.01520   0.03343   0.02607   0.00000   0.37798   0.12239   0.12753   0.05667   0.13309   0.00202   0.15198   0.03840   0.08290   0.00847   7.25472   1.74293   1.25788   1.68207   1.48522  
 10 441.4684   2075.136618  x:  0.46087   0.00000   0.28548   0.21005   0.07845   0.02923   0.14524   0.06877   0.04989   0.01482   0.03024   0.02608   0.00000   0.38370   0.11932   0.12596   0.05691   0.12985   0.00203   0.15182   0.03852   0.08647   0.00812   7.25483   1.74145   1.25995   1.68378   1.48541  
 11 37.2503   2074.732189  x:  0.46306   0.00000   0.28787   0.19547   0.07876   0.02947   0.14475   0.06950   0.04728   0.01495   0.03413   0.02618   0.00000   0.40665   0.10410   0.12059   0.05469   0.11452   0.00208   0.15203   0.03870   0.09148   0.00857   7.25537   1.73450   1.27002   1.69163   1.48638  
 12 28.8568   2074.610279  x:  0.46343   0.00000   0.28494   0.18412   0.07697   0.03429   0.14278   0.06867   0.04918   0.01492   0.03442   0.02625   0.00000   0.41431   0.10527   0.12244   0.05925   0.11826   0.00206   0.15109   0.03874   0.09122   0.00866   7.25591   1.72957   1.27740   1.69937   1.48740  
 13 14.3902   2074.536203  x:  0.46379   0.00000   0.28182   0.17742   0.07564   0.03018   0.14166   0.06791   0.04736   0.01494   0.03419   0.02618   0.00000   0.41724   0.10683   0.12338   0.05979   0.12130   0.00204   0.15056   0.03864   0.09081   0.00856   7.25637   1.72604   1.28287   1.70574   1.48829  
 14 24.7449   2074.407225  x:  0.46346   0.00000   0.27592   0.17653   0.07959   0.03150   0.14326   0.06867   0.04754   0.01487   0.03311   0.02622   0.00000   0.41797   0.10950   0.12169   0.05096   0.12470   0.00209   0.15084   0.03873   0.08991   0.00843   7.25775   1.71854   1.29579   1.72361   1.49095  
 15 12.0714   2074.053595  x:  0.46028   0.00000   0.26467   0.19206   0.08141   0.02994   0.14884   0.06680   0.04843   0.01452   0.03507   0.02605   0.00000   0.41318   0.11044   0.12114   0.05810   0.12059   0.00204   0.15310   0.03837   0.08635   0.00855   7.26244   1.69886   1.33438   1.78039   1.49987  
 16 25.9656   2073.895413  x:  0.45991   0.00000   0.26908   0.19674   0.07361   0.03167   0.14433   0.06520   0.04687   0.01461   0.03186   0.02607   0.00000   0.40837   0.11005   0.12334   0.05640   0.11988   0.00205   0.15215   0.03833   0.09378   0.00813   7.26489   1.69678   1.34765   1.80404   1.50413  
 17 20.9173   2073.610816  x:  0.45991   0.00000   0.28749   0.19376   0.07117   0.03131   0.13395   0.06830   0.04864   0.01432   0.03375   0.02608   0.00000   0.39689   0.10623   0.12696   0.05332   0.11766   0.00207   0.15046   0.03838   0.08336   0.00826   7.27005   1.70766   1.36357   1.84115   1.51223  
 18 18.3986   2073.096804  x:  0.45735   0.00000   0.30912   0.17845   0.08460   0.03092   0.14235   0.05589   0.04742   0.01412   0.03099   0.02602   0.00000   0.37823   0.10308   0.12309   0.05799   0.11601   0.00203   0.15187   0.03797   0.08697   0.00755   7.28036   1.74669   1.38229   1.89831   1.52702  
 19 26.3893   2072.172051  x:  0.45105   0.00000   0.30682   0.16894   0.06383   0.03221   0.16833   0.05796   0.04894   0.01317   0.03069   0.02591   0.00000   0.37594   0.10122   0.11507   0.05577   0.11413   0.00203   0.15628   0.03760   0.07883   0.00718   7.29978   1.83797   1.40596   1.97919   1.55205  
 20 33.4412   2070.294750  x:  0.43898   0.00000   0.26078   0.17406   0.06871   0.03316   0.14888   0.04091   0.04880   0.01223   0.02581   0.02608   0.00000   0.39162   0.09206   0.13182   0.05289   0.10163   0.00206   0.15251   0.03711   0.07159   0.00555   7.34002   2.03167   1.45444   2.11831   1.59973  
 21 73.8875   2069.936657  x:  0.44276   0.00000   0.25742   0.17570   0.06694   0.03397   0.13816   0.03725   0.04883   0.01202   0.02486   0.02607   0.00000   0.38773   0.09497   0.11247   0.05597   0.10273   0.00203   0.15904   0.03691   0.06963   0.00523   7.34895   2.05541   1.48513   2.11243   1.60245  
 22 12.3853   2068.547538  x:  0.42725   0.00000   0.25848   0.17562   0.06548   0.03408   0.14853   0.03457   0.05047   0.01052   0.02524   0.02610   0.00000   0.36225   0.08805   0.13141   0.05088   0.10278   0.00204   0.16722   0.03639   0.06914   0.00498   7.38791   2.12530   1.64072   2.03828   1.60232  
 23 27.5167   2068.433876  x:  0.42627   0.00000   0.25881   0.17475   0.06507   0.03432   0.15002   0.03365   0.05060   0.01042   0.02507   0.02613   0.00000   0.36064   0.09529   0.13083   0.05035   0.09632   0.00205   0.15757   0.03639   0.06833   0.00491   7.39135   2.12484   1.64640   2.03172   1.60058  
 24 12.0363   2068.123199  x:  0.42429   0.00000   0.25624   0.17579   0.06421   0.03436   0.15242   0.03114   0.05082   0.01025   0.02464   0.02622   0.00000   0.35629   0.08476   0.12586   0.05120   0.10314   0.00203   0.14063   0.03631   0.06656   0.00471   7.40200   2.09676   1.62828   2.01415   1.58851  
 25  7.3650   2065.347986  x:  0.40021   0.00000   0.24065   0.16271   0.05722   0.03662   0.15409   0.01758   0.05337   0.00799   0.02342   0.02647   0.00000   0.32712   0.08304   0.13011   0.04665   0.09211   0.00199   0.16033   0.03489   0.06011   0.00359   7.49331   1.82696   1.42896   1.86944   1.47916  
 26 43.6889   2062.052061  x:  0.35843   0.00000   0.20629   0.15548   0.05261   0.03733   0.14593   0.02916   0.05820   0.00545   0.02904   0.02840   0.00000   0.27682   0.08465   0.12516   0.04187   0.08833   0.00194   0.16031   0.03348   0.06551   0.00500   7.62766   1.66601   1.30600   1.74839   1.78185  
 27  1.6274   2060.320597  x:  0.33470   0.00000   0.18941   0.15449   0.05228   0.03704   0.14032   0.03563   0.06052   0.00457   0.03261   0.02960   0.00000   0.25433   0.08755   0.12254   0.04031   0.08701   0.00194   0.15935   0.03261   0.07014   0.00592   7.68852   1.72629   1.32665   1.81392   1.44383  
 28  3.5788   2056.856987  x:  0.24244   0.00000   0.20250   0.14339   0.06886   0.03546   0.13007   0.03161   0.06347   0.00301   0.03960   0.03492   0.00000   0.26911   0.09853   0.11579   0.04705   0.09765   0.00192   0.15327   0.03200   0.08730   0.00729   7.43282   1.88496   1.40698   1.90507   1.57334  
 29  0.3100   2055.742729  x:  0.20959   0.00000   0.21517   0.14524   0.06886   0.03583   0.13216   0.04070   0.06081   0.00365   0.03161   0.03630   0.00000   0.29158   0.09520   0.11239   0.05050   0.09302   0.00192   0.15644   0.03175   0.07794   0.00663   7.29468   1.80579   1.36240   1.84955   1.47847  
 30  0.4837   2055.379826  x:  0.21062   0.00000   0.21679   0.16635   0.05927   0.03540   0.13229   0.03944   0.05829   0.00456   0.03136   0.03443   0.00000   0.29470   0.09947   0.11167   0.04624   0.09695   0.00191   0.15637   0.03080   0.07557   0.00618   7.24604   1.79559   1.35840   1.85325   1.49763  
 31  0.0660   2055.067688  x:  0.21777   0.00000   0.22084   0.15756   0.05691   0.03575   0.13133   0.03586   0.05376   0.00461   0.02976   0.02786   0.00000   0.29810   0.09481   0.11052   0.04614   0.09266   0.00181   0.15719   0.02674   0.06969   0.00594   7.31610   1.78027   1.35859   1.85507   1.50413  
 32  0.0302   2054.849292  x:  0.20425   0.00000   0.21651   0.15767   0.06031   0.03577   0.13186   0.03295   0.05408   0.00521   0.03131   0.02344   0.00000   0.29343   0.09679   0.11075   0.04719   0.09486   0.00172   0.15697   0.02293   0.07350   0.00585   7.31915   1.78721   1.36127   1.86041   1.49007  
 33  0.0198   2054.733344  x:  0.21009   0.00000   0.21736   0.16048   0.06247   0.03601   0.13138   0.03695   0.05813   0.00513   0.03063   0.02197   0.00000   0.29658   0.09908   0.10946   0.04889   0.09715   0.00174   0.15752   0.02147   0.07561   0.00587   7.28325   1.80483   1.36819   1.85965   1.47549  
 34  0.0244   2054.594271  x:  0.20140   0.00000   0.21660   0.16140   0.05863   0.03596   0.13110   0.04084   0.06101   0.00474   0.03111   0.02260   0.00000   0.29375   0.09849   0.11086   0.04705   0.09479   0.00188   0.15666   0.01924   0.07514   0.00661   7.24910   1.81064   1.36363   1.86958   1.52448  
 35  0.0222   2054.180941  x:  0.21656   0.00000   0.21893   0.15936   0.05869   0.03481   0.13220   0.04359   0.05952   0.00628   0.03319   0.02192   0.00000   0.29248   0.09700   0.10964   0.04560   0.09548   0.00237   0.15515   0.01141   0.07394   0.00755   7.31823   1.74142   1.33091   1.83295   1.51328  
 36  0.0304   2053.690912  x:  0.21726   0.00000   0.21047   0.16301   0.06014   0.03535   0.13210   0.04267   0.05530   0.00534   0.03145   0.02797   0.00000   0.29325   0.09789   0.10870   0.04870   0.09563   0.00309   0.15799   0.00695   0.07352   0.00682   7.33638   1.78838   1.38739   1.84789   1.48558  
 37  0.0435   2053.503726  x:  0.21543   0.00000   0.21588   0.16214   0.06125   0.03596   0.13154   0.03858   0.05485   0.00464   0.03115   0.03196   0.00000   0.29478   0.09888   0.10893   0.04775   0.09619   0.00334   0.15813   0.01044   0.07533   0.00593   7.30161   1.80043   1.38290   1.86286   1.47480  
 38  0.0483   2053.300067  x:  0.20996   0.00000   0.22117   0.16052   0.06087   0.03652   0.13129   0.03399   0.05685   0.00427   0.03104   0.03188   0.00000   0.29584   0.09979   0.10891   0.04658   0.09556   0.00394   0.15761   0.00743   0.07566   0.00550   7.24011   1.80238   1.36046   1.87827   1.49010  
 39  0.0473   2052.887847  x:  0.21052   0.00000   0.20966   0.16189   0.06040   0.03607   0.13411   0.03179   0.06219   0.00698   0.03012   0.03106   0.00000   0.29979   0.09776   0.10946   0.04754   0.09270   0.00543   0.15692   0.00814   0.06897   0.00708   7.26232   1.79845   1.36390   1.84021   1.52519  
 40  0.0164   2052.185492  x:  0.21341   0.00000   0.22563   0.16357   0.05698   0.03421   0.13232   0.03868   0.06495   0.00574   0.02931   0.02577   0.00000   0.28518   0.09638   0.10811   0.04465   0.09367   0.00831   0.15780   0.00776   0.07565   0.00633   7.33596   1.77063   1.37714   1.81969   1.44087  
 41  0.0418   2051.641847  x:  0.21311   0.00000   0.21100   0.16077   0.06197   0.03530   0.12992   0.03750   0.05958   0.00382   0.03113   0.02336   0.00000   0.30044   0.09870   0.10914   0.04518   0.09403   0.01133   0.15778   0.00970   0.07511   0.00522   7.28058   1.79169   1.36754   1.87704   1.46964  
 42  0.0535   2051.429280  x:  0.20981   0.00000   0.21828   0.16028   0.06225   0.03639   0.13193   0.03604   0.05554   0.00575   0.03142   0.02509   0.00000   0.29171   0.09946   0.10872   0.04640   0.09313   0.01393   0.15657   0.00990   0.07397   0.00633   7.22489   1.80558   1.37336   1.87734   1.50228  
 43  0.0487   2051.338009  x:  0.20925   0.00000   0.21507   0.16118   0.05891   0.03604   0.13244   0.03696   0.05620   0.00491   0.03114   0.02495   0.00000   0.29428   0.09880   0.10934   0.04451   0.09329   0.01649   0.15634   0.00920   0.07464   0.00642   7.24750   1.79143   1.36945   1.84634   1.48351  
 44  0.0290   2051.319859  x:  0.21047   0.00000   0.21587   0.16191   0.06077   0.03567   0.13150   0.03732   0.05700   0.00485   0.03096   0.02498   0.00000   0.29248   0.09836   0.10905   0.04546   0.09310   0.01756   0.15703   0.00906   0.07415   0.00609   7.25661   1.79237   1.36723   1.85389   1.48388  
 45  0.0107   2051.317765  x:  0.21073   0.00000   0.21591   0.16111   0.06049   0.03580   0.13164   0.03703   0.05712   0.00497   0.03110   0.02505   0.00000   0.29375   0.09858   0.10897   0.04539   0.09326   0.01788   0.15699   0.00911   0.07447   0.00608   7.25419   1.79535   1.36946   1.85806   1.48411  
 46  0.0068   2051.317583  x:  0.21054   0.00000   0.21593   0.16121   0.06050   0.03582   0.13177   0.03693   0.05712   0.00494   0.03103   0.02503   0.00000   0.29360   0.09867   0.10901   0.04531   0.09329   0.01798   0.15698   0.00914   0.07433   0.00611   7.25374   1.79482   1.36986   1.85768   1.48461  
 47  0.0012   2051.317576  x:  0.21052   0.00000   0.21591   0.16125   0.06049   0.03582   0.13173   0.03693   0.05713   0.00495   0.03104   0.02503   0.00000   0.29361   0.09864   0.10901   0.04532   0.09325   0.01799   0.15696   0.00915   0.07434   0.00611   7.25386   1.79462   1.36979   1.85754   1.48462  
 48  0.0004   2051.317576  x:  0.21052   0.00000   0.21591   0.16125   0.06049   0.03582   0.13173   0.03694   0.05713   0.00495   0.03104   0.02503   0.00000   0.29360   0.09864   0.10901   0.04532   0.09326   0.01800   0.15696   0.00915   0.07434   0.00611   7.25389   1.79458   1.36978   1.85752   1.48461  
 49  0.0001   2051.317576  x:  0.21052   0.00000   0.21591   0.16124   0.06049   0.03582   0.13173   0.03694   0.05713   0.00495   0.03104   0.02503   0.00000   0.29360   0.09863   0.10901   0.04532   0.09326   0.01800   0.15696   0.00915   0.07434   0.00611   7.25390   1.79459   1.36979   1.85753   1.48461  
 50  0.0000   2051.317576  x:  0.21052   0.00000   0.21591   0.16124   0.06049   0.03582   0.13173   0.03694   0.05713   0.00495   0.03104   0.02503   0.00000   0.29360   0.09863   0.10901   0.04532   0.09326   0.01800   0.15696   0.00915   0.07434   0.00611   7.25389   1.79459   1.36979   1.85752   1.48461  