

TREE # 1

  0  0.0000   2146.745847  x:  0.01972   0.20925   0.02571   0.03211   0.02495   0.05815   0.02188   0.05666   0.08536   0.02661   0.17168   0.01972   0.20925   0.02571   0.03211   0.02495   0.05815   0.02188   0.05666   0.08536   0.02661   0.17168   0.21568   8.40433   1.35491   1.08095   1.40462   1.00000  
  1 99.0000   2117.340755  x:  0.00000   0.20943   0.02729   0.04198   0.01921   0.04923   0.03301   0.03967   0.09617   0.03138   0.17714   0.00293   0.21247   0.01511   0.04596   0.01946   0.09520   0.02265   0.05306   0.14310   0.03919   0.17583   0.21530   8.40426   1.35507   1.07820   1.40745   0.99784  
  2 507.3928   2116.565526  x:  0.00000   0.20935   0.02703   0.04150   0.01969   0.04853   0.03153   0.03771   0.09691   0.03103   0.17795   0.00000   0.21283   0.01447   0.04578   0.01983   0.09521   0.02119   0.05226   0.14391   0.03879   0.17643   0.21543   8.40424   1.35509   1.07774   1.40789   0.99747  
  3 191.2571   2115.591163  x:  0.00000   0.20666   0.02987   0.03951   0.01608   0.04546   0.03590   0.02243   0.10117   0.03159   0.18925   0.00000   0.21800   0.02038   0.04700   0.01663   0.09189   0.02288   0.04340   0.14192   0.03710   0.18398   0.21917   8.40404   1.35539   1.07054   1.41469   0.99145  
  4 81.8383   2115.093053  x:  0.00000   0.20293   0.03046   0.04119   0.02443   0.04543   0.03973   0.02242   0.10333   0.03200   0.20231   0.00000   0.22438   0.02073   0.04853   0.02149   0.09201   0.02477   0.04111   0.14071   0.03719   0.19268   0.22422   8.40371   1.35581   1.05975   1.42492   0.98214  
  5 62.9711   2114.178854  x:  0.00000   0.19496   0.02898   0.04280   0.01852   0.04708   0.03751   0.03145   0.10402   0.03106   0.22706   0.00000   0.23681   0.01550   0.04855   0.01750   0.09359   0.02168   0.04567   0.13889   0.03745   0.20913   0.23470   8.40291   1.35674   1.03384   1.44971   0.95896  
  6 97.3908   2113.792098  x:  0.00000   0.19279   0.02717   0.03934   0.01562   0.04832   0.03297   0.03009   0.09861   0.03306   0.22789   0.00000   0.23742   0.01964   0.04671   0.02281   0.09446   0.02554   0.04904   0.14152   0.03898   0.20904   0.23718   8.40224   1.35727   1.01602   1.46748   0.94042  
  7 45.6825   2113.164801  x:  0.00000   0.19079   0.02703   0.03788   0.02143   0.04896   0.03126   0.02680   0.09110   0.03351   0.22273   0.00000   0.23498   0.02134   0.04265   0.01585   0.09364   0.02782   0.05227   0.14487   0.03847   0.20439   0.23905   8.40099   1.35818   0.98507   1.49901   0.90634  
  8 121.0050   2112.502179  x:  0.00000   0.19060   0.03028   0.04293   0.01877   0.04696   0.03720   0.02516   0.09107   0.03036   0.21262   0.00000   0.22979   0.01581   0.04115   0.01966   0.09057   0.02516   0.05076   0.14505   0.03528   0.19671   0.23849   8.39942   1.35922   0.95099   1.53509   0.86568  
  9 143.5885   2112.206328  x:  0.00000   0.19253   0.02797   0.04140   0.01858   0.04548   0.03600   0.02878   0.09963   0.03233   0.20684   0.00000   0.22665   0.01690   0.04703   0.01878   0.09130   0.02387   0.04549   0.14217   0.03915   0.19341   0.23553   8.39844   1.35976   0.93728   1.55223   0.84416  
 10 68.5075   2112.130499  x:  0.00000   0.19528   0.02880   0.04042   0.01874   0.04833   0.03595   0.02744   0.10147   0.03121   0.20682   0.00000   0.22556   0.01671   0.04733   0.01878   0.09572   0.02432   0.04688   0.13946   0.03789   0.19514   0.23112   8.39767   1.36001   0.93937   1.55659   0.83451  
 11 14.4858   2111.978061  x:  0.00000   0.20141   0.02793   0.04282   0.01862   0.04743   0.03649   0.02767   0.09945   0.03340   0.20913   0.00000   0.22437   0.01781   0.04533   0.01883   0.09399   0.02316   0.04723   0.14024   0.03948   0.20073   0.22026   8.39531   1.36084   0.95202   1.56506   0.81002  
 12 21.2594   2111.913210  x:  0.00000   0.20211   0.02818   0.04078   0.01857   0.04626   0.03619   0.02870   0.09843   0.03124   0.20989   0.00000   0.22457   0.01644   0.04687   0.01867   0.09221   0.02553   0.04642   0.14185   0.03838   0.20168   0.21814   8.39401   1.36154   0.95921   1.56865   0.79903  
 13 29.5082   2111.768605  x:  0.00000   0.19562   0.03066   0.03981   0.01889   0.04692   0.03618   0.02816   0.09978   0.03279   0.20939   0.00000   0.22780   0.01687   0.04796   0.01893   0.09215   0.02333   0.04788   0.14266   0.03827   0.19673   0.22584   8.38993   1.36491   0.98023   1.57702   0.77441  
 14 18.1044   2111.724402  x:  0.00000   0.19386   0.02780   0.04147   0.01873   0.04696   0.03598   0.02759   0.09993   0.03165   0.20904   0.00000   0.22854   0.01673   0.04695   0.01881   0.09329   0.02409   0.04683   0.14211   0.03849   0.19531   0.22877   8.38848   1.36637   0.98637   1.57979   0.76798  
 15 30.2453   2111.684066  x:  0.00000   0.19519   0.02884   0.04109   0.01860   0.04567   0.03541   0.02829   0.09922   0.03321   0.20842   0.00000   0.22750   0.01555   0.04516   0.01878   0.09513   0.02480   0.04456   0.14160   0.03818   0.19621   0.23139   8.38613   1.36988   0.98984   1.58393   0.76740  
 16  5.4564   2111.425382  x:  0.00000   0.20564   0.02878   0.03995   0.01879   0.04298   0.03677   0.02866   0.09724   0.02957   0.20492   0.00000   0.21981   0.01840   0.04724   0.01908   0.09727   0.02093   0.04460   0.14295   0.03908   0.20363   0.24433   8.36950   1.39543   1.00839   1.61269   0.77166  
 17 21.5602   2111.144676  x:  0.00000   0.21192   0.02718   0.04268   0.01872   0.04730   0.03475   0.02548   0.09972   0.03329   0.20293   0.00000   0.21418   0.01415   0.05091   0.01876   0.09359   0.02353   0.04669   0.14544   0.03845   0.20799   0.25105   8.35094   1.42353   1.02694   1.64411   0.77887  
 18 66.5765   2110.269423  x:  0.00000   0.20614   0.03079   0.04028   0.01883   0.05082   0.03412   0.02559   0.11200   0.02769   0.20551   0.00000   0.21262   0.01310   0.03932   0.01881   0.09144   0.02596   0.04658   0.15479   0.04621   0.20351   0.24031   8.29163   1.51026   1.07921   1.74122   0.80788  
 19 66.5602   2109.304696  x:  0.00000   0.19403   0.02577   0.04023   0.01882   0.04075   0.03544   0.02550   0.11187   0.03211   0.20933   0.00000   0.21671   0.01466   0.04366   0.01885   0.09881   0.02254   0.04755   0.15806   0.03582   0.19430   0.22104   8.22757   1.60144   1.13290   1.84319   0.83980  
 20 201.9908   2109.104764  x:  0.00000   0.19164   0.02855   0.04305   0.01875   0.04235   0.03290   0.02402   0.10561   0.03074   0.20915   0.00000   0.22076   0.01325   0.04916   0.01889   0.10121   0.02040   0.04336   0.15668   0.03959   0.19223   0.21638   8.21375   1.61858   1.14277   1.86230   0.84602  
 21 67.0743   2109.051015  x:  0.00000   0.19226   0.02692   0.04066   0.01866   0.04400   0.03494   0.02352   0.10420   0.03145   0.20796   0.00000   0.22382   0.01156   0.04934   0.01908   0.10139   0.01893   0.04223   0.15683   0.04053   0.19229   0.21577   8.20986   1.62021   1.14355   1.86407   0.84671  
 22 12.5625   2108.620770  x:  0.00000   0.20384   0.02748   0.04235   0.01866   0.04515   0.03327   0.02432   0.10750   0.03104   0.19421   0.00000   0.25416   0.01415   0.04758   0.01892   0.10193   0.01880   0.04090   0.16256   0.03544   0.19598   0.21528   8.17659   1.61576   1.13882   1.85864   0.84631  
 23 13.6810   2108.273968  x:  0.00000   0.20818   0.02787   0.04191   0.01919   0.03710   0.03300   0.02048   0.10958   0.03079   0.19170   0.00000   0.26268   0.00994   0.04776   0.01896   0.10319   0.02103   0.04696   0.16134   0.04073   0.19632   0.21551   8.15043   1.60702   1.13252   1.84836   0.84413  
 24 32.2370   2102.541855  x:  0.00000   0.22651   0.02667   0.04343   0.01972   0.03590   0.02417   0.01230   0.12187   0.02988   0.22919   0.00000   0.24587   0.00454   0.05163   0.01968   0.12219   0.00638   0.03665   0.20550   0.03788   0.18426   0.21965   7.74678   1.43670   1.01788   1.65088   0.79725  
 25 65.6009   2102.152545  x:  0.00000   0.20756   0.02667   0.04351   0.01985   0.03528   0.02360   0.01136   0.12322   0.02992   0.21563   0.00000   0.23973   0.00396   0.05195   0.01979   0.12370   0.00532   0.03587   0.20868   0.03814   0.20521   0.21704   7.71662   1.42252   1.00972   1.63577   0.79388  
 26 31.7006   2100.983376  x:  0.00000   0.20206   0.02624   0.04335   0.02044   0.03575   0.02381   0.01301   0.12586   0.03001   0.21398   0.00000   0.23404   0.00357   0.05211   0.02015   0.12874   0.01098   0.03594   0.22199   0.03932   0.21258   0.21691   7.61751   1.30853   1.00722   1.64223   0.80941  
 27  0.8758   2099.891166  x:  0.00000   0.19505   0.02572   0.04311   0.02089   0.03610   0.02394   0.01479   0.12753   0.03019   0.21435   0.00000   0.22953   0.00338   0.05112   0.02046   0.13301   0.01629   0.03628   0.23484   0.04058   0.22107   0.21406   7.53212   1.36789   0.96223   1.54704   0.77208  
 28  8.1669   2098.302899  x:  0.00000   0.20324   0.02618   0.04380   0.02079   0.03693   0.03459   0.02289   0.12672   0.03189   0.22013   0.00000   0.22954   0.00986   0.05651   0.01979   0.14851   0.01327   0.03992   0.27018   0.04663   0.21117   0.21428   7.48129   1.35599   0.98058   1.57488   0.78273  
 29  0.0921   2097.756655  x:  0.00000   0.20507   0.02675   0.04548   0.01942   0.03862   0.03387   0.01749   0.12331   0.03239   0.21810   0.00000   0.23417   0.00423   0.05796   0.01865   0.15645   0.01533   0.04060   0.29361   0.04682   0.20216   0.21600   7.65453   1.40043   1.00767   1.61951   0.79393  
 30  0.1689   2097.680603  x:  0.00000   0.20400   0.02651   0.04539   0.01923   0.03678   0.03101   0.01840   0.12231   0.03210   0.21626   0.00000   0.23501   0.00398   0.05803   0.01898   0.15749   0.01466   0.03951   0.30194   0.04625   0.20316   0.21696   7.73731   1.37645   0.99352   1.59264   0.78978  
 31  0.0836   2097.669088  x:  0.00000   0.20312   0.02649   0.04500   0.01943   0.03727   0.03099   0.01741   0.12208   0.03200   0.21586   0.00000   0.23426   0.00462   0.05769   0.01913   0.15653   0.01438   0.03970   0.30464   0.04602   0.20493   0.21621   7.73936   1.37751   0.99318   1.59458   0.78841  
 32  0.0049   2097.663796  x:  0.00000   0.20305   0.02658   0.04491   0.01947   0.03741   0.03123   0.01776   0.12204   0.03195   0.21595   0.00000   0.23381   0.00409   0.05749   0.01910   0.15543   0.01389   0.03978   0.30621   0.04587   0.20569   0.21594   7.73138   1.38041   0.99476   1.59830   0.78878  
 33  0.0113   2097.662695  x:  0.00000   0.20356   0.02656   0.04500   0.01946   0.03718   0.03130   0.01771   0.12207   0.03198   0.21628   0.00000   0.23413   0.00420   0.05760   0.01906   0.15477   0.01373   0.03960   0.30639   0.04597   0.20522   0.21637   7.72665   1.38112   0.99475   1.59681   0.78908  
 34  0.0047   2097.662611  x:  0.00000   0.20345   0.02656   0.04504   0.01944   0.03724   0.03125   0.01772   0.12211   0.03199   0.21616   0.00000   0.23417   0.00418   0.05766   0.01907   0.15457   0.01374   0.03967   0.30630   0.04602   0.20504   0.21629   7.72750   1.38119   0.99471   1.59661   0.78895  
 35  0.0008   2097.662603  x:  0.00000   0.20341   0.02656   0.04504   0.01944   0.03722   0.03125   0.01772   0.12211   0.03199   0.21616   0.00000   0.23415   0.00417   0.05768   0.01907   0.15452   0.01376   0.03964   0.30630   0.04602   0.20505   0.21627   7.72769   1.38120   0.99473   1.59679   0.78892  
 36  0.0002   2097.662601  x:  0.00000   0.20343   0.02656   0.04503   0.01944   0.03723   0.03125   0.01772   0.12211   0.03199   0.21618   0.00000   0.23416   0.00417   0.05769   0.01907   0.15450   0.01377   0.03965   0.30633   0.04602   0.20506   0.21629   7.72765   1.38109   0.99470   1.59672   0.78894  
 37  0.0001   2097.662601  x:  0.00000   0.20344   0.02656   0.04503   0.01944   0.03723   0.03125   0.01772   0.12211   0.03199   0.21617   0.00000   0.23416   0.00418   0.05768   0.01907   0.15450   0.01377   0.03965   0.30634   0.04602   0.20506   0.21628   7.72763   1.38112   0.99472   1.59675   0.78895  
 38  0.0000   2097.662601  x:  0.00000   0.20344   0.02656   0.04504   0.01944   0.03723   0.03125   0.01772   0.12211   0.03199   0.21617   0.00000   0.23416   0.00418   0.05768   0.01907   0.15450   0.01377   0.03965   0.30634   0.04602   0.20506   0.21628   7.72762   1.38111   0.99472   1.59675   0.78895  
 39  0.0000   2097.662601  x:  0.00000   0.20344   0.02656   0.04504   0.01944   0.03723   0.03125   0.01772   0.12211   0.03199   0.21617   0.00000   0.23416   0.00418   0.05768   0.01907   0.15450   0.01377   0.03965   0.30634   0.04602   0.20506   0.21629   7.72762   1.38111   0.99472   1.59675   0.78895  
 40  0.0000   2097.662601  x:  0.00000   0.20344   0.02656   0.04504   0.01944   0.03723   0.03125   0.01772   0.12211   0.03199   0.21617   0.00000   0.23416   0.00418   0.05768   0.01907   0.15449   0.01377   0.03965   0.30634   0.04602   0.20506   0.21629   7.72762   1.38111   0.99472   1.59675   0.78895  

TREE # 2

  0  0.0000   2523.538539  x:  0.00000   0.20344   0.02656   0.04504   0.01944   0.03723   0.03125   0.01772   0.12211   0.03199   0.21617   0.00000   0.23416   0.00418   0.05768   0.01907   0.15449   0.01377   0.03965   0.30634   0.04602   0.20506   0.21629   7.72762   1.35683   0.91276   1.46693   0.78895  
  1 99.0000   2275.922022  x:  0.34549   0.20442   0.11648   0.10394   0.04474   0.03033   0.15035   0.06078   0.11192   0.03336   0.21293   0.10843   0.23555   0.36659   0.12079   0.03717   0.14393   0.10880   0.04753   0.29238   0.03792   0.19277   0.20351   7.72763   1.35668   0.91288   1.46806   0.78937  
  2 5502.4998   2213.362423  x:  0.33230   0.15543   0.16885   0.15787   0.05574   0.00000   0.20560   0.05465   0.07889   0.00387   0.19329   0.06495   0.18725   0.35874   0.14421   0.02655   0.09755   0.11884   0.04169   0.23644   0.00179   0.14361   0.15228   7.72785   1.35162   0.91967   1.47011   0.78954  
  3 442.8194   2151.087776  x:  0.31461   0.07359   0.23334   0.22538   0.06610   0.00583   0.28060   0.05268   0.02992   0.06109   0.16545   0.00000   0.10636   0.34858   0.17760   0.02284   0.02419   0.13383   0.04252   0.14441   0.00254   0.06616   0.07051   7.72819   1.34417   0.92949   1.47368   0.78983  
  4 1671.3283   2137.720091  x:  0.30502   0.04459   0.25104   0.24456   0.06715   0.00382   0.30201   0.05230   0.01822   0.06831   0.15768   0.01215   0.07750   0.34097   0.18710   0.02460   0.00446   0.13702   0.04368   0.11246   0.01760   0.04139   0.04362   7.72830   1.34175   0.93262   1.47493   0.78995  
  5 1537.3962   2124.056087  x:  0.29667   0.00652   0.26810   0.26345   0.06566   0.00342   0.32501   0.05383   0.01845   0.07359   0.14964   0.01604   0.03934   0.33455   0.19774   0.03139   0.02416   0.14064   0.04644   0.07091   0.03033   0.01524   0.01329   7.72843   1.33893   0.93619   1.47659   0.79000  
  6 1179.8234   2121.116192  x:  0.29593   0.00000   0.26980   0.26545   0.06492   0.00368   0.32788   0.05433   0.02076   0.07383   0.14878   0.01603   0.03274   0.33394   0.19910   0.03217   0.02431   0.14101   0.04673   0.06409   0.03138   0.01631   0.01371   7.72845   1.33853   0.93669   1.47687   0.78999  
  7 679.2403   2114.619045  x:  0.29562   0.00000   0.27094   0.26812   0.05923   0.00530   0.33527   0.05607   0.01295   0.07348   0.14776   0.01668   0.00000   0.33279   0.20271   0.03348   0.02761   0.14118   0.04754   0.03530   0.03296   0.01631   0.02298   7.72852   1.33699   0.93858   1.47819   0.78992  
  8 738.0660   2113.508527  x:  0.29869   0.00000   0.26506   0.26369   0.05283   0.00611   0.33563   0.05687   0.01362   0.07216   0.15004   0.01643   0.00000   0.33334   0.20313   0.03085   0.02555   0.13961   0.04712   0.01694   0.03060   0.01495   0.01955   7.72857   1.33599   0.93980   1.47939   0.78982  
  9 157.6382   2113.459386  x:  0.29917   0.00000   0.26396   0.26330   0.05154   0.00598   0.33720   0.05680   0.01275   0.07184   0.15024   0.01609   0.00000   0.33290   0.20392   0.03106   0.02562   0.13919   0.04715   0.01676   0.03109   0.01642   0.01845   7.72860   1.33542   0.94052   1.48000   0.78978  
 10 29.7208   2113.202104  x:  0.30276   0.00000   0.25539   0.26047   0.04265   0.00557   0.34981   0.05642   0.01302   0.06944   0.15171   0.01354   0.00000   0.32915   0.21010   0.03244   0.02472   0.13594   0.04733   0.01853   0.03437   0.01522   0.01867   7.72882   1.33080   0.94636   1.48492   0.78950  
 11 55.3372   2112.980140  x:  0.30622   0.00000   0.24475   0.25738   0.04461   0.01089   0.36477   0.05621   0.01308   0.06852   0.15325   0.01552   0.00000   0.32311   0.21641   0.03000   0.02511   0.13273   0.04702   0.01957   0.03148   0.01537   0.01851   7.72914   1.32470   0.95415   1.49171   0.78912  
 12 45.3251   2112.844871  x:  0.30902   0.00000   0.23706   0.25435   0.04937   0.00593   0.37248   0.05447   0.01330   0.07119   0.15407   0.01624   0.00000   0.31929   0.21859   0.03091   0.02541   0.13218   0.04698   0.01892   0.03043   0.01554   0.01898   7.72940   1.32042   0.95984   1.49709   0.78891  
 13 38.5006   2112.770983  x:  0.31099   0.00000   0.23432   0.25275   0.05225   0.00601   0.37357   0.05813   0.01307   0.06900   0.15299   0.01441   0.00000   0.31683   0.21504   0.03210   0.02483   0.13606   0.04704   0.01850   0.03295   0.01529   0.01876   7.72979   1.31675   0.96524   1.50385   0.78858  
 14 11.0569   2112.640354  x:  0.31328   0.00000   0.23481   0.25256   0.04916   0.00492   0.37350   0.05935   0.01331   0.07047   0.15026   0.01560   0.00000   0.31255   0.20733   0.02838   0.02555   0.14267   0.04749   0.01917   0.03181   0.01566   0.01905   7.73070   1.30994   0.97605   1.51881   0.78781  
 15 19.5262   2112.537725  x:  0.31484   0.00000   0.23647   0.25250   0.04723   0.00662   0.37135   0.05694   0.01341   0.07073   0.14978   0.01679   0.00000   0.31018   0.20244   0.03292   0.02512   0.14417   0.04683   0.01927   0.02901   0.01564   0.01882   7.73155   1.30527   0.98450   1.53186   0.78706  
 16 32.3684   2112.308505  x:  0.31744   0.00000   0.24251   0.25283   0.04905   0.00842   0.36284   0.04965   0.01379   0.06846   0.15316   0.01481   0.00000   0.30942   0.19942   0.03101   0.02550   0.13662   0.04664   0.01833   0.03343   0.01591   0.01927   7.73365   1.29902   1.00061   1.56127   0.78532  
 17 27.1169   2112.036422  x:  0.31557   0.00000   0.24824   0.25275   0.04913   0.00583   0.35145   0.05954   0.01379   0.06980   0.15686   0.01551   0.00000   0.30936   0.20427   0.03159   0.02553   0.12510   0.04831   0.01866   0.03183   0.01609   0.01933   7.73643   1.29768   1.01611   1.59567   0.78338  
 18 35.5067   2111.439049  x:  0.29973   0.00000   0.24118   0.24734   0.04839   0.00648   0.33273   0.05842   0.01426   0.06817   0.15250   0.01577   0.00000   0.31463   0.22867   0.03112   0.02569   0.13660   0.03873   0.01873   0.03196   0.01648   0.01956   7.74313   1.32284   1.03083   1.65765   0.77986  
 19 20.0499   2111.089921  x:  0.29046   0.00000   0.23488   0.24456   0.04831   0.00765   0.32493   0.05541   0.01452   0.06568   0.15026   0.01556   0.00000   0.31751   0.23756   0.03170   0.02487   0.14238   0.05113   0.01867   0.03085   0.01655   0.01937   7.74745   1.34339   1.03747   1.69287   0.77813  
 20 75.1010   2109.011371  x:  0.25857   0.00000   0.20007   0.24495   0.04616   0.00774   0.33553   0.05693   0.01664   0.06157   0.15366   0.01540   0.00000   0.32066   0.19759   0.03230   0.02570   0.12609   0.04687   0.01820   0.03212   0.01847   0.02040   7.77249   1.50090   1.05331   1.84286   0.77565  
 21 37.0931   2107.744238  x:  0.28258   0.00000   0.21932   0.20871   0.04590   0.00883   0.33072   0.05744   0.01801   0.05877   0.15874   0.01546   0.00000   0.27273   0.19882   0.03294   0.02641   0.12792   0.04705   0.01751   0.03296   0.01981   0.02159   7.78801   1.59549   1.07696   1.88108   0.78399  
 22 27.3608   2106.872960  x:  0.29510   0.00000   0.19889   0.22732   0.04392   0.01047   0.30433   0.05694   0.01901   0.05613   0.14229   0.01559   0.00000   0.25286   0.20404   0.03339   0.02676   0.12029   0.04695   0.01688   0.03372   0.02075   0.02230   7.79937   1.62974   1.12260   1.85331   0.80057  
 23 14.8832   2106.109908  x:  0.27787   0.00000   0.19104   0.22980   0.04210   0.01149   0.29290   0.05817   0.01988   0.05430   0.17209   0.01533   0.00000   0.25366   0.20441   0.03367   0.02720   0.12995   0.04717   0.01729   0.03398   0.02171   0.02298   7.81005   1.63784   1.16734   1.80931   0.81795  
 24 24.3427   2105.519730  x:  0.25532   0.00000   0.19346   0.20387   0.04229   0.01224   0.29284   0.05777   0.02046   0.05176   0.15954   0.01526   0.00000   0.26725   0.20011   0.03374   0.02708   0.12345   0.04699   0.01729   0.03397   0.02216   0.02311   7.81798   1.62341   1.18626   1.77094   0.82856  
 25 21.9067   2102.995640  x:  0.24443   0.00000   0.17017   0.19206   0.03988   0.01341   0.26869   0.05899   0.02336   0.04486   0.16377   0.01483   0.00000   0.23516   0.19895   0.03483   0.02779   0.12191   0.04757   0.01689   0.03522   0.02492   0.02499   7.85067   1.40258   0.99811   1.62925   0.82263  
 26 11.7146   2102.880473  x:  0.24364   0.00000   0.17014   0.19219   0.03997   0.01305   0.26819   0.05933   0.02356   0.04465   0.16385   0.01486   0.00000   0.23428   0.19873   0.03492   0.02780   0.12186   0.04760   0.01685   0.03532   0.02510   0.02511   7.85049   1.39778   0.99848   1.61712   0.77778  
 27  3.0304   2099.089406  x:  0.20918   0.00000   0.21431   0.23604   0.04573   0.01080   0.31045   0.06311   0.03492   0.02718   0.15470   0.01424   0.00000   0.22467   0.20293   0.03846   0.02790   0.12516   0.04934   0.01510   0.03438   0.03497   0.03118   7.68713   1.31229   0.94932   1.50780   0.79271  
 28  0.2775   2097.966570  x:  0.21970   0.00000   0.21072   0.23409   0.04763   0.00678   0.30749   0.06044   0.03780   0.01497   0.15355   0.01465   0.00000   0.22036   0.20041   0.03621   0.02479   0.12267   0.04765   0.01821   0.02446   0.03704   0.03138   7.67999   1.37950   0.98690   1.57979   0.79107  
 29  0.1565   2097.740482  x:  0.21860   0.00000   0.20875   0.23455   0.04744   0.00363   0.30799   0.05942   0.03811   0.01897   0.15390   0.01622   0.00000   0.21645   0.20159   0.03459   0.02459   0.12183   0.04638   0.01839   0.01966   0.03711   0.03111   7.69532   1.39253   0.99696   1.59994   0.79035  
 30  0.0867   2097.689455  x:  0.21557   0.00000   0.20446   0.23441   0.04574   0.00380   0.30749   0.05762   0.03847   0.01860   0.15478   0.01533   0.00000   0.21655   0.20433   0.03206   0.02486   0.12183   0.04510   0.01713   0.01998   0.03718   0.03116   7.72456   1.38130   0.99512   1.59887   0.78830  
 31  0.0335   2097.676874  x:  0.21604   0.00000   0.20476   0.23445   0.04601   0.00425   0.30559   0.05707   0.03873   0.01900   0.15470   0.01458   0.00000   0.21569   0.20347   0.03147   0.02521   0.12219   0.04473   0.01824   0.02007   0.03729   0.03120   7.73723   1.37829   0.99365   1.59546   0.78874  
 32  0.0121   2097.665781  x:  0.21690   0.00000   0.20530   0.23426   0.04596   0.00440   0.30596   0.05744   0.03932   0.01906   0.15429   0.01376   0.00000   0.21596   0.20296   0.03182   0.02572   0.12243   0.04501   0.01770   0.01927   0.03755   0.03146   7.73345   1.38129   0.99538   1.59600   0.78955  
 33  0.0035   2097.663858  x:  0.21602   0.00000   0.20513   0.23415   0.04608   0.00412   0.30639   0.05770   0.03945   0.01917   0.15441   0.01360   0.00000   0.21600   0.20339   0.03206   0.02613   0.12216   0.04509   0.01771   0.01955   0.03758   0.03151   7.72789   1.38208   0.99529   1.59747   0.78917  
 34  0.0065   2097.663084  x:  0.21602   0.00000   0.20496   0.23414   0.04601   0.00420   0.30647   0.05776   0.03953   0.01912   0.15457   0.01377   0.00000   0.21629   0.20361   0.03206   0.02643   0.12197   0.04506   0.01775   0.01936   0.03753   0.03144   7.72563   1.38059   0.99412   1.59659   0.78869  
 35  0.0027   2097.662745  x:  0.21649   0.00000   0.20501   0.23410   0.04600   0.00417   0.30629   0.05771   0.03956   0.01909   0.15456   0.01378   0.00000   0.21613   0.20341   0.03196   0.02661   0.12209   0.04502   0.01769   0.01946   0.03742   0.03132   7.72694   1.38092   0.99461   1.59648   0.78888  
 36  0.0012   2097.662656  x:  0.21624   0.00000   0.20504   0.23412   0.04603   0.00418   0.30625   0.05766   0.03959   0.01906   0.15447   0.01378   0.00000   0.21626   0.20340   0.03197   0.02660   0.12216   0.04503   0.01773   0.01944   0.03734   0.03124   7.72804   1.38134   0.99495   1.59694   0.78902  
 37  0.0010   2097.662619  x:  0.21628   0.00000   0.20506   0.23416   0.04602   0.00419   0.30639   0.05767   0.03961   0.01907   0.15449   0.01376   0.00000   0.21613   0.20345   0.03200   0.02657   0.12210   0.04504   0.01772   0.01945   0.03727   0.03121   7.72795   1.38112   0.99467   1.59681   0.78896  
 38  0.0003   2097.662607  x:  0.21629   0.00000   0.20507   0.23419   0.04602   0.00416   0.30633   0.05769   0.03962   0.01907   0.15450   0.01376   0.00000   0.21620   0.20343   0.03199   0.02656   0.12210   0.04503   0.01772   0.01944   0.03724   0.03123   7.72754   1.38101   0.99465   1.59663   0.78892  
 39  0.0003   2097.662603  x:  0.21627   0.00000   0.20506   0.23417   0.04602   0.00418   0.30634   0.05769   0.03963   0.01908   0.15450   0.01377   0.00000   0.21616   0.20344   0.03199   0.02656   0.12211   0.04503   0.01772   0.01944   0.03722   0.03125   7.72739   1.38114   0.99475   1.59672   0.78893  
 40  0.0002   2097.662602  x:  0.21629   0.00000   0.20505   0.23416   0.04602   0.00418   0.30634   0.05768   0.03964   0.01907   0.15449   0.01377   0.00000   0.21617   0.20344   0.03199   0.02656   0.12211   0.04503   0.01772   0.01944   0.03722   0.03126   7.72757   1.38111   0.99471   1.59674   0.78894  
 41  0.0002   2097.662601  x:  0.21628   0.00000   0.20506   0.23416   0.04602   0.00418   0.30633   0.05768   0.03965   0.01907   0.15450   0.01377   0.00000   0.21618   0.20343   0.03199   0.02656   0.12211   0.04504   0.01772   0.01944   0.03723   0.03126   7.72769   1.38112   0.99472   1.59675   0.78895  
 42  0.0001   2097.662601  x:  0.21629   0.00000   0.20506   0.23416   0.04602   0.00418   0.30634   0.05768   0.03965   0.01907   0.15450   0.01377   0.00000   0.21617   0.20344   0.03199   0.02656   0.12211   0.04504   0.01772   0.01944   0.03723   0.03125   7.72766   1.38111   0.99472   1.59674   0.78895  
 43  0.0000   2097.662601  x:  0.21629   0.00000   0.20506   0.23416   0.04602   0.00418   0.30634   0.05768   0.03965   0.01907   0.15450   0.01377   0.00000   0.21617   0.20344   0.03199   0.02656   0.12211   0.04504   0.01772   0.01944   0.03723   0.03125   7.72763   1.38111   0.99472   1.59675   0.78895  
 44  0.0000   2097.662601  x:  0.21629   0.00000   0.20506   0.23416   0.04602   0.00418   0.30634   0.05768   0.03965   0.01907   0.15449   0.01377   0.00000   0.21617   0.20344   0.03199   0.02656   0.12211   0.04504   0.01772   0.01944   0.03723   0.03125   7.72762   1.38111   0.99472   1.59675   0.78895  
 45  0.0000   2097.662601  x:  0.21629   0.00000   0.20506   0.23416   0.04602   0.00418   0.30634   0.05768   0.03965   0.01907   0.15449   0.01377   0.00000   0.21617   0.20344   0.03199   0.02656   0.12211   0.04504   0.01772   0.01944   0.03723   0.03125   7.72762   1.38111   0.99472   1.59675   0.78895  