

TREE # 1

  0  0.0000   2256.322852  x:  0.20925   0.02571   0.03211   0.02495   0.05815   0.02188   0.05666   0.08536   0.02661   0.17168   0.20925   0.02571   0.03211   0.02495   0.05815   0.02188   0.05666   0.08536   0.02661   0.17168   0.21568   8.40433   1.47347   1.05945   1.38233   1.00000  
  1 99.0000   2166.057269  x:  0.19057   0.24250   0.05212   0.02933   0.05768   0.01701   0.04496   0.11538   0.23620   0.18001   0.21829   0.04234   0.04487   0.02471   0.05548   0.00329   0.05831   0.08179   0.01267   0.16542   0.22721   8.40419   1.47485   1.05570   1.38420   1.00070  
  2 1539.8593   2164.152620  x:  0.17331   0.24491   0.05185   0.02622   0.05728   0.01962   0.03982   0.12601   0.23783   0.18584   0.22511   0.04372   0.04768   0.02520   0.05569   0.02853   0.05785   0.07924   0.00545   0.16053   0.23589   8.40408   1.47594   1.05307   1.38544   1.00127  
  3 206.0921   2152.979700  x:  0.06128   0.24219   0.04728   0.01659   0.05536   0.02156   0.01788   0.18331   0.23081   0.22020   0.26686   0.05440   0.05449   0.02318   0.05135   0.01729   0.05991   0.06526   0.00553   0.13068   0.28849   8.40336   1.48293   1.03620   1.39365   1.00488  
  4 213.2410   2151.134112  x:  0.03517   0.24202   0.04687   0.02484   0.05544   0.02083   0.03069   0.19361   0.22990   0.22747   0.27587   0.05388   0.05465   0.02402   0.05179   0.01709   0.05966   0.06442   0.00663   0.12448   0.30052   8.40316   1.48492   1.03152   1.39588   1.00587  
  5 326.8591   2150.725014  x:  0.03183   0.24197   0.05064   0.02196   0.05676   0.01757   0.03082   0.19104   0.23088   0.23098   0.28059   0.04355   0.04981   0.02572   0.05560   0.01762   0.05765   0.07180   0.00963   0.12340   0.31011   8.40284   1.48806   1.02469   1.39891   1.00736  
  6 42.2652   2150.574265  x:  0.03230   0.24151   0.05215   0.02362   0.05697   0.02105   0.03003   0.18833   0.23142   0.23300   0.28314   0.04021   0.04860   0.02470   0.05595   0.01676   0.05726   0.07397   0.00746   0.12301   0.31627   8.40259   1.49045   1.01962   1.40115   1.00853  
  7 49.6849   2150.386552  x:  0.03509   0.24055   0.05337   0.02545   0.05658   0.02274   0.02949   0.18247   0.23270   0.23624   0.28720   0.04158   0.04954   0.02322   0.05465   0.01764   0.05752   0.07455   0.01119   0.12269   0.32728   8.40206   1.49533   1.00940   1.40565   1.01092  
  8 52.9388   2150.157132  x:  0.03814   0.23895   0.05354   0.02436   0.05591   0.01903   0.03100   0.17413   0.23422   0.23954   0.29123   0.04453   0.05121   0.02411   0.05274   0.01716   0.05831   0.07328   0.00803   0.12268   0.34039   8.40132   1.50207   0.99551   1.41183   1.01430  
  9 85.6437   2150.091749  x:  0.03652   0.23863   0.05195   0.02227   0.05622   0.02100   0.03184   0.17059   0.23517   0.23844   0.29000   0.04495   0.05060   0.02567   0.05421   0.01709   0.05812   0.07091   0.00836   0.12357   0.34211   8.40086   1.50559   0.98885   1.41498   1.01618  
 10 22.0389   2150.022779  x:  0.03362   0.23819   0.05069   0.02383   0.05656   0.01975   0.03011   0.16746   0.23603   0.23594   0.28696   0.04447   0.04976   0.02416   0.05557   0.01745   0.05765   0.06863   0.00840   0.12466   0.34200   8.40015   1.51055   0.97994   1.41937   1.01890  
 11 30.6573   2149.933807  x:  0.03149   0.23749   0.05390   0.02309   0.05566   0.02013   0.03021   0.16949   0.23624   0.23206   0.28121   0.04411   0.05139   0.02407   0.05214   0.01748   0.05801   0.07060   0.00855   0.12426   0.33858   8.39870   1.51959   0.96501   1.42729   1.02408  
 12 20.5409   2149.895891  x:  0.03366   0.23735   0.05337   0.02393   0.05605   0.01998   0.03009   0.17398   0.23595   0.23226   0.27986   0.04474   0.05045   0.02522   0.05428   0.01725   0.05815   0.07071   0.00849   0.12273   0.33632   8.39769   1.52472   0.95799   1.43177   1.02726  
 13 15.8950   2149.886469  x:  0.03432   0.23748   0.05248   0.02331   0.05612   0.01996   0.03067   0.17514   0.23586   0.23277   0.27990   0.04444   0.05020   0.02399   0.05439   0.01722   0.05794   0.07057   0.00850   0.12252   0.33547   8.39731   1.52625   0.95653   1.43310   1.02830  
 14 12.9643   2149.878445  x:  0.03465   0.23787   0.05091   0.02352   0.05599   0.01990   0.03056   0.17551   0.23562   0.23398   0.28063   0.04348   0.05036   0.02447   0.05332   0.01724   0.05757   0.07048   0.00869   0.12301   0.33406   8.39666   1.52817   0.95604   1.43474   1.02979  
 15  6.4130   2149.861480  x:  0.03401   0.23907   0.05149   0.02348   0.05592   0.01999   0.03047   0.17424   0.23435   0.23723   0.28334   0.04436   0.05046   0.02431   0.05396   0.01722   0.05815   0.07136   0.00850   0.12505   0.32990   8.39431   1.53388   0.95762   1.43959   1.03458  
 16  5.7563   2149.847538  x:  0.03417   0.23942   0.05340   0.02344   0.05620   0.01993   0.03057   0.17341   0.23392   0.23763   0.28486   0.04387   0.05008   0.02439   0.05359   0.01720   0.05728   0.06935   0.00862   0.12381   0.32821   8.39165   1.53947   0.96122   1.44435   1.03932  
 17  6.7819   2149.807232  x:  0.03404   0.23897   0.05196   0.02344   0.05566   0.01997   0.03046   0.17148   0.23465   0.23446   0.28632   0.04390   0.05063   0.02432   0.05391   0.01715   0.05835   0.07083   0.00862   0.11929   0.32737   8.38285   1.55675   0.97486   1.45913   1.05371  
 18 13.1561   2149.771578  x:  0.03437   0.23803   0.05180   0.02355   0.05679   0.01996   0.03060   0.17358   0.23541   0.23181   0.28485   0.04471   0.04954   0.02439   0.05334   0.01696   0.05700   0.07138   0.00853   0.12334   0.33030   8.37426   1.57236   0.98796   1.47264   1.06568  
 19 17.3020   2149.763486  x:  0.03458   0.23801   0.05208   0.02355   0.05581   0.01989   0.03070   0.17420   0.23537   0.23192   0.28375   0.04379   0.05033   0.02437   0.05392   0.01687   0.05805   0.07066   0.00868   0.12446   0.33121   8.37208   1.57579   0.99087   1.47566   1.06773  
 20 11.9373   2149.750016  x:  0.03442   0.23912   0.05204   0.02353   0.05618   0.01990   0.03069   0.17345   0.23426   0.23573   0.27828   0.04386   0.05022   0.02437   0.05379   0.01680   0.05787   0.07082   0.00875   0.12344   0.33240   8.36707   1.58078   0.99486   1.48025   1.06694  
 21  3.4480   2149.719577  x:  0.03438   0.23715   0.05228   0.02361   0.05303   0.01990   0.03075   0.17284   0.23631   0.23639   0.27787   0.04442   0.04855   0.02443   0.05368   0.01660   0.05681   0.07105   0.00869   0.12344   0.33105   8.35229   1.58951   0.99905   1.48876   1.05482  
 22  2.6760   2149.648974  x:  0.03457   0.23295   0.05282   0.02367   0.05621   0.01982   0.03099   0.17163   0.24048   0.23647   0.27842   0.04368   0.05005   0.02437   0.05378   0.01595   0.05788   0.07102   0.00872   0.12382   0.32774   8.31690   1.60953   1.00813   1.50834   1.02562  
 23 46.0592   2149.607955  x:  0.03530   0.24006   0.05213   0.02369   0.05589   0.01979   0.03120   0.17103   0.23314   0.23130   0.28021   0.04365   0.05065   0.02437   0.05418   0.01548   0.05696   0.07131   0.00864   0.12430   0.32828   8.29484   1.61690   1.01068   1.51575   1.01326  
 24  7.8719   2149.597303  x:  0.03540   0.24090   0.05208   0.02369   0.05614   0.01976   0.03126   0.17086   0.23237   0.23067   0.28030   0.04364   0.04882   0.02439   0.05326   0.01559   0.05884   0.07105   0.00872   0.12438   0.32823   8.28863   1.61718   1.01072   1.51620   1.01223  
 25  6.1381   2148.727611  x:  0.03919   0.23730   0.05456   0.02490   0.05636   0.01901   0.03429   0.15318   0.23541   0.22372   0.26781   0.04118   0.04862   0.02463   0.05478   0.00704   0.05718   0.07404   0.00982   0.12810   0.31229   7.81378   1.57016   0.98902   1.48915   1.02822  
 26 10.2664   2148.717434  x:  0.03915   0.23719   0.05457   0.02491   0.05636   0.01899   0.03435   0.15305   0.23552   0.22376   0.26762   0.04113   0.04862   0.02463   0.05480   0.00692   0.05716   0.07407   0.00988   0.12817   0.31230   7.80722   1.57882   0.98857   1.47797   1.02812  
 27  1.5023   2148.678260  x:  0.03736   0.23639   0.05368   0.02578   0.05638   0.01860   0.03555   0.15687   0.23538   0.22524   0.26958   0.04216   0.04851   0.02448   0.05467   0.00683   0.05732   0.07320   0.01085   0.12747   0.31442   7.74861   1.56100   0.98096   1.46215   1.03411  
 28  0.0617   2148.675954  x:  0.03721   0.23619   0.05379   0.02591   0.05639   0.01855   0.03592   0.15583   0.23538   0.22508   0.26925   0.04202   0.04849   0.02449   0.05462   0.00720   0.05734   0.07325   0.01101   0.12753   0.31413   7.75357   1.56097   0.98080   1.46173   1.03431  
 29  0.0075   2148.674377  x:  0.03704   0.23587   0.05387   0.02605   0.05639   0.01857   0.03640   0.15519   0.23502   0.22498   0.26912   0.04189   0.04858   0.02453   0.05462   0.00697   0.05731   0.07326   0.01106   0.12752   0.31410   7.76034   1.56272   0.98178   1.46419   1.03334  
 30  0.0082   2148.673481  x:  0.03722   0.23523   0.05379   0.02607   0.05639   0.01860   0.03659   0.15608   0.23423   0.22496   0.26920   0.04192   0.04852   0.02452   0.05464   0.00703   0.05731   0.07331   0.01092   0.12754   0.31402   7.77047   1.56398   0.98211   1.46469   1.03331  
 31  0.0040   2148.672598  x:  0.03742   0.23414   0.05380   0.02604   0.05639   0.01857   0.03645   0.15551   0.23338   0.22506   0.26923   0.04194   0.04851   0.02451   0.05466   0.00701   0.05730   0.07332   0.01088   0.12754   0.31415   7.75832   1.56221   0.98112   1.46333   1.03376  
 32  0.0050   2148.672486  x:  0.03735   0.23402   0.05378   0.02602   0.05639   0.01859   0.03634   0.15559   0.23323   0.22499   0.26916   0.04190   0.04854   0.02452   0.05463   0.00702   0.05731   0.07327   0.01096   0.12753   0.31407   7.75862   1.56302   0.98159   1.46416   1.03340  
 33  0.0011   2148.672485  x:  0.03736   0.23402   0.05379   0.02602   0.05639   0.01858   0.03634   0.15559   0.23323   0.22500   0.26917   0.04191   0.04853   0.02452   0.05463   0.00702   0.05731   0.07328   0.01097   0.12753   0.31407   7.75966   1.56300   0.98155   1.46409   1.03342  
 34  0.0009   2148.672485  x:  0.03736   0.23402   0.05378   0.02602   0.05639   0.01858   0.03634   0.15559   0.23323   0.22500   0.26917   0.04191   0.04853   0.02452   0.05463   0.00702   0.05731   0.07328   0.01097   0.12753   0.31407   7.75969   1.56299   0.98155   1.46409   1.03343  
 35  0.0000   2148.672485  x:  0.03736   0.23402   0.05378   0.02602   0.05639   0.01858   0.03634   0.15559   0.23323   0.22500   0.26917   0.04191   0.04853   0.02452   0.05463   0.00702   0.05731   0.07328   0.01097   0.12753   0.31407   7.75968   1.56299   0.98155   1.46409   1.03343  
 36  0.0000   2148.672485  x:  0.03736   0.23402   0.05378   0.02602   0.05639   0.01858   0.03634   0.15559   0.23323   0.22500   0.26917   0.04191   0.04853   0.02452   0.05463   0.00702   0.05731   0.07328   0.01097   0.12753   0.31407   7.75968   1.56299   0.98155   1.46409   1.03343  
 37  0.0000   2148.672485  x:  0.03736   0.23402   0.05378   0.02602   0.05639   0.01858   0.03634   0.15559   0.23323   0.22500   0.26917   0.04191   0.04853   0.02452   0.05463   0.00702   0.05731   0.07328   0.01097   0.12753   0.31407   7.75968   1.56299   0.98155   1.46409   1.03343  
 38  0.0000   2148.672485  x:  0.03736   0.23402   0.05378   0.02602   0.05639   0.01858   0.03634   0.15559   0.23323   0.22500   0.26917   0.04191   0.04853   0.02452   0.05463   0.00702   0.05731   0.07328   0.01097   0.12753   0.31407   7.75968   1.56299   0.98155   1.46409   1.03343  