

TREE # 1

  0  0.0000   2273.946665  x:  0.20925   0.02571   0.03211   0.02495   0.05815   0.02188   0.05666   0.08536   0.02661   0.17168   0.20925   0.02571   0.03211   0.02495   0.05815   0.02188   0.05666   0.08536   0.02661   0.17168   0.21568   8.40433   1.39297   1.12203   1.33767   1.00000  
  1 99.0000   2191.457180  x:  0.20889   0.04489   0.05601   0.04701   0.42811   0.06304   0.07247   0.07239   0.02955   0.18804   0.22607   0.01290   0.05146   0.04128   0.07448   0.00420   0.06062   0.08905   0.00000   0.17272   0.21417   8.40403   1.39489   1.11755   1.34177   1.00402  
  2 1044.1377   2187.296134  x:  0.20885   0.04647   0.05795   0.04856   0.46067   0.06598   0.07371   0.07098   0.02968   0.18975   0.22792   0.01370   0.05303   0.04244   0.07597   0.00536   0.06092   0.08944   0.01622   0.17283   0.21401   8.40399   1.39511   1.11708   1.34222   1.00446  
  3 3445.9730   2185.812250  x:  0.20875   0.04553   0.05644   0.04485   0.46743   0.05989   0.07223   0.06823   0.02847   0.19256   0.23102   0.01827   0.05161   0.03970   0.07655   0.02330   0.06049   0.08980   0.01506   0.17292   0.21373   8.40393   1.39560   1.11621   1.34315   1.00539  
  4 244.4493   2183.290977  x:  0.20833   0.04130   0.04963   0.02969   0.47619   0.03246   0.06557   0.05818   0.02465   0.20344   0.24330   0.02549   0.04399   0.02816   0.07670   0.01986   0.05950   0.09090   0.01469   0.17324   0.21262   8.40368   1.39769   1.11261   1.34704   1.00936  
  5 132.1688   2182.780064  x:  0.20796   0.04220   0.04937   0.03456   0.47653   0.02312   0.06286   0.05517   0.02826   0.21232   0.25407   0.01929   0.04265   0.03317   0.07642   0.02073   0.05932   0.09141   0.01507   0.17339   0.21160   8.40339   1.39996   1.10864   1.35146   1.01380  
  6 56.7350   2182.199691  x:  0.20690   0.04432   0.05086   0.04263   0.47433   0.02767   0.05979   0.05177   0.02611   0.23162   0.27868   0.02397   0.04321   0.03084   0.07568   0.01981   0.05932   0.09221   0.01460   0.17361   0.20916   8.40261   1.40610   1.09814   1.36334   1.02594  
  7 54.5661   2181.931741  x:  0.20624   0.04506   0.05181   0.03466   0.47344   0.03109   0.06349   0.05688   0.02596   0.23868   0.29015   0.01988   0.04553   0.03125   0.07605   0.02032   0.05962   0.09175   0.01484   0.17327   0.20808   8.40193   1.41129   1.09015   1.37302   1.03609  
  8 41.2991   2181.787332  x:  0.20581   0.04165   0.05079   0.03416   0.47357   0.03042   0.06686   0.05960   0.02852   0.23659   0.29244   0.02407   0.04484   0.03484   0.07664   0.01970   0.05953   0.09082   0.01454   0.17244   0.20805   8.40109   1.41744   1.08215   1.38414   1.04817  
  9 24.4919   2181.460325  x:  0.20484   0.03728   0.04913   0.03816   0.47410   0.02943   0.06884   0.05988   0.02588   0.22636   0.29199   0.02077   0.04229   0.03058   0.07719   0.02020   0.05902   0.08940   0.01480   0.17073   0.20843   8.39878   1.43373   1.06272   1.41316   1.08028  
 10 55.6707   2181.216411  x:  0.20424   0.04527   0.05054   0.03679   0.47396   0.02865   0.06405   0.05599   0.02700   0.21833   0.28836   0.02172   0.04458   0.03062   0.07628   0.02008   0.05914   0.09006   0.01475   0.17031   0.20876   8.39671   1.44761   1.04866   1.43731   1.10782  
 11 74.1443   2181.175975  x:  0.20429   0.04399   0.05102   0.03576   0.47393   0.02941   0.06234   0.05447   0.02502   0.21975   0.28566   0.02148   0.04453   0.03289   0.07585   0.02007   0.05924   0.09106   0.01478   0.17116   0.20872   8.39613   1.45057   1.04891   1.44171   1.11383  
 12 18.0910   2181.101013  x:  0.20469   0.04224   0.05158   0.03534   0.47399   0.03039   0.06111   0.05427   0.02799   0.22643   0.27788   0.02101   0.04405   0.03155   0.07526   0.02015   0.05929   0.09300   0.01484   0.17364   0.20849   8.39462   1.45731   1.05413   1.45062   1.12757  
 13 22.8082   2181.039535  x:  0.20499   0.04448   0.05108   0.03668   0.47400   0.02854   0.06326   0.05634   0.02580   0.23183   0.27206   0.02162   0.04471   0.03139   0.07562   0.02005   0.05922   0.09263   0.01482   0.17487   0.20820   8.39311   1.46350   1.06163   1.45799   1.13987  
 14 29.9440   2180.970826  x:  0.20525   0.04544   0.04919   0.03611   0.47384   0.02970   0.06456   0.05336   0.02627   0.23253   0.27192   0.02118   0.04372   0.03188   0.07709   0.02006   0.05883   0.08790   0.01486   0.17178   0.20811   8.39067   1.47227   1.07817   1.46622   1.15560  
 15 14.9919   2180.882173  x:  0.20541   0.04377   0.05265   0.03633   0.47400   0.02858   0.06238   0.05519   0.02617   0.22938   0.27554   0.02151   0.04564   0.03134   0.07633   0.02000   0.05932   0.08810   0.01482   0.16762   0.20828   8.38699   1.48521   1.10352   1.47716   1.17667  
 16 32.5587   2180.852082  x:  0.20532   0.04461   0.05078   0.03633   0.47413   0.02911   0.06257   0.05584   0.02613   0.22726   0.27780   0.02141   0.04400   0.03165   0.07554   0.02002   0.05914   0.09179   0.01482   0.16864   0.20844   8.38548   1.49053   1.11270   1.48104   1.18331  
 17 20.7629   2180.843401  x:  0.20516   0.04430   0.05089   0.03636   0.47401   0.02894   0.06359   0.05484   0.02625   0.22626   0.27874   0.02138   0.04510   0.03152   0.07590   0.01999   0.05919   0.09222   0.01481   0.17138   0.20855   8.38471   1.49330   1.11548   1.48248   1.18434  
 18  6.4169   2180.837816  x:  0.20496   0.04443   0.05142   0.03631   0.47405   0.02898   0.06305   0.05534   0.02622   0.22571   0.27926   0.02143   0.04427   0.03158   0.07615   0.01999   0.05913   0.09118   0.01481   0.17367   0.20859   8.38386   1.49629   1.11721   1.48378   1.18401  
 19  5.1759   2180.830556  x:  0.20470   0.04419   0.05010   0.03640   0.47420   0.02907   0.06218   0.05587   0.02626   0.22570   0.27929   0.02138   0.04513   0.03159   0.07538   0.01998   0.05926   0.09046   0.01481   0.17411   0.20853   8.38198   1.50256   1.11923   1.48638   1.18143  
 20  3.9360   2180.802045  x:  0.20403   0.04449   0.05123   0.03630   0.47418   0.02903   0.06331   0.05507   0.02621   0.22636   0.27866   0.02139   0.04446   0.03160   0.07465   0.01992   0.05915   0.09110   0.01481   0.17216   0.20824   8.37365   1.52937   1.12701   1.49784   1.16907  
 21 14.5059   2180.799089  x:  0.20433   0.04447   0.05105   0.03633   0.47414   0.02906   0.06293   0.05523   0.02621   0.22644   0.27861   0.02138   0.04461   0.03160   0.07618   0.01988   0.05916   0.09148   0.01481   0.17189   0.20834   8.37254   1.53175   1.12790   1.49951   1.16759  
 22  6.0833   2180.792824  x:  0.20737   0.04450   0.05108   0.03630   0.47419   0.02906   0.06298   0.05523   0.02615   0.22648   0.27876   0.02137   0.04463   0.03161   0.07584   0.01984   0.05876   0.09137   0.01481   0.17201   0.20942   8.36777   1.53217   1.13068   1.50762   1.16305  
 23  1.7593   2180.788968  x:  0.20644   0.04453   0.05106   0.03629   0.47421   0.02904   0.06305   0.05517   0.02615   0.22647   0.27872   0.02137   0.04448   0.03159   0.07583   0.01983   0.06011   0.09135   0.01481   0.17204   0.20904   8.36419   1.53168   1.13251   1.51302   1.16020  
 24  4.3936   2180.785457  x:  0.20468   0.04450   0.05108   0.03627   0.47424   0.02904   0.06299   0.05520   0.02618   0.22645   0.27864   0.02136   0.04460   0.03160   0.07589   0.01978   0.05909   0.09139   0.01481   0.17204   0.20837   8.36064   1.53107   1.13411   1.51774   1.15774  
 25  7.6376   2180.636264  x:  0.19913   0.04428   0.05082   0.03629   0.47656   0.02840   0.06337   0.05533   0.02623   0.22869   0.28057   0.02062   0.04451   0.03179   0.07604   0.01692   0.05898   0.09101   0.01493   0.17124   0.22214   8.02174   1.53137   1.13101   1.51812   1.16297  
 26  0.6708   2180.509929  x:  0.20388   0.04383   0.05060   0.03632   0.47854   0.02781   0.06362   0.05545   0.02640   0.22844   0.28188   0.02001   0.04439   0.03195   0.07615   0.01453   0.05883   0.09075   0.01502   0.17136   0.20886   7.73900   1.53180   1.12826   1.51775   1.16760  
 27 98.6585   2180.461475  x:  0.20495   0.04429   0.05129   0.03742   0.48313   0.02892   0.06347   0.05563   0.02668   0.22596   0.27856   0.01940   0.04493   0.03242   0.07597   0.01288   0.05896   0.09096   0.01496   0.17165   0.20711   7.91196   1.52735   1.12719   1.51051   1.16302  
 28  0.0925   2180.417019  x:  0.20452   0.04462   0.05090   0.03555   0.49627   0.02796   0.06348   0.05530   0.02614   0.22799   0.28090   0.01995   0.04460   0.03145   0.07605   0.01311   0.05900   0.09112   0.01430   0.17175   0.20900   8.02085   1.52697   1.12921   1.51052   1.16426  
 29  0.0285   2180.391959  x:  0.20438   0.04447   0.05126   0.03710   0.50460   0.02855   0.06376   0.05552   0.02657   0.22730   0.28022   0.01950   0.04486   0.03237   0.07616   0.01364   0.05898   0.09095   0.01377   0.17159   0.20854   7.93385   1.52799   1.12931   1.51208   1.16554  
 30  0.0594   2180.389036  x:  0.20464   0.04439   0.05121   0.03699   0.50529   0.02841   0.06349   0.05528   0.02652   0.22713   0.28001   0.01996   0.04478   0.03217   0.07617   0.01330   0.05892   0.09102   0.01348   0.17160   0.20760   7.89742   1.52788   1.12810   1.51151   1.16471  
 31  0.0216   2180.382438  x:  0.20497   0.04442   0.05117   0.03673   0.50326   0.02853   0.06344   0.05530   0.02637   0.22689   0.27979   0.01980   0.04474   0.03190   0.07611   0.01366   0.05896   0.09107   0.01250   0.17166   0.20739   7.91091   1.52690   1.12714   1.51020   1.16367  
 32  0.0031   2180.381263  x:  0.20456   0.04442   0.05119   0.03691   0.50243   0.02851   0.06360   0.05542   0.02650   0.22713   0.28005   0.01982   0.04477   0.03218   0.07614   0.01342   0.05895   0.09103   0.01234   0.17160   0.20818   7.91392   1.52758   1.12832   1.51142   1.16450  
 33  0.0036   2180.381245  x:  0.20455   0.04441   0.05120   0.03694   0.50237   0.02848   0.06359   0.05541   0.02651   0.22716   0.28007   0.01982   0.04477   0.03220   0.07614   0.01342   0.05895   0.09102   0.01235   0.17160   0.20803   7.91575   1.52781   1.12847   1.51165   1.16480  
 34  0.0019   2180.381245  x:  0.20456   0.04441   0.05120   0.03694   0.50238   0.02848   0.06359   0.05541   0.02651   0.22716   0.28007   0.01981   0.04477   0.03219   0.07613   0.01342   0.05895   0.09102   0.01235   0.17160   0.20803   7.91573   1.52783   1.12846   1.51167   1.16483  
 35  0.0000   2180.381245  x:  0.20456   0.04441   0.05120   0.03694   0.50238   0.02848   0.06359   0.05541   0.02651   0.22716   0.28007   0.01981   0.04477   0.03219   0.07613   0.01342   0.05895   0.09102   0.01235   0.17160   0.20803   7.91575   1.52783   1.12846   1.51168   1.16483  
 36  0.0000   2180.381245  x:  0.20456   0.04441   0.05120   0.03694   0.50238   0.02848   0.06359   0.05541   0.02651   0.22716   0.28007   0.01981   0.04477   0.03219   0.07613   0.01342   0.05895   0.09102   0.01235   0.17160   0.20803   7.91575   1.52783   1.12845   1.51168   1.16483  