

TREE # 1

  0  0.0000   2220.672091  x:  0.07190   0.00000   0.13477   0.04857   0.05982   0.06319   0.03304   0.05150   0.09403   0.08395   0.06300   0.12758   0.00659   0.08809   0.00218   0.04057   0.04552   0.07568   0.10209   0.09022   0.16059   0.05585   0.11607   0.09052   2.00000   1.90762   1.13769   1.58640   0.40000  
  1 99.0000   2212.592282  x:  0.07660   0.02624   0.14100   0.05042   0.05658   0.05773   0.02890   0.05076   0.09445   0.08799   0.06230   0.12827   0.00000   0.09992   0.00731   0.04112   0.04397   0.08856   0.09770   0.09216   0.16060   0.04943   0.11889   0.09522   2.00346   1.90740   1.13761   1.58734   0.40853  
  2 522.1245   2191.594180  x:  0.09651   0.01270   0.16881   0.05804   0.04115   0.03065   0.01119   0.04756   0.09646   0.10658   0.05909   0.12985   0.00000   0.15112   0.00000   0.04220   0.03556   0.14279   0.07452   0.10124   0.16018   0.01667   0.13318   0.11513   2.02210   1.90621   1.13718   1.59237   0.45192  
  3 453.0083   2188.093015  x:  0.10370   0.00360   0.17957   0.06037   0.03627   0.02193   0.01091   0.04673   0.09718   0.11326   0.05803   0.13040   0.00000   0.16964   0.01710   0.04273   0.03279   0.16184   0.06543   0.10466   0.16031   0.00796   0.13850   0.12232   2.03045   1.90566   1.13709   1.59457   0.47006  
  4 1172.6063   2184.421524  x:  0.10997   0.00000   0.19248   0.06009   0.03721   0.02807   0.03653   0.04742   0.09785   0.11913   0.05806   0.13244   0.00000   0.18783   0.01608   0.04160   0.03240   0.17877   0.05429   0.10780   0.16122   0.01984   0.14476   0.12859   2.04640   1.90453   1.13737   1.59876   0.49876  
  5 279.4956   2184.421524  x:  0.10997   0.00000   0.19248   0.06009   0.03721   0.02807   0.03653   0.04742   0.09785   0.11913   0.05806   0.13244   0.00000   0.18783   0.01608   0.04160   0.03240   0.17877   0.05429   0.10780   0.16122   0.01984   0.14476   0.12859   2.04640   1.90453   1.13737   1.59876   0.49876  
  6 125.9526   2183.428709  x:  0.10963   0.01365   0.19367   0.05945   0.03818   0.02943   0.03176   0.04732   0.09799   0.11874   0.05818   0.13295   0.00000   0.18782   0.01080   0.04141   0.03337   0.17832   0.05468   0.10759   0.16130   0.01829   0.14500   0.12825   2.05012   1.90425   1.13762   1.59959   0.50353  
  7 218.3166   2182.029351  x:  0.10872   0.01170   0.19590   0.05805   0.04011   0.03168   0.02200   0.04723   0.09825   0.11787   0.05844   0.13322   0.00000   0.18784   0.00220   0.04113   0.03523   0.17726   0.05548   0.10711   0.16153   0.01662   0.14530   0.12734   2.05914   1.90358   1.13818   1.60160   0.51475  
  8 143.7799   2180.646389  x:  0.10747   0.01110   0.19947   0.05606   0.04275   0.03432   0.01029   0.04731   0.09853   0.11657   0.05884   0.13356   0.00000   0.18790   0.00564   0.04112   0.03763   0.17560   0.05664   0.10641   0.16205   0.01716   0.14564   0.12609   2.07361   1.90251   1.13909   1.60480   0.53242  
  9 287.1819   2170.100102  x:  0.09253   0.00783   0.24476   0.03437   0.07102   0.05489   0.02989   0.05399   0.09924   0.10087   0.06365   0.13814   0.00000   0.18848   0.00925   0.04012   0.05893   0.15437   0.06748   0.09749   0.16828   0.02220   0.14959   0.11115   2.27192   1.88813   1.15147   1.64875   0.76660  
 10 303.6544   2161.917488  x:  0.09759   0.00708   0.25930   0.07154   0.04710   0.02150   0.03086   0.04799   0.09664   0.10641   0.06421   0.13935   0.00000   0.18793   0.01086   0.04054   0.03711   0.15112   0.05550   0.09807   0.16926   0.00858   0.14806   0.11621   2.42374   1.87838   1.16151   1.68080   0.91293  
 11 332.2238   2159.982029  x:  0.10346   0.00769   0.25453   0.07792   0.03176   0.02479   0.03041   0.04562   0.09612   0.11267   0.06089   0.13911   0.00000   0.18799   0.00723   0.04117   0.02760   0.15612   0.05039   0.10141   0.16845   0.02772   0.14664   0.12208   2.47755   1.87575   1.16526   1.69127   0.94967  
 12 282.7719   2156.426122  x:  0.12315   0.00729   0.21680   0.07736   0.02358   0.04198   0.03275   0.04374   0.09684   0.13362   0.04551   0.13235   0.00000   0.18712   0.01000   0.04525   0.03625   0.18168   0.04907   0.11507   0.16070   0.01569   0.14105   0.14177   2.59844   1.87292   1.17404   1.71075   0.98471  
 13 156.8816   2153.264812  x:  0.13665   0.00815   0.17353   0.07101   0.04866   0.02924   0.03198   0.04514   0.09834   0.14807   0.04955   0.12737   0.00000   0.18655   0.00881   0.04269   0.03263   0.20466   0.05155   0.12278   0.15431   0.02185   0.13736   0.15527   2.72975   1.87149   1.18365   1.73014   1.00140  
 14 283.8229   2148.933829  x:  0.12978   0.00873   0.14141   0.04610   0.02891   0.01957   0.03044   0.05452   0.09780   0.13884   0.07533   0.12831   0.00000   0.18604   0.00959   0.03700   0.03252   0.21459   0.05988   0.11350   0.15391   0.01636   0.14073   0.14840   2.91953   1.87340   1.19716   1.75413   0.98555  
 15 185.4289   2140.679268  x:  0.10672   0.00810   0.12425   0.06273   0.03604   0.05026   0.03081   0.04558   0.09557   0.11041   0.09859   0.13834   0.00000   0.18525   0.01224   0.04205   0.01503   0.21741   0.05181   0.08908   0.16091   0.00635   0.14860   0.12534   3.34650   1.88170   1.22608   1.80588   0.91449  
 16 416.7751   2131.976191  x:  0.08487   0.00813   0.13698   0.09068   0.03761   0.04681   0.03013   0.03492   0.09360   0.08580   0.09864   0.15010   0.00000   0.18540   0.00976   0.05059   0.06108   0.21375   0.04566   0.07577   0.17056   0.02033   0.15593   0.10350   3.89446   1.89472   1.26170   1.87153   0.81108  
 17 1203.5435   2118.678554  x:  0.08340   0.00696   0.22265   0.06446   0.04436   0.03644   0.02442   0.07511   0.09813   0.09690   0.04996   0.15698   0.00000   0.18664   0.00828   0.04058   0.04205   0.17889   0.05711   0.09883   0.18057   0.01769   0.15880   0.10202   4.60582   1.91947   1.30215   1.95341   0.66246  
 18 740.7552   2116.511545  x:  0.09590   0.00658   0.24383   0.04797   0.04455   0.03527   0.02496   0.04608   0.09724   0.10514   0.06092   0.15102   0.00000   0.18841   0.00833   0.04254   0.03956   0.16261   0.05804   0.10123   0.17813   0.01523   0.15478   0.11452   4.71167   1.92951   1.30334   1.96254   0.63988  
 19 196.4714   2116.255791  x:  0.09976   0.00669   0.24611   0.05204   0.04463   0.03797   0.02494   0.05127   0.09783   0.10608   0.06732   0.14352   0.00000   0.18991   0.00823   0.03898   0.04176   0.15724   0.05852   0.09810   0.17310   0.01586   0.14883   0.11838   4.72663   1.94131   1.29568   1.95873   0.63830  
 20 27.0384   2115.845966  x:  0.09760   0.00718   0.24473   0.05009   0.04439   0.03571   0.02459   0.05151   0.09787   0.10190   0.06169   0.13227   0.00000   0.19211   0.00766   0.04657   0.04023   0.15310   0.05715   0.09337   0.16402   0.01689   0.13938   0.11622   4.75232   1.97597   1.27188   1.94479   0.63912  
 21 33.4975   2115.326639  x:  0.09335   0.00719   0.24392   0.05043   0.04390   0.03562   0.02481   0.04598   0.09722   0.10187   0.05796   0.13259   0.00000   0.19244   0.00799   0.03511   0.03982   0.15510   0.05785   0.09724   0.16157   0.01697   0.13956   0.11197   4.78472   2.02741   1.23656   1.92297   0.64172  
 22 59.2173   2114.889342  x:  0.09403   0.00688   0.24535   0.05186   0.04404   0.03627   0.02484   0.04863   0.09703   0.10570   0.06367   0.14103   0.00000   0.19090   0.00787   0.04193   0.04022   0.15840   0.05901   0.10301   0.16609   0.01692   0.14702   0.11265   4.81413   2.07633   1.20384   1.90152   0.64446  
 23 91.5113   2114.815618  x:  0.09730   0.00677   0.24526   0.05060   0.04436   0.03575   0.02476   0.04952   0.09724   0.10452   0.06195   0.14337   0.00000   0.18917   0.00789   0.04120   0.04068   0.15876   0.05600   0.09772   0.16995   0.01678   0.14919   0.11592   4.81925   2.08466   1.20084   1.89671   0.64531  
 24 18.4935   2114.765181  x:  0.09816   0.00677   0.24478   0.05183   0.04412   0.03569   0.02483   0.04876   0.09749   0.10452   0.06077   0.14281   0.00000   0.18651   0.00776   0.04146   0.04019   0.15838   0.06114   0.09587   0.17351   0.01710   0.14844   0.11678   4.82348   2.09012   1.20599   1.89073   0.64674  
 25  6.0232   2114.528677  x:  0.09687   0.00676   0.24409   0.05152   0.04426   0.03574   0.02487   0.04922   0.09794   0.10637   0.06217   0.13852   0.00000   0.17912   0.00759   0.04161   0.04074   0.15667   0.05630   0.10119   0.18171   0.01715   0.14418   0.11549   4.84382   2.11386   1.23931   1.86076   0.65448  
 26 17.3576   2114.228287  x:  0.09900   0.00630   0.24717   0.05231   0.04429   0.03533   0.02499   0.04926   0.09737   0.10590   0.06167   0.14374   0.00000   0.19156   0.00758   0.04194   0.04029   0.16038   0.05760   0.10014   0.16997   0.01741   0.15009   0.11762   4.87011   2.14096   1.28105   1.82755   0.66440  
 27 26.4540   2113.579444  x:  0.09445   0.00586   0.25008   0.05206   0.04346   0.03432   0.02524   0.04756   0.11786   0.12394   0.06199   0.14325   0.00000   0.19707   0.00760   0.04245   0.04069   0.16576   0.05577   0.09064   0.17115   0.01699   0.14730   0.11307   4.92853   2.15955   1.29368   1.85504   0.68205  
 28  3.7044   2105.913997  x:  0.12384   0.00000   0.25762   0.05726   0.04233   0.02418   0.02284   0.04563   0.10499   0.10768   0.05463   0.13194   0.00000   0.21415   0.00522   0.04113   0.03745   0.18465   0.05533   0.12296   0.18296   0.01410   0.12202   0.14245   5.70214   2.38085   1.41790   2.26694   0.91446  
 29 83.7096   2104.758872  x:  0.12198   0.00000   0.25028   0.05878   0.04276   0.02329   0.02224   0.04643   0.08555   0.12659   0.04954   0.13164   0.00000   0.19528   0.00510   0.04135   0.03887   0.16704   0.05429   0.11745   0.16711   0.01503   0.13741   0.14059   5.80336   2.40606   1.43265   2.31744   0.94467  
 30 115.7907   2104.633852  x:  0.12337   0.00000   0.24831   0.05939   0.04247   0.02313   0.02232   0.04605   0.09261   0.12355   0.04872   0.13539   0.00000   0.18715   0.00516   0.04128   0.03890   0.16223   0.05444   0.11983   0.16021   0.01526   0.13927   0.14198   5.81563   2.40613   1.43278   2.32032   0.94810  
 31 21.2402   2104.499372  x:  0.12332   0.00000   0.25291   0.05863   0.04255   0.02306   0.02224   0.04623   0.08969   0.12455   0.05024   0.14052   0.00000   0.17960   0.00514   0.04130   0.03873   0.16943   0.05446   0.11751   0.15491   0.01534   0.13161   0.14193   5.83615   2.38331   1.41931   2.29985   0.95122  
 32  5.3874   2102.863598  x:  0.12546   0.00000   0.26161   0.06065   0.04202   0.02263   0.02201   0.04539   0.09448   0.12378   0.05066   0.11655   0.00000   0.17417   0.00404   0.04101   0.03709   0.18192   0.05506   0.11954   0.15253   0.01770   0.14488   0.14407   6.08147   2.08064   1.23837   2.02256   0.98763  
 33 37.8428   2102.244838  x:  0.12574   0.00000   0.25301   0.06156   0.04179   0.02272   0.02186   0.04558   0.09370   0.12836   0.04775   0.12827   0.00000   0.18545   0.00371   0.04081   0.03783   0.16634   0.05510   0.12158   0.15767   0.01802   0.13305   0.14435   6.17954   1.96118   1.16679   1.91272   1.00252  
 34 158.6557   2094.810556  x:  0.10800   0.00000   0.21257   0.04510   0.03803   0.04743   0.01684   0.05825   0.10018   0.12562   0.07536   0.15289   0.00000   0.19013   0.00656   0.03703   0.04047   0.16088   0.06229   0.10485   0.17685   0.00968   0.15604   0.12660   8.02842   2.15169   1.32240   1.98992   1.07017  
 35  1.0318   2091.163350  x:  0.10324   0.00000   0.20453   0.06334   0.04659   0.03393   0.01790   0.04338   0.09959   0.10843   0.05923   0.14227   0.00000   0.18999   0.00723   0.04758   0.03610   0.18779   0.05152   0.09708   0.16688   0.02091   0.14852   0.12182   9.65169   2.12485   1.29204   1.99445   1.06588  
 36  0.8063   2089.376983  x:  0.10921   0.00000   0.21751   0.05161   0.04390   0.02830   0.01992   0.05140   0.09670   0.11697   0.05757   0.13592   0.00000   0.18770   0.00837   0.04049   0.03650   0.17059   0.06017   0.10560   0.16325   0.01364   0.13890   0.12778  11.18202   2.10463   1.25125   2.06520   1.04408  
 37  0.6990   2088.908499  x:  0.10857   0.00000   0.21544   0.05252   0.04173   0.03203   0.02018   0.04695   0.09732   0.11534   0.06511   0.14265   0.00000   0.18895   0.00794   0.03974   0.03868   0.16940   0.05587   0.10330   0.16965   0.01219   0.14624   0.12714  12.07463   2.11869   1.27390   2.04056   1.01277  
 38  0.5235   2088.836502  x:  0.10804   0.00000   0.21365   0.05369   0.04217   0.03149   0.01993   0.04907   0.09744   0.11529   0.06145   0.14177   0.00000   0.18896   0.00717   0.04112   0.03728   0.17313   0.05652   0.10358   0.16826   0.01406   0.14577   0.12661  12.44687   2.11732   1.27330   2.03699   1.00229  
 39  0.3008   2088.829745  x:  0.10877   0.00000   0.21440   0.05373   0.04207   0.03167   0.02006   0.04842   0.09708   0.11587   0.06136   0.14127   0.00000   0.18865   0.00701   0.04119   0.03728   0.17210   0.05669   0.10385   0.16747   0.01378   0.14514   0.12734  12.56916   2.11510   1.26945   2.04162   1.00281  
 40  0.1083   2088.829261  x:  0.10873   0.00000   0.21459   0.05369   0.04204   0.03178   0.02008   0.04857   0.09719   0.11577   0.06151   0.14138   0.00000   0.18869   0.00693   0.04111   0.03722   0.17225   0.05662   0.10379   0.16781   0.01376   0.14520   0.12729  12.59801   2.11508   1.26954   2.04112   1.00499  
 41  0.0181   2088.829200  x:  0.10869   0.00000   0.21451   0.05373   0.04208   0.03174   0.02009   0.04850   0.09719   0.11577   0.06146   0.14135   0.00000   0.18873   0.00692   0.04115   0.03726   0.17219   0.05662   0.10377   0.16777   0.01379   0.14515   0.12725  12.60107   2.11562   1.26994   2.04129   1.00583  
 42  0.0026   2088.829197  x:  0.10869   0.00000   0.21454   0.05371   0.04208   0.03173   0.02010   0.04851   0.09718   0.11576   0.06145   0.14135   0.00000   0.18871   0.00693   0.04115   0.03727   0.17222   0.05663   0.10378   0.16774   0.01379   0.14516   0.12725  12.60100   2.11552   1.26988   2.04121   1.00590  
 43  0.0002   2088.829197  x:  0.10868   0.00000   0.21454   0.05371   0.04208   0.03173   0.02009   0.04851   0.09718   0.11576   0.06146   0.14135   0.00000   0.18871   0.00693   0.04114   0.03728   0.17221   0.05663   0.10378   0.16774   0.01379   0.14516   0.12725  12.60125   2.11555   1.26989   2.04123   1.00590  
 44  0.0002   2088.829197  x:  0.10868   0.00000   0.21454   0.05371   0.04208   0.03173   0.02009   0.04851   0.09718   0.11576   0.06145   0.14135   0.00000   0.18871   0.00693   0.04115   0.03728   0.17221   0.05663   0.10378   0.16775   0.01379   0.14516   0.12725  12.60137   2.11554   1.26989   2.04123   1.00589  
 45  0.0001   2088.829197  x:  0.10868   0.00000   0.21454   0.05371   0.04208   0.03173   0.02009   0.04851   0.09718   0.11576   0.06145   0.14135   0.00000   0.18871   0.00693   0.04115   0.03728   0.17221   0.05663   0.10378   0.16774   0.01379   0.14516   0.12725  12.60136   2.11554   1.26989   2.04123   1.00590  
 46  0.0000   2088.829197  x:  0.10868   0.00000   0.21454   0.05371   0.04208   0.03173   0.02009   0.04851   0.09718   0.11576   0.06145   0.14135   0.00000   0.18871   0.00693   0.04115   0.03728   0.17221   0.05663   0.10378   0.16774   0.01379   0.14516   0.12725  12.60136   2.11554   1.26989   2.04123   1.00590  