

TREE # 1

  0  0.0000   2089.356241  x:  0.06689   0.01393   0.09079   0.00444   0.09283   0.07190   0.05150   0.04749   0.09204   0.05204   0.06631   0.11382   0.00000   0.04630   0.01303   0.07519   0.05464   0.05858   0.05001   0.06021   0.09729   0.04376   0.10819   0.08551   2.00000   1.30575   1.10583   1.29072   0.40000  
  1 99.0000   2089.354603  x:  0.06689   0.01393   0.09079   0.00444   0.09283   0.07190   0.05150   0.04749   0.09204   0.05205   0.06631   0.11382   0.00000   0.04630   0.01303   0.07519   0.05464   0.05858   0.05001   0.06021   0.09729   0.04376   0.10819   0.08551   2.00000   1.30575   1.10583   1.29072   0.40000  
  2 509.4941   2080.561323  x:  0.07308   0.01133   0.10074   0.00000   0.09061   0.06641   0.05427   0.03977   0.08842   0.05717   0.05783   0.11859   0.00000   0.04023   0.01303   0.06612   0.04233   0.06292   0.04060   0.06291   0.09914   0.03741   0.11502   0.09171   2.00352   1.30573   1.10471   1.29205   0.41443  
  3 468.9366   2072.395037  x:  0.08161   0.00832   0.11701   0.02337   0.08607   0.05518   0.05783   0.02503   0.08150   0.06477   0.04061   0.12730   0.00000   0.02503   0.01356   0.04658   0.01589   0.06784   0.02193   0.06678   0.10306   0.02590   0.12644   0.10025   2.01187   1.30571   1.10221   1.29507   0.44533  
  4 1148.6881   2068.763272  x:  0.07432   0.01183   0.11302   0.02270   0.08016   0.05067   0.05370   0.02353   0.07714   0.05488   0.02439   0.13008   0.00000   0.02776   0.01511   0.03155   0.00510   0.05870   0.01951   0.06405   0.10652   0.02770   0.12627   0.09300   2.02224   1.30569   1.09958   1.29864   0.47342  
  5 188.7154   2066.974661  x:  0.07056   0.01196   0.11178   0.02357   0.07560   0.04720   0.05176   0.02214   0.07365   0.05076   0.01352   0.13250   0.00000   0.02875   0.01530   0.02141   0.01324   0.05429   0.01796   0.06278   0.10932   0.02756   0.12714   0.08927   2.03119   1.30568   1.09728   1.30173   0.49714  
  6 439.6682   2062.185674  x:  0.05991   0.00652   0.10511   0.02502   0.05867   0.04481   0.04973   0.03131   0.06447   0.05723   0.02857   0.13653   0.00000   0.03008   0.01051   0.02909   0.01482   0.05250   0.03371   0.05896   0.11983   0.02710   0.12614   0.07876   2.07602   1.30586   1.08614   1.31671   0.59947  
  7 182.6586   2061.073407  x:  0.06022   0.01783   0.10245   0.02467   0.05911   0.04750   0.05004   0.03299   0.06515   0.05738   0.03127   0.13565   0.00000   0.02714   0.01446   0.03363   0.01646   0.05421   0.03452   0.05874   0.12108   0.02837   0.12380   0.07913   2.09167   1.30603   1.08261   1.32160   0.62799  
  8 299.0015   2058.757770  x:  0.06744   0.01182   0.09019   0.02551   0.07592   0.06131   0.05150   0.03318   0.07694   0.04988   0.02924   0.12523   0.00000   0.02872   0.01983   0.04383   0.01682   0.05892   0.02581   0.06013   0.11693   0.03512   0.11346   0.08649   2.13195   1.30666   1.07501   1.33310   0.67859  
  9 188.3115   2058.064784  x:  0.06777   0.01417   0.09075   0.02509   0.08211   0.06333   0.05094   0.03141   0.08110   0.05025   0.03069   0.12044   0.00000   0.02840   0.01011   0.04227   0.01687   0.05615   0.02531   0.06052   0.11125   0.03437   0.11140   0.08688   2.15179   1.30728   1.07243   1.33779   0.68700  
 10 88.5733   2056.668472  x:  0.06405   0.01342   0.09841   0.02416   0.09299   0.06243   0.04922   0.02700   0.08851   0.05492   0.03747   0.10949   0.00000   0.02990   0.01691   0.03418   0.01712   0.04877   0.02985   0.06066   0.09360   0.02833   0.11058   0.08339   2.21593   1.30968   1.06546   1.35176   0.69653  
 11 127.5712   2052.671195  x:  0.05579   0.01315   0.10955   0.02474   0.09462   0.04673   0.05352   0.03615   0.09035   0.04198   0.03729   0.10360   0.00000   0.02972   0.01544   0.03055   0.01669   0.07623   0.03208   0.05791   0.07160   0.03354   0.11503   0.07597   2.44475   1.31936   1.04458   1.39793   0.69635  
 12 171.2075   2035.730090  x:  0.06793   0.01182   0.10196   0.02437   0.07508   0.02489   0.04521   0.04360   0.07585   0.06888   0.01399   0.12128   0.00000   0.03019   0.01507   0.05821   0.01602   0.05161   0.01728   0.05683   0.09534   0.04515   0.11802   0.09191   3.46881   1.36484   0.96060   1.59665   0.66175  
 13 597.6828   2029.794557  x:  0.07242   0.01128   0.09999   0.02562   0.05888   0.07075   0.05425   0.02737   0.06554   0.05680   0.02251   0.13903   0.00000   0.03079   0.01441   0.04164   0.01565   0.05359   0.02638   0.06262   0.11857   0.03479   0.12373   0.09797   3.88546   1.38442   0.93677   1.67039   0.64627  
 14 966.0609   2028.625550  x:  0.06853   0.01206   0.09198   0.02424   0.07041   0.06601   0.04900   0.02361   0.06713   0.05504   0.03313   0.14474   0.00000   0.03233   0.01465   0.03462   0.01644   0.05996   0.02020   0.06091   0.13387   0.02449   0.12306   0.09441   3.95647   1.38939   0.95483   1.66881   0.64594  
 15 111.4947   2027.078494  x:  0.07176   0.01182   0.09411   0.02453   0.08681   0.05831   0.05766   0.02678   0.07268   0.05285   0.03703   0.14997   0.00000   0.03115   0.01517   0.02519   0.01621   0.05828   0.03297   0.06348   0.15208   0.03225   0.12663   0.09818   4.06010   1.39871   1.00676   1.64940   0.65017  
 16 132.1716   2023.894212  x:  0.06756   0.01158   0.11089   0.02518   0.08347   0.06362   0.05813   0.02360   0.07541   0.04209   0.03036   0.14806   0.00000   0.03320   0.01462   0.04553   0.01715   0.05048   0.03020   0.06465   0.15572   0.02479   0.13622   0.09524   4.27706   1.42066   1.14237   1.58794   0.66304  
 17 205.6992   2021.624671  x:  0.06573   0.01197   0.10684   0.02496   0.06966   0.07640   0.05173   0.02687   0.07243   0.06138   0.02543   0.14212   0.00000   0.03344   0.01457   0.04028   0.01652   0.05796   0.02310   0.06262   0.14667   0.03387   0.13208   0.09434   4.43116   1.43717   1.24230   1.53917   0.67150  
 18 379.6208   2021.217893  x:  0.07184   0.01240   0.09962   0.02514   0.06333   0.07267   0.05328   0.02753   0.06903   0.05963   0.02645   0.14123   0.00000   0.03377   0.01461   0.03792   0.01640   0.05779   0.02551   0.06295   0.14007   0.02828   0.12581   0.10065   4.45687   1.44062   1.25822   1.52890   0.67303  
 19 81.9338   2021.149080  x:  0.07191   0.01228   0.09868   0.02501   0.06358   0.07161   0.05408   0.02465   0.06685   0.05872   0.02873   0.14470   0.00000   0.03372   0.01471   0.03820   0.01673   0.05671   0.02420   0.06402   0.13714   0.03095   0.12503   0.10082   4.46037   1.44210   1.25806   1.52484   0.67358  
 20 12.5571   2020.947217  x:  0.07151   0.01195   0.09683   0.02509   0.06876   0.07359   0.05353   0.02799   0.06488   0.05987   0.02708   0.15737   0.00000   0.03340   0.01458   0.03936   0.01660   0.05587   0.02528   0.06475   0.12998   0.02921   0.12586   0.10088   4.46873   1.44826   1.25072   1.50799   0.67536  
 21 15.9083   2020.340185  x:  0.07365   0.01175   0.09669   0.02507   0.06470   0.07213   0.04873   0.02488   0.07940   0.05905   0.02840   0.16504   0.00000   0.03349   0.01451   0.03895   0.01683   0.05641   0.02726   0.05739   0.12777   0.03082   0.13151   0.10464   4.49046   1.46632   1.22020   1.45333   0.68022  
 22 28.9744   2019.308753  x:  0.06935   0.01226   0.09825   0.02477   0.06237   0.07013   0.05997   0.02886   0.08391   0.06048   0.02987   0.15632   0.00000   0.03542   0.01444   0.03732   0.01694   0.05547   0.02122   0.06674   0.13319   0.02846   0.13349   0.10316   4.52557   1.49279   1.16733   1.36219   0.68746  
 23 104.0042   2018.629698  x:  0.06881   0.01225   0.10362   0.02510   0.06788   0.06933   0.05539   0.02320   0.07277   0.06113   0.02612   0.14567   0.00000   0.03667   0.01413   0.03936   0.01656   0.06013   0.02725   0.06844   0.13898   0.02844   0.12965   0.10451   4.54731   1.50487   1.13476   1.30641   0.69205  
 24 125.2535   2018.391244  x:  0.07074   0.01194   0.10947   0.02515   0.06963   0.07044   0.05399   0.02751   0.06732   0.05906   0.02901   0.14346   0.00000   0.03715   0.01430   0.03760   0.01689   0.05860   0.02424   0.06255   0.14054   0.02937   0.12764   0.10715   4.55375   1.50231   1.12651   1.29208   0.69377  
 25 37.0740   2015.116596  x:  0.06381   0.01198   0.12584   0.02534   0.07110   0.06824   0.07620   0.01855   0.07499   0.06837   0.02282   0.15632   0.00000   0.04293   0.01328   0.04065   0.01658   0.06405   0.02470   0.04522   0.14092   0.02397   0.10669   0.11076   4.61800   1.34592   1.07782   1.20117   0.71377  
 26 19.4849   2009.747298  x:  0.06475   0.01262   0.14444   0.02667   0.06876   0.06400   0.06193   0.02360   0.08627   0.06818   0.02696   0.17013   0.00000   0.04949   0.01270   0.03720   0.01713   0.06933   0.02405   0.07184   0.13652   0.02400   0.11153   0.12921   4.72243   1.08295   1.00196   1.05891   0.74818  
 27 395.2208   2008.476314  x:  0.06577   0.01417   0.13096   0.02689   0.07413   0.06406   0.06863   0.02093   0.07772   0.07006   0.02757   0.16350   0.00000   0.04990   0.01217   0.03823   0.01728   0.06867   0.02428   0.06311   0.13083   0.02354   0.14193   0.13462   4.74593   1.02785   0.98758   1.03251   0.75671  
 28 98.9270   1988.736700  x:  0.06222   0.02111   0.18143   0.03216   0.07610   0.05493   0.07788   0.01149   0.07000   0.09237   0.02699   0.17773   0.00000   0.08180   0.00672   0.03793   0.01762   0.09514   0.01645   0.08170   0.09795   0.01457   0.18379   0.20939   4.88210   1.42324   1.18302   1.55042   0.90978  
 29  9.1888   1982.038674  x:  0.05363   0.02150   0.19849   0.02218   0.07207   0.04935   0.07085   0.03778   0.06947   0.10026   0.01546   0.16100   0.00000   0.10292   0.02209   0.02678   0.01331   0.09898   0.01993   0.08026   0.12327   0.03639   0.18552   0.23053   5.60719   1.45050   1.13667   1.51344   1.05479  
 30  0.5262   1976.475865  x:  0.03978   0.02031   0.19999   0.00324   0.06938   0.03792   0.06401   0.02407   0.06504   0.10155   0.01665   0.14704   0.00000   0.12424   0.01770   0.02167   0.01011   0.08956   0.01633   0.07829   0.11834   0.02569   0.17012   0.23704   6.59337   1.34798   1.06996   1.35263   1.20036  
 31  0.5609   1974.990841  x:  0.03405   0.01847   0.19912   0.00512   0.07530   0.04355   0.06653   0.01635   0.06864   0.09953   0.02155   0.15984   0.00000   0.13106   0.01238   0.03470   0.01252   0.08657   0.01846   0.07659   0.10622   0.02140   0.17022   0.24075   6.94082   1.33599   1.09443   1.38605   1.25867  
 32  0.3167   1974.508732  x:  0.02696   0.01725   0.19973   0.00566   0.07441   0.04854   0.06842   0.02183   0.07039   0.09821   0.02066   0.16255   0.00000   0.13934   0.00954   0.03027   0.01244   0.08744   0.01786   0.07467   0.10876   0.01908   0.17299   0.24402   7.26203   1.36215   1.10799   1.43098   1.30978  
 33  0.2426   1974.229664  x:  0.02028   0.01598   0.19853   0.00570   0.07244   0.04531   0.06962   0.01976   0.06921   0.09610   0.02046   0.16079   0.00000   0.14714   0.01207   0.02831   0.01253   0.08861   0.01867   0.07459   0.11108   0.02327   0.17381   0.24626   7.54656   1.38722   1.11017   1.45215   1.35439  
 34  0.2448   1974.172438  x:  0.01756   0.01565   0.19655   0.00638   0.07179   0.04446   0.06852   0.01897   0.06828   0.09474   0.01912   0.15882   0.00000   0.14988   0.01189   0.02970   0.01263   0.08814   0.01801   0.07524   0.10882   0.02143   0.17235   0.24550   7.65417   1.38449   1.10913   1.43944   1.36549  
 35  0.0855   1974.155881  x:  0.01694   0.01588   0.19485   0.00685   0.07270   0.04400   0.06757   0.01984   0.06923   0.09376   0.02028   0.15880   0.00000   0.15060   0.01182   0.02944   0.01286   0.08780   0.01807   0.07548   0.10866   0.02162   0.17169   0.24481   7.67292   1.38034   1.10871   1.43583   1.36123  
 36  0.0153   1974.142203  x:  0.01593   0.01646   0.19374   0.00680   0.07303   0.04529   0.06734   0.01997   0.06961   0.09368   0.01924   0.15852   0.00000   0.15174   0.01176   0.02946   0.01277   0.08771   0.01847   0.07559   0.10873   0.02218   0.17096   0.24411   7.69072   1.37512   1.10750   1.43419   1.35103  
 37  0.0128   1974.125256  x:  0.01494   0.01731   0.19317   0.00654   0.07309   0.04470   0.06831   0.01937   0.06912   0.09377   0.01975   0.15832   0.00000   0.15393   0.01203   0.02909   0.01274   0.08804   0.01802   0.07547   0.10947   0.02167   0.17084   0.24492   7.70662   1.37497   1.10454   1.43517   1.33185  
 38  0.0114   1974.119505  x:  0.01514   0.01722   0.19398   0.00665   0.07264   0.04445   0.06821   0.01968   0.06905   0.09404   0.01966   0.15862   0.00000   0.15492   0.01191   0.02964   0.01270   0.08825   0.01819   0.07544   0.10832   0.02189   0.17118   0.24636   7.70721   1.37945   1.10716   1.43695   1.32424  
 39  0.0064   1974.117088  x:  0.01511   0.01670   0.19481   0.00666   0.07270   0.04478   0.06780   0.01952   0.06931   0.09408   0.01975   0.15834   0.00000   0.15570   0.01179   0.02946   0.01266   0.08807   0.01818   0.07538   0.10880   0.02174   0.17102   0.24708   7.71979   1.37916   1.10799   1.43709   1.32249  
 40  0.0081   1974.116544  x:  0.01504   0.01644   0.19489   0.00661   0.07286   0.04468   0.06793   0.01965   0.06919   0.09407   0.01971   0.15836   0.00000   0.15586   0.01189   0.02954   0.01268   0.08798   0.01815   0.07532   0.10885   0.02175   0.17097   0.24708   7.71613   1.37755   1.10645   1.43594   1.32153  
 41  0.0030   1974.116383  x:  0.01498   0.01636   0.19478   0.00663   0.07278   0.04464   0.06802   0.01958   0.06915   0.09409   0.01971   0.15853   0.00000   0.15587   0.01186   0.02944   0.01270   0.08796   0.01820   0.07535   0.10874   0.02180   0.17107   0.24698   7.70955   1.37720   1.10645   1.43542   1.32081  
 42  0.0038   1974.116272  x:  0.01486   0.01636   0.19471   0.00662   0.07274   0.04468   0.06799   0.01960   0.06923   0.09412   0.01971   0.15852   0.00000   0.15593   0.01186   0.02950   0.01273   0.08798   0.01813   0.07541   0.10882   0.02178   0.17121   0.24692   7.70073   1.37756   1.10686   1.43564   1.32053  
 43  0.0035   1974.116196  x:  0.01475   0.01638   0.19467   0.00661   0.07278   0.04465   0.06794   0.01961   0.06919   0.09412   0.01972   0.15847   0.00000   0.15609   0.01185   0.02950   0.01272   0.08798   0.01821   0.07541   0.10885   0.02173   0.17123   0.24699   7.69553   1.37774   1.10681   1.43593   1.32095  
 44  0.0030   1974.116137  x:  0.01467   0.01640   0.19469   0.00662   0.07280   0.04469   0.06793   0.01959   0.06915   0.09410   0.01973   0.15844   0.00000   0.15625   0.01186   0.02948   0.01270   0.08798   0.01817   0.07538   0.10876   0.02177   0.17115   0.24713   7.69182   1.37766   1.10670   1.43592   1.32151  
 45  0.0025   1974.116123  x:  0.01467   0.01641   0.19471   0.00662   0.07278   0.04467   0.06796   0.01959   0.06920   0.09410   0.01971   0.15846   0.00000   0.15628   0.01186   0.02949   0.01269   0.08798   0.01818   0.07537   0.10880   0.02177   0.17108   0.24717   7.69049   1.37749   1.10672   1.43564   1.32158  
 46  0.0011   1974.116122  x:  0.01467   0.01641   0.19471   0.00662   0.07278   0.04468   0.06796   0.01959   0.06918   0.09409   0.01972   0.15846   0.00000   0.15628   0.01186   0.02949   0.01270   0.08797   0.01818   0.07536   0.10881   0.02177   0.17107   0.24718   7.69035   1.37749   1.10673   1.43556   1.32159  
 47  0.0001   1974.116121  x:  0.01468   0.01641   0.19470   0.00662   0.07278   0.04468   0.06797   0.01959   0.06919   0.09409   0.01972   0.15847   0.00000   0.15628   0.01186   0.02949   0.01270   0.08797   0.01818   0.07537   0.10881   0.02177   0.17108   0.24719   7.69045   1.37748   1.10670   1.43557   1.32161  
 48  0.0001   1974.116121  x:  0.01468   0.01641   0.19470   0.00662   0.07278   0.04468   0.06797   0.01959   0.06919   0.09408   0.01972   0.15847   0.00000   0.15628   0.01186   0.02949   0.01270   0.08797   0.01818   0.07537   0.10881   0.02177   0.17108   0.24719   7.69043   1.37748   1.10671   1.43558   1.32161  
 49  0.0000   1974.116121  x:  0.01468   0.01641   0.19470   0.00662   0.07278   0.04468   0.06797   0.01959   0.06918   0.09408   0.01972   0.15847   0.00000   0.15628   0.01186   0.02949   0.01270   0.08797   0.01818   0.07537   0.10881   0.02177   0.17108   0.24719   7.69041   1.37748   1.10671   1.43558   1.32161  
 50  0.0000   1974.116121  x:  0.01468   0.01641   0.19470   0.00662   0.07278   0.04468   0.06797   0.01959   0.06919   0.09408   0.01972   0.15847   0.00000   0.15628   0.01186   0.02949   0.01270   0.08797   0.01818   0.07537   0.10881   0.02177   0.17108   0.24719   7.69041   1.37748   1.10671   1.43558   1.32161  
 51  0.0000   1974.116121  x:  0.01468   0.01641   0.19470   0.00662   0.07278   0.04468   0.06797   0.01959   0.06919   0.09408   0.01972   0.15847   0.00000   0.15628   0.01186   0.02949   0.01270   0.08797   0.01818   0.07537   0.10881   0.02177   0.17108   0.24719   7.69041   1.37748   1.10671   1.43558   1.32161  
 52  0.0000   1974.116121  x:  0.01468   0.01641   0.19470   0.00662   0.07278   0.04468   0.06797   0.01959   0.06918   0.09408   0.01972   0.15847   0.00000   0.15628   0.01186   0.02949   0.01270   0.08797   0.01818   0.07537   0.10881   0.02177   0.17108   0.24719   7.69041   1.37748   1.10671   1.43558   1.32161  