

TREE # 1

  0  0.0000   2207.902299  x:  0.06771   0.00979   0.12906   0.00956   0.09146   0.05913   0.06452   0.04819   0.08548   0.07120   0.06281   0.12953   0.01632   0.08848   0.00000   0.08444   0.05738   0.03978   0.05131   0.04835   0.11416   0.03894   0.11561   0.08633   2.00000   1.80593   1.47502   1.78966   0.40000  
  1 99.0000   2192.391330  x:  0.08420   0.04040   0.14710   0.06011   0.07867   0.04487   0.06548   0.05053   0.07423   0.10256   0.05394   0.14379   0.02823   0.12672   0.11817   0.07250   0.04074   0.05251   0.02765   0.05290   0.12708   0.02155   0.13312   0.10282   2.00620   1.80457   1.47397   1.79039   0.42638  
  2 795.8384   2175.443344  x:  0.09503   0.03719   0.16266   0.05446   0.06390   0.03320   0.06534   0.05282   0.06337   0.12128   0.04182   0.15485   0.02419   0.15148   0.11081   0.05854   0.02636   0.05822   0.00381   0.05430   0.13807   0.00000   0.14715   0.11365   2.01345   1.80292   1.47345   1.79079   0.45277  
  3 358.9108   2175.443344  x:  0.09503   0.03719   0.16266   0.05446   0.06390   0.03320   0.06534   0.05282   0.06337   0.12128   0.04182   0.15485   0.02419   0.15148   0.11081   0.05854   0.02636   0.05822   0.00381   0.05430   0.13807   0.00000   0.14715   0.11365   2.01345   1.80292   1.47345   1.79079   0.45277  
  4 473.4301   2160.995928  x:  0.10661   0.01758   0.18864   0.01954   0.03561   0.02753   0.06365   0.05584   0.04787   0.14291   0.01932   0.17136   0.01251   0.18531   0.03880   0.03622   0.02212   0.06330   0.07112   0.04982   0.15622   0.01372   0.16741   0.12523   2.03063   1.79893   1.47300   1.79138   0.50353  
  5 268.2181   2154.319923  x:  0.11031   0.01692   0.19866   0.02323   0.03108   0.02896   0.06311   0.05650   0.04556   0.15042   0.02211   0.17756   0.01610   0.19666   0.00431   0.03103   0.02371   0.06159   0.06918   0.05241   0.16215   0.00451   0.17450   0.12893   2.03921   1.79700   1.47276   1.79168   0.52548  
  6 349.4661   2152.931464  x:  0.11208   0.01710   0.20437   0.02470   0.03157   0.02961   0.06290   0.05667   0.04555   0.15430   0.02273   0.18096   0.01655   0.20277   0.00070   0.03118   0.02409   0.06006   0.06347   0.05406   0.16525   0.01213   0.17824   0.13070   2.04521   1.79567   1.47260   1.79187   0.53946  
  7 198.4335   2146.232489  x:  0.12658   0.01549   0.24870   0.03299   0.02713   0.03390   0.06105   0.05846   0.04201   0.18526   0.02696   0.20767   0.02151   0.25142   0.00889   0.02633   0.02734   0.05045   0.03328   0.06503   0.19019   0.02729   0.20798   0.14520   2.08990   1.78576   1.47142   1.79330   0.64554  
  8 876.1039   2142.991086  x:  0.12816   0.01097   0.26238   0.02093   0.03873   0.02928   0.06160   0.05748   0.04757   0.19168   0.01660   0.21448   0.00995   0.26562   0.00765   0.04058   0.02213   0.05280   0.01455   0.06149   0.19549   0.02198   0.21510   0.14678   2.11533   1.78035   1.47122   1.79361   0.69368  
  9 249.3738   2140.835057  x:  0.12194   0.01557   0.26517   0.01971   0.04081   0.02478   0.06382   0.05503   0.05236   0.18535   0.03202   0.21294   0.00610   0.26781   0.00770   0.05032   0.02203   0.06824   0.01476   0.04274   0.19055   0.02215   0.21276   0.14056   2.15182   1.77307   1.47136   1.79339   0.74359  
 10 129.5828   2137.952179  x:  0.10917   0.01744   0.25935   0.02437   0.03781   0.03157   0.06633   0.05307   0.05359   0.16746   0.01849   0.20378   0.02137   0.26091   0.00791   0.05310   0.02482   0.08322   0.01428   0.03032   0.17644   0.02307   0.20281   0.12779   2.21460   1.76104   1.47170   1.79253   0.81572  
 11 215.8375   2134.119727  x:  0.09241   0.01079   0.24285   0.02492   0.03061   0.03197   0.06674   0.05378   0.04922   0.13921   0.01878   0.18567   0.01617   0.24095   0.00804   0.04610   0.02360   0.09184   0.01393   0.05341   0.15367   0.02336   0.18256   0.11103   2.31376   1.74265   1.47222   1.79074   0.91640  
 12 336.4719   2131.829191  x:  0.09742   0.02696   0.22393   0.01964   0.04300   0.02737   0.06225   0.05797   0.04490   0.13246   0.01880   0.17435   0.01634   0.21800   0.00806   0.03419   0.02158   0.07015   0.02011   0.05239   0.14606   0.02207   0.16927   0.11604   2.39108   1.72968   1.47187   1.78896   0.97199  
 13 171.9157   2130.324266  x:  0.10503   0.01866   0.20775   0.02670   0.04132   0.02954   0.06101   0.05833   0.04765   0.13580   0.01926   0.16789   0.01232   0.19942   0.00796   0.03956   0.02437   0.05260   0.02530   0.04645   0.14678   0.02170   0.16280   0.12365   2.44952   1.72078   1.47117   1.78738   1.00021  
 14 191.0152   2129.358896  x:  0.11089   0.01498   0.19588   0.01874   0.03536   0.02915   0.06240   0.05643   0.05046   0.14280   0.02309   0.16673   0.02086   0.18637   0.00782   0.04326   0.02182   0.05195   0.02304   0.04745   0.15149   0.02208   0.16198   0.12951   2.49801   1.71428   1.47007   1.78589   1.01013  
 15 139.5130   2127.548945  x:  0.11989   0.02145   0.17762   0.02481   0.03228   0.02491   0.06643   0.05258   0.05048   0.15982   0.01713   0.17132   0.01671   0.16667   0.00791   0.04101   0.02111   0.07121   0.02092   0.05178   0.16497   0.02239   0.16604   0.13851   2.60908   1.70066   1.46668   1.78223   1.01502  
 16 173.0713   2125.524696  x:  0.11848   0.01721   0.17106   0.01904   0.04342   0.04375   0.06591   0.05668   0.04373   0.16790   0.02072   0.17967   0.01213   0.16233   0.00792   0.03543   0.03058   0.08072   0.01930   0.05117   0.17370   0.02206   0.17402   0.13710   2.75814   1.68378   1.46128   1.77687   1.00441  
 17 202.5960   2117.546082  x:  0.09985   0.01032   0.18143   0.02859   0.05349   0.03736   0.05546   0.06926   0.03861   0.16977   0.02392   0.20532   0.01910   0.18472   0.00787   0.04155   0.00966   0.07187   0.02527   0.05191   0.18439   0.02182   0.19839   0.11847   3.27253   1.62763   1.44117   1.75757   0.94704  
 18 448.4995   2112.688097  x:  0.08795   0.01403   0.19522   0.02626   0.04886   0.01934   0.05139   0.07271   0.04428   0.16691   0.02201   0.22162   0.02128   0.20559   0.00752   0.04836   0.03007   0.06011   0.02595   0.05492   0.18815   0.02145   0.21359   0.10657   3.66945   1.58492   1.42509   1.74258   0.90042  
 19 2070.6520   2109.041008  x:  0.09257   0.02644   0.21485   0.02120   0.02892   0.02948   0.06247   0.06141   0.05595   0.15784   0.01956   0.22264   0.00872   0.22389   0.00715   0.04335   0.02622   0.05093   0.01835   0.05021   0.18100   0.02108   0.21416   0.11119   3.92413   1.55939   1.41324   1.73272   0.86768  
 20 676.9112   2107.007093  x:  0.11134   0.01554   0.23593   0.02282   0.03587   0.02441   0.07037   0.04630   0.05439   0.14995   0.02062   0.20970   0.01187   0.23962   0.00737   0.03588   0.02741   0.05718   0.01567   0.04880   0.16815   0.02168   0.20420   0.12996   4.07081   1.54803   1.40378   1.72673   0.84767  
 21 279.6047   2106.444900  x:  0.11969   0.01848   0.24596   0.02322   0.03476   0.02709   0.06698   0.05494   0.05036   0.15114   0.02049   0.19957   0.01283   0.24518   0.00727   0.04415   0.02814   0.06262   0.01675   0.05196   0.16346   0.02153   0.19574   0.13831   4.11370   1.54774   1.39863   1.72485   0.84187  
 22 107.4518   2106.303373  x:  0.11887   0.01713   0.24941   0.02278   0.03278   0.02589   0.06268   0.05743   0.05003   0.15572   0.02011   0.19338   0.01207   0.24601   0.00728   0.04122   0.02799   0.06381   0.01392   0.04939   0.16439   0.02176   0.19070   0.13749   4.12437   1.55117   1.39473   1.72417   0.84058  
 23 30.9390   2106.183451  x:  0.11587   0.01814   0.25366   0.02295   0.03452   0.02714   0.06258   0.05435   0.05227   0.16248   0.02027   0.18647   0.01277   0.24667   0.00729   0.04145   0.02792   0.06343   0.01576   0.05102   0.16762   0.02160   0.18516   0.13449   4.13412   1.55853   1.38801   1.72341   0.84034  
 24 26.3861   2106.116066  x:  0.11465   0.01820   0.25503   0.02284   0.03422   0.02630   0.06734   0.05481   0.04852   0.16338   0.02028   0.18478   0.01272   0.24595   0.00725   0.04211   0.02796   0.06235   0.01516   0.05038   0.16944   0.02157   0.18393   0.13327   4.14012   1.56782   1.38051   1.72278   0.84079  
 25 15.3292   2105.883820  x:  0.11600   0.01733   0.25636   0.02311   0.03480   0.02620   0.06748   0.05793   0.05313   0.15690   0.02037   0.18755   0.01300   0.24240   0.00724   0.04074   0.02792   0.06289   0.01559   0.05070   0.17147   0.02134   0.18669   0.13462   4.16206   1.61110   1.34704   1.72031   0.84428  
 26 23.4237   2105.824940  x:  0.11626   0.01798   0.25550   0.02290   0.03401   0.02659   0.06391   0.05447   0.05054   0.15616   0.02034   0.18897   0.01263   0.24217   0.00719   0.04207   0.02798   0.06273   0.01522   0.05059   0.17012   0.02124   0.18764   0.13488   4.16767   1.62218   1.33915   1.71983   0.84522  
 27 31.2249   2105.785378  x:  0.11613   0.01803   0.25137   0.02293   0.03412   0.02654   0.06482   0.05479   0.05100   0.16044   0.02037   0.19041   0.01253   0.24546   0.00719   0.04190   0.02799   0.06262   0.01508   0.05068   0.16359   0.02117   0.18789   0.13475   4.17192   1.62899   1.33761   1.72040   0.84614  
 28  5.8982   2105.568953  x:  0.11743   0.01912   0.23515   0.02329   0.03430   0.02700   0.06482   0.05459   0.05132   0.15634   0.02080   0.18571   0.01230   0.26203   0.00703   0.04220   0.02813   0.06281   0.01333   0.05096   0.17129   0.02048   0.18440   0.13605   4.19752   1.65498   1.35846   1.73064   0.85225  
 29  3.6753   2103.704880  x:  0.11687   0.02045   0.25439   0.02585   0.03606   0.02877   0.06408   0.05450   0.05186   0.15959   0.02288   0.18527   0.01427   0.23998   0.00596   0.04296   0.02820   0.06003   0.00624   0.05229   0.16555   0.01374   0.19446   0.13549   4.42144   1.85052   1.56389   1.84022   0.90503  
 30 20.6551   2103.471059  x:  0.11710   0.01959   0.25593   0.02616   0.03618   0.02903   0.06404   0.05455   0.05185   0.15962   0.02307   0.20073   0.01507   0.23905   0.00579   0.04296   0.02825   0.05985   0.00550   0.05238   0.16740   0.01282   0.17681   0.13572   4.44804   1.85580   1.56769   1.86905   0.91114  
 31 12.2697   2102.758324  x:  0.11688   0.02030   0.25182   0.02697   0.03679   0.02958   0.06378   0.05435   0.05192   0.15921   0.02392   0.19098   0.01512   0.23947   0.00524   0.04310   0.02811   0.05873   0.00286   0.05277   0.16653   0.00990   0.18587   0.13550   4.52312   1.83670   1.53931   1.97388   0.92846  
 32 17.7434   2100.973591  x:  0.11664   0.02041   0.24917   0.02927   0.03814   0.03084   0.06395   0.05498   0.05218   0.15978   0.02553   0.19099   0.01623   0.23509   0.00402   0.04295   0.02802   0.05655   0.00366   0.05398   0.16788   0.00261   0.18532   0.13526   4.69188   1.70860   1.43646   1.82214   0.97344  
 33  2.5906   2098.829967  x:  0.11336   0.01962   0.23848   0.03424   0.03970   0.03282   0.06382   0.05544   0.05277   0.15611   0.02907   0.18385   0.01847   0.21987   0.00487   0.04327   0.02750   0.05428   0.00960   0.05472   0.16425   0.00862   0.18511   0.13198   5.15352   1.54763   1.30636   1.77105   1.03192  
 34  0.9996   2097.855789  x:  0.11213   0.01822   0.23310   0.03513   0.03934   0.03285   0.06428   0.05608   0.05229   0.15712   0.02871   0.19008   0.01862   0.21720   0.00498   0.04460   0.02670   0.05997   0.00693   0.05297   0.16706   0.00944   0.18264   0.13075   5.57102   1.53237   1.31172   1.62443   1.05881  
 35  0.6104   2097.052445  x:  0.11143   0.01630   0.22826   0.03513   0.03800   0.03186   0.06377   0.05602   0.05139   0.15719   0.02730   0.19082   0.01774   0.21641   0.00470   0.04480   0.02567   0.06397   0.01034   0.05137   0.16735   0.00790   0.18440   0.13005   6.01215   1.66924   1.43354   1.79193   1.07837  
 36  3.3364   2096.565020  x:  0.11423   0.01972   0.22985   0.03352   0.03824   0.03018   0.06308   0.05649   0.05069   0.16236   0.02512   0.19237   0.01740   0.22268   0.00447   0.04356   0.02365   0.06028   0.00953   0.05290   0.17268   0.00624   0.18708   0.13284   6.53421   1.60382   1.36810   1.77183   1.08455  
 37  0.3415   2096.505914  x:  0.11383   0.01763   0.23494   0.03232   0.03843   0.03128   0.06363   0.05619   0.05080   0.16070   0.02535   0.19178   0.01764   0.22032   0.00467   0.04376   0.02447   0.06055   0.00821   0.05261   0.16991   0.00650   0.18731   0.13244   6.67193   1.61175   1.37191   1.77132   1.08087  
 38  0.0908   2096.499175  x:  0.11372   0.01827   0.23262   0.03197   0.03839   0.03114   0.06345   0.05624   0.05101   0.16064   0.02583   0.19180   0.01737   0.22169   0.00479   0.04388   0.02464   0.06062   0.00787   0.05279   0.17014   0.00659   0.18747   0.13233   6.69713   1.61493   1.37648   1.77867   1.07787  
 39  0.0204   2096.498626  x:  0.11373   0.01827   0.23254   0.03199   0.03842   0.03108   0.06338   0.05632   0.05089   0.16071   0.02587   0.19172   0.01737   0.22086   0.00485   0.04385   0.02473   0.06059   0.00788   0.05271   0.17031   0.00657   0.18736   0.13234   6.69292   1.61439   1.37617   1.78093   1.07684  
 40  0.0035   2096.498486  x:  0.11379   0.01824   0.23240   0.03201   0.03841   0.03106   0.06345   0.05627   0.05094   0.16068   0.02581   0.19156   0.01737   0.22092   0.00491   0.04384   0.02475   0.06059   0.00788   0.05269   0.17020   0.00655   0.18726   0.13240   6.68965   1.61460   1.37602   1.78031   1.07575  
 41  0.0017   2096.498457  x:  0.11376   0.01827   0.23245   0.03203   0.03842   0.03108   0.06342   0.05627   0.05093   0.16068   0.02582   0.19167   0.01738   0.22089   0.00494   0.04382   0.02473   0.06060   0.00789   0.05271   0.17022   0.00653   0.18731   0.13237   6.69093   1.61436   1.37603   1.77995   1.07561  
 42  0.0008   2096.498453  x:  0.11375   0.01826   0.23246   0.03202   0.03841   0.03108   0.06342   0.05628   0.05092   0.16067   0.02583   0.19164   0.01738   0.22094   0.00494   0.04383   0.02472   0.06060   0.00789   0.05272   0.17022   0.00653   0.18730   0.13236   6.69150   1.61434   1.37600   1.78002   1.07573  
 43  0.0004   2096.498452  x:  0.11376   0.01826   0.23247   0.03202   0.03841   0.03107   0.06342   0.05628   0.05093   0.16068   0.02583   0.19165   0.01738   0.22093   0.00495   0.04383   0.02472   0.06059   0.00789   0.05272   0.17021   0.00653   0.18731   0.13237   6.69122   1.61441   1.37603   1.78005   1.07581  
 44  0.0002   2096.498452  x:  0.11376   0.01826   0.23246   0.03202   0.03841   0.03107   0.06342   0.05628   0.05093   0.16068   0.02582   0.19165   0.01738   0.22093   0.00495   0.04383   0.02472   0.06059   0.00789   0.05272   0.17022   0.00653   0.18731   0.13237   6.69115   1.61439   1.37602   1.78004   1.07583  
 45  0.0001   2096.498452  x:  0.11376   0.01826   0.23247   0.03202   0.03841   0.03107   0.06342   0.05628   0.05093   0.16068   0.02582   0.19165   0.01738   0.22093   0.00495   0.04383   0.02472   0.06059   0.00789   0.05272   0.17022   0.00653   0.18731   0.13237   6.69115   1.61439   1.37603   1.78004   1.07583  
 46  0.0000   2096.498452  x:  0.11376   0.01826   0.23246   0.03202   0.03841   0.03107   0.06342   0.05628   0.05093   0.16068   0.02582   0.19165   0.01738   0.22093   0.00495   0.04383   0.02472   0.06059   0.00789   0.05272   0.17022   0.00653   0.18731   0.13237   6.69115   1.61439   1.37602   1.78004   1.07583  
 47  0.0000   2096.498452  x:  0.11376   0.01826   0.23246   0.03202   0.03841   0.03107   0.06342   0.05628   0.05093   0.16068   0.02582   0.19165   0.01738   0.22093   0.00495   0.04383   0.02472   0.06059   0.00789   0.05272   0.17022   0.00653   0.18731   0.13237   6.69115   1.61439   1.37602   1.78004   1.07583  