

TREE # 1

  0  0.0000   1955.164859  x:  0.01972   0.20925   0.02571   0.03211   0.02495   0.05815   0.02188   0.05666   0.08536   0.02661   0.17168   0.01972   0.20925   0.02571   0.03211   0.02495   0.05815   0.02188   0.05666   0.08536   0.02661   0.17168   0.21568   8.40433   1.41032   1.14648   1.51591   1.00000  
  1 99.0000   1936.719452  x:  0.00000   0.21197   0.02579   0.03173   0.00881   0.05970   0.00632   0.04227   0.08786   0.04440   0.16734   0.00111   0.21107   0.01639   0.04837   0.02076   0.05957   0.01947   0.06554   0.09575   0.05907   0.16599   0.21590   8.40427   1.41120   1.14441   1.51684   0.99693  
  2 439.0718   1936.406627  x:  0.00000   0.21210   0.02570   0.03174   0.00855   0.05975   0.00650   0.04161   0.08796   0.04435   0.16712   0.00000   0.21114   0.01588   0.04834   0.02070   0.05961   0.01951   0.06577   0.09613   0.05898   0.16570   0.21591   8.40426   1.41125   1.14428   1.51689   0.99676  
  3 262.1803   1935.506405  x:  0.00000   0.21385   0.02506   0.03189   0.01095   0.06019   0.00227   0.03384   0.08904   0.04314   0.16415   0.00000   0.21210   0.01195   0.04728   0.02065   0.06000   0.01961   0.06773   0.10022   0.05707   0.16158   0.21605   8.40420   1.41206   1.14241   1.51770   0.99408  
  4 271.2400   1934.381899  x:  0.00000   0.21791   0.02557   0.03215   0.02341   0.06088   0.00455   0.01910   0.09109   0.04386   0.15722   0.00000   0.21453   0.01053   0.04737   0.02142   0.06064   0.01821   0.07066   0.10760   0.05912   0.15183   0.21644   8.40403   1.41409   1.13765   1.51978   0.98732  
  5 239.7999   1932.587107  x:  0.00000   0.23596   0.02629   0.03148   0.02193   0.06206   0.00425   0.02342   0.09615   0.04186   0.12716   0.00000   0.22562   0.02735   0.04251   0.02112   0.06168   0.02292   0.07333   0.12578   0.05885   0.10993   0.21806   8.40321   1.42394   1.11437   1.53005   0.95364  
  6 73.8415   1931.981462  x:  0.00000   0.24320   0.02649   0.03201   0.02164   0.06098   0.00430   0.02609   0.09481   0.04337   0.11811   0.00000   0.23065   0.02414   0.04403   0.02202   0.06070   0.01387   0.06967   0.12286   0.05710   0.09992   0.21986   8.40277   1.42839   1.10343   1.53520   0.93660  
  7 82.7973   1931.057059  x:  0.00000   0.25701   0.02668   0.03263   0.02360   0.05852   0.00462   0.02795   0.09001   0.04706   0.10472   0.00000   0.24126   0.01495   0.04908   0.02342   0.05894   0.02070   0.06186   0.10906   0.05638   0.08919   0.22462   8.40180   1.43769   1.08015   1.54652   0.89914  
  8 135.3722   1929.983537  x:  0.00000   0.27216   0.02361   0.03053   0.02035   0.05993   0.00412   0.02086   0.08677   0.04149   0.09998   0.00000   0.25542   0.02124   0.04955   0.01741   0.05942   0.01942   0.06712   0.09347   0.05747   0.09389   0.23234   8.40028   1.45046   1.04754   1.56328   0.84324  
  9 100.5773   1929.152961  x:  0.00000   0.28126   0.02796   0.03284   0.01950   0.06181   0.00411   0.02258   0.08882   0.04334   0.10561   0.00000   0.26573   0.02123   0.04838   0.02878   0.06112   0.01910   0.07443   0.09579   0.05635   0.10397   0.23886   8.39864   1.46213   1.01719   1.57990   0.78666  
 10 127.8620   1928.482146  x:  0.00000   0.28150   0.02667   0.03199   0.02309   0.06062   0.00456   0.02778   0.09172   0.04596   0.11523   0.00000   0.26854   0.01753   0.04771   0.01997   0.06100   0.01929   0.07112   0.10646   0.05595   0.11059   0.24129   8.39711   1.47039   0.99514   1.59326   0.73910  
 11 113.2860   1928.114704  x:  0.00000   0.27210   0.02311   0.03105   0.02086   0.05847   0.00432   0.02436   0.09124   0.04277   0.12124   0.00000   0.26180   0.01950   0.04787   0.02356   0.05898   0.01918   0.06257   0.10948   0.05843   0.10952   0.23782   8.39580   1.47375   0.98535   1.60136   0.70737  
 12 57.1389   1927.782225  x:  0.00000   0.25686   0.02955   0.03331   0.01960   0.05915   0.00417   0.02257   0.08941   0.04393   0.12336   0.00000   0.24915   0.01966   0.04627   0.02155   0.05874   0.01919   0.06470   0.10662   0.05801   0.10554   0.23080   8.39409   1.47564   0.97898   1.60945   0.67427  
 13 61.4994   1927.672719  x:  0.00000   0.25128   0.02607   0.03145   0.02099   0.06011   0.00434   0.02453   0.08938   0.04374   0.12177   0.00000   0.24395   0.01815   0.04695   0.02229   0.05986   0.01918   0.06884   0.10538   0.05839   0.10488   0.22785   8.39325   1.47570   0.97819   1.61239   0.66268  
 14 44.2428   1927.645560  x:  0.00000   0.25109   0.02524   0.03311   0.02092   0.05988   0.00433   0.02441   0.09079   0.04447   0.11808   0.00000   0.24250   0.01858   0.04689   0.02220   0.06044   0.01918   0.06817   0.10577   0.05810   0.10753   0.22687   8.39236   1.47461   0.98072   1.61385   0.65884  
 15  8.6140   1927.628612  x:  0.00000   0.25192   0.02641   0.03122   0.02083   0.05980   0.00432   0.02437   0.09120   0.04421   0.11625   0.00000   0.24202   0.01850   0.04690   0.02230   0.06013   0.01915   0.06768   0.10622   0.05816   0.10892   0.22643   8.39136   1.47331   0.98383   1.61522   0.65608  
 16 10.1455   1927.578446  x:  0.00000   0.25700   0.02671   0.03264   0.02112   0.06019   0.00437   0.02502   0.08945   0.04219   0.11675   0.00000   0.24275   0.01795   0.04714   0.02219   0.05852   0.01919   0.06830   0.10692   0.05929   0.10852   0.22625   8.38683   1.46777   0.99743   1.62095   0.64711  
 17 10.1535   1927.542246  x:  0.00000   0.26016   0.02569   0.03198   0.02074   0.06010   0.00432   0.02435   0.08912   0.04472   0.11842   0.00000   0.24398   0.01876   0.04659   0.02231   0.05972   0.01922   0.06826   0.10642   0.05812   0.10717   0.22675   8.38307   1.46379   1.00748   1.62559   0.64094  
 18 25.4742   1927.524997  x:  0.00000   0.25933   0.02618   0.03209   0.02065   0.05983   0.00432   0.02438   0.09163   0.04382   0.11895   0.00000   0.24564   0.01863   0.04790   0.02222   0.06139   0.01921   0.06807   0.10571   0.05799   0.10617   0.22828   8.38041   1.46273   1.01104   1.62868   0.63942  
 19  6.5806   1927.485416  x:  0.00000   0.25463   0.02575   0.03206   0.02041   0.06026   0.00433   0.02434   0.09352   0.04437   0.11800   0.00000   0.25012   0.01819   0.04624   0.02228   0.05874   0.01921   0.06833   0.10519   0.05866   0.10537   0.23256   8.37287   1.46226   1.01625   1.63702   0.63870  
 20  8.0103   1927.421428  x:  0.00000   0.24896   0.02589   0.03208   0.01989   0.06007   0.00430   0.02402   0.08860   0.04441   0.11588   0.00000   0.25434   0.01869   0.04839   0.02220   0.06002   0.01923   0.06851   0.10749   0.05760   0.10571   0.23672   8.35948   1.46368   1.02174   1.65108   0.63985  
 21 15.0232   1927.172824  x:  0.00000   0.24847   0.02615   0.03200   0.01844   0.05910   0.00436   0.02415   0.08680   0.04316   0.11577   0.00000   0.25126   0.01541   0.04157   0.02219   0.06635   0.01877   0.06766   0.10838   0.06309   0.10571   0.23333   8.30363   1.47806   1.03336   1.70449   0.65121  
 22 16.8834   1926.651196  x:  0.00000   0.25184   0.02504   0.03173   0.01448   0.06041   0.00423   0.02208   0.09169   0.04513   0.11873   0.00000   0.23946   0.01474   0.04799   0.02157   0.05982   0.01894   0.07000   0.11029   0.06116   0.10523   0.22260   8.18367   1.51183   1.05678   1.81495   0.67581  
 23 138.5805   1926.162207  x:  0.00000   0.25176   0.02464   0.03167   0.01096   0.04941   0.00422   0.02089   0.09204   0.04569   0.11888   0.00000   0.23105   0.01289   0.04777   0.02127   0.05883   0.01883   0.07429   0.11277   0.06323   0.10479   0.23242   8.06819   1.58231   1.09357   1.82684   0.67703  
 24 12.0960   1925.744854  x:  0.00000   0.25097   0.02422   0.03160   0.00792   0.06069   0.00418   0.01989   0.09217   0.04616   0.11904   0.00000   0.22617   0.01059   0.04806   0.02085   0.06068   0.01869   0.07212   0.11501   0.06526   0.10455   0.23849   7.96389   1.64563   1.12647   1.83441   0.67746  
 25 209.7097   1925.581019  x:  0.00000   0.24713   0.02411   0.03157   0.00682   0.05985   0.00417   0.01952   0.09253   0.04637   0.11951   0.00000   0.23925   0.00961   0.04852   0.02077   0.06070   0.01864   0.07278   0.11572   0.06564   0.10535   0.22200   7.92317   1.66214   1.13538   1.83105   0.67671  
 26 22.0202   1924.969313  x:  0.00000   0.24921   0.02359   0.03159   0.00303   0.05893   0.00417   0.01822   0.09316   0.04703   0.11896   0.00000   0.23623   0.00723   0.04877   0.02029   0.06115   0.01855   0.07476   0.11923   0.06817   0.10504   0.22593   7.77498   1.57175   1.08939   1.76083   0.67184  
 27  5.5264   1924.365197  x:  0.00000   0.25107   0.02250   0.03160   0.00577   0.05964   0.00435   0.01686   0.09434   0.04859   0.11846   0.00000   0.23652   0.00377   0.04996   0.01912   0.06194   0.01868   0.07785   0.12528   0.07269   0.10513   0.22584   7.54667   1.48512   1.04534   1.66512   0.66524  
 28  1.4064   1924.046734  x:  0.00000   0.25312   0.02196   0.03171   0.00637   0.06069   0.00462   0.01647   0.09521   0.04993   0.11755   0.00000   0.23818   0.00797   0.05070   0.01836   0.06255   0.01903   0.08024   0.13029   0.07558   0.10473   0.22551   7.36001   1.43372   1.02052   1.60076   0.66056  
 29  1.0579   1923.944136  x:  0.00000   0.25292   0.02241   0.03184   0.00618   0.06171   0.00535   0.01961   0.09502   0.05135   0.11914   0.00000   0.23841   0.00772   0.05225   0.01824   0.06206   0.01921   0.08090   0.13184   0.07785   0.10707   0.22364   7.15928   1.45427   1.02697   1.60685   0.65516  
 30  0.2662   1923.930668  x:  0.00000   0.25270   0.02256   0.03191   0.00608   0.06206   0.00569   0.01843   0.09497   0.05170   0.11941   0.00000   0.23826   0.00762   0.05263   0.01877   0.06181   0.01919   0.08108   0.13233   0.07837   0.10722   0.22325   7.10656   1.46054   1.02851   1.61551   0.65302  
 31  0.0589   1923.927734  x:  0.00000   0.25233   0.02249   0.03187   0.00596   0.06203   0.00600   0.01840   0.09495   0.05172   0.11947   0.00000   0.23788   0.00749   0.05266   0.01857   0.06183   0.01913   0.08095   0.13220   0.07839   0.10708   0.22346   7.12735   1.45490   1.02688   1.61264   0.65385  
 32  0.0153   1923.927424  x:  0.00000   0.25268   0.02248   0.03187   0.00597   0.06202   0.00607   0.01844   0.09499   0.05165   0.11926   0.00000   0.23818   0.00750   0.05259   0.01862   0.06188   0.01914   0.08098   0.13219   0.07832   0.10696   0.22355   7.13538   1.45696   1.02758   1.61311   0.65393  
 33  0.0074   1923.927406  x:  0.00000   0.25264   0.02250   0.03188   0.00598   0.06200   0.00609   0.01845   0.09498   0.05165   0.11930   0.00000   0.23814   0.00751   0.05258   0.01861   0.06187   0.01914   0.08099   0.13221   0.07831   0.10700   0.22348   7.13364   1.45692   1.02749   1.61328   0.65385  
 34  0.0015   1923.927405  x:  0.00000   0.25263   0.02249   0.03188   0.00599   0.06201   0.00609   0.01845   0.09498   0.05165   0.11930   0.00000   0.23814   0.00752   0.05257   0.01862   0.06187   0.01914   0.08099   0.13221   0.07830   0.10700   0.22349   7.13322   1.45684   1.02748   1.61316   0.65386  
 35  0.0004   1923.927405  x:  0.00000   0.25263   0.02249   0.03188   0.00599   0.06201   0.00609   0.01845   0.09498   0.05165   0.11930   0.00000   0.23814   0.00752   0.05257   0.01861   0.06187   0.01914   0.08099   0.13221   0.07830   0.10700   0.22349   7.13326   1.45684   1.02748   1.61317   0.65386  
 36  0.0000   1923.927405  x:  0.00000   0.25263   0.02249   0.03188   0.00599   0.06201   0.00609   0.01845   0.09498   0.05165   0.11930   0.00000   0.23814   0.00752   0.05257   0.01861   0.06187   0.01914   0.08099   0.13221   0.07830   0.10700   0.22349   7.13328   1.45684   1.02748   1.61317   0.65386  
 37  0.0000   1923.927405  x:  0.00000   0.25263   0.02249   0.03188   0.00599   0.06201   0.00609   0.01845   0.09498   0.05165   0.11930   0.00000   0.23814   0.00752   0.05258   0.01861   0.06187   0.01914   0.08099   0.13221   0.07830   0.10700   0.22349   7.13328   1.45684   1.02748   1.61317   0.65386  

TREE # 2

  0  0.0000   2318.916745  x:  0.00000   0.25263   0.02249   0.03188   0.00599   0.06201   0.00609   0.01845   0.09498   0.05165   0.11930   0.00000   0.23814   0.00752   0.05258   0.01861   0.06187   0.01914   0.08099   0.13221   0.07830   0.10700   0.22349   7.13328   1.43059   0.94087   1.47899   0.65386  
  1 99.0000   2105.511259  x:  0.29566   0.25187   0.06220   0.08678   0.08728   0.05656   0.17425   0.03959   0.09414   0.04988   0.11638   0.18826   0.23780   0.11230   0.08979   0.03533   0.05746   0.05163   0.07610   0.12430   0.06994   0.10298   0.21476   7.13325   1.43034   0.94119   1.47949   0.65404  
  2 7200.7932   2015.618027  x:  0.29113   0.18767   0.13624   0.18495   0.09175   0.00474   0.17026   0.03843   0.08262   0.00225   0.07997   0.13022   0.17239   0.14350   0.19423   0.06820   0.01779   0.11321   0.03252   0.05828   0.00000   0.07106   0.14126   7.13344   1.42493   0.95042   1.48069   0.65145  
  3 540.2268   2004.054485  x:  0.29198   0.17115   0.14708   0.20165   0.09291   0.00000   0.17024   0.04052   0.08071   0.02157   0.07315   0.11733   0.15549   0.14898   0.21214   0.07162   0.01302   0.12170   0.02608   0.04280   0.00191   0.06570   0.12265   7.13348   1.42368   0.95254   1.48102   0.65094  
  4 1024.1191   1988.699666  x:  0.29451   0.13317   0.17016   0.23816   0.09574   0.02155   0.17052   0.04559   0.07654   0.05459   0.05793   0.08812   0.11663   0.16097   0.25124   0.07848   0.00442   0.13957   0.01328   0.00804   0.00555   0.05410   0.07991   7.13356   1.42087   0.95731   1.48177   0.64979  
  5 4675.7141   1960.420027  x:  0.30700   0.06420   0.18711   0.27773   0.09848   0.02958   0.17476   0.05415   0.07310   0.07157   0.04245   0.04321   0.04579   0.17373   0.29488   0.07975   0.04435   0.15015   0.04622   0.01339   0.00968   0.04681   0.00330   7.13371   1.41627   0.96487   1.48321   0.64804  
  6 775.4203   1946.122724  x:  0.31797   0.01990   0.18334   0.28692   0.09791   0.03016   0.17834   0.05670   0.07403   0.07268   0.04814   0.02446   0.00000   0.17543   0.30476   0.07042   0.04144   0.14454   0.04458   0.01848   0.00903   0.05294   0.00134   7.13378   1.41382   0.96884   1.48419   0.64723  
  7 428.2554   1942.967068  x:  0.32262   0.00000   0.18213   0.29153   0.09769   0.03053   0.17981   0.05786   0.07433   0.07340   0.04990   0.01613   0.00000   0.17634   0.30976   0.06673   0.04140   0.14247   0.04488   0.02021   0.00895   0.05506   0.00303   7.13381   1.41271   0.97063   1.48463   0.64686  
  8 7704.4265   1942.346609  x:  0.32753   0.00000   0.17393   0.29947   0.09392   0.02935   0.17832   0.05777   0.07579   0.07120   0.05182   0.01397   0.00000   0.17383   0.31879   0.05747   0.04322   0.13353   0.04757   0.01242   0.00972   0.05612   0.00269   7.13390   1.40971   0.97538   1.48608   0.64592  
  9 68.3855   1941.292559  x:  0.33231   0.00000   0.15601   0.32176   0.08419   0.02994   0.17030   0.05704   0.07793   0.07178   0.05098   0.02079   0.00000   0.16586   0.34419   0.04246   0.04277   0.11546   0.04680   0.01626   0.01031   0.05377   0.00317   7.13414   1.40216   0.98736   1.48990   0.64351  
 10 127.4578   1940.322114  x:  0.34267   0.00000   0.12406   0.33981   0.07902   0.03010   0.16309   0.05890   0.07773   0.07279   0.05029   0.02110   0.00000   0.14888   0.36476   0.05899   0.04456   0.09719   0.04331   0.01598   0.00752   0.05493   0.00326   7.13450   1.39266   1.00224   1.49590   0.64064  
 11 72.0748   1940.074072  x:  0.34595   0.00000   0.11343   0.34479   0.08017   0.02933   0.16093   0.05955   0.07670   0.06933   0.04997   0.02077   0.00000   0.13981   0.37016   0.06173   0.04244   0.09970   0.04321   0.01633   0.01482   0.05408   0.00317   7.13468   1.38922   1.00763   1.49886   0.63963  
 12 57.6458   1939.503699  x:  0.35188   0.00000   0.09246   0.35065   0.08564   0.02964   0.15735   0.06147   0.07461   0.07101   0.05000   0.02149   0.00000   0.11600   0.37619   0.05897   0.03866   0.11413   0.04780   0.01596   0.01055   0.05287   0.00331   7.13516   1.38210   1.01890   1.50655   0.63766  
 13 62.3971   1939.136426  x:  0.35412   0.00000   0.09769   0.34902   0.08157   0.02955   0.15797   0.05654   0.07925   0.07076   0.04952   0.02254   0.00000   0.10025   0.37333   0.05838   0.04479   0.11779   0.04118   0.01542   0.01090   0.05791   0.00349   7.13588   1.37763   1.02686   1.51727   0.63675  
 14 14.9225   1938.285968  x:  0.35199   0.00000   0.10697   0.33703   0.07634   0.02873   0.15895   0.05685   0.07839   0.06878   0.05179   0.02077   0.00000   0.09303   0.35768   0.05905   0.04167   0.11288   0.04045   0.01522   0.01039   0.04171   0.00363   7.13790   1.37019   1.04283   1.54597   0.63564  
 15 22.8826   1935.467281  x:  0.32304   0.00000   0.12835   0.29981   0.07232   0.02586   0.15110   0.06502   0.06702   0.06128   0.04291   0.02831   0.00000   0.10506   0.30943   0.06320   0.02121   0.10372   0.05187   0.01122   0.01132   0.05208   0.00500   7.14516   1.34943   1.09430   1.64640   0.63260  
 16 96.1657   1933.619290  x:  0.29403   0.00000   0.12444   0.27578   0.08414   0.02384   0.14288   0.06210   0.07325   0.05637   0.05704   0.03423   0.00000   0.13264   0.28012   0.06283   0.02973   0.10957   0.03835   0.00809   0.01146   0.05029   0.00617   7.15026   1.34424   1.12289   1.71197   0.63143  
 17 114.6554   1933.062050  x:  0.28753   0.00000   0.11682   0.26676   0.08659   0.02296   0.14574   0.05252   0.07932   0.05471   0.04526   0.03195   0.00000   0.14013   0.27133   0.06046   0.02965   0.10979   0.03382   0.00799   0.01089   0.04763   0.00613   7.15173   1.35129   1.12453   1.72665   0.63204  
 18 53.6582   1932.349288  x:  0.27528   0.00000   0.11209   0.25931   0.08255   0.02302   0.15583   0.03831   0.08202   0.05436   0.05138   0.03350   0.00000   0.13857   0.27083   0.06395   0.02317   0.10913   0.03958   0.00743   0.01119   0.04770   0.00654   7.15371   1.38430   1.10904   1.73430   0.63535  
 19 28.1834   1931.225393  x:  0.25644   0.00000   0.10536   0.24527   0.08097   0.02106   0.16861   0.05222   0.08078   0.04979   0.05056   0.03674   0.00000   0.12763   0.26939   0.06231   0.02279   0.10320   0.03406   0.00543   0.01159   0.04734   0.00717   7.15702   1.45013   1.07523   1.74021   0.64215  
 20 79.1326   1930.763531  x:  0.26302   0.00000   0.10743   0.24326   0.08668   0.02049   0.14805   0.04800   0.07164   0.04860   0.05026   0.03662   0.00000   0.12363   0.26162   0.06073   0.02342   0.09883   0.03145   0.00498   0.01148   0.04697   0.00733   7.15840   1.48112   1.05999   1.73633   0.64661  
 21 31.2594   1930.619666  x:  0.26696   0.00000   0.10807   0.24404   0.08432   0.02041   0.13814   0.05062   0.07905   0.04826   0.05044   0.03668   0.00000   0.12385   0.25710   0.06182   0.02123   0.09993   0.03319   0.00499   0.01155   0.04667   0.00739   7.15887   1.49130   1.05599   1.73291   0.64873  
 22 26.8282   1930.561593  x:  0.26806   0.00000   0.10645   0.24571   0.07775   0.02039   0.13689   0.05136   0.07693   0.04816   0.05053   0.03664   0.00000   0.12572   0.25294   0.06180   0.02188   0.10284   0.03230   0.00500   0.01146   0.04672   0.00741   7.15912   1.49420   1.05728   1.72796   0.65068  
 23  8.2528   1930.280592  x:  0.26047   0.00000   0.10831   0.25655   0.08211   0.01992   0.14208   0.05131   0.07757   0.04718   0.05110   0.03702   0.00000   0.12500   0.23498   0.06163   0.02095   0.09999   0.03194   0.00525   0.01150   0.04690   0.00751   7.16070   1.50037   1.07704   1.68873   0.66441  
 24  7.5920   1929.849995  x:  0.25844   0.00000   0.11190   0.22927   0.08226   0.01944   0.13990   0.05109   0.07749   0.04579   0.05182   0.03724   0.00000   0.12799   0.24400   0.06156   0.01948   0.10055   0.03045   0.00582   0.01138   0.04714   0.00764   7.16335   1.49994   1.10145   1.63297   0.68037  
 25 14.2405   1928.059523  x:  0.24833   0.00000   0.10530   0.21955   0.08217   0.01759   0.13911   0.05264   0.07645   0.04112   0.05666   0.03482   0.00000   0.12377   0.22838   0.05768   0.01523   0.09383   0.02340   0.01056   0.01062   0.04993   0.00777   7.17690   1.40555   0.97851   1.57585   0.63745  
 26  4.2531   1927.855821  x:  0.24986   0.00000   0.10188   0.22172   0.08215   0.01744   0.13816   0.05320   0.07627   0.04076   0.05723   0.03378   0.00000   0.12159   0.23156   0.05661   0.01551   0.09293   0.02254   0.01145   0.01039   0.05074   0.00765   7.17713   1.43294   0.98924   1.62525   0.68332  
 27  2.9582   1927.492374  x:  0.25216   0.00000   0.09949   0.22354   0.08277   0.01722   0.13737   0.05386   0.07618   0.04015   0.05814   0.03189   0.00000   0.12110   0.23363   0.05492   0.01617   0.09216   0.02164   0.01295   0.00984   0.05236   0.00745   7.17848   1.53198   1.05540   1.71536   0.65257  
 28  5.6822   1925.213801  x:  0.25458   0.00000   0.09264   0.23693   0.07734   0.01300   0.13910   0.05245   0.08281   0.03074   0.06320   0.01909   0.00000   0.11142   0.24874   0.04190   0.02189   0.08529   0.03088   0.01488   0.00482   0.06505   0.00664   7.19034   1.47529   1.03611   1.62157   0.65666  
 29  0.1471   1924.290929  x:  0.23667   0.00000   0.10572   0.23108   0.07787   0.00871   0.13815   0.05231   0.08348   0.01909   0.06437   0.01685   0.00000   0.11925   0.24462   0.04771   0.02337   0.09102   0.03305   0.01640   0.00921   0.06830   0.00678   7.14169   1.46498   1.02829   1.60587   0.65864  
 30  0.0826   1924.022318  x:  0.22522   0.00000   0.10859   0.23153   0.07985   0.00796   0.13498   0.05270   0.08129   0.01795   0.06357   0.01987   0.00000   0.12221   0.24537   0.05218   0.02326   0.09660   0.03341   0.01714   0.00593   0.06623   0.00716   7.12195   1.46256   1.02456   1.60935   0.65626  
 31  0.0372   1923.953829  x:  0.22678   0.00000   0.10469   0.24012   0.07880   0.00774   0.13212   0.05261   0.08065   0.01779   0.06238   0.01925   0.00000   0.11956   0.25373   0.05254   0.02244   0.09474   0.03199   0.01748   0.00580   0.06320   0.00694   7.13179   1.45521   1.02721   1.61149   0.65264  
 32  0.0188   1923.940127  x:  0.22567   0.00000   0.10755   0.23931   0.07827   0.00795   0.13282   0.05256   0.08071   0.01849   0.06170   0.01907   0.00000   0.11952   0.25368   0.05167   0.02244   0.09493   0.03173   0.01779   0.00586   0.06183   0.00679   7.13481   1.45866   1.02814   1.61755   0.65342  
 33  0.0084   1923.934286  x:  0.22344   0.00000   0.10732   0.23798   0.07827   0.00770   0.13253   0.05251   0.08115   0.01806   0.06164   0.01907   0.00000   0.11902   0.25294   0.05122   0.02246   0.09507   0.03166   0.01810   0.00608   0.06157   0.00664   7.13626   1.45767   1.02835   1.61425   0.65439  
 34  0.0036   1923.929625  x:  0.22296   0.00000   0.10672   0.23790   0.07826   0.00778   0.13191   0.05258   0.08118   0.01865   0.06182   0.01900   0.00000   0.11896   0.25256   0.05177   0.02253   0.09524   0.03201   0.01849   0.00598   0.06171   0.00637   7.13608   1.45668   1.02742   1.61134   0.65430  
 35  0.0023   1923.928054  x:  0.22309   0.00000   0.10709   0.23804   0.07818   0.00762   0.13207   0.05266   0.08094   0.01854   0.06193   0.01897   0.00000   0.11949   0.25240   0.05165   0.02244   0.09482   0.03195   0.01860   0.00595   0.06204   0.00619   7.13112   1.45610   1.02763   1.61335   0.65357  
 36  0.0038   1923.927643  x:  0.22340   0.00000   0.10701   0.23832   0.07825   0.00760   0.13220   0.05263   0.08096   0.01860   0.06191   0.01915   0.00000   0.11930   0.25272   0.05162   0.02252   0.09487   0.03185   0.01858   0.00602   0.06211   0.00613   7.13187   1.45621   1.02729   1.61287   0.65361  
 37  0.0013   1923.927492  x:  0.22361   0.00000   0.10697   0.23815   0.07832   0.00756   0.13225   0.05256   0.08099   0.01858   0.06186   0.01915   0.00000   0.11923   0.25269   0.05162   0.02248   0.09504   0.03182   0.01854   0.00597   0.06207   0.00610   7.13307   1.45674   1.02751   1.61309   0.65389  
 38  0.0013   1923.927436  x:  0.22361   0.00000   0.10699   0.23808   0.07830   0.00754   0.13223   0.05255   0.08100   0.01859   0.06184   0.01917   0.00000   0.11935   0.25259   0.05167   0.02247   0.09496   0.03189   0.01849   0.00599   0.06199   0.00609   7.13379   1.45693   1.02753   1.61317   0.65393  
 39  0.0005   1923.927413  x:  0.22355   0.00000   0.10701   0.23813   0.07831   0.00753   0.13224   0.05257   0.08101   0.01860   0.06187   0.01915   0.00000   0.11932   0.25259   0.05165   0.02252   0.09498   0.03188   0.01846   0.00598   0.06198   0.00609   7.13343   1.45667   1.02738   1.61299   0.65382  
 40  0.0003   1923.927406  x:  0.22351   0.00000   0.10699   0.23815   0.07830   0.00752   0.13222   0.05258   0.08098   0.01861   0.06187   0.01914   0.00000   0.11929   0.25263   0.05164   0.02250   0.09499   0.03189   0.01845   0.00599   0.06200   0.00609   7.13317   1.45681   1.02749   1.61318   0.65384  
 41  0.0003   1923.927405  x:  0.22349   0.00000   0.10700   0.23814   0.07830   0.00752   0.13221   0.05258   0.08099   0.01861   0.06187   0.01915   0.00000   0.11930   0.25264   0.05164   0.02250   0.09498   0.03188   0.01844   0.00599   0.06201   0.00609   7.13321   1.45685   1.02749   1.61317   0.65387  
 42  0.0001   1923.927405  x:  0.22349   0.00000   0.10700   0.23814   0.07830   0.00752   0.13221   0.05257   0.08099   0.01861   0.06187   0.01914   0.00000   0.11930   0.25263   0.05165   0.02249   0.09498   0.03188   0.01844   0.00599   0.06201   0.00609   7.13331   1.45685   1.02748   1.61317   0.65386  
 43  0.0001   1923.927405  x:  0.22349   0.00000   0.10700   0.23814   0.07830   0.00752   0.13221   0.05258   0.08099   0.01861   0.06186   0.01914   0.00000   0.11930   0.25263   0.05165   0.02249   0.09498   0.03188   0.01845   0.00599   0.06201   0.00609   7.13333   1.45683   1.02747   1.61316   0.65386  
 44  0.0000   1923.927405  x:  0.22349   0.00000   0.10700   0.23814   0.07830   0.00752   0.13221   0.05258   0.08099   0.01861   0.06187   0.01914   0.00000   0.11930   0.25263   0.05165   0.02250   0.09498   0.03188   0.01845   0.00599   0.06201   0.00609   7.13328   1.45684   1.02748   1.61317   0.65386  
 45  0.0000   1923.927405  x:  0.22349   0.00000   0.10700   0.23814   0.07830   0.00752   0.13221   0.05258   0.08099   0.01861   0.06187   0.01914   0.00000   0.11930   0.25263   0.05165   0.02249   0.09498   0.03188   0.01845   0.00599   0.06201   0.00609   7.13328   1.45684   1.02748   1.61317   0.65386  
 46  0.0000   1923.927405  x:  0.22349   0.00000   0.10700   0.23814   0.07830   0.00752   0.13221   0.05258   0.08099   0.01861   0.06187   0.01914   0.00000   0.11930   0.25263   0.05165   0.02249   0.09498   0.03188   0.01845   0.00599   0.06201   0.00609   7.13328   1.45684   1.02748   1.61317   0.65386  
 47  0.0000   1923.927405  x:  0.22349   0.00000   0.10700   0.23814   0.07830   0.00752   0.13221   0.05258   0.08099   0.01861   0.06187   0.01914   0.00000   0.11930   0.25263   0.05165   0.02249   0.09498   0.03188   0.01845   0.00599   0.06201   0.00609   7.13328   1.45684   1.02748   1.61317   0.65386  
 48  0.0000   1923.927405  x:  0.22349   0.00000   0.10700   0.23814   0.07830   0.00752   0.13221   0.05258   0.08099   0.01861   0.06187   0.01914   0.00000   0.11930   0.25263   0.05165   0.02249   0.09498   0.03188   0.01845   0.00599   0.06201   0.00609   7.13328   1.45684   1.02748   1.61316   0.65386  