

TREE # 1

  0  0.0000   2043.166985  x:  0.01972   0.20925   0.02571   0.03211   0.02495   0.05815   0.02188   0.05666   0.08536   0.02661   0.17168   0.01972   0.20925   0.02571   0.03211   0.02495   0.05815   0.02188   0.05666   0.08536   0.02661   0.17168   0.21568   8.40433   2.12719   1.40254   1.83925   1.00000  
  1 99.0000   2028.184589  x:  0.00000   0.20452   0.07428   0.04613   0.01097   0.08573   0.04434   0.04926   0.10357   0.04670   0.17486   0.00372   0.20557   0.02680   0.05234   0.05084   0.05739   0.01947   0.06342   0.09391   0.02526   0.16251   0.22342   8.40440   2.12610   1.40078   1.84216   1.00015  
  2 406.4674   2028.184589  x:  0.00000   0.20452   0.07428   0.04613   0.01097   0.08573   0.04434   0.04926   0.10357   0.04670   0.17486   0.00372   0.20557   0.02680   0.05234   0.05084   0.05739   0.01947   0.06342   0.09391   0.02526   0.16251   0.22342   8.40440   2.12610   1.40078   1.84216   1.00015  
  3 116.2530   2026.974036  x:  0.00016   0.20202   0.07336   0.04625   0.01557   0.09117   0.04111   0.04682   0.10933   0.04426   0.17713   0.00000   0.20379   0.02676   0.05298   0.04931   0.05704   0.02013   0.06475   0.09695   0.02519   0.15770   0.22807   8.40444   2.12539   1.39985   1.84384   1.00016  
  4 108.3767   2025.663022  x:  0.00252   0.19571   0.07192   0.04618   0.00714   0.10165   0.03612   0.04253   0.12127   0.03989   0.18282   0.00232   0.19975   0.02638   0.05408   0.04657   0.05637   0.02000   0.06720   0.10331   0.02516   0.14614   0.23993   8.40458   2.12337   1.39736   1.84845   1.00025  
  5 175.6672   2025.086837  x:  0.00000   0.19096   0.07203   0.04572   0.00946   0.10404   0.03855   0.04371   0.12578   0.04007   0.18634   0.01067   0.19701   0.02580   0.05401   0.04663   0.05635   0.01851   0.06748   0.10563   0.02531   0.13827   0.24836   8.40470   2.12153   1.39519   1.85257   1.00039  
  6 96.6957   2024.633034  x:  0.00000   0.18314   0.07351   0.04503   0.00776   0.10032   0.04499   0.04909   0.12645   0.04433   0.19104   0.00711   0.19135   0.02574   0.05285   0.04919   0.05707   0.02176   0.06597   0.10544   0.02542   0.12522   0.26162   8.40500   2.11728   1.39022   1.86200   1.00052  
  7 59.3946   2024.427121  x:  0.00000   0.17948   0.07381   0.04549   0.00799   0.09515   0.04215   0.04784   0.12229   0.04452   0.19267   0.00539   0.18827   0.02646   0.05273   0.04941   0.05695   0.01681   0.06476   0.10291   0.02526   0.12124   0.26824   8.40529   2.11340   1.38590   1.87036   1.00055  
  8 38.9100   2024.268199  x:  0.00000   0.17697   0.07367   0.04605   0.00900   0.09108   0.03855   0.04546   0.11728   0.04346   0.19342   0.00636   0.18590   0.02671   0.05277   0.04894   0.05689   0.02057   0.06434   0.10014   0.02507   0.12050   0.27338   8.40563   2.10878   1.38080   1.88027   1.00056  
  9 53.3884   2023.921230  x:  0.00000   0.17561   0.07230   0.04583   0.00995   0.09509   0.04492   0.04555   0.10944   0.04042   0.19126   0.00347   0.18279   0.02435   0.05374   0.04686   0.05609   0.02014   0.06672   0.09737   0.02588   0.13042   0.27975   8.40695   2.09198   1.36245   1.91611   1.00041  
 10 31.5769   2023.581510  x:  0.00000   0.17708   0.07324   0.04551   0.01061   0.09698   0.04136   0.04953   0.11173   0.04715   0.18803   0.00311   0.18240   0.03020   0.05249   0.04976   0.05689   0.02002   0.06550   0.09940   0.02405   0.13821   0.28010   8.40866   2.07153   1.34087   1.95921   0.99996  
 11 60.7097   2023.305244  x:  0.00000   0.17884   0.07305   0.04570   0.01034   0.09331   0.03990   0.04818   0.11792   0.04764   0.18628   0.00363   0.18403   0.02290   0.05108   0.05079   0.05708   0.01984   0.06264   0.10105   0.02576   0.13707   0.27490   8.41030   2.05358   1.32319   1.99631   0.99918  
 12 64.4257   2023.109431  x:  0.00000   0.17978   0.07194   0.04540   0.00962   0.09057   0.04256   0.04544   0.12092   0.04305   0.18617   0.00492   0.18592   0.02701   0.05259   0.04835   0.05630   0.01990   0.06327   0.10140   0.02580   0.13089   0.26801   8.41179   2.03912   1.31017   2.02566   0.99817  
 13 66.7183   2023.057400  x:  0.00000   0.17960   0.07214   0.04505   0.00929   0.09297   0.04134   0.04657   0.11889   0.04261   0.18695   0.00569   0.18636   0.02611   0.05284   0.04796   0.05610   0.01975   0.06500   0.10052   0.02339   0.12730   0.26525   8.41239   2.03487   1.30749   2.03388   0.99751  
 14 25.2031   2023.041265  x:  0.00000   0.17938   0.07238   0.04509   0.00918   0.09452   0.04067   0.04676   0.11760   0.04297   0.18750   0.00602   0.18643   0.02615   0.05272   0.04805   0.05616   0.01972   0.06544   0.10023   0.02517   0.12589   0.26417   8.41272   2.03332   1.30712   2.03672   0.99706  
 15 17.4545   2023.035200  x:  0.00000   0.17894   0.07252   0.04553   0.00916   0.09531   0.04105   0.04560   0.11696   0.04349   0.18819   0.00608   0.18617   0.02623   0.05235   0.04833   0.05637   0.01973   0.06453   0.10064   0.02490   0.12574   0.26366   8.41318   2.03233   1.30846   2.03810   0.99625  
 16  4.3267   2023.013095  x:  0.00000   0.17675   0.07191   0.04507   0.00915   0.09503   0.04067   0.04680   0.11679   0.04274   0.19123   0.00605   0.18462   0.02618   0.05287   0.04808   0.05611   0.01979   0.06338   0.10223   0.02499   0.12716   0.26213   8.41623   2.02744   1.31866   2.04428   0.99097  
 17  5.2323   2022.993458  x:  0.00000   0.17611   0.07215   0.04552   0.00921   0.09440   0.04092   0.04600   0.11792   0.04388   0.19206   0.00595   0.18402   0.02605   0.05278   0.04818   0.05615   0.01974   0.06598   0.10139   0.02501   0.12782   0.26183   8.41940   2.02316   1.32879   2.05005   0.98576  
 18 14.2818   2022.975194  x:  0.00000   0.17797   0.07223   0.04521   0.00927   0.09522   0.04089   0.04630   0.11857   0.04319   0.18938   0.00587   0.18519   0.02629   0.05211   0.04799   0.05663   0.01977   0.06474   0.09948   0.02497   0.12675   0.26348   8.42296   2.02002   1.33848   2.05559   0.98070  
 19  9.4481   2022.968916  x:  0.00000   0.17902   0.07235   0.04545   0.00929   0.09515   0.04087   0.04618   0.11796   0.04328   0.18809   0.00582   0.18603   0.02613   0.05321   0.04843   0.05595   0.01983   0.06482   0.10079   0.02499   0.12611   0.26447   8.42457   2.01975   1.34140   2.05760   0.97906  
 20  6.0199   2022.964455  x:  0.00000   0.17944   0.07234   0.04523   0.00928   0.09490   0.04082   0.04618   0.11748   0.04325   0.18784   0.00579   0.18659   0.02610   0.05226   0.04771   0.05644   0.01979   0.06529   0.10209   0.02498   0.12594   0.26511   8.42625   2.02089   1.34261   2.05909   0.97819  
 21  2.9049   2022.893530  x:  0.00000   0.17962   0.07185   0.04668   0.00890   0.09606   0.04006   0.04594   0.11893   0.04082   0.19259   0.00574   0.19047   0.02627   0.05237   0.05005   0.05831   0.01963   0.06603   0.10217   0.02491   0.12728   0.27071   8.45840   2.05220   1.35310   2.08334   0.96790  
 22  4.3702   2022.819689  x:  0.00000   0.17919   0.07200   0.04445   0.00881   0.09735   0.03955   0.04478   0.12061   0.04282   0.19509   0.00558   0.19164   0.02602   0.05342   0.04671   0.05536   0.01977   0.06512   0.10136   0.02492   0.12757   0.27349   8.49109   2.08416   1.36355   2.10717   0.95838  
 23 62.4449   2022.697981  x:  0.00000   0.17680   0.07123   0.04720   0.00969   0.09852   0.03930   0.04547   0.12235   0.04197   0.18981   0.00483   0.18384   0.02609   0.05231   0.04654   0.05471   0.01994   0.06550   0.10286   0.02489   0.12392   0.26771   8.54754   2.13832   1.38205   2.14541   0.94600  
 24 39.9494   2022.682382  x:  0.00000   0.17660   0.07118   0.04495   0.00988   0.09862   0.03934   0.04480   0.12241   0.04193   0.18925   0.00464   0.18305   0.02601   0.05306   0.04745   0.05621   0.01992   0.06574   0.10313   0.02489   0.12335   0.26676   8.55487   2.14459   1.38459   2.14997   0.94565  
 25 25.3445   2022.625029  x:  0.00000   0.17839   0.07371   0.04586   0.01074   0.09870   0.03951   0.04537   0.12298   0.04193   0.19277   0.00316   0.18700   0.02591   0.05418   0.04619   0.05747   0.02008   0.06541   0.10315   0.02487   0.12167   0.26469   8.58453   2.15659   1.39674   2.16236   0.96496  
 26  5.5947   2022.606188  x:  0.00144   0.17853   0.07304   0.04543   0.01085   0.09892   0.03945   0.04520   0.12322   0.04170   0.19327   0.00290   0.18746   0.02601   0.05336   0.04687   0.05642   0.02012   0.06561   0.10325   0.02486   0.12136   0.26476   8.59451   2.15999   1.40069   2.16636   0.97195  
 27 38.4013   2022.573232  x:  0.00037   0.17834   0.07136   0.04458   0.01092   0.09941   0.03927   0.04481   0.12370   0.04130   0.19363   0.00259   0.18780   0.02621   0.05179   0.04818   0.05441   0.02017   0.06601   0.10347   0.02485   0.12099   0.26532   8.61169   2.16550   1.40738   2.17314   0.98417  
 28 108.6983   2022.519192  x:  0.00070   0.17613   0.06854   0.04556   0.01036   0.10081   0.03838   0.04424   0.12519   0.04189   0.19127   0.00301   0.18449   0.02598   0.05334   0.04650   0.05607   0.02011   0.06614   0.10413   0.02487   0.12147   0.26894   8.64044   2.17272   1.41753   2.18386   1.00488  
 29 32.3558   2022.508088  x:  0.00075   0.17545   0.07133   0.04522   0.01020   0.10116   0.03814   0.04397   0.12567   0.04085   0.19054   0.00316   0.18311   0.02600   0.05315   0.04654   0.05571   0.02010   0.06626   0.10451   0.02488   0.12192   0.26997   8.64665   2.17335   1.41894   2.18538   1.00854  
 30 10.7618   2022.302413  x:  0.00000   0.18657   0.07053   0.04518   0.01114   0.10448   0.03710   0.04304   0.12977   0.03956   0.19840   0.00202   0.17312   0.02581   0.05360   0.04576   0.05562   0.02017   0.06697   0.10656   0.02496   0.11947   0.27774   8.79359   2.10293   1.37386   2.12774   0.99728  
 31  2.2046   2022.162724  x:  0.00064   0.17491   0.07046   0.04535   0.01177   0.10687   0.03619   0.04239   0.13250   0.03900   0.19545   0.00049   0.18055   0.02578   0.05388   0.04531   0.05559   0.02034   0.06739   0.10788   0.02493   0.11887   0.28064   8.88779   2.05704   1.34430   2.08955   0.98882  
 32 51.7776   2022.097489  x:  0.00027   0.17339   0.07055   0.04525   0.01298   0.10836   0.03647   0.04256   0.13372   0.03915   0.19539   0.00309   0.18269   0.02560   0.05381   0.04555   0.05549   0.02007   0.06760   0.10839   0.02493   0.11904   0.28092   9.03400   2.05049   1.33967   2.08411   0.99145  
 33  0.2317   2022.085133  x:  0.00030   0.17407   0.07074   0.04537   0.01362   0.10825   0.03661   0.04280   0.13355   0.03971   0.19469   0.00256   0.18221   0.02554   0.05379   0.04578   0.05563   0.01990   0.06742   0.10803   0.02489   0.11993   0.28049   9.16472   2.06515   1.34911   2.09769   0.99557  
 34  0.1092   2022.084333  x:  0.00034   0.17407   0.07070   0.04535   0.01366   0.10800   0.03657   0.04268   0.13333   0.03946   0.19470   0.00247   0.18211   0.02554   0.05379   0.04567   0.05559   0.01996   0.06740   0.10793   0.02490   0.11954   0.28043   9.19011   2.06117   1.34645   2.09464   0.99507  
 35  0.0231   2022.084312  x:  0.00033   0.17401   0.07070   0.04535   0.01363   0.10794   0.03656   0.04269   0.13327   0.03950   0.19474   0.00247   0.18215   0.02556   0.05379   0.04569   0.05559   0.01997   0.06741   0.10795   0.02490   0.11961   0.28048   9.19274   2.06105   1.34637   2.09451   0.99511  
 36  0.0021   2022.084310  x:  0.00033   0.17403   0.07070   0.04535   0.01362   0.10794   0.03657   0.04269   0.13327   0.03949   0.19474   0.00247   0.18216   0.02556   0.05379   0.04568   0.05559   0.01997   0.06741   0.10795   0.02490   0.11960   0.28047   9.19378   2.06119   1.34644   2.09464   0.99515  
 37  0.0008   2022.084310  x:  0.00033   0.17403   0.07070   0.04535   0.01362   0.10795   0.03657   0.04269   0.13327   0.03949   0.19474   0.00247   0.18215   0.02556   0.05379   0.04569   0.05559   0.01997   0.06741   0.10795   0.02490   0.11960   0.28047   9.19398   2.06116   1.34643   2.09461   0.99514  
 38  0.0002   2022.084310  x:  0.00033   0.17403   0.07070   0.04535   0.01362   0.10795   0.03657   0.04269   0.13328   0.03949   0.19474   0.00247   0.18215   0.02556   0.05379   0.04569   0.05559   0.01997   0.06741   0.10795   0.02490   0.11960   0.28047   9.19399   2.06116   1.34643   2.09461   0.99514  
 39  0.0000   2022.084310  x:  0.00033   0.17403   0.07070   0.04535   0.01362   0.10795   0.03657   0.04269   0.13328   0.03949   0.19474   0.00247   0.18215   0.02556   0.05379   0.04569   0.05559   0.01997   0.06741   0.10795   0.02490   0.11960   0.28047   9.19398   2.06116   1.34643   2.09461   0.99514  

TREE # 2

  0  0.0000   2292.995812  x:  0.00033   0.17403   0.07070   0.04535   0.01362   0.10795   0.03657   0.04269   0.13328   0.03949   0.19474   0.00247   0.18215   0.02556   0.05379   0.04569   0.05559   0.01997   0.06741   0.10795   0.02490   0.11960   0.28047   9.19398   2.01402   1.20495   1.87737   0.99514  
  1 99.0000   2150.540364  x:  0.49255   0.17887   0.07789   0.07155   0.02134   0.10190   0.05262   0.04530   0.12888   0.04194   0.18833   0.04310   0.18481   0.07581   0.07700   0.04647   0.05970   0.06695   0.06622   0.10192   0.02124   0.11862   0.27234   9.19397   2.01378   1.20518   1.87790   0.99522  
  2 7965.9206   2091.462948  x:  0.48231   0.13158   0.11158   0.15214   0.02949   0.06255   0.10973   0.05551   0.10087   0.04743   0.14785   0.01107   0.13514   0.16171   0.14203   0.04361   0.07171   0.12211   0.05248   0.06646   0.00000   0.11294   0.22202   9.19406   2.01136   1.21025   1.87884   0.99483  
  3 516.5178   2080.851723  x:  0.47901   0.11534   0.12226   0.17786   0.03174   0.04926   0.12770   0.05862   0.09150   0.04913   0.13407   0.00204   0.11809   0.18912   0.16282   0.04254   0.07548   0.13972   0.04801   0.05471   0.01228   0.11124   0.20485   9.19408   2.01053   1.21200   1.87916   0.99469  
  4 5775.2070   2064.921183  x:  0.46593   0.07133   0.14499   0.23431   0.03410   0.01580   0.16538   0.06427   0.06848   0.05284   0.09815   0.05064   0.07190   0.24916   0.20861   0.03915   0.08324   0.17779   0.03765   0.02663   0.03228   0.10715   0.15864   9.19416   2.00828   1.21674   1.87998   0.99437  
  5 2214.2778   2040.284961  x:  0.46838   0.00323   0.13942   0.24162   0.02067   0.02048   0.15787   0.05838   0.05782   0.04444   0.05459   0.05187   0.00000   0.25855   0.21433   0.03258   0.08017   0.17848   0.04397   0.05124   0.03297   0.10565   0.08927   9.19427   2.00462   1.22431   1.88096   0.99390  
  6 321.5155   2039.424170  x:  0.46861   0.00000   0.13891   0.24129   0.02226   0.02058   0.15660   0.05829   0.05828   0.04475   0.05380   0.05165   0.00000   0.25838   0.21421   0.03309   0.07991   0.17786   0.04368   0.04892   0.03288   0.10571   0.08418   9.19428   2.00433   1.22487   1.88109   0.99387  
  7 240.5272   2038.232677  x:  0.46949   0.00000   0.13979   0.24047   0.01253   0.01640   0.15131   0.05867   0.05977   0.04630   0.05804   0.05034   0.00000   0.25796   0.21442   0.03399   0.07934   0.17493   0.04261   0.04036   0.03234   0.10623   0.06548   9.19433   2.00293   1.22746   1.88189   0.99389  
  8 165.2781   2037.622698  x:  0.46928   0.00000   0.14738   0.24304   0.01367   0.01998   0.14690   0.06094   0.05764   0.04568   0.07085   0.05107   0.00000   0.26043   0.21781   0.03045   0.08016   0.17219   0.04362   0.04549   0.03278   0.10708   0.04898   9.19444   2.00060   1.23171   1.88369   0.99421  
  9 61.0923   2037.494578  x:  0.46924   0.00000   0.15082   0.24395   0.01491   0.01606   0.14315   0.05958   0.05779   0.04464   0.06930   0.05103   0.00000   0.26120   0.21928   0.03240   0.08073   0.16971   0.04419   0.04852   0.03275   0.10752   0.04667   9.19454   1.99851   1.23557   1.88533   0.99449  
 10 23.3490   2037.283671  x:  0.46892   0.00000   0.15778   0.24679   0.01330   0.01977   0.13596   0.05748   0.05848   0.04355   0.06163   0.05136   0.00000   0.26406   0.22314   0.03488   0.08129   0.16490   0.04425   0.04985   0.03289   0.10821   0.04456   9.19480   1.99313   1.24554   1.88961   0.99517  
 11 39.7973   2037.207137  x:  0.46888   0.00000   0.15810   0.24737   0.01339   0.01913   0.13350   0.05774   0.05740   0.04475   0.05866   0.05122   0.00000   0.26494   0.22375   0.03004   0.07985   0.16316   0.04459   0.04970   0.03282   0.10802   0.04445   9.19498   1.98980   1.25183   1.89233   0.99555  
 12 23.7270   2037.032908  x:  0.46845   0.00000   0.14781   0.24863   0.01300   0.01914   0.13385   0.06202   0.05275   0.04601   0.05848   0.05134   0.00000   0.26782   0.22346   0.03275   0.07792   0.16304   0.04576   0.05155   0.03290   0.10588   0.04427   9.19580   1.97574   1.27881   1.90456   0.99704  
 13 16.6171   2036.912389  x:  0.46808   0.00000   0.14238   0.24959   0.01291   0.01913   0.13623   0.05984   0.05865   0.04334   0.05989   0.05159   0.00000   0.26958   0.22309   0.03140   0.07836   0.16456   0.04497   0.05268   0.03304   0.10613   0.04413   9.19652   1.96496   1.29995   1.91489   0.99821  
 14 37.9789   2036.837970  x:  0.46828   0.00000   0.14552   0.24816   0.01318   0.01946   0.13755   0.05521   0.05666   0.04515   0.06125   0.05137   0.00000   0.26738   0.22168   0.03130   0.08127   0.16568   0.04503   0.05132   0.03291   0.10881   0.04497   9.19717   1.95857   1.31379   1.92351   0.99904  
 15 16.9196   2036.771355  x:  0.46867   0.00000   0.15265   0.24596   0.01356   0.01903   0.13795   0.05986   0.05735   0.04399   0.06124   0.05116   0.00000   0.26364   0.22034   0.03153   0.08199   0.16646   0.04439   0.04972   0.03278   0.10965   0.04623   9.19796   1.95397   1.32577   1.93333   0.99988  
 16 17.3582   2036.737919  x:  0.46875   0.00000   0.15532   0.24546   0.01371   0.01912   0.13838   0.05907   0.05858   0.04606   0.06176   0.05112   0.00000   0.26255   0.22082   0.03251   0.07832   0.16645   0.04480   0.04976   0.03279   0.10609   0.04645   9.19862   1.95472   1.32889   1.94035   1.00023  
 17  6.7412   2036.678592  x:  0.46882   0.00000   0.15593   0.24465   0.01391   0.01917   0.13842   0.05720   0.05656   0.04199   0.06240   0.05092   0.00000   0.26166   0.22153   0.03255   0.07536   0.16572   0.04456   0.04809   0.03269   0.10367   0.04658   9.20006   1.95964   1.33102   1.95456   1.00067  
 18 10.3087   2035.844222  x:  0.46801   0.00000   0.14491   0.23661   0.01496   0.01910   0.13677   0.05879   0.05820   0.04517   0.05989   0.04963   0.00000   0.25754   0.22983   0.03228   0.07978   0.15681   0.04368   0.04543   0.03193   0.10890   0.04247   9.22286   2.04963   1.34879   2.17230   1.00620  
 19 33.4949   2035.629679  x:  0.46672   0.00000   0.14561   0.24060   0.01513   0.01939   0.12884   0.05830   0.05816   0.04517   0.05858   0.04926   0.00000   0.25902   0.21206   0.03225   0.08243   0.17016   0.04333   0.04510   0.03176   0.10403   0.04056   9.22921   2.08039   1.36147   2.20511   1.00452  
 20 15.3225   2035.364128  x:  0.46619   0.00000   0.14697   0.24410   0.01560   0.01951   0.13131   0.05823   0.05853   0.04552   0.05785   0.04894   0.00000   0.26188   0.19820   0.03484   0.07144   0.16868   0.04292   0.04474   0.03148   0.11504   0.03886   9.23773   2.12477   1.38642   2.22433   0.99979  
 21 18.1685   2034.675180  x:  0.46608   0.00000   0.14599   0.24134   0.01725   0.01969   0.13671   0.05872   0.06071   0.04504   0.05730   0.04777   0.00000   0.26458   0.18885   0.03485   0.07913   0.14858   0.05186   0.03845   0.03089   0.10757   0.03717   9.26085   2.24527   1.46081   2.25426   0.98528  
 22 44.2269   2034.297884  x:  0.46585   0.00000   0.14350   0.23594   0.01805   0.01979   0.13399   0.05831   0.05989   0.04673   0.05753   0.04695   0.00000   0.26246   0.19227   0.03489   0.08136   0.14437   0.03890   0.03880   0.03047   0.10434   0.03673   9.27277   2.30587   1.49907   2.26658   0.97818  
 23 105.1233   2033.871169  x:  0.46444   0.00000   0.13811   0.22402   0.01898   0.02030   0.12247   0.05800   0.06105   0.04678   0.05830   0.04613   0.00000   0.25361   0.21142   0.03544   0.07823   0.15723   0.04271   0.03640   0.02993   0.10892   0.03692   9.28745   2.37618   1.54413   2.27741   0.97120  
 24 63.1528   2033.798319  x:  0.46432   0.00000   0.13800   0.22186   0.01886   0.02016   0.12908   0.05806   0.06063   0.04659   0.05569   0.04602   0.00000   0.24557   0.21260   0.03515   0.07859   0.16061   0.04267   0.03715   0.02985   0.10826   0.03398   9.29012   2.38032   1.54632   2.27596   0.97404  
 25  6.3680   2033.217438  x:  0.46426   0.00000   0.12877   0.24960   0.02034   0.02087   0.12156   0.05762   0.06158   0.04722   0.05605   0.04464   0.00000   0.21578   0.21396   0.03543   0.07895   0.15444   0.04208   0.03345   0.02910   0.10895   0.03319   9.31312   2.34129   1.52516   2.23996   1.02693  
 26  5.0615   2031.654586  x:  0.45873   0.00000   0.12384   0.20416   0.02384   0.02176   0.11440   0.05652   0.06328   0.04801   0.05253   0.04120   0.00000   0.23784   0.19865   0.03820   0.07614   0.14956   0.04109   0.02738   0.02721   0.10892   0.02769   9.37529   2.20550   1.44884   2.13693   1.15389  
 27 26.6651   2030.068158  x:  0.45437   0.00000   0.11561   0.19889   0.02634   0.02253   0.10815   0.05616   0.06450   0.04864   0.04956   0.03804   0.00000   0.22114   0.18837   0.04029   0.07378   0.14249   0.04127   0.02425   0.02534   0.10920   0.02472   9.44001   2.00173   1.34005   2.04899   0.97248  
 28  8.3549   2030.065962  x:  0.45434   0.00058   0.11557   0.19886   0.02635   0.02253   0.10812   0.05616   0.06451   0.04864   0.04954   0.03802   0.00000   0.22105   0.18831   0.04030   0.07377   0.14246   0.04127   0.02423   0.02533   0.10920   0.02471   9.44032   2.00078   1.33954   2.04857   0.97164  
 29 15.5623   2027.375436  x:  0.43434   0.00282   0.10783   0.16435   0.03029   0.02435   0.10412   0.05359   0.06739   0.04765   0.04386   0.03187   0.00000   0.19075   0.16585   0.04253   0.07064   0.13434   0.04426   0.04136   0.02143   0.10781   0.03979   9.52036   1.97242   1.31616   2.01563   0.98743  
 30  0.3131   2027.374358  x:  0.43430   0.00282   0.10782   0.16430   0.03030   0.02435   0.10412   0.05359   0.06739   0.04764   0.04386   0.03186   0.00040   0.19070   0.16581   0.04254   0.07064   0.13433   0.04427   0.04139   0.02142   0.10780   0.03981   9.52049   1.97238   1.31612   2.01557   0.98746  
 31  5.7549   2025.005790  x:  0.37103   0.00178   0.12929   0.17644   0.02899   0.02617   0.09815   0.05285   0.06917   0.04496   0.07202   0.02803   0.00155   0.17086   0.15977   0.03853   0.06963   0.12112   0.04802   0.04897   0.01926   0.10887   0.03428   9.41758   2.09969   1.37495   2.09379   0.99077  
 32  0.1490   2022.710892  x:  0.27912   0.00164   0.12059   0.18276   0.02755   0.02749   0.11202   0.05303   0.06824   0.04325   0.06779   0.02657   0.00076   0.19420   0.16931   0.03645   0.07173   0.13243   0.04733   0.04766   0.01871   0.10907   0.03916   9.21490   2.12226   1.37195   2.12835   1.01020  
 33  0.1681   2022.206325  x:  0.27275   0.00248   0.12101   0.17839   0.02678   0.02613   0.10494   0.05376   0.06715   0.04587   0.05387   0.02244   0.00040   0.18899   0.17388   0.03947   0.07064   0.13197   0.04481   0.04303   0.01659   0.10832   0.03788   9.17481   2.06867   1.34736   2.10698   0.99575  
 34  0.0678   2022.128536  x:  0.28203   0.00284   0.11690   0.17965   0.02556   0.02519   0.10738   0.05397   0.06689   0.04614   0.05452   0.02091   0.00045   0.19371   0.17137   0.03986   0.07055   0.13179   0.04516   0.04194   0.01585   0.10799   0.03606   9.17593   2.05169   1.34184   2.09155   0.99382  
 35  0.0218   2022.099100  x:  0.27935   0.00254   0.11965   0.18127   0.02452   0.02513   0.10807   0.05361   0.06729   0.04562   0.05589   0.01939   0.00047   0.19389   0.17324   0.03956   0.07076   0.13319   0.04546   0.04183   0.01500   0.10798   0.03606   9.17077   2.06191   1.34808   2.09397   0.99449  
 36  0.0105   2022.094165  x:  0.28025   0.00241   0.11958   0.18304   0.02462   0.02549   0.10740   0.05372   0.06754   0.04560   0.05571   0.01936   0.00033   0.19480   0.17443   0.03947   0.07080   0.13281   0.04543   0.04260   0.01485   0.10808   0.03649   9.18385   2.06032   1.34591   2.09378   0.99560  
 37  0.0107   2022.091399  x:  0.28092   0.00246   0.11968   0.18180   0.02485   0.02572   0.10810   0.05386   0.06755   0.04570   0.05559   0.01921   0.00028   0.19458   0.17403   0.03946   0.07077   0.13340   0.04526   0.04285   0.01454   0.10803   0.03687   9.19785   2.06170   1.34605   2.09567   0.99489  
 38  0.0103   2022.087727  x:  0.28000   0.00253   0.11928   0.18191   0.02521   0.02576   0.10800   0.05366   0.06732   0.04577   0.05551   0.01939   0.00037   0.19526   0.17369   0.03952   0.07072   0.13324   0.04543   0.04311   0.01402   0.10792   0.03629   9.20647   2.06118   1.34685   2.09372   0.99562  
 39  0.0026   2022.085061  x:  0.28086   0.00248   0.11983   0.18257   0.02522   0.02558   0.10825   0.05374   0.06723   0.04569   0.05555   0.01987   0.00036   0.19474   0.17420   0.03949   0.07075   0.13335   0.04541   0.04262   0.01374   0.10791   0.03651   9.20315   2.06039   1.34671   2.09367   0.99516  
 40  0.0024   2022.084464  x:  0.28045   0.00247   0.11963   0.18215   0.02505   0.02551   0.10783   0.05384   0.06737   0.04567   0.05570   0.01991   0.00031   0.19487   0.17414   0.03947   0.07072   0.13332   0.04532   0.04259   0.01363   0.10797   0.03657   9.19622   2.06162   1.34667   2.09537   0.99510  
 41  0.0058   2022.084322  x:  0.28040   0.00246   0.11959   0.18220   0.02492   0.02553   0.10798   0.05379   0.06744   0.04568   0.05558   0.01996   0.00032   0.19473   0.17400   0.03949   0.07069   0.13326   0.04535   0.04267   0.01362   0.10795   0.03657   9.19299   2.06133   1.34634   2.09486   0.99516  
 42  0.0024   2022.084311  x:  0.28049   0.00247   0.11960   0.18214   0.02491   0.02555   0.10795   0.05379   0.06742   0.04569   0.05559   0.01997   0.00033   0.19474   0.17404   0.03949   0.07070   0.13328   0.04535   0.04270   0.01362   0.10795   0.03656   9.19343   2.06121   1.34641   2.09460   0.99514  
 43  0.0005   2022.084310  x:  0.28047   0.00247   0.11960   0.18216   0.02490   0.02555   0.10795   0.05379   0.06741   0.04569   0.05559   0.01997   0.00033   0.19474   0.17403   0.03949   0.07070   0.13328   0.04535   0.04269   0.01362   0.10795   0.03657   9.19374   2.06114   1.34642   2.09458   0.99513  
 44  0.0003   2022.084310  x:  0.28047   0.00247   0.11960   0.18215   0.02490   0.02556   0.10795   0.05379   0.06741   0.04569   0.05559   0.01997   0.00033   0.19474   0.17403   0.03949   0.07070   0.13327   0.04535   0.04269   0.01362   0.10795   0.03657   9.19388   2.06116   1.34643   2.09461   0.99514  
 45  0.0001   2022.084310  x:  0.28047   0.00247   0.11960   0.18215   0.02490   0.02556   0.10795   0.05379   0.06741   0.04569   0.05559   0.01997   0.00033   0.19474   0.17403   0.03949   0.07070   0.13328   0.04535   0.04269   0.01362   0.10795   0.03657   9.19395   2.06116   1.34643   2.09461   0.99514  
 46  0.0001   2022.084310  x:  0.28047   0.00247   0.11960   0.18215   0.02490   0.02556   0.10795   0.05379   0.06741   0.04569   0.05559   0.01997   0.00033   0.19474   0.17403   0.03949   0.07070   0.13328   0.04535   0.04269   0.01362   0.10795   0.03657   9.19398   2.06116   1.34643   2.09461   0.99514  
 47  0.0000   2022.084310  x:  0.28047   0.00247   0.11960   0.18215   0.02490   0.02556   0.10795   0.05379   0.06741   0.04569   0.05559   0.01997   0.00033   0.19474   0.17403   0.03949   0.07070   0.13328   0.04535   0.04269   0.01362   0.10795   0.03657   9.19398   2.06116   1.34643   2.09461   0.99514  
 48  0.0000   2022.084310  x:  0.28047   0.00247   0.11960   0.18215   0.02490   0.02556   0.10795   0.05379   0.06741   0.04569   0.05559   0.01997   0.00033   0.19474   0.17403   0.03949   0.07070   0.13328   0.04535   0.04269   0.01362   0.10795   0.03657   9.19398   2.06116   1.34643   2.09461   0.99514  
 49  0.0000   2022.084310  x:  0.28047   0.00247   0.11960   0.18215   0.02490   0.02556   0.10795   0.05379   0.06741   0.04569   0.05559   0.01997   0.00033   0.19474   0.17403   0.03949   0.07070   0.13328   0.04535   0.04269   0.01362   0.10795   0.03657   9.19398   2.06116   1.34643   2.09461   0.99514  
 50  0.0000   2022.084310  x:  0.28047   0.00247   0.11960   0.18215   0.02490   0.02556   0.10795   0.05379   0.06741   0.04569   0.05559   0.01997   0.00033   0.19474   0.17403   0.03949   0.07070   0.13328   0.04535   0.04269   0.01362   0.10795   0.03657   9.19399   2.06116   1.34643   2.09461   0.99514  
 51  0.0000   2022.084310  x:  0.28047   0.00247   0.11960   0.18215   0.02490   0.02556   0.10795   0.05379   0.06741   0.04569   0.05559   0.01997   0.00033   0.19474   0.17403   0.03949   0.07070   0.13328   0.04535   0.04269   0.01362   0.10795   0.03657   9.19399   2.06116   1.34643   2.09461   0.99514  