

TREE # 1

  0  0.0000   2077.653826  x:  0.01972   0.20925   0.02571   0.03211   0.02495   0.05815   0.02188   0.05666   0.08536   0.02661   0.17168   0.01972   0.20925   0.02571   0.03211   0.02495   0.05815   0.02188   0.05666   0.08536   0.02661   0.17168   0.21568   8.40433   1.65791   1.15889   1.28266   1.00000  
  1 99.0000   2052.853021  x:  0.00992   0.20580   0.02220   0.03048   0.03064   0.05762   0.01140   0.05147   0.09438   0.02384   0.17585   0.00000   0.20482   0.01217   0.09668   0.05920   0.04902   0.00664   0.07825   0.08712   0.04066   0.18099   0.22248   8.40427   1.65771   1.15850   1.28423   1.00098  
  2 562.0194   2050.132556  x:  0.00420   0.20305   0.02202   0.03011   0.03066   0.05742   0.01386   0.04883   0.09910   0.02405   0.17915   0.00000   0.20187   0.00000   0.09815   0.05736   0.04387   0.01074   0.08379   0.08644   0.03783   0.18789   0.22784   8.40422   1.65748   1.15832   1.28542   1.00181  
  3 170.6384   2049.147855  x:  0.00000   0.20064   0.02206   0.02998   0.03041   0.05728   0.01276   0.04741   0.10218   0.02432   0.18191   0.00000   0.19934   0.00000   0.09715   0.05513   0.04072   0.00754   0.08636   0.08612   0.03719   0.19367   0.23256   8.40417   1.65726   1.15814   1.28645   1.00259  
  4 266.1851   2047.899850  x:  0.00000   0.19212   0.02199   0.03026   0.03072   0.05732   0.00620   0.04915   0.10635   0.02430   0.19371   0.00000   0.18853   0.00000   0.09341   0.05475   0.04474   0.01183   0.08602   0.08638   0.04915   0.21407   0.25163   8.40395   1.65613   1.15706   1.29113   1.00645  
  5 113.5406   2046.940089  x:  0.00000   0.18309   0.02187   0.03050   0.03140   0.05755   0.01410   0.05180   0.10886   0.02417   0.20602   0.00000   0.17654   0.00000   0.09028   0.05626   0.05040   0.01089   0.08386   0.08763   0.06233   0.23463   0.27168   8.40371   1.65486   1.15581   1.29638   1.01084  
  6 350.5869   2046.430328  x:  0.00000   0.17599   0.02160   0.02846   0.02971   0.05759   0.01376   0.05088   0.09869   0.02447   0.21223   0.00000   0.16135   0.00000   0.08999   0.06350   0.05023   0.01131   0.08015   0.09818   0.05280   0.23923   0.28354   8.40338   1.65348   1.15426   1.30378   1.01711  
  7 37.3599   2046.209306  x:  0.00000   0.17236   0.02296   0.03407   0.03491   0.05743   0.01381   0.05054   0.09675   0.02383   0.21335   0.00000   0.15214   0.00000   0.09240   0.05979   0.04793   0.01225   0.08184   0.09944   0.05257   0.23465   0.28728   8.40300   1.65233   1.15260   1.31199   1.02410  
  8 21.2164   2045.846051  x:  0.00000   0.16763   0.02003   0.02999   0.02999   0.05728   0.01439   0.04955   0.09915   0.02245   0.21399   0.00000   0.14032   0.00000   0.09568   0.05479   0.04426   0.01417   0.08639   0.09775   0.05511   0.22532   0.29119   8.40222   1.65031   1.14946   1.32844   1.03813  
  9 40.6352   2045.618493  x:  0.00000   0.16591   0.02468   0.02764   0.02983   0.05722   0.01462   0.04823   0.10454   0.02790   0.21430   0.00000   0.13875   0.00000   0.09542   0.05789   0.04292   0.01536   0.08925   0.09563   0.05388   0.22261   0.29243   8.40156   1.64913   1.14718   1.34154   1.04938  
 10 39.5463   2045.208231  x:  0.00000   0.16487   0.01998   0.02856   0.03359   0.05712   0.01467   0.04622   0.11430   0.02453   0.21501   0.00000   0.14532   0.00000   0.09418   0.06526   0.04184   0.01702   0.09246   0.09234   0.04666   0.22514   0.29293   8.40025   1.64766   1.14351   1.36597   1.07058  
 11 53.5288   2044.866374  x:  0.00000   0.16642   0.02284   0.03232   0.02815   0.05697   0.01507   0.04695   0.11385   0.02286   0.21582   0.00000   0.15734   0.00000   0.10166   0.06163   0.04005   0.01921   0.09277   0.09100   0.04002   0.23526   0.29197   8.39901   1.64759   1.14180   1.38667   1.08925  
 12 45.9924   2044.743807  x:  0.00000   0.16776   0.02140   0.02871   0.03117   0.05690   0.01515   0.04642   0.11070   0.02510   0.21591   0.00000   0.16206   0.00000   0.10503   0.05828   0.03866   0.02009   0.09271   0.08988   0.03831   0.24045   0.29109   8.39849   1.64828   1.14221   1.39377   1.09614  
 13 42.6274   2044.719025  x:  0.00000   0.16875   0.02168   0.02895   0.03096   0.05690   0.01523   0.04437   0.10825   0.02466   0.21520   0.00000   0.16147   0.00000   0.10435   0.05921   0.03780   0.02028   0.09425   0.08781   0.03896   0.24254   0.28986   8.39824   1.65027   1.14498   1.39389   1.09763  
 14  7.6437   2044.689279  x:  0.00000   0.16999   0.02126   0.02915   0.03086   0.05689   0.01524   0.04677   0.10802   0.02511   0.21394   0.00000   0.15902   0.00000   0.10438   0.05956   0.03845   0.02030   0.09666   0.08653   0.03780   0.24540   0.28778   8.39771   1.65534   1.15190   1.39237   1.09954  
 15  8.9726   2044.642553  x:  0.00000   0.17066   0.02237   0.02828   0.03141   0.05697   0.01536   0.04518   0.11100   0.02388   0.21283   0.00000   0.15671   0.00000   0.10546   0.05891   0.03850   0.02088   0.09576   0.08899   0.03747   0.24825   0.28539   8.39663   1.66593   1.16586   1.38873   1.10254  
 16 14.3360   2044.621636  x:  0.00000   0.17021   0.02102   0.02936   0.03088   0.05696   0.01546   0.04467   0.11180   0.02543   0.21313   0.00000   0.15693   0.00000   0.10575   0.05909   0.03728   0.02126   0.09512   0.08995   0.03782   0.24852   0.28538   8.39606   1.67145   1.17260   1.38712   1.10386  
 17 20.8300   2044.588031  x:  0.00000   0.16760   0.02170   0.02880   0.03117   0.05684   0.01550   0.04595   0.11115   0.02465   0.21573   0.00000   0.16015   0.00000   0.10592   0.05959   0.03566   0.02155   0.09607   0.08912   0.03746   0.24631   0.28865   8.39489   1.68223   1.18397   1.38524   1.10588  
 18 13.5260   2044.574835  x:  0.00000   0.16682   0.02149   0.02894   0.03105   0.05692   0.01547   0.04493   0.11097   0.02498   0.21679   0.00000   0.16131   0.00000   0.10646   0.05917   0.03740   0.02141   0.09692   0.08827   0.03653   0.24522   0.29046   8.39434   1.68703   1.18826   1.38512   1.10664  
 19 16.2895   2044.549262  x:  0.00000   0.17163   0.02152   0.02904   0.03105   0.05759   0.01540   0.04499   0.11147   0.02485   0.21618   0.00000   0.16076   0.00000   0.10719   0.05930   0.03691   0.02127   0.09501   0.08635   0.03585   0.24425   0.29476   8.39233   1.70108   1.19287   1.39267   1.10762  
 20  3.7232   2044.507635  x:  0.00000   0.17366   0.02149   0.02900   0.03106   0.05468   0.01545   0.04509   0.11101   0.02484   0.21436   0.00000   0.16123   0.00000   0.10632   0.05925   0.03741   0.02098   0.09729   0.08956   0.03750   0.24401   0.29663   8.38862   1.72490   1.19898   1.40847   1.10904  
 21 13.0385   2044.462059  x:  0.00000   0.17108   0.02147   0.02893   0.03109   0.05900   0.01539   0.04534   0.11056   0.02487   0.21338   0.00000   0.16108   0.00000   0.10592   0.05928   0.03776   0.02065   0.09806   0.09099   0.03878   0.24456   0.29505   8.38429   1.75099   1.20572   1.42726   1.11042  
 22 28.4891   2044.420157  x:  0.00000   0.16626   0.02148   0.02889   0.03108   0.05694   0.01528   0.04546   0.11065   0.02490   0.21443   0.00000   0.15962   0.00000   0.10678   0.05950   0.03791   0.02032   0.09503   0.08815   0.03855   0.24545   0.29123   8.38020   1.77321   1.21233   1.44467   1.11140  
 23 27.3998   2044.402094  x:  0.00000   0.16848   0.02148   0.02894   0.03110   0.05705   0.01522   0.04550   0.11064   0.02485   0.22044   0.00000   0.15899   0.00000   0.10666   0.05946   0.03803   0.01991   0.09539   0.08865   0.03893   0.24486   0.28862   8.37773   1.77574   1.21827   1.45259   1.11084  
 24  3.0578   2044.326212  x:  0.00000   0.16795   0.02150   0.02904   0.03116   0.05710   0.01506   0.04591   0.11036   0.02476   0.21610   0.00000   0.15975   0.00000   0.10721   0.05974   0.03876   0.01897   0.09466   0.08833   0.04004   0.24480   0.29160   8.36544   1.76841   1.24877   1.48228   1.10577  
 25  3.8590   2043.146739  x:  0.00000   0.15989   0.02092   0.02892   0.03178   0.05690   0.01361   0.04495   0.11893   0.02443   0.22509   0.00000   0.15274   0.00000   0.12700   0.06227   0.03728   0.00983   0.10408   0.08450   0.04341   0.26250   0.30866   8.13906   1.74775   1.21786   1.45454   1.01274  
 26  0.9428   2042.954652  x:  0.00000   0.16002   0.02083   0.02904   0.03187   0.05697   0.01308   0.04549   0.11909   0.02434   0.22536   0.00000   0.15216   0.00000   0.12885   0.06262   0.03826   0.00694   0.10366   0.08411   0.04574   0.26321   0.31014   8.10031   1.73901   1.21394   1.43944   1.07245  
 27  4.2608   2042.869745  x:  0.00000   0.15903   0.02103   0.02896   0.03148   0.05680   0.01278   0.04430   0.11930   0.02464   0.22324   0.00000   0.15428   0.00000   0.13137   0.06222   0.03565   0.00887   0.10464   0.08586   0.04306   0.26572   0.30941   8.10293   1.73344   1.21000   1.42898   1.10082  
 28  0.0425   2042.854656  x:  0.00000   0.15890   0.02121   0.02892   0.03133   0.05670   0.01231   0.04390   0.11901   0.02480   0.22241   0.00000   0.15495   0.00000   0.13235   0.06202   0.03499   0.00804   0.10515   0.08657   0.04128   0.26616   0.30863   8.11559   1.73482   1.21156   1.43172   1.09889  
 29  0.0184   2042.853417  x:  0.00000   0.15937   0.02123   0.02888   0.03132   0.05674   0.01214   0.04406   0.11914   0.02481   0.22217   0.00000   0.15526   0.00000   0.13256   0.06170   0.03536   0.00796   0.10519   0.08603   0.04116   0.26609   0.30820   8.12733   1.73457   1.21188   1.42960   1.09954  
 30  0.0116   2042.853373  x:  0.00000   0.15936   0.02120   0.02889   0.03135   0.05676   0.01209   0.04406   0.11917   0.02479   0.22221   0.00000   0.15518   0.00000   0.13253   0.06171   0.03533   0.00799   0.10519   0.08604   0.04121   0.26597   0.30816   8.13006   1.73480   1.21203   1.42994   1.09951  
 31  0.0020   2042.853372  x:  0.00000   0.15935   0.02121   0.02889   0.03134   0.05675   0.01208   0.04406   0.11917   0.02480   0.22221   0.00000   0.15519   0.00000   0.13254   0.06172   0.03533   0.00799   0.10520   0.08605   0.04122   0.26598   0.30818   8.12993   1.73474   1.21195   1.42990   1.09946  
 32  0.0001   2042.853372  x:  0.00000   0.15935   0.02121   0.02889   0.03134   0.05675   0.01208   0.04406   0.11916   0.02480   0.22221   0.00000   0.15519   0.00000   0.13254   0.06172   0.03533   0.00799   0.10520   0.08605   0.04122   0.26599   0.30819   8.12982   1.73474   1.21196   1.42991   1.09946  
 33  0.0001   2042.853372  x:  0.00000   0.15935   0.02121   0.02889   0.03134   0.05675   0.01208   0.04406   0.11916   0.02480   0.22221   0.00000   0.15519   0.00000   0.13254   0.06172   0.03533   0.00799   0.10520   0.08605   0.04122   0.26599   0.30819   8.12981   1.73474   1.21196   1.42991   1.09946  
 34  0.0000   2042.853372  x:  0.00000   0.15935   0.02121   0.02889   0.03134   0.05675   0.01208   0.04406   0.11916   0.02480   0.22221   0.00000   0.15519   0.00000   0.13254   0.06172   0.03533   0.00799   0.10520   0.08605   0.04122   0.26599   0.30819   8.12981   1.73474   1.21196   1.42991   1.09946  
 35  0.0000   2042.853372  x:  0.00000   0.15935   0.02121   0.02889   0.03134   0.05675   0.01208   0.04406   0.11916   0.02480   0.22221   0.00000   0.15519   0.00000   0.13254   0.06172   0.03533   0.00799   0.10520   0.08605   0.04122   0.26599   0.30819   8.12981   1.73474   1.21196   1.42991   1.09946  

TREE # 2

  0  0.0000   2502.288742  x:  0.00000   0.15935   0.02121   0.02889   0.03134   0.05675   0.01208   0.04406   0.11916   0.02480   0.22221   0.00000   0.15519   0.00000   0.13254   0.06172   0.03533   0.00799   0.10520   0.08605   0.04122   0.26599   0.30819   8.12981   1.70181   1.10471   1.30504   1.09946  
  1 99.0000   2244.122043  x:  0.32071   0.16210   0.05869   0.05079   0.03301   0.05415   0.03482   0.05189   0.11899   0.03142   0.21891   0.13717   0.16281   0.36345   0.13975   0.05953   0.03486   0.05583   0.10291   0.08402   0.03912   0.26298   0.30445   8.12980   1.70164   1.10478   1.30523   1.09950  
  2 18985.3425   2138.817686  x:  0.32417   0.09646   0.29761   0.19757   0.06519   0.00000   0.15379   0.14993   0.11427   0.07119   0.15908   0.07453   0.10512   0.34952   0.14199   0.01365   0.00439   0.13897   0.05049   0.04733   0.00175   0.20758   0.23554   8.13002   1.69892   1.11287   1.30674   1.09901  
  3 775.4856   2103.689378  x:  0.34509   0.01394   0.37802   0.23416   0.05631   0.00000   0.17194   0.17589   0.10611   0.07520   0.08543   0.00396   0.03330   0.35059   0.14439   0.05730   0.12932   0.16446   0.01394   0.03071   0.06462   0.14824   0.15525   8.13032   1.69550   1.12267   1.30845   1.09872  
  4 596.9245   2096.202224  x:  0.34684   0.00000   0.38161   0.23362   0.05339   0.00000   0.16913   0.17555   0.10536   0.07408   0.07496   0.00539   0.02188   0.34899   0.14436   0.05538   0.13152   0.16443   0.01498   0.03341   0.06424   0.13860   0.14138   8.13036   1.69503   1.12419   1.30868   1.09859  
  5 484.5918   2091.499491  x:  0.35017   0.00000   0.38409   0.23193   0.05054   0.00000   0.16499   0.17448   0.10469   0.07273   0.06437   0.00059   0.00983   0.34871   0.14441   0.05221   0.13150   0.16381   0.01541   0.03457   0.06255   0.12801   0.12531   8.13041   1.69453   1.12581   1.30897   1.09844  
  6 2562.8262   2086.789200  x:  0.35273   0.00000   0.38564   0.22946   0.04996   0.00000   0.15996   0.17326   0.10433   0.07196   0.05719   0.00083   0.00000   0.34727   0.14484   0.04963   0.13117   0.16244   0.00999   0.02671   0.06138   0.11796   0.10734   8.13045   1.69406   1.12717   1.30942   1.09832  
  7 881.8492   2079.878017  x:  0.36020   0.00000   0.39523   0.22448   0.06143   0.00000   0.14647   0.17279   0.10510   0.07447   0.05795   0.00092   0.00000   0.34142   0.14970   0.04866   0.13412   0.16084   0.02688   0.00997   0.06356   0.09187   0.04224   8.13057   1.69283   1.12968   1.31185   1.09815  
  8 372.4855   2076.065503  x:  0.36391   0.00000   0.39991   0.22187   0.06856   0.00000   0.13984   0.17271   0.10575   0.07621   0.06154   0.00087   0.00000   0.33842   0.15235   0.04859   0.13501   0.15968   0.02563   0.01270   0.06513   0.08028   0.00912   8.13063   1.69227   1.13064   1.31323   1.09810  
  9 861.5383   2073.702770  x:  0.37622   0.00000   0.41874   0.21269   0.07258   0.00000   0.12036   0.17027   0.10576   0.07570   0.05065   0.00073   0.00000   0.32663   0.15763   0.04308   0.13719   0.15664   0.02757   0.01536   0.06798   0.04639   0.01631   8.13087   1.68991   1.13552   1.31808   1.09779  
 10 56.5782   2071.947880  x:  0.39087   0.00000   0.44309   0.20141   0.05709   0.00000   0.10488   0.16596   0.10402   0.06945   0.02944   0.00063   0.00000   0.31215   0.15859   0.03613   0.14165   0.15377   0.03082   0.01580   0.06610   0.05687   0.01452   8.13127   1.68663   1.14336   1.32443   1.09717  
 11 65.9825   2071.483167  x:  0.39757   0.00000   0.45396   0.19611   0.04161   0.00000   0.10187   0.16380   0.10242   0.06519   0.03558   0.00057   0.00000   0.30586   0.15526   0.03339   0.14552   0.15219   0.03120   0.01550   0.06231   0.05513   0.01383   8.13154   1.68469   1.14919   1.32750   1.09659  
 12 56.8413   2071.214973  x:  0.40757   0.00000   0.46255   0.18483   0.04703   0.00000   0.10205   0.16223   0.10257   0.06825   0.03691   0.00057   0.00000   0.29775   0.14298   0.03732   0.15005   0.14620   0.03137   0.01589   0.05199   0.05658   0.01457   8.13232   1.68058   1.16432   1.33436   1.09469  
 13 18.3968   2071.040569  x:  0.41348   0.00000   0.46687   0.17337   0.05051   0.00000   0.10898   0.16017   0.10432   0.06717   0.03775   0.00058   0.00000   0.29260   0.13735   0.03328   0.14633   0.14507   0.03160   0.01594   0.06151   0.05743   0.01453   8.13345   1.67730   1.18151   1.34394   1.09191  
 14 16.5423   2070.895911  x:  0.41323   0.00000   0.46869   0.16673   0.04927   0.00000   0.11318   0.15723   0.10388   0.06721   0.03708   0.00060   0.00000   0.29205   0.14293   0.04239   0.13988   0.14890   0.03140   0.01592   0.06300   0.05690   0.01444   8.13501   1.67654   1.19905   1.35679   1.08813  
 15 14.3441   2070.476293  x:  0.40125   0.00000   0.46694   0.17107   0.05234   0.00000   0.10292   0.15157   0.09972   0.06772   0.03967   0.00067   0.00000   0.30100   0.15286   0.03469   0.14378   0.15830   0.03101   0.01643   0.06010   0.05973   0.01513   8.14087   1.68423   1.24849   1.40114   1.07488  
 16 15.8603   2069.981843  x:  0.38814   0.00000   0.45288   0.18511   0.04506   0.00000   0.10856   0.15732   0.11173   0.07011   0.03613   0.00074   0.00000   0.31245   0.14783   0.03303   0.14532   0.14897   0.03231   0.01677   0.05646   0.05668   0.01466   8.14853   1.70625   1.29515   1.45235   1.05945  
 17 31.6939   2069.640731  x:  0.38822   0.00000   0.44591   0.19343   0.04541   0.00000   0.10864   0.16615   0.09979   0.05983   0.03524   0.00086   0.00000   0.31263   0.14264   0.03645   0.14109   0.14212   0.03305   0.01706   0.05761   0.05580   0.01448   8.15414   1.73277   1.31468   1.48088   1.05084  
 18 27.3091   2068.889903  x:  0.40209   0.00000   0.43546   0.19901   0.03770   0.00000   0.09898   0.17897   0.08976   0.07806   0.03564   0.00108   0.00000   0.29950   0.14060   0.03836   0.13115   0.14042   0.03352   0.01771   0.06512   0.05771   0.01470   8.16798   1.81243   1.34133   1.53587   1.03518  
 19 37.8238   2067.598228  x:  0.42631   0.00000   0.42634   0.19802   0.04118   0.00000   0.09356   0.18042   0.11367   0.06381   0.03782   0.00152   0.00000   0.27464   0.14983   0.03850   0.12682   0.15152   0.03299   0.01897   0.06088   0.06054   0.01540   8.19234   1.95838   1.37445   1.61748   1.01462  
 20 77.1147   2066.654462  x:  0.42279   0.00000   0.42512   0.18235   0.04492   0.00000   0.11901   0.14985   0.10263   0.06690   0.03529   0.00180   0.00000   0.27458   0.15274   0.02971   0.13273   0.15205   0.03362   0.01981   0.05123   0.05752   0.01495   8.21036   2.06116   1.39087   1.65662   1.01218  
 21 46.6428   2065.687783  x:  0.39272   0.00000   0.45297   0.16012   0.04598   0.00000   0.10764   0.13020   0.10786   0.06555   0.03596   0.00208   0.00000   0.29962   0.13354   0.03728   0.11998   0.14222   0.03435   0.02054   0.05868   0.05830   0.01478   8.22913   2.14579   1.40891   1.66646   1.03041  
 22 28.3722   2065.139660  x:  0.37936   0.00000   0.45416   0.13618   0.04467   0.00000   0.10796   0.15164   0.10764   0.06471   0.03552   0.00225   0.00000   0.31023   0.13769   0.03298   0.12130   0.14244   0.03469   0.02114   0.05418   0.05833   0.01492   8.24038   2.17284   1.42196   1.65573   1.05411  
 23 19.8899   2061.220827  x:  0.39146   0.00000   0.38707   0.17535   0.03381   0.00000   0.10321   0.15030   0.10920   0.06284   0.03234   0.00333   0.00000   0.28706   0.13986   0.03365   0.09463   0.16235   0.03696   0.02523   0.05082   0.05802   0.01496   8.32628   2.20809   1.53562   1.48906   1.29576  
 24 18.2452   2060.288837  x:  0.39797   0.00000   0.38725   0.18381   0.03404   0.00000   0.10247   0.14717   0.11120   0.06328   0.03451   0.00361   0.00000   0.28200   0.16815   0.03037   0.08947   0.12672   0.03757   0.02613   0.05201   0.06150   0.01559   8.34628   2.19081   1.53465   1.47028   1.33836  
 25 26.9278   2051.394362  x:  0.39830   0.00000   0.33559   0.15897   0.02524   0.00000   0.09536   0.13033   0.11189   0.05777   0.03021   0.00610   0.00000   0.26057   0.15458   0.02969   0.03385   0.12410   0.03864   0.03266   0.04563   0.05955   0.01323   8.52720   1.79976   1.20854   1.51753   1.56643  
 26 22.2583   2047.714693  x:  0.39055   0.00000   0.30967   0.15330   0.02200   0.00000   0.09028   0.12934   0.11271   0.05705   0.02932   0.00690   0.00000   0.25810   0.15697   0.02885   0.01216   0.12199   0.03912   0.03577   0.04308   0.05988   0.01293   8.60565   1.64375   1.13356   1.32807   1.29942  
 27 12.7285   2045.181375  x:  0.37916   0.00000   0.29119   0.15018   0.03424   0.00000   0.08797   0.12977   0.11030   0.05900   0.03154   0.00678   0.00000   0.26281   0.15609   0.02068   0.02359   0.12302   0.03645   0.03726   0.02693   0.05707   0.01049   8.59108   1.62684   1.13729   1.29539   1.10947  
 28  0.6149   2044.421287  x:  0.37043   0.00000   0.27492   0.15067   0.04340   0.00000   0.08933   0.13079   0.10798   0.06125   0.03413   0.00628   0.00000   0.26684   0.15401   0.02244   0.01602   0.12311   0.03321   0.03739   0.02738   0.05630   0.01016   8.54293   1.73696   1.20458   1.38995   1.13131  
 29  0.8704   2044.071551  x:  0.36161   0.00000   0.27635   0.14877   0.04361   0.00000   0.09017   0.13252   0.10631   0.06225   0.03612   0.00609   0.00000   0.27033   0.14981   0.02516   0.01905   0.12269   0.03137   0.03844   0.03134   0.05857   0.01429   8.40178   1.74745   1.21449   1.41302   1.07268  
 30  0.2820   2043.699586  x:  0.35262   0.00000   0.27645   0.14294   0.04322   0.00000   0.08295   0.13036   0.10396   0.06269   0.03667   0.00624   0.00000   0.26256   0.14825   0.02402   0.02312   0.11810   0.02866   0.04072   0.03093   0.05497   0.01195   8.12030   1.74823   1.22258   1.46881   1.09405  
 31  0.2480   2043.342398  x:  0.33805   0.00000   0.25165   0.14982   0.04108   0.00000   0.08944   0.12827   0.10423   0.06081   0.03621   0.00677   0.00000   0.24601   0.15681   0.02498   0.02335   0.11967   0.02730   0.04514   0.02886   0.05734   0.01201   7.92376   1.74705   1.22629   1.46400   1.09020  
 32  0.1196   2043.121516  x:  0.32875   0.00000   0.25502   0.14811   0.04231   0.00000   0.08657   0.12664   0.10555   0.06037   0.03489   0.00724   0.00000   0.23315   0.15936   0.02482   0.02190   0.11866   0.02830   0.04758   0.03498   0.05676   0.01074   7.94602   1.74301   1.22204   1.43308   1.08271  
 33  0.0502   2042.990750  x:  0.31776   0.00000   0.26010   0.14833   0.04182   0.00000   0.08340   0.12878   0.10622   0.06053   0.03477   0.00760   0.00000   0.22936   0.15839   0.02624   0.02102   0.11729   0.02923   0.04879   0.03234   0.05765   0.01294   8.07747   1.73300   1.20785   1.41769   1.10977  
 34  0.1713   2042.907385  x:  0.30980   0.00000   0.26271   0.15487   0.03955   0.00000   0.08461   0.13415   0.10540   0.06231   0.03541   0.00763   0.00000   0.22773   0.15855   0.02435   0.02168   0.11871   0.02927   0.04827   0.03153   0.05639   0.01206   8.21341   1.73410   1.20881   1.42456   1.10233  
 35  0.0989   2042.881763  x:  0.31176   0.00000   0.26763   0.15444   0.04078   0.00000   0.08659   0.13257   0.10494   0.06195   0.03552   0.00761   0.00000   0.22329   0.15842   0.02539   0.02126   0.11955   0.02891   0.04742   0.03092   0.05622   0.01182   8.20212   1.73453   1.21144   1.43082   1.09835  
 36  0.0158   2042.871552  x:  0.31066   0.00000   0.26811   0.15555   0.04157   0.00000   0.08677   0.13207   0.10501   0.06155   0.03545   0.00760   0.00000   0.22271   0.15930   0.02423   0.02110   0.11969   0.02876   0.04670   0.03142   0.05669   0.01222   8.15856   1.73565   1.21340   1.43344   1.10110  
 37  0.0504   2042.862707  x:  0.30796   0.00000   0.26790   0.15649   0.04174   0.00000   0.08597   0.13282   0.10554   0.06159   0.03524   0.00759   0.00000   0.22350   0.15967   0.02493   0.02093   0.11920   0.02878   0.04557   0.03127   0.05681   0.01201   8.09772   1.73742   1.21521   1.43161   1.09751  
 38  0.0473   2042.855887  x:  0.30833   0.00000   0.26645   0.15495   0.04135   0.00000   0.08630   0.13301   0.10546   0.06210   0.03529   0.00764   0.00000   0.22201   0.15904   0.02468   0.02113   0.11933   0.02902   0.04437   0.03118   0.05672   0.01209   8.09350   1.73485   1.21187   1.42834   1.09924  
 39  0.0047   2042.854399  x:  0.30802   0.00000   0.26594   0.15528   0.04115   0.00000   0.08603   0.13238   0.10525   0.06164   0.03542   0.00766   0.00000   0.22206   0.15940   0.02478   0.02122   0.11920   0.02897   0.04408   0.03130   0.05672   0.01207   8.12360   1.73343   1.21084   1.42872   1.09953  
 40  0.0247   2042.854228  x:  0.30800   0.00000   0.26594   0.15511   0.04121   0.00000   0.08604   0.13246   0.10526   0.06173   0.03538   0.00767   0.00000   0.22204   0.15940   0.02480   0.02121   0.11906   0.02891   0.04407   0.03137   0.05676   0.01209   8.13390   1.73485   1.21217   1.42994   1.09955  
 41  0.0062   2042.853986  x:  0.30795   0.00000   0.26579   0.15516   0.04135   0.00000   0.08603   0.13260   0.10530   0.06177   0.03535   0.00775   0.00000   0.22212   0.15933   0.02486   0.02116   0.11932   0.02888   0.04406   0.03141   0.05678   0.01208   8.13696   1.73362   1.21132   1.42997   1.10007  
 42  0.0010   2042.853463  x:  0.30809   0.00000   0.26594   0.15515   0.04127   0.00000   0.08597   0.13248   0.10530   0.06166   0.03529   0.00795   0.00000   0.22218   0.15930   0.02477   0.02118   0.11929   0.02890   0.04404   0.03124   0.05676   0.01209   8.13324   1.73516   1.21210   1.43039   1.09919  
 43  0.0021   2042.853378  x:  0.30819   0.00000   0.26597   0.15521   0.04125   0.00000   0.08608   0.13252   0.10523   0.06171   0.03533   0.00798   0.00000   0.22221   0.15936   0.02480   0.02122   0.11913   0.02891   0.04405   0.03132   0.05675   0.01208   8.13063   1.73487   1.21199   1.42999   1.09964  
 44  0.0033   2042.853372  x:  0.30819   0.00000   0.26598   0.15518   0.04123   0.00000   0.08605   0.13254   0.10520   0.06172   0.03533   0.00799   0.00000   0.22221   0.15936   0.02480   0.02121   0.11916   0.02890   0.04406   0.03134   0.05675   0.01208   8.12986   1.73475   1.21196   1.42990   1.09942  
 45  0.0009   2042.853372  x:  0.30819   0.00000   0.26599   0.15519   0.04122   0.00000   0.08605   0.13254   0.10520   0.06171   0.03533   0.00799   0.00000   0.22221   0.15935   0.02480   0.02121   0.11916   0.02889   0.04406   0.03134   0.05675   0.01208   8.12981   1.73475   1.21197   1.42991   1.09946  
 46  0.0001   2042.853372  x:  0.30818   0.00000   0.26599   0.15519   0.04122   0.00000   0.08605   0.13254   0.10520   0.06172   0.03533   0.00799   0.00000   0.22221   0.15935   0.02480   0.02121   0.11916   0.02889   0.04406   0.03134   0.05675   0.01208   8.12981   1.73474   1.21196   1.42991   1.09946  
 47  0.0000   2042.853372  x:  0.30819   0.00000   0.26599   0.15519   0.04122   0.00000   0.08605   0.13254   0.10520   0.06172   0.03533   0.00799   0.00000   0.22221   0.15935   0.02480   0.02121   0.11916   0.02889   0.04406   0.03134   0.05675   0.01208   8.12981   1.73474   1.21196   1.42991   1.09946  
 48  0.0000   2042.853372  x:  0.30819   0.00000   0.26599   0.15519   0.04122   0.00000   0.08605   0.13254   0.10520   0.06172   0.03533   0.00799   0.00000   0.22221   0.15935   0.02480   0.02121   0.11916   0.02889   0.04406   0.03134   0.05675   0.01208   8.12981   1.73474   1.21196   1.42991   1.09946  