

TREE # 1

  0  0.0000   2218.753918  x:  0.08120   0.00000   0.11649   0.01721   0.06476   0.05637   0.06292   0.04676   0.08871   0.07324   0.06819   0.10317   0.00324   0.05804   0.01685   0.06072   0.05597   0.06361   0.05732   0.04849   0.11953   0.07723   0.15070   0.09982   2.00000   1.26700   0.91525   1.14927   0.40000  
  1 99.0000   2218.752718  x:  0.08120   0.00000   0.11649   0.01721   0.06476   0.05637   0.06292   0.04676   0.08871   0.07324   0.06819   0.10317   0.00324   0.05805   0.01685   0.06072   0.05597   0.06361   0.05732   0.04849   0.11953   0.07723   0.15070   0.09982   2.00000   1.26700   0.91525   1.14927   0.40000  
  2 448.0614   2215.782983  x:  0.08295   0.00000   0.11865   0.01767   0.06209   0.05300   0.06393   0.04543   0.08803   0.07581   0.06696   0.10401   0.00000   0.06171   0.01745   0.05996   0.05418   0.06553   0.05550   0.04822   0.11993   0.07805   0.15297   0.10157   2.00096   1.26675   0.91537   1.14945   0.40338  
  3 1030.1715   2206.072735  x:  0.09254   0.00000   0.13112   0.00625   0.04444   0.03134   0.06895   0.03808   0.08405   0.08829   0.05830   0.10904   0.00197   0.07372   0.00410   0.05487   0.04337   0.07422   0.04470   0.04704   0.12207   0.08132   0.16644   0.11116   2.00741   1.26502   0.91610   1.15060   0.42480  
  4 947.9745   2200.080136  x:  0.09779   0.00000   0.14120   0.00363   0.02382   0.00799   0.07018   0.03430   0.08094   0.09119   0.04876   0.11279   0.00216   0.05665   0.00976   0.05082   0.03451   0.07367   0.03573   0.04748   0.12434   0.08053   0.17736   0.11642   2.01574   1.26268   0.91699   1.15177   0.44803  
  5 418.4265   2198.973995  x:  0.09888   0.00000   0.14344   0.00625   0.01928   0.00368   0.07039   0.03360   0.08027   0.09169   0.04669   0.11361   0.00206   0.05262   0.00849   0.04987   0.03266   0.07338   0.03387   0.04760   0.12482   0.08028   0.17979   0.11750   2.01774   1.26212   0.91720   1.15204   0.45343  
  6 1400.0139   2197.143065  x:  0.10164   0.00000   0.14937   0.00815   0.00893   0.01013   0.07103   0.03274   0.07867   0.09307   0.04146   0.11575   0.00196   0.04520   0.00828   0.04762   0.02881   0.07273   0.02978   0.04790   0.12627   0.08001   0.18639   0.12027   2.02373   1.26050   0.91782   1.15286   0.46874  
  7 353.5051   2194.037919  x:  0.10510   0.00000   0.16485   0.00971   0.02958   0.01328   0.06836   0.03833   0.07532   0.08958   0.03159   0.12113   0.00162   0.03689   0.00843   0.04370   0.03231   0.06367   0.03109   0.05014   0.13154   0.07909   0.20579   0.12374   2.05167   1.25319   0.92066   1.15635   0.52908  
  8 163.8716   2190.959225  x:  0.09783   0.00000   0.16822   0.00913   0.02054   0.01205   0.06107   0.04599   0.07753   0.07138   0.04116   0.12177   0.00134   0.04717   0.00816   0.04708   0.04377   0.05227   0.04359   0.05209   0.13513   0.07584   0.21462   0.11649   2.09000   1.24374   0.92466   1.16013   0.59216  
  9 196.2575   2188.557360  x:  0.08404   0.00000   0.15305   0.00900   0.02090   0.01232   0.06342   0.04350   0.08442   0.07682   0.05362   0.11498   0.00171   0.04226   0.00793   0.05372   0.04563   0.07542   0.04794   0.04944   0.13382   0.07413   0.20455   0.10272   2.14362   1.23200   0.93023   1.16369   0.64840  
 10 132.1812   2186.265601  x:  0.08038   0.00000   0.12693   0.00929   0.02250   0.01263   0.06758   0.03704   0.08842   0.08480   0.04876   0.10582   0.00175   0.04679   0.00782   0.05567   0.03627   0.06088   0.03768   0.04757   0.12749   0.07797   0.17703   0.09910   2.21494   1.21863   0.93711   1.16642   0.68805  
 11 124.3622   2183.866273  x:  0.09953   0.00000   0.12004   0.00945   0.02071   0.01225   0.06368   0.04472   0.08367   0.07655   0.04137   0.10787   0.00170   0.04672   0.00803   0.05155   0.04316   0.07094   0.04124   0.05211   0.11915   0.08090   0.14582   0.11832   2.33286   1.20147   0.94593   1.16812   0.70221  
 12 100.3969   2172.966198  x:  0.10423   0.00000   0.17449   0.00889   0.02434   0.01374   0.07026   0.02914   0.06838   0.09726   0.08326   0.13407   0.00201   0.03986   0.00832   0.05394   0.03731   0.05362   0.05015   0.04259   0.11246   0.07253   0.13441   0.12339   3.01768   1.11771   0.98712   1.17059   0.67161  
 13 185.9841   2162.029283  x:  0.08142   0.00000   0.18052   0.00916   0.02478   0.01209   0.06563   0.05798   0.08411   0.07972   0.04960   0.12757   0.00108   0.05041   0.00796   0.05293   0.02929   0.06746   0.02438   0.05590   0.12512   0.08169   0.18424   0.10096   3.67544   1.05070   1.01611   1.16973   0.62498  
 14 676.1405   2159.505824  x:  0.08334   0.00000   0.16586   0.00938   0.02118   0.01176   0.06803   0.04477   0.08772   0.08486   0.03112   0.11682   0.00070   0.04986   0.00809   0.05062   0.04081   0.06676   0.04497   0.05185   0.13438   0.08274   0.20787   0.10297   3.83211   1.04680   1.01413   1.16732   0.61419  
 15 348.9013   2158.009534  x:  0.09499   0.00000   0.14489   0.00957   0.02341   0.01259   0.06460   0.03534   0.08640   0.07879   0.04417   0.10825   0.00067   0.04748   0.00825   0.04643   0.04272   0.06721   0.03915   0.04875   0.14342   0.08065   0.22969   0.11469   3.92538   1.06264   0.99958   1.16271   0.61081  
 16 153.2941   2156.275697  x:  0.09633   0.00000   0.13103   0.00940   0.02153   0.01178   0.06794   0.05455   0.07483   0.09028   0.04636   0.11827   0.00048   0.04768   0.00821   0.05152   0.03866   0.06492   0.04319   0.04872   0.14772   0.07199   0.23686   0.11614   4.03875   1.12549   0.94967   1.14921   0.61323  
 17 79.7705   2154.067660  x:  0.08913   0.00000   0.14152   0.00970   0.02323   0.01234   0.06646   0.03819   0.07821   0.07938   0.03883   0.12566   0.00036   0.04971   0.00826   0.05087   0.04018   0.06841   0.03887   0.05054   0.14352   0.07929   0.22972   0.10909   4.17562   1.21801   0.87755   1.12982   0.61916  
 18 161.7643   2153.804375  x:  0.09047   0.00000   0.14833   0.00954   0.02269   0.01210   0.06493   0.04215   0.08641   0.08322   0.04045   0.11425   0.00047   0.04940   0.00831   0.04817   0.04105   0.06722   0.03891   0.04983   0.14106   0.07997   0.22823   0.11046   4.19129   1.23078   0.87048   1.12763   0.62026  
 19 38.9067   2153.718594  x:  0.09091   0.00000   0.15070   0.00959   0.02316   0.01216   0.06791   0.04192   0.08398   0.08093   0.03976   0.10841   0.00049   0.05001   0.00831   0.05075   0.03854   0.06778   0.03969   0.05018   0.14010   0.07701   0.22799   0.11092   4.19452   1.23554   0.87287   1.12774   0.62083  
 20  9.6616   2153.258405  x:  0.08939   0.00000   0.15313   0.00964   0.02254   0.01230   0.06046   0.04023   0.07288   0.08522   0.03863   0.10172   0.00057   0.05098   0.00837   0.05390   0.04443   0.06850   0.03571   0.05207   0.13588   0.07808   0.22901   0.10962   4.20523   1.26163   0.90062   1.13249   0.62411  
 21 10.9384   2150.830808  x:  0.09158   0.00000   0.15413   0.01027   0.02338   0.01263   0.07465   0.04228   0.08053   0.08460   0.04237   0.11201   0.00075   0.05336   0.00981   0.04490   0.04052   0.07087   0.04086   0.04756   0.12470   0.09595   0.23612   0.11306   4.26127   1.40564   1.06039   1.16930   0.64300  
 22 73.4849   2149.868983  x:  0.09548   0.00000   0.15662   0.01067   0.02462   0.01311   0.06589   0.03727   0.09605   0.08787   0.03857   0.11986   0.00060   0.05697   0.01001   0.05349   0.03680   0.07264   0.03980   0.05027   0.13773   0.08129   0.23273   0.11745   4.28072   1.45026   1.10734   1.19484   0.64914  
 23 81.3423   2148.467405  x:  0.09403   0.00000   0.16290   0.01092   0.02361   0.01302   0.07938   0.03749   0.09253   0.09047   0.03767   0.11825   0.00067   0.06096   0.01064   0.04077   0.05033   0.07428   0.03023   0.04651   0.16572   0.07503   0.22344   0.11675   4.30518   1.48567   1.13250   1.26740   0.65606  
 24 36.3894   2146.071692  x:  0.09481   0.00000   0.16998   0.01144   0.02459   0.01372   0.07074   0.03698   0.08091   0.09453   0.04105   0.11174   0.00091   0.06461   0.01153   0.03532   0.03189   0.07863   0.04139   0.04952   0.18925   0.09755   0.21871   0.11881   4.34433   1.52984   1.15428   1.40025   0.66727  
 25 113.9085   2143.496812  x:  0.10391   0.00000   0.17230   0.01222   0.02453   0.01419   0.07769   0.03618   0.08657   0.09955   0.04002   0.11678   0.00079   0.06748   0.01254   0.06555   0.03985   0.08044   0.03550   0.03957   0.15342   0.10874   0.23383   0.12939   4.38706   1.56376   1.16149   1.54977   0.68026  
 26 104.1510   2142.296836  x:  0.10380   0.00000   0.16976   0.01269   0.02525   0.01476   0.07685   0.03136   0.08762   0.10314   0.03974   0.12039   0.00063   0.07220   0.01410   0.05279   0.03802   0.08255   0.03724   0.05040   0.12360   0.09358   0.24289   0.12990   4.40435   1.57239   1.16044   1.60473   0.68605  
 27 92.9604   2142.072325  x:  0.10329   0.00000   0.16971   0.01281   0.02564   0.01488   0.07326   0.03175   0.08646   0.10210   0.03803   0.12098   0.00058   0.07364   0.01442   0.04903   0.03586   0.08381   0.03752   0.04125   0.11975   0.08973   0.24354   0.12951   4.40699   1.56989   1.15792   1.60574   0.68746  
 28 21.1630   2129.765645  x:  0.12096   0.00000   0.18518   0.01653   0.02833   0.01826   0.08654   0.02474   0.06580   0.13221   0.04313   0.12937   0.00165   0.10475   0.02080   0.04105   0.03388   0.10231   0.03519   0.04136   0.14301   0.09657   0.25183   0.15380   4.51271   1.19567   0.88397   1.10321   0.78595  
 29 18.3868   2123.340420  x:  0.12846   0.00000   0.19291   0.02017   0.01178   0.01552   0.08240   0.04702   0.08445   0.14680   0.03436   0.12985   0.00000   0.13136   0.02744   0.04007   0.02352   0.11082   0.02553   0.05269   0.14078   0.09124   0.26386   0.16682   5.46305   1.32259   1.01977   1.27781   0.95130  
 30  0.6182   2120.656564  x:  0.11996   0.00000   0.20236   0.02365   0.01235   0.01582   0.08283   0.02954   0.07954   0.15012   0.04294   0.12669   0.00000   0.14667   0.03177   0.04653   0.03894   0.11239   0.03509   0.04532   0.14202   0.09076   0.25725   0.16101   6.05414   1.25912   0.97748   1.17762   1.02349  
 31  0.3968   2119.754695  x:  0.11619   0.00000   0.19775   0.02635   0.01839   0.01502   0.08052   0.02814   0.07109   0.14336   0.03904   0.12553   0.00000   0.15466   0.03444   0.04574   0.02832   0.10808   0.02974   0.04558   0.13834   0.08943   0.25148   0.15833   6.50506   1.23520   0.94356   1.16681   1.05116  
 32  0.3014   2119.369887  x:  0.11492   0.00000   0.19544   0.02795   0.01466   0.01265   0.08097   0.03498   0.07448   0.13744   0.03826   0.12738   0.00000   0.15685   0.03585   0.04441   0.02931   0.10244   0.03044   0.04766   0.13626   0.08794   0.24560   0.15722   6.84744   1.25723   0.96485   1.19038   1.06074  
 33  0.2364   2119.250454  x:  0.11596   0.00000   0.19511   0.02897   0.01463   0.01186   0.08176   0.03006   0.07735   0.13457   0.03901   0.12777   0.00000   0.15606   0.03596   0.04533   0.02991   0.09974   0.03112   0.04702   0.13782   0.08946   0.24369   0.15821   6.99761   1.26490   0.97501   1.19483   1.05008  
 34  0.1089   2119.166137  x:  0.11907   0.00000   0.19576   0.03017   0.01600   0.01171   0.08262   0.03159   0.07516   0.13406   0.04015   0.12883   0.00000   0.15387   0.03566   0.04498   0.03074   0.09953   0.03164   0.04676   0.13851   0.08987   0.24403   0.16113   7.07270   1.24340   0.96137   1.17541   1.02321  
 35  0.0498   2119.121823  x:  0.12020   0.00000   0.19635   0.03109   0.01496   0.01166   0.08186   0.03111   0.07407   0.13560   0.03878   0.12805   0.00000   0.15147   0.03509   0.04419   0.03000   0.10077   0.03115   0.04671   0.13811   0.08938   0.24466   0.16211   7.11492   1.25418   0.96413   1.19416   1.00592  
 36  0.0283   2119.099427  x:  0.11950   0.00000   0.19670   0.03196   0.01464   0.01193   0.08137   0.03151   0.07614   0.13796   0.03828   0.12744   0.00000   0.15034   0.03475   0.04484   0.02950   0.10237   0.03061   0.04689   0.13795   0.08936   0.24412   0.16144   7.13633   1.25347   0.96605   1.18448   1.00556  
 37  0.0136   2119.082310  x:  0.11760   0.00000   0.19659   0.03308   0.01487   0.01218   0.08175   0.03137   0.07516   0.13924   0.03904   0.12801   0.00000   0.14931   0.03449   0.04485   0.03036   0.10325   0.03114   0.04688   0.13755   0.08930   0.24322   0.15960   7.16557   1.25314   0.96741   1.18934   1.01143  
 38  0.0146   2119.067683  x:  0.11781   0.00000   0.19513   0.03431   0.01470   0.01190   0.08228   0.03125   0.07479   0.13813   0.03823   0.12859   0.00000   0.14728   0.03393   0.04447   0.02965   0.10219   0.03070   0.04664   0.13846   0.09046   0.24371   0.15974   7.18143   1.25023   0.96346   1.18633   1.01796  
 39  0.0064   2119.060640  x:  0.11875   0.00000   0.19586   0.03470   0.01495   0.01194   0.08203   0.03140   0.07546   0.13773   0.03848   0.12862   0.00000   0.14602   0.03348   0.04416   0.03001   0.10203   0.03098   0.04678   0.13867   0.09007   0.24463   0.16060   7.12863   1.25460   0.96662   1.18876   1.02059  
 40  0.0292   2119.058954  x:  0.11890   0.00000   0.19670   0.03487   0.01468   0.01187   0.08175   0.03136   0.07508   0.13766   0.03842   0.12833   0.00000   0.14628   0.03349   0.04466   0.03008   0.10202   0.03098   0.04675   0.13820   0.08987   0.24439   0.16080   7.11339   1.25257   0.96578   1.18752   1.02207  
 41  0.0091   2119.057351  x:  0.11878   0.00000   0.19703   0.03531   0.01496   0.01180   0.08165   0.03127   0.07513   0.13751   0.03825   0.12809   0.00000   0.14702   0.03368   0.04449   0.02988   0.10193   0.03089   0.04679   0.13806   0.08951   0.24375   0.16078   7.10413   1.25264   0.96570   1.18776   1.02054  
 42  0.0030   2119.056303  x:  0.11864   0.00000   0.19658   0.03559   0.01479   0.01175   0.08188   0.03140   0.07523   0.13762   0.03829   0.12828   0.00000   0.14742   0.03378   0.04455   0.03005   0.10194   0.03094   0.04677   0.13826   0.08987   0.24396   0.16071   7.08912   1.25368   0.96612   1.18834   1.01872  
 43  0.0073   2119.056237  x:  0.11860   0.00000   0.19644   0.03558   0.01478   0.01177   0.08184   0.03136   0.07520   0.13763   0.03834   0.12832   0.00000   0.14748   0.03379   0.04452   0.02998   0.10198   0.03097   0.04678   0.13826   0.08981   0.24416   0.16068   7.08474   1.25325   0.96598   1.18803   1.01875  
 44  0.0038   2119.056233  x:  0.11860   0.00000   0.19641   0.03557   0.01478   0.01178   0.08183   0.03135   0.07520   0.13761   0.03833   0.12832   0.00000   0.14748   0.03379   0.04454   0.02999   0.10198   0.03094   0.04678   0.13823   0.08981   0.24420   0.16067   7.08457   1.25324   0.96597   1.18804   1.01871  
 45  0.0002   2119.056232  x:  0.11859   0.00000   0.19641   0.03558   0.01478   0.01178   0.08182   0.03136   0.07520   0.13760   0.03833   0.12831   0.00000   0.14748   0.03378   0.04454   0.02999   0.10198   0.03095   0.04678   0.13823   0.08980   0.24421   0.16067   7.08493   1.25326   0.96597   1.18805   1.01868  
 46  0.0003   2119.056232  x:  0.11859   0.00000   0.19641   0.03558   0.01478   0.01178   0.08182   0.03135   0.07520   0.13759   0.03833   0.12831   0.00000   0.14749   0.03378   0.04454   0.02999   0.10198   0.03095   0.04678   0.13824   0.08980   0.24422   0.16066   7.08502   1.25325   0.96596   1.18804   1.01869  
 47  0.0000   2119.056232  x:  0.11859   0.00000   0.19642   0.03558   0.01478   0.01178   0.08183   0.03136   0.07520   0.13759   0.03833   0.12831   0.00000   0.14749   0.03378   0.04454   0.02999   0.10198   0.03095   0.04678   0.13824   0.08980   0.24422   0.16066   7.08500   1.25325   0.96597   1.18804   1.01869  
 48  0.0000   2119.056232  x:  0.11859   0.00000   0.19641   0.03558   0.01478   0.01178   0.08182   0.03136   0.07520   0.13759   0.03833   0.12831   0.00000   0.14749   0.03378   0.04454   0.02999   0.10198   0.03095   0.04678   0.13824   0.08980   0.24422   0.16067   7.08500   1.25326   0.96597   1.18804   1.01868  
 49  0.0000   2119.056232  x:  0.11859   0.00000   0.19641   0.03558   0.01478   0.01178   0.08182   0.03136   0.07520   0.13759   0.03833   0.12831   0.00000   0.14749   0.03378   0.04454   0.02999   0.10198   0.03095   0.04678   0.13824   0.08980   0.24421   0.16067   7.08501   1.25325   0.96597   1.18804   1.01868  
 50  0.0000   2119.056232  x:  0.11859   0.00000   0.19641   0.03558   0.01478   0.01178   0.08183   0.03136   0.07520   0.13759   0.03833   0.12831   0.00000   0.14749   0.03378   0.04454   0.02999   0.10198   0.03095   0.04678   0.13824   0.08980   0.24422   0.16067   7.08501   1.25325   0.96597   1.18804   1.01868  
 51  0.0000   2119.056232  x:  0.11859   0.00000   0.19641   0.03558   0.01478   0.01178   0.08183   0.03136   0.07520   0.13759   0.03833   0.12831   0.00000   0.14749   0.03378   0.04454   0.02999   0.10198   0.03095   0.04678   0.13824   0.08980   0.24422   0.16067   7.08501   1.25325   0.96597   1.18804   1.01868  