

TREE # 1

  0  0.0000   2024.412475  x:  0.01972   0.20925   0.02571   0.03211   0.02495   0.05815   0.02188   0.05666   0.08536   0.02661   0.17168   0.01972   0.20925   0.02571   0.03211   0.02495   0.05815   0.02188   0.05666   0.08536   0.02661   0.17168   0.21568   8.40433   1.28197   1.12429   1.24615   1.00000  
  1 99.0000   2007.983870  x:  0.00000   0.20856   0.04673   0.03015   0.01065   0.07487   0.01172   0.06672   0.08642   0.04178   0.17284   0.00508   0.21549   0.01014   0.03468   0.00291   0.05763   0.03770   0.04624   0.09011   0.03082   0.17425   0.21588   8.40412   1.28207   1.12157   1.25018   1.00166  
  2 388.9418   2007.230073  x:  0.00000   0.20848   0.04638   0.03017   0.01013   0.07560   0.01225   0.06723   0.08649   0.04144   0.17296   0.00384   0.21616   0.00944   0.03475   0.00000   0.05757   0.03711   0.04535   0.09048   0.03093   0.17461   0.21593   8.40410   1.28209   1.12123   1.25069   1.00188  
  3 290.5966   2006.564516  x:  0.00000   0.20801   0.04491   0.03064   0.01117   0.07826   0.00889   0.06910   0.08684   0.04017   0.17364   0.00000   0.22037   0.01191   0.03495   0.00000   0.05726   0.03541   0.04162   0.09210   0.03150   0.17709   0.21625   8.40391   1.28224   1.11889   1.25413   1.00327  
  4 138.1670   2005.170741  x:  0.00000   0.20572   0.04579   0.03165   0.01613   0.08790   0.01744   0.07544   0.08830   0.04112   0.17703   0.00000   0.24256   0.01938   0.03527   0.00000   0.05620   0.03770   0.02910   0.09865   0.03258   0.19075   0.21800   8.40286   1.28326   1.10576   1.27343   1.01102  
  5 103.0139   2002.401660  x:  0.00000   0.20208   0.04252   0.02894   0.00519   0.09370   0.01511   0.07879   0.08957   0.03866   0.18181   0.00000   0.27562   0.00555   0.03411   0.00000   0.05567   0.03382   0.03087   0.10514   0.02907   0.21029   0.22058   8.40092   1.28524   1.08264   1.30768   1.02497  
  6 135.4282   2002.238481  x:  0.00000   0.20172   0.04373   0.02980   0.00760   0.09457   0.01504   0.07918   0.08935   0.03885   0.18193   0.00000   0.27770   0.00377   0.03518   0.00000   0.05596   0.03204   0.03294   0.10473   0.03116   0.21018   0.22056   8.40053   1.28566   1.07875   1.31374   1.02768  
  7 57.9192   2001.898461  x:  0.00000   0.20086   0.04679   0.03107   0.00623   0.09638   0.01590   0.07979   0.08859   0.03929   0.18197   0.00000   0.28198   0.00601   0.03770   0.00000   0.05681   0.02789   0.03879   0.10307   0.03582   0.20867   0.22035   8.39942   1.28682   1.06817   1.33037   1.03522  
  8 161.2454   2000.574497  x:  0.00000   0.19830   0.04353   0.03207   0.00773   0.09392   0.01528   0.07638   0.08460   0.03376   0.17931   0.00000   0.28873   0.00679   0.03689   0.00000   0.05877   0.03866   0.04040   0.09139   0.03345   0.19155   0.21800   8.39363   1.29312   1.01732   1.41241   1.07369  
  9 96.2960   2000.091868  x:  0.00000   0.19875   0.04531   0.02973   0.00818   0.08850   0.01496   0.07372   0.08502   0.04170   0.17724   0.00000   0.28448   0.00666   0.03465   0.00000   0.05716   0.03297   0.03474   0.09080   0.02955   0.18450   0.21696   8.39111   1.29614   0.99997   1.44321   1.08916  
 10 113.1560   1999.864286  x:  0.00000   0.20104   0.04575   0.03007   0.00660   0.08556   0.01508   0.07435   0.08789   0.03998   0.17510   0.00000   0.27235   0.00583   0.03640   0.00000   0.05488   0.03367   0.03209   0.09769   0.03437   0.18302   0.21648   8.38911   1.29919   0.99500   1.45907   1.09912  
 11 38.6207   1999.714587  x:  0.00000   0.20298   0.04636   0.02979   0.00728   0.08956   0.01548   0.07747   0.08944   0.03872   0.17414   0.00000   0.26154   0.00620   0.03523   0.00000   0.05524   0.03329   0.03450   0.10297   0.03076   0.18529   0.21644   8.38711   1.30252   0.99412   1.47100   1.10791  
 12 40.4579   1999.614486  x:  0.00000   0.20367   0.04406   0.03012   0.00670   0.09324   0.01554   0.07659   0.08714   0.04063   0.17511   0.00000   0.25302   0.00588   0.03470   0.00000   0.05791   0.03317   0.03359   0.09929   0.03240   0.19075   0.21672   8.38452   1.30726   0.99924   1.48024   1.11731  
 13 20.2907   1999.522848  x:  0.00000   0.20250   0.04678   0.02949   0.00679   0.09236   0.01540   0.07598   0.08596   0.03851   0.17755   0.00000   0.24951   0.00589   0.03725   0.00000   0.05487   0.03265   0.03250   0.09572   0.03098   0.19661   0.21698   8.38078   1.31432   1.00920   1.49045   1.12951  
 14 22.2605   1999.361708  x:  0.00000   0.19891   0.04675   0.03004   0.00734   0.08785   0.01510   0.07695   0.08786   0.03954   0.18167   0.00000   0.25028   0.00626   0.03248   0.00000   0.05295   0.03367   0.03391   0.09664   0.03261   0.20314   0.21704   8.37270   1.32985   1.03191   1.50989   1.15434  
 15 37.0523   1999.218684  x:  0.00000   0.19627   0.04504   0.02980   0.00767   0.08558   0.01496   0.07610   0.08941   0.04160   0.18307   0.00000   0.25246   0.00643   0.03689   0.00000   0.05715   0.03462   0.03437   0.10002   0.03126   0.20319   0.21652   8.36448   1.34585   1.05565   1.52709   1.17786  
 16 62.8542   1999.032736  x:  0.00000   0.19615   0.04773   0.02974   0.00710   0.08975   0.01531   0.07304   0.08776   0.03886   0.17936   0.00000   0.25487   0.00606   0.03453   0.00000   0.05850   0.03334   0.03292   0.10104   0.03148   0.19255   0.21505   8.35268   1.36908   1.08972   1.54660   1.20755  
 17 49.8553   1998.984637  x:  0.00000   0.19791   0.04575   0.02935   0.00698   0.09096   0.01550   0.07564   0.08723   0.04023   0.17724   0.00000   0.25564   0.00598   0.03541   0.00000   0.05533   0.03357   0.03358   0.09978   0.03157   0.18909   0.21489   8.34902   1.37624   1.09850   1.55139   1.21479  
 18 31.9023   1998.971798  x:  0.00000   0.20053   0.04619   0.03045   0.00676   0.09004   0.01547   0.07715   0.08774   0.04002   0.17589   0.00000   0.25619   0.00591   0.03534   0.00000   0.05620   0.03342   0.03327   0.09873   0.03128   0.18906   0.21537   8.34697   1.38005   1.10014   1.55262   1.21585  
 19  7.2994   1998.960755  x:  0.00000   0.20318   0.04635   0.02889   0.00702   0.08980   0.01543   0.07707   0.08805   0.03978   0.17481   0.00000   0.25699   0.00598   0.03523   0.00000   0.05663   0.03346   0.03330   0.09854   0.03164   0.18966   0.21599   8.34447   1.38446   1.10087   1.55377   1.21612  
 20  9.9860   1998.946735  x:  0.00000   0.20582   0.04614   0.02979   0.00704   0.09025   0.01534   0.07508   0.08790   0.04015   0.17406   0.00000   0.25791   0.00604   0.03536   0.00000   0.05574   0.03368   0.03353   0.09931   0.03143   0.19061   0.21675   8.34020   1.39152   1.10119   1.55528   1.21556  
 21 11.2033   1998.901930  x:  0.00000   0.20289   0.04636   0.02966   0.00700   0.08981   0.01530   0.07649   0.08498   0.04015   0.17680   0.00000   0.25681   0.00600   0.03526   0.00000   0.05603   0.03363   0.03325   0.10026   0.03146   0.18988   0.21682   8.32138   1.41879   1.10092   1.55929   1.20867  
 22  8.1006   1998.887033  x:  0.00000   0.20095   0.04628   0.02960   0.00695   0.09067   0.01531   0.07617   0.08818   0.04015   0.17690   0.00000   0.25626   0.00598   0.03535   0.00000   0.05590   0.03358   0.03316   0.09905   0.03148   0.18969   0.21623   8.31400   1.42701   1.10126   1.56114   1.20558  
 23 13.6988   1998.855440  x:  0.00000   0.19792   0.04643   0.02962   0.00700   0.09039   0.01518   0.07627   0.08727   0.04032   0.17077   0.00000   0.25658   0.00601   0.03532   0.00000   0.05586   0.03370   0.03309   0.09931   0.03148   0.19210   0.21260   8.29007   1.43293   1.10638   1.57091   1.19408  
 24  4.2759   1998.716185  x:  0.00000   0.20193   0.04697   0.02951   0.00695   0.09141   0.01493   0.07666   0.08764   0.04072   0.17656   0.00000   0.25684   0.00600   0.03529   0.00000   0.05577   0.03405   0.03268   0.09966   0.03153   0.19046   0.21142   8.17486   1.44715   1.13346   1.61739   1.14030  
 25 18.3454   1998.690212  x:  0.00000   0.19958   0.04713   0.02951   0.00695   0.09157   0.01487   0.07678   0.08762   0.04084   0.17457   0.00000   0.25675   0.00600   0.03529   0.00000   0.05576   0.03416   0.03261   0.09970   0.03155   0.19020   0.21950   8.14915   1.44789   1.13568   1.62165   1.13591  
 26  8.2871   1997.428350  x:  0.00000   0.19768   0.05436   0.02914   0.00592   0.10123   0.01264   0.08166   0.08772   0.04459   0.17821   0.00000   0.27337   0.00570   0.03598   0.00000   0.05581   0.03874   0.03093   0.10149   0.03276   0.19781   0.21611   6.82380   1.42282   1.10663   1.61059   1.18206  
 27 10.0583   1997.377355  x:  0.00000   0.19817   0.05221   0.02962   0.00717   0.10056   0.01254   0.08147   0.08781   0.04339   0.17755   0.00000   0.27083   0.00621   0.03577   0.00000   0.05550   0.03741   0.02965   0.10170   0.03272   0.19592   0.21537   6.67460   1.41834   1.10308   1.60469   1.18299  
 28  0.2204   1997.367696  x:  0.00000   0.19838   0.05132   0.02951   0.00678   0.09985   0.01243   0.08101   0.08779   0.04271   0.17731   0.00000   0.26971   0.00608   0.03565   0.00000   0.05547   0.03673   0.03070   0.10162   0.03247   0.19524   0.21497   6.66601   1.41533   1.09992   1.60076   1.18394  
 29  0.0139   1997.367435  x:  0.00000   0.19839   0.05129   0.02953   0.00676   0.09980   0.01241   0.08099   0.08776   0.04273   0.17733   0.00000   0.26948   0.00610   0.03570   0.00000   0.05552   0.03672   0.03063   0.10153   0.03253   0.19514   0.21495   6.68250   1.41465   1.09956   1.59945   1.18392  
 30  0.0200   1997.367422  x:  0.00000   0.19838   0.05131   0.02953   0.00674   0.09981   0.01240   0.08099   0.08776   0.04275   0.17734   0.00000   0.26947   0.00610   0.03571   0.00000   0.05553   0.03673   0.03062   0.10152   0.03254   0.19515   0.21496   6.68035   1.41456   1.09956   1.59924   1.18374  
 31  0.0022   1997.367422  x:  0.00000   0.19838   0.05130   0.02953   0.00674   0.09981   0.01240   0.08100   0.08776   0.04275   0.17735   0.00000   0.26947   0.00611   0.03571   0.00000   0.05553   0.03673   0.03062   0.10153   0.03254   0.19516   0.21497   6.68043   1.41457   1.09959   1.59922   1.18371  
 32  0.0001   1997.367422  x:  0.00000   0.19838   0.05130   0.02953   0.00674   0.09981   0.01240   0.08100   0.08776   0.04275   0.17735   0.00000   0.26947   0.00611   0.03571   0.00000   0.05553   0.03673   0.03062   0.10153   0.03254   0.19516   0.21496   6.68043   1.41457   1.09959   1.59922   1.18372  
 33  0.0000   1997.367422  x:  0.00000   0.19838   0.05130   0.02953   0.00674   0.09981   0.01240   0.08100   0.08776   0.04275   0.17735   0.00000   0.26947   0.00611   0.03571   0.00000   0.05553   0.03673   0.03062   0.10153   0.03254   0.19516   0.21496   6.68043   1.41457   1.09959   1.59922   1.18372  
 34  0.0000   1997.367422  x:  0.00000   0.19838   0.05130   0.02953   0.00674   0.09981   0.01240   0.08100   0.08776   0.04275   0.17735   0.00000   0.26947   0.00611   0.03571   0.00000   0.05553   0.03673   0.03062   0.10153   0.03254   0.19516   0.21496   6.68043   1.41457   1.09959   1.59922   1.18372  
check convergence!


TREE # 2

  0  0.0000   2408.537596  x:  0.00000   0.19838   0.05130   0.02953   0.00674   0.09981   0.01240   0.08100   0.08776   0.04275   0.17735   0.00000   0.26947   0.00611   0.03571   0.00000   0.05553   0.03673   0.03062   0.10153   0.03254   0.19516   0.21496   6.68043   1.38900   1.00664   1.46583   1.18372  
  1 99.0000   2191.725672  x:  0.12406   0.19959   0.07153   0.08596   0.04036   0.09351   0.05801   0.07834   0.08279   0.04148   0.17375   0.11616   0.26891   0.17909   0.08657   0.31332   0.06090   0.04747   0.02969   0.10000   0.02660   0.19154   0.20781   6.68044   1.38867   1.00701   1.46611   1.18385  
  2 8285.0999   2127.464801  x:  0.14294   0.17342   0.12454   0.15675   0.03813   0.06150   0.08247   0.06104   0.05965   0.00554   0.14946   0.09408   0.23972   0.18856   0.11945   0.29315   0.05416   0.07541   0.03024   0.09329   0.00000   0.17505   0.17446   6.68052   1.38641   1.00988   1.46628   1.18386  
  3 603.5450   2122.987309  x:  0.14537   0.16927   0.12347   0.15654   0.03739   0.05681   0.08257   0.05913   0.05736   0.00000   0.14616   0.09217   0.23509   0.19033   0.12118   0.29224   0.05347   0.07406   0.03045   0.09276   0.00000   0.17318   0.16958   6.68053   1.38610   1.01025   1.46637   1.18388  
  4 562.8101   2089.256143  x:  0.15556   0.10333   0.12184   0.14874   0.06095   0.00000   0.08171   0.06522   0.06481   0.00000   0.11068   0.08377   0.15947   0.20062   0.11377   0.28961   0.05645   0.08781   0.02812   0.09505   0.00000   0.15661   0.09794   6.68052   1.38421   1.01185   1.46971   1.18417  
  5 850.8016   2056.670407  x:  0.17125   0.01858   0.11934   0.14072   0.08423   0.00428   0.08143   0.06896   0.06893   0.00000   0.06512   0.07129   0.06200   0.21473   0.10927   0.28488   0.05879   0.09939   0.02718   0.09660   0.00000   0.13482   0.00607   6.68050   1.38162   1.01415   1.47393   1.18457  
  6 1373.5982   2056.021439  x:  0.17177   0.01574   0.11929   0.14046   0.08495   0.00440   0.08142   0.06908   0.06906   0.00000   0.06367   0.07090   0.05868   0.21519   0.10914   0.28472   0.05888   0.09973   0.02721   0.09666   0.00134   0.13411   0.00344   6.68050   1.38154   1.01422   1.47408   1.18458  
  7 4019.3192   2051.824223  x:  0.17465   0.00000   0.11950   0.13927   0.08789   0.00478   0.08137   0.06954   0.06956   0.00000   0.05674   0.06897   0.03903   0.21744   0.10895   0.28386   0.05940   0.10093   0.02749   0.09683   0.00194   0.13025   0.00564   6.68048   1.38112   1.01458   1.47497   1.18466  
  8 568.1419   2046.229741  x:  0.17855   0.00094   0.12318   0.13736   0.08800   0.00463   0.08051   0.07053   0.07073   0.00000   0.05579   0.06852   0.00000   0.21867   0.11000   0.28283   0.06112   0.09881   0.02905   0.09702   0.00181   0.12583   0.00539   6.68043   1.38084   1.01473   1.47705   1.18465  
  9 305.3453   2045.709101  x:  0.18908   0.00668   0.13059   0.13221   0.09066   0.00462   0.07917   0.07269   0.07325   0.00000   0.04932   0.06607   0.00000   0.22279   0.11208   0.27975   0.06423   0.09562   0.02925   0.09750   0.00189   0.11386   0.00559   6.68028   1.37994   1.01523   1.48283   1.18473  
 10 398.6914   2045.381781  x:  0.19655   0.00655   0.13133   0.13135   0.09131   0.00439   0.08080   0.07256   0.07294   0.00000   0.05614   0.06528   0.00000   0.22633   0.11290   0.27667   0.06263   0.09433   0.02234   0.09723   0.00183   0.10808   0.00485   6.68005   1.37905   1.01566   1.49034   1.18500  
 11 34.5465   2044.945467  x:  0.20591   0.00852   0.12571   0.13369   0.09372   0.00393   0.08432   0.07051   0.07034   0.00000   0.06288   0.06501   0.00000   0.23328   0.11205   0.27155   0.05744   0.09740   0.02960   0.09601   0.00132   0.10553   0.00388   6.67957   1.37737   1.01671   1.50597   1.18570  
 12 39.8801   2044.640237  x:  0.20637   0.00895   0.12653   0.13716   0.09067   0.00327   0.08000   0.06764   0.06738   0.00000   0.05968   0.06875   0.00000   0.23780   0.11353   0.26970   0.05966   0.09463   0.02838   0.09568   0.00094   0.11433   0.00281   6.67909   1.37637   1.01833   1.52067   1.18624  
 13 24.7169   2044.348572  x:  0.19580   0.00916   0.13188   0.13294   0.08942   0.00324   0.08642   0.06451   0.06215   0.00000   0.06181   0.05996   0.00000   0.24807   0.11079   0.27163   0.06596   0.09284   0.02904   0.09634   0.00088   0.11645   0.00273   6.67826   1.37583   1.02771   1.54490   1.18620  
 14  9.1193   2043.482745  x:  0.18072   0.00964   0.13341   0.14014   0.08346   0.00367   0.07045   0.06372   0.06296   0.00000   0.06529   0.05922   0.00000   0.26451   0.11030   0.26932   0.06062   0.09171   0.02947   0.09585   0.00113   0.10706   0.00334   6.67557   1.37803   1.05995   1.61886   1.18538  
 15 28.0381   2041.984281  x:  0.17826   0.00854   0.13213   0.14120   0.06397   0.00366   0.08829   0.07177   0.07276   0.00000   0.05945   0.07973   0.00000   0.26462   0.12196   0.25791   0.05489   0.08656   0.02878   0.09414   0.00132   0.10720   0.00379   6.67040   1.39157   1.11719   1.75074   1.18356  
 16 83.0159   2040.317520  x:  0.21481   0.00719   0.13604   0.13923   0.06182   0.00465   0.08309   0.05961   0.06363   0.00000   0.06402   0.07898   0.00000   0.23801   0.11839   0.25638   0.06903   0.09362   0.02870   0.09280   0.00183   0.12653   0.00522   6.66434   1.42669   1.17363   1.88188   1.18137  
 17 76.5961   2039.049739  x:  0.21722   0.00587   0.14118   0.14859   0.06447   0.00431   0.08549   0.05948   0.05279   0.00000   0.06052   0.06717   0.00000   0.20378   0.11585   0.27611   0.05435   0.07396   0.02994   0.09371   0.00177   0.12367   0.00510   6.65956   1.48356   1.19725   1.94756   1.18028  
 18 43.0601   2037.730319  x:  0.20943   0.00473   0.13658   0.14726   0.04972   0.00419   0.08272   0.05243   0.04903   0.00000   0.06101   0.05740   0.00000   0.17946   0.13933   0.29357   0.05844   0.08376   0.03047   0.08946   0.00162   0.11120   0.00457   6.65403   1.56467   1.21482   1.99934   1.17900  
 19 67.9619   2034.813089  x:  0.21203   0.00540   0.13842   0.16115   0.03422   0.00477   0.08756   0.03499   0.04962   0.00000   0.06454   0.07001   0.00000   0.21419   0.13270   0.26560   0.06925   0.07003   0.03070   0.08242   0.00206   0.11118   0.00556   6.64163   1.77631   1.24249   2.05191   1.17436  
 20 51.0726   2033.956659  x:  0.21443   0.00535   0.14188   0.15877   0.03643   0.00505   0.08428   0.05009   0.03787   0.00000   0.06857   0.07031   0.00000   0.22956   0.14431   0.25397   0.06582   0.06797   0.03170   0.08395   0.00220   0.12057   0.00601   6.63777   1.83820   1.25261   2.06343   1.17292  
 21 113.2301   2033.712506  x:  0.21547   0.00506   0.14717   0.15384   0.03794   0.00519   0.08303   0.04599   0.04339   0.00000   0.07007   0.06753   0.00000   0.23403   0.15082   0.25174   0.05668   0.06790   0.03250   0.08766   0.00217   0.12752   0.00608   6.63661   1.84935   1.25807   2.06163   1.17259  
 22 27.6836   2033.173820  x:  0.21708   0.00535   0.15314   0.15075   0.02726   0.00518   0.08241   0.04689   0.03912   0.00000   0.07022   0.06844   0.00000   0.23395   0.14637   0.25268   0.04982   0.07225   0.03266   0.08694   0.00212   0.12889   0.00590   6.63362   1.83508   1.28459   2.02903   1.17225  
 23  9.9492   2031.352288  x:  0.21298   0.00750   0.15562   0.15590   0.03590   0.00554   0.08389   0.03787   0.03150   0.00000   0.07821   0.07580   0.00000   0.22881   0.16069   0.24911   0.05316   0.06399   0.03472   0.07839   0.00221   0.12989   0.00595   6.62262   1.77080   1.38081   1.90683   1.17122  
 24 105.3305   2030.840656  x:  0.21633   0.00855   0.14914   0.16549   0.03160   0.00553   0.08473   0.04268   0.03885   0.00000   0.07992   0.06542   0.00000   0.22981   0.16466   0.24942   0.05885   0.05929   0.03482   0.08491   0.00220   0.13346   0.00607   6.61943   1.74956   1.40071   1.87317   1.17132  
 25 74.3875   2029.422056  x:  0.21649   0.00881   0.14808   0.17085   0.02946   0.00576   0.08674   0.03369   0.02667   0.00000   0.08093   0.07091   0.00000   0.23031   0.17178   0.24192   0.06028   0.05885   0.03568   0.11915   0.00206   0.12925   0.00640   6.60940   1.65641   1.32888   1.80871   1.17533  
 26 15.0194   2023.964259  x:  0.22496   0.00911   0.15333   0.18432   0.02063   0.00644   0.08913   0.02770   0.02278   0.00000   0.08288   0.05248   0.00000   0.24116   0.19341   0.22365   0.05177   0.05084   0.03582   0.08451   0.00267   0.14197   0.00773   6.57483   1.33085   1.05264   1.59745   1.19010  
 27 162.6833   2018.554774  x:  0.24544   0.00744   0.13757   0.20429   0.02810   0.00621   0.09814   0.02453   0.01777   0.00000   0.06341   0.02364   0.00000   0.27409   0.19806   0.18377   0.03783   0.06999   0.02819   0.07927   0.00330   0.14140   0.00859   6.53190   1.38239   1.10973   1.63079   1.15274  
 28  1.1491   2013.793413  x:  0.26368   0.00588   0.14258   0.21986   0.03325   0.00639   0.10519   0.02805   0.02365   0.00000   0.05507   0.03683   0.00000   0.29341   0.20475   0.12025   0.03331   0.08293   0.02537   0.07762   0.00384   0.12836   0.00969   6.50498   1.37932   1.11677   1.57505   1.70983  
 29  3.1804   2006.956067  x:  0.27579   0.00361   0.14612   0.24015   0.03724   0.00727   0.11362   0.03188   0.03062   0.00000   0.04923   0.05665   0.00000   0.30124   0.21388   0.05359   0.02960   0.09635   0.02227   0.07721   0.00473   0.11564   0.01105   6.53514   1.31809   1.05047   1.48550   1.24586  
 30  4.0318   2001.204281  x:  0.26598   0.00000   0.16916   0.25523   0.03574   0.00750   0.11406   0.03893   0.03455   0.00000   0.05816   0.05007   0.00000   0.25380   0.20913   0.04008   0.06163   0.09821   0.02680   0.07910   0.00528   0.09806   0.01211   6.67604   1.38056   1.05606   1.53119   1.18987  
 31  0.2900   1998.835709  x:  0.24433   0.00000   0.19056   0.26237   0.03438   0.00697   0.11029   0.04002   0.03648   0.00000   0.05834   0.04244   0.00000   0.19108   0.20538   0.06369   0.05798   0.09110   0.03069   0.08182   0.00543   0.09096   0.01227   6.78860   1.41570   1.08268   1.58667   1.12789  
 32  0.2882   1997.803722  x:  0.23678   0.00000   0.20262   0.27001   0.03280   0.00640   0.10770   0.03829   0.03373   0.00000   0.05610   0.03526   0.00000   0.17245   0.20571   0.04569   0.05506   0.08570   0.03193   0.08198   0.00576   0.09424   0.01298   6.80412   1.45028   1.11387   1.63072   1.23011  
 33  0.2627   1997.497547  x:  0.22533   0.00000   0.20331   0.27137   0.03277   0.00596   0.10454   0.03592   0.03086   0.00000   0.05429   0.03774   0.00000   0.17549   0.20418   0.03992   0.05360   0.08661   0.03119   0.08113   0.00590   0.10023   0.01313   6.71793   1.42028   1.10871   1.60204   1.16648  
 34  0.1462   1997.408209  x:  0.21683   0.00000   0.20107   0.27029   0.03265   0.00592   0.10202   0.03554   0.03010   0.00000   0.05475   0.03686   0.00000   0.17983   0.20181   0.04366   0.05245   0.08732   0.03040   0.08113   0.00590   0.10058   0.01295   6.68399   1.40045   1.09400   1.58325   1.18631  
 35  0.0650   1997.383016  x:  0.21418   0.00000   0.19833   0.27055   0.03239   0.00611   0.10117   0.03547   0.03042   0.00000   0.05510   0.03680   0.00000   0.17945   0.19971   0.04304   0.05097   0.08742   0.02963   0.08086   0.00598   0.09887   0.01284   6.67598   1.41739   1.09960   1.60458   1.18178  
 36  0.0286   1997.373947  x:  0.21467   0.00000   0.19620   0.27065   0.03248   0.00617   0.10116   0.03585   0.03083   0.00000   0.05582   0.03666   0.00000   0.17703   0.19818   0.04282   0.05117   0.08800   0.02945   0.08113   0.00606   0.09968   0.01279   6.68434   1.41425   1.10084   1.59946   1.18359  
 37  0.0094   1997.371951  x:  0.21513   0.00000   0.19490   0.27013   0.03258   0.00612   0.10151   0.03574   0.03059   0.00000   0.05543   0.03687   0.00000   0.17734   0.19795   0.04272   0.05139   0.08793   0.02948   0.08092   0.00612   0.10009   0.01275   6.68092   1.41550   1.09971   1.59994   1.18512  
 38  0.0033   1997.370599  x:  0.21494   0.00000   0.19443   0.26950   0.03260   0.00609   0.10175   0.03560   0.03062   0.00000   0.05562   0.03662   0.00000   0.17739   0.19840   0.04263   0.05121   0.08766   0.02973   0.08106   0.00623   0.09975   0.01268   6.67610   1.41344   1.09809   1.59753   1.18271  
 39  0.0033   1997.369221  x:  0.21468   0.00000   0.19460   0.26877   0.03246   0.00610   0.10165   0.03573   0.03051   0.00000   0.05547   0.03667   0.00000   0.17692   0.19868   0.04292   0.05130   0.08753   0.02969   0.08082   0.00641   0.09974   0.01255   6.68157   1.41513   1.10105   1.60027   1.18245  
 40  0.0032   1997.368075  x:  0.21487   0.00000   0.19513   0.26838   0.03249   0.00613   0.10142   0.03573   0.03064   0.00000   0.05552   0.03669   0.00000   0.17726   0.19858   0.04263   0.05137   0.08770   0.02953   0.08115   0.00659   0.09981   0.01245   6.68424   1.41488   1.09990   1.60016   1.18511  
 41  0.0024   1997.367667  x:  0.21495   0.00000   0.19529   0.26873   0.03257   0.00611   0.10143   0.03572   0.03067   0.00000   0.05555   0.03676   0.00000   0.17729   0.19830   0.04273   0.05132   0.08780   0.02949   0.08088   0.00667   0.09983   0.01240   6.67803   1.41463   1.09908   1.59877   1.18305  
 42  0.0041   1997.367464  x:  0.21497   0.00000   0.19521   0.26928   0.03256   0.00610   0.10154   0.03571   0.03060   0.00000   0.05549   0.03675   0.00000   0.17739   0.19823   0.04275   0.05130   0.08781   0.02952   0.08106   0.00672   0.09977   0.01238   6.67882   1.41448   1.09975   1.59907   1.18336  
 43  0.0008   1997.367428  x:  0.21497   0.00000   0.19519   0.26944   0.03254   0.00610   0.10155   0.03571   0.03062   0.00000   0.05553   0.03671   0.00000   0.17737   0.19833   0.04274   0.05129   0.08777   0.02954   0.08098   0.00673   0.09983   0.01238   6.68074   1.41456   1.09965   1.59933   1.18376  
 44  0.0020   1997.367423  x:  0.21496   0.00000   0.19517   0.26948   0.03254   0.00611   0.10153   0.03571   0.03062   0.00000   0.05553   0.03673   0.00000   0.17733   0.19838   0.04275   0.05130   0.08777   0.02953   0.08100   0.00673   0.09981   0.01238   6.68056   1.41458   1.09955   1.59923   1.18373  
 45  0.0002   1997.367423  x:  0.21496   0.00000   0.19515   0.26948   0.03254   0.00611   0.10153   0.03571   0.03062   0.00000   0.05553   0.03673   0.00000   0.17735   0.19839   0.04274   0.05131   0.08776   0.02953   0.08100   0.00673   0.09982   0.01239   6.68037   1.41458   1.09959   1.59921   1.18371  
 46  0.0002   1997.367422  x:  0.21497   0.00000   0.19515   0.26948   0.03254   0.00610   0.10152   0.03571   0.03062   0.00000   0.05553   0.03673   0.00000   0.17734   0.19839   0.04275   0.05130   0.08776   0.02953   0.08100   0.00673   0.09982   0.01239   6.68046   1.41453   1.09957   1.59922   1.18371  
 47  0.0000   1997.367422  x:  0.21497   0.00000   0.19516   0.26947   0.03254   0.00611   0.10152   0.03571   0.03062   0.00000   0.05553   0.03673   0.00000   0.17734   0.19838   0.04275   0.05130   0.08776   0.02953   0.08100   0.00674   0.09982   0.01240   6.68051   1.41458   1.09959   1.59922   1.18373  
 48  0.0000   1997.367422  x:  0.21497   0.00000   0.19516   0.26947   0.03254   0.00611   0.10152   0.03571   0.03062   0.00000   0.05553   0.03673   0.00000   0.17735   0.19838   0.04275   0.05130   0.08776   0.02953   0.08100   0.00674   0.09981   0.01240   6.68045   1.41457   1.09958   1.59922   1.18372  
 49  0.0001   1997.367422  x:  0.21496   0.00000   0.19515   0.26947   0.03254   0.00611   0.10153   0.03571   0.03062   0.00000   0.05553   0.03673   0.00000   0.17735   0.19838   0.04275   0.05130   0.08776   0.02953   0.08100   0.00674   0.09981   0.01240   6.68043   1.41457   1.09959   1.59922   1.18372  
 50  0.0000   1997.367422  x:  0.21496   0.00000   0.19516   0.26947   0.03254   0.00611   0.10153   0.03571   0.03062   0.00000   0.05553   0.03673   0.00000   0.17735   0.19838   0.04275   0.05130   0.08776   0.02953   0.08100   0.00674   0.09981   0.01240   6.68044   1.41457   1.09959   1.59922   1.18372  
 51  0.0000   1997.367422  x:  0.21496   0.00000   0.19516   0.26947   0.03254   0.00611   0.10153   0.03571   0.03062   0.00000   0.05553   0.03673   0.00000   0.17735   0.19838   0.04275   0.05130   0.08776   0.02953   0.08100   0.00674   0.09981   0.01240   6.68044   1.41457   1.09959   1.59922   1.18372  
 52  0.0000   1997.367422  x:  0.21496   0.00000   0.19516   0.26947   0.03254   0.00611   0.10153   0.03571   0.03062   0.00000   0.05553   0.03673   0.00000   0.17735   0.19838   0.04275   0.05130   0.08776   0.02953   0.08100   0.00674   0.09981   0.01240   6.68044   1.41457   1.09959   1.59922   1.18372  
 53  0.0000   1997.367422  x:  0.21496   0.00000   0.19516   0.26947   0.03254   0.00611   0.10153   0.03571   0.03062   0.00000   0.05553   0.03673   0.00000   0.17735   0.19838   0.04275   0.05130   0.08776   0.02953   0.08100   0.00674   0.09981   0.01240   6.68044   1.41457   1.09959   1.59922   1.18372  