

TREE # 1

  0  0.0000   2105.132359  x:  0.01972   0.20925   0.02571   0.03211   0.02495   0.05815   0.02188   0.05666   0.08536   0.02661   0.17168   0.01972   0.20925   0.02571   0.03211   0.02495   0.05815   0.02188   0.05666   0.08536   0.02661   0.17168   0.21568   8.40433   1.20621   0.87017   1.21783   1.00000  
  1 99.0000   2058.116248  x:  0.00259   0.20663   0.02805   0.03837   0.02153   0.07079   0.19946   0.07677   0.08032   0.02071   0.17266   0.00000   0.20904   0.03652   0.02782   0.04539   0.06161   0.02019   0.05697   0.08300   0.02035   0.17029   0.21792   8.40420   1.20700   0.87009   1.21876   0.99826  
  2 1166.1650   2057.719874  x:  0.00000   0.20626   0.02848   0.03919   0.02058   0.07103   0.19924   0.07792   0.07950   0.02047   0.17279   0.00000   0.20901   0.03684   0.02742   0.04561   0.06192   0.02003   0.05698   0.08268   0.01987   0.17011   0.21839   8.40417   1.20714   0.87009   1.21889   0.99794  
  3 120.5860   2057.315631  x:  0.00000   0.20135   0.02489   0.03694   0.02279   0.07485   0.19805   0.08657   0.06898   0.02287   0.17722   0.00000   0.20825   0.03824   0.02893   0.04659   0.06420   0.02194   0.05711   0.07905   0.02459   0.16904   0.22852   8.40367   1.21041   0.87023   1.22162   0.99059  
  4 45.9881   2057.103306  x:  0.00000   0.19678   0.02814   0.03337   0.02472   0.07650   0.19803   0.08667   0.06577   0.02140   0.18163   0.00000   0.20730   0.03505   0.02940   0.04536   0.06333   0.01920   0.05705   0.07797   0.02134   0.16871   0.23877   8.40299   1.21471   0.87059   1.22522   0.98074  
  5 36.1596   2056.778161  x:  0.00000   0.18836   0.02694   0.03734   0.02231   0.07631   0.19829   0.08117   0.06958   0.01983   0.18914   0.00000   0.20526   0.03617   0.02798   0.04460   0.06118   0.02366   0.05687   0.07914   0.02058   0.16892   0.25789   8.40121   1.22553   0.87180   1.23433   0.95568  
  6 44.5677   2056.641413  x:  0.00000   0.18637   0.02712   0.03832   0.02077   0.07473   0.19830   0.08040   0.07214   0.02299   0.19031   0.00000   0.20455   0.03789   0.02816   0.04561   0.06169   0.01934   0.05695   0.08007   0.02244   0.16943   0.26291   8.40018   1.23144   0.87273   1.23942   0.94176  
  7 49.0977   2056.200063  x:  0.00000   0.18805   0.02597   0.03583   0.02217   0.06781   0.19746   0.08648   0.07687   0.01925   0.18476   0.00000   0.20325   0.03747   0.02964   0.05029   0.06862   0.01948   0.05744   0.08227   0.02084   0.17235   0.26342   8.39554   1.25613   0.87785   1.26121   0.88275  
  8 45.1003   2055.831441  x:  0.00000   0.19163   0.02987   0.03737   0.02331   0.06994   0.19768   0.08767   0.07479   0.02405   0.17896   0.00000   0.20307   0.03595   0.02739   0.04625   0.06690   0.02283   0.05703   0.08150   0.02067   0.17387   0.25813   8.39107   1.27844   0.88335   1.28122   0.82942  
  9 108.8315   2055.641040  x:  0.00000   0.19356   0.02688   0.03793   0.02161   0.07345   0.19772   0.08567   0.07140   0.02095   0.17693   0.00000   0.20353   0.03691   0.02762   0.04376   0.06319   0.02032   0.05677   0.08011   0.02145   0.17360   0.25359   8.38855   1.28997   0.88679   1.29180   0.80234  
 10 105.2733   2055.607420  x:  0.00000   0.19346   0.02728   0.03714   0.02049   0.07445   0.19748   0.08389   0.07027   0.02139   0.17836   0.00000   0.20420   0.03756   0.02893   0.04640   0.06276   0.02090   0.05695   0.07952   0.02078   0.17226   0.25156   8.38770   1.29242   0.88820   1.29440   0.79773  
 11 19.4852   2055.585688  x:  0.00000   0.19256   0.02735   0.03778   0.02162   0.07451   0.19739   0.08328   0.07017   0.02108   0.18176   0.00000   0.20536   0.03718   0.02754   0.04721   0.06371   0.02053   0.05704   0.07928   0.02122   0.16983   0.24902   8.38645   1.29460   0.89044   1.29724   0.79559  
 12 10.1291   2055.570757  x:  0.00000   0.19160   0.02708   0.03753   0.02107   0.07376   0.19756   0.08396   0.07061   0.02141   0.18456   0.00000   0.20624   0.03713   0.02845   0.04566   0.06403   0.02070   0.05697   0.07949   0.02086   0.16810   0.24711   8.38505   1.29659   0.89289   1.30005   0.79487  
 13 11.3034   2055.558630  x:  0.00000   0.19096   0.02800   0.03696   0.02108   0.07354   0.19748   0.08496   0.07104   0.02081   0.18534   0.00000   0.20636   0.03779   0.02832   0.04580   0.06254   0.02093   0.05684   0.07998   0.02166   0.16848   0.24646   8.38269   1.29932   0.89659   1.30415   0.79603  
 14  5.7000   2055.526364  x:  0.00000   0.18973   0.02668   0.03717   0.02150   0.07393   0.19729   0.08621   0.07136   0.02163   0.18578   0.00000   0.20610   0.03729   0.02773   0.04680   0.06065   0.02070   0.05678   0.08063   0.02033   0.17062   0.24568   8.37555   1.30739   0.90733   1.31614   0.80031  
 15 21.4150   2055.469817  x:  0.00000   0.18872   0.02746   0.03813   0.02090   0.07514   0.19745   0.08469   0.07048   0.02106   0.18480   0.00000   0.20515   0.03658   0.02881   0.04621   0.06361   0.02061   0.05709   0.08008   0.02123   0.17411   0.24546   8.36193   1.32269   0.92659   1.33831   0.80894  
 16 39.5530   2055.457713  x:  0.00000   0.18938   0.02732   0.03715   0.02072   0.07452   0.19752   0.08407   0.07008   0.02122   0.18403   0.00000   0.20492   0.03780   0.02768   0.04575   0.06414   0.02071   0.05695   0.07939   0.02076   0.17327   0.24598   8.35859   1.32639   0.92994   1.34297   0.81100  
 17 16.4562   2055.440266  x:  0.00000   0.19177   0.02745   0.03808   0.02141   0.07330   0.19761   0.08400   0.06980   0.02115   0.18225   0.00000   0.20482   0.03776   0.02842   0.04594   0.06329   0.02061   0.05677   0.07856   0.02074   0.16929   0.24759   8.35278   1.33269   0.93305   1.34948   0.81436  
 18 12.0811   2055.434082  x:  0.00000   0.19264   0.02729   0.03763   0.02060   0.07380   0.19762   0.08420   0.07005   0.02119   0.18178   0.00000   0.20507   0.03685   0.02803   0.04609   0.06326   0.02069   0.05695   0.07913   0.02117   0.16796   0.24808   8.35022   1.33526   0.93327   1.35151   0.81561  
 19  8.9889   2055.426668  x:  0.00000   0.19331   0.02737   0.03758   0.02094   0.07540   0.19748   0.08454   0.07057   0.02114   0.18170   0.00000   0.20575   0.03757   0.02818   0.04596   0.06367   0.02061   0.05712   0.08032   0.02079   0.16734   0.24826   8.34627   1.33879   0.93219   1.35343   0.81715  
 20  6.9300   2055.400986  x:  0.00000   0.19302   0.02740   0.03788   0.02062   0.07453   0.19762   0.08449   0.06997   0.02109   0.18303   0.00000   0.20817   0.03740   0.02808   0.04601   0.06345   0.02057   0.05599   0.07911   0.02079   0.16984   0.24690   8.32973   1.35143   0.92523   1.35779   0.82213  
 21  7.2771   2055.393280  x:  0.00000   0.19204   0.02743   0.03797   0.02066   0.07411   0.19768   0.08441   0.06963   0.02109   0.18299   0.00000   0.20717   0.03745   0.02801   0.04588   0.06321   0.02058   0.05811   0.07905   0.02077   0.16994   0.24618   8.32383   1.35414   0.92383   1.35815   0.82309  
 22  7.2144   2055.368867  x:  0.00000   0.18828   0.02744   0.03793   0.02065   0.07441   0.19776   0.08440   0.06936   0.02107   0.18207   0.00000   0.20128   0.03739   0.02804   0.04595   0.06336   0.02057   0.05662   0.07966   0.02082   0.16855   0.24394   8.30329   1.35912   0.92204   1.35693   0.82450  
 23  9.1356   2055.225306  x:  0.00000   0.19113   0.02791   0.03811   0.01924   0.07826   0.19789   0.08799   0.07398   0.02065   0.18433   0.00000   0.19775   0.03763   0.02774   0.04633   0.06374   0.02028   0.05738   0.07211   0.02020   0.16837   0.24364   8.17249   1.36594   0.92751   1.34178   0.82404  
 24 11.4127   2054.860192  x:  0.00000   0.19757   0.02938   0.04162   0.01623   0.07552   0.19952   0.09086   0.06606   0.01989   0.18723   0.00000   0.19913   0.03896   0.02621   0.04694   0.06475   0.01968   0.05707   0.07892   0.01842   0.16862   0.24469   7.83922   1.37735   0.94196   1.30543   0.82161  
 25 168.5548   2054.643946  x:  0.00000   0.18392   0.02983   0.04214   0.01538   0.07645   0.20032   0.09243   0.06625   0.01959   0.17556   0.00000   0.21258   0.03927   0.02583   0.04726   0.06510   0.01948   0.05710   0.07711   0.01777   0.16350   0.24427   7.63958   1.37069   0.94286   1.29811   0.81955  
 26 72.3960   2054.199733  x:  0.00000   0.18558   0.03110   0.04489   0.01170   0.07743   0.20186   0.09723   0.06357   0.01866   0.17796   0.00000   0.20627   0.04038   0.02431   0.04796   0.06596   0.01872   0.05695   0.07599   0.01588   0.16232   0.24180   7.22836   1.31991   0.91680   1.32903   0.81442  
 27 51.3019   2054.137448  x:  0.00000   0.18617   0.03130   0.04569   0.01476   0.07703   0.20314   0.09830   0.06407   0.01911   0.17804   0.00000   0.20587   0.04041   0.02472   0.04808   0.06613   0.01902   0.05691   0.07645   0.01698   0.16279   0.24225   7.06641   1.31300   0.91390   1.32913   0.80928  
 28  0.2364   2054.134231  x:  0.00000   0.18651   0.03114   0.04570   0.01437   0.07681   0.20387   0.09800   0.06470   0.01927   0.17816   0.00000   0.20587   0.04023   0.02513   0.04795   0.06601   0.01913   0.05691   0.07671   0.01733   0.16328   0.24262   7.04142   1.31326   0.91400   1.32844   0.80714  
 29  0.0298   2054.133976  x:  0.00000   0.18661   0.03105   0.04567   0.01438   0.07674   0.20430   0.09771   0.06467   0.01926   0.17818   0.00000   0.20590   0.04017   0.02509   0.04790   0.06594   0.01914   0.05690   0.07675   0.01720   0.16332   0.24255   7.04429   1.31297   0.91388   1.32825   0.80687  
 30  0.0026   2054.133960  x:  0.00000   0.18657   0.03104   0.04566   0.01438   0.07676   0.20441   0.09769   0.06464   0.01925   0.17818   0.00000   0.20589   0.04018   0.02507   0.04791   0.06594   0.01913   0.05690   0.07673   0.01724   0.16328   0.24255   7.04424   1.31297   0.91387   1.32830   0.80700  
 31  0.0002   2054.133959  x:  0.00000   0.18656   0.03105   0.04566   0.01438   0.07677   0.20444   0.09770   0.06465   0.01926   0.17818   0.00000   0.20589   0.04018   0.02508   0.04792   0.06595   0.01913   0.05690   0.07673   0.01723   0.16328   0.24255   7.04419   1.31300   0.91388   1.32832   0.80701  
 32  0.0001   2054.133959  x:  0.00000   0.18657   0.03105   0.04566   0.01438   0.07677   0.20445   0.09770   0.06465   0.01926   0.17818   0.00000   0.20589   0.04018   0.02508   0.04792   0.06595   0.01913   0.05690   0.07673   0.01723   0.16329   0.24255   7.04434   1.31300   0.91388   1.32831   0.80700  
 33  0.0001   2054.133959  x:  0.00000   0.18657   0.03105   0.04566   0.01438   0.07677   0.20445   0.09770   0.06465   0.01926   0.17818   0.00000   0.20589   0.04018   0.02508   0.04792   0.06595   0.01913   0.05690   0.07673   0.01723   0.16329   0.24255   7.04432   1.31300   0.91388   1.32831   0.80700  
 34  0.0000   2054.133959  x:  0.00000   0.18657   0.03105   0.04566   0.01438   0.07677   0.20445   0.09770   0.06465   0.01926   0.17818   0.00000   0.20589   0.04018   0.02508   0.04792   0.06595   0.01913   0.05690   0.07673   0.01723   0.16329   0.24255   7.04432   1.31300   0.91388   1.32831   0.80700  

TREE # 2

  0  0.0000   2295.348474  x:  0.00000   0.18657   0.03105   0.04566   0.01438   0.07677   0.20445   0.09770   0.06465   0.01926   0.17818   0.00000   0.20589   0.04018   0.02508   0.04792   0.06595   0.01913   0.05690   0.07673   0.01723   0.16329   0.24255   7.04432   1.29182   0.84442   1.22870   0.80700  
  1 99.0000   2180.134558  x:  0.33486   0.18862   0.07042   0.07997   0.01815   0.07178   0.19831   0.09080   0.06407   0.04039   0.17274   0.15943   0.20641   0.08339   0.06778   0.04352   0.06141   0.03956   0.05603   0.07929   0.01405   0.15829   0.24112   7.04433   1.29174   0.84488   1.22906   0.80694  
  2 5775.0406   2115.706312  x:  0.33206   0.13925   0.14733   0.16849   0.01866   0.04381   0.16186   0.04881   0.05710   0.04038   0.13642   0.11651   0.15606   0.16213   0.15030   0.01349   0.03312   0.07411   0.04742   0.09256   0.00000   0.12936   0.23294   7.04444   1.28911   0.85031   1.23077   0.80653  
  3 526.6775   2091.044052  x:  0.35404   0.06489   0.16375   0.19428   0.01340   0.03236   0.11449   0.00586   0.05612   0.04771   0.08980   0.06754   0.08090   0.18498   0.17134   0.04503   0.02665   0.06794   0.04438   0.10052   0.08355   0.10199   0.22623   7.04462   1.28551   0.85697   1.23369   0.80590  
  4 441.9481   2073.055393  x:  0.37379   0.00000   0.17123   0.20861   0.01695   0.03429   0.07862   0.03863   0.05681   0.05301   0.05505   0.02826   0.01568   0.19673   0.18281   0.05413   0.02584   0.06173   0.04241   0.10453   0.12035   0.07944   0.21983   7.04475   1.28267   0.86232   1.23623   0.80564  
  5 837.7602   2070.566734  x:  0.37729   0.00000   0.16979   0.20807   0.01748   0.03648   0.07448   0.03657   0.05703   0.05294   0.05335   0.02320   0.00000   0.19536   0.18248   0.05053   0.02759   0.06044   0.04268   0.10413   0.11873   0.07616   0.21847   7.04478   1.28212   0.86336   1.23687   0.80562  
  6 259.4755   2070.343278  x:  0.37792   0.00000   0.16776   0.20702   0.01361   0.03291   0.06968   0.03632   0.05714   0.05324   0.05330   0.02387   0.00000   0.19280   0.18230   0.04606   0.02452   0.05924   0.04287   0.10351   0.11858   0.07148   0.21586   7.04484   1.28087   0.86590   1.23857   0.80535  
  7 43.6264   2070.241612  x:  0.37728   0.00000   0.16659   0.20675   0.01710   0.03125   0.06728   0.03593   0.05706   0.05355   0.05367   0.02608   0.00000   0.19092   0.18291   0.04329   0.02364   0.05925   0.04303   0.10312   0.11971   0.06830   0.21336   7.04492   1.27948   0.86873   1.24058   0.80499  
  8 37.4146   2070.110365  x:  0.37627   0.00000   0.16575   0.20767   0.01580   0.03290   0.06768   0.03596   0.05673   0.05382   0.05436   0.02906   0.00000   0.18814   0.18606   0.03970   0.02803   0.06138   0.04341   0.10253   0.12261   0.06541   0.20806   7.04513   1.27590   0.87616   1.24614   0.80398  
  9 24.5326   2069.908579  x:  0.37827   0.00000   0.16395   0.20871   0.01569   0.03588   0.07295   0.03548   0.05679   0.05326   0.05525   0.02747   0.00000   0.18297   0.19051   0.03589   0.02388   0.06248   0.04338   0.10141   0.12509   0.06762   0.20040   7.04557   1.26904   0.89099   1.25781   0.80194  
 10 32.4217   2069.720306  x:  0.38085   0.00000   0.16252   0.20959   0.01638   0.03022   0.07449   0.03495   0.05718   0.05255   0.05571   0.02505   0.00000   0.17917   0.19323   0.03694   0.02634   0.06111   0.04271   0.10129   0.12247   0.07259   0.19631   7.04607   1.26258   0.90614   1.27075   0.79981  
 11 40.0852   2069.429677  x:  0.38150   0.00000   0.16143   0.21074   0.01583   0.03401   0.06780   0.03251   0.05730   0.05309   0.05479   0.02838   0.00000   0.17731   0.19364   0.04518   0.02534   0.05814   0.04113   0.10376   0.11304   0.07692   0.19726   7.04702   1.25392   0.93035   1.29404   0.79637  
 12 38.3703   2069.126041  x:  0.38490   0.00000   0.16053   0.20798   0.01591   0.03282   0.07212   0.03022   0.05652   0.05476   0.05455   0.02691   0.00000   0.18107   0.18575   0.04924   0.02451   0.06435   0.04511   0.10643   0.10626   0.06871   0.20777   7.04818   1.25171   0.94981   1.31911   0.79349  
 13 26.1637   2068.771049  x:  0.38800   0.00000   0.16448   0.20444   0.01589   0.03330   0.07474   0.02793   0.05767   0.05144   0.05744   0.02787   0.00000   0.18987   0.17787   0.04097   0.02621   0.05696   0.04048   0.10135   0.10636   0.06730   0.22063   7.04972   1.25994   0.96255   1.34630   0.79153  
 14 24.5074   2068.434463  x:  0.39100   0.00000   0.16695   0.19881   0.01586   0.03342   0.06989   0.02535   0.05693   0.05260   0.05655   0.02873   0.00000   0.19221   0.17370   0.03338   0.02672   0.06067   0.04800   0.09759   0.10530   0.07633   0.22489   7.05135   1.27728   0.96645   1.36930   0.79097  
 15 28.5476   2067.419586  x:  0.40222   0.00000   0.16864   0.18648   0.01575   0.03337   0.06963   0.01681   0.05601   0.05470   0.05953   0.02735   0.00000   0.18362   0.17620   0.03818   0.02630   0.06712   0.03779   0.09572   0.08805   0.07631   0.21218   7.05634   1.34425   0.96214   1.42458   0.79225  
 16 37.2001   2067.137433  x:  0.40508   0.00000   0.16703   0.18846   0.01564   0.03370   0.07270   0.01434   0.05712   0.05157   0.05981   0.02840   0.00000   0.18107   0.17832   0.03999   0.02639   0.06002   0.04539   0.10016   0.08243   0.07390   0.20787   7.05788   1.36445   0.96090   1.43778   0.79296  
 17 53.5705   2066.998999  x:  0.40667   0.00000   0.15615   0.20092   0.01547   0.03376   0.07244   0.01353   0.05572   0.05214   0.06220   0.02849   0.00000   0.17777   0.17669   0.03821   0.02657   0.06101   0.04389   0.10252   0.08152   0.07562   0.21166   7.05890   1.37321   0.96363   1.43434   0.79402  
 18 10.8648   2066.923697  x:  0.40673   0.00000   0.15480   0.20233   0.01545   0.03365   0.07313   0.01274   0.06009   0.05089   0.05899   0.02947   0.00000   0.17480   0.17788   0.03847   0.02657   0.06203   0.04401   0.09839   0.07977   0.07527   0.21491   7.05971   1.37530   0.96839   1.42464   0.79503  
 19  7.8709   2066.751181  x:  0.40758   0.00000   0.15778   0.19952   0.01550   0.03395   0.07276   0.01200   0.05574   0.05268   0.06295   0.02835   0.00000   0.17052   0.18197   0.03979   0.02662   0.06077   0.04627   0.09295   0.07713   0.07401   0.22080   7.06180   1.37691   0.98097   1.39767   0.79757  
 20 19.7513   2066.597221  x:  0.40792   0.00000   0.15997   0.19256   0.01560   0.03400   0.07208   0.01119   0.05754   0.05070   0.06410   0.02821   0.00000   0.17232   0.18053   0.03698   0.02695   0.06206   0.04399   0.10277   0.07593   0.07588   0.22064   7.06392   1.37440   0.99019   1.37333   0.79995  
 21 18.5497   2066.475630  x:  0.40686   0.00000   0.15863   0.19143   0.01559   0.03386   0.07384   0.01017   0.05614   0.05503   0.06108   0.02906   0.00000   0.17941   0.17383   0.03672   0.02720   0.06050   0.04357   0.10123   0.07278   0.07682   0.21322   7.06587   1.36665   0.99006   1.36014   0.80180  
 22  9.7141   2066.314013  x:  0.40645   0.00000   0.15777   0.19209   0.01556   0.03427   0.07177   0.01012   0.05825   0.05011   0.06648   0.02804   0.00000   0.18550   0.16735   0.03941   0.02698   0.06269   0.04523   0.09678   0.07045   0.07684   0.20606   7.06863   1.35320   0.98438   1.34825   0.80404  
 23 18.2853   2064.420572  x:  0.39277   0.00000   0.16112   0.19117   0.01547   0.03454   0.07255   0.00725   0.05344   0.04622   0.06504   0.02787   0.00000   0.16310   0.16305   0.03476   0.02769   0.06309   0.04397   0.09730   0.04980   0.07785   0.21225   7.10021   1.18506   0.87065   1.27397   0.82440  
 24 18.8980   2064.201385  x:  0.39055   0.00000   0.15772   0.18907   0.01549   0.03493   0.07221   0.00715   0.06100   0.05406   0.07018   0.02639   0.00000   0.16429   0.16753   0.03440   0.02784   0.06191   0.04499   0.09763   0.04765   0.07787   0.21393   7.10430   1.16822   0.85869   1.26673   0.82533  
 25 41.2934   2063.764006  x:  0.38496   0.00000   0.13917   0.17813   0.01558   0.03494   0.07232   0.00736   0.05749   0.04985   0.06850   0.02655   0.00000   0.17446   0.18218   0.03451   0.02779   0.06203   0.04520   0.09563   0.04276   0.07807   0.21708   7.11208   1.15808   0.84951   1.26104   0.82020  
 26 13.4078   2059.181831  x:  0.33540   0.00000   0.13732   0.17476   0.01569   0.03666   0.07359   0.01154   0.05764   0.04987   0.06658   0.02290   0.00000   0.15932   0.16559   0.03040   0.02970   0.05902   0.04554   0.09626   0.00848   0.07762   0.21051   7.17812   1.18757   0.84806   1.24952   0.74826  
 27  9.2848   2058.751903  x:  0.32814   0.00000   0.13642   0.17380   0.01582   0.03662   0.07433   0.01251   0.05759   0.04996   0.06625   0.02293   0.00000   0.15887   0.16513   0.02994   0.02979   0.05877   0.04552   0.09661   0.00609   0.07785   0.21010   7.18379   1.19902   0.86138   1.26111   0.83263  
 28  7.3506   2056.373025  x:  0.28880   0.00000   0.14064   0.17909   0.01679   0.03916   0.07699   0.01871   0.05721   0.04874   0.06463   0.02020   0.00000   0.15670   0.16300   0.01408   0.03201   0.05829   0.04512   0.09648   0.01996   0.07672   0.20551   7.19882   1.23885   0.87900   1.26807   0.86942  
 29  0.2664   2054.771627  x:  0.24394   0.00000   0.15316   0.19054   0.01814   0.04256   0.07699   0.02313   0.05708   0.04776   0.06456   0.01722   0.00000   0.16423   0.17217   0.02663   0.03255   0.06173   0.04646   0.09643   0.02004   0.07689   0.20278   7.09374   1.32118   0.91840   1.32865   0.82852  
 30  0.2222   2054.339466  x:  0.23179   0.00000   0.15757   0.19557   0.01773   0.04264   0.07612   0.02327   0.05734   0.04743   0.06567   0.01849   0.00000   0.17115   0.17771   0.01949   0.03273   0.06297   0.04600   0.09627   0.01464   0.07655   0.20400   7.01202   1.33406   0.92147   1.34620   0.78661  
 31  0.1374   2054.149187  x:  0.24401   0.00000   0.16176   0.20453   0.01690   0.04064   0.07660   0.02367   0.05669   0.04781   0.06626   0.02008   0.00000   0.17803   0.18570   0.01918   0.03137   0.06431   0.04549   0.09775   0.01453   0.07697   0.20529   6.99941   1.30764   0.91066   1.32509   0.80385  
 32  0.0393   2054.137933  x:  0.24275   0.00000   0.16305   0.20586   0.01711   0.04033   0.07667   0.02409   0.05681   0.04792   0.06612   0.01871   0.00000   0.17839   0.18664   0.01912   0.03109   0.06460   0.04558   0.09776   0.01442   0.07678   0.20458   7.03368   1.31016   0.91246   1.32657   0.80655  
 33  0.0393   2054.135636  x:  0.24156   0.00000   0.16352   0.20625   0.01721   0.04017   0.07682   0.02445   0.05689   0.04795   0.06588   0.01916   0.00000   0.17830   0.18675   0.01935   0.03102   0.06470   0.04567   0.09774   0.01448   0.07679   0.20430   7.04940   1.31191   0.91339   1.32699   0.80765  
 34  0.0190   2054.134383  x:  0.24255   0.00000   0.16356   0.20607   0.01728   0.04004   0.07674   0.02482   0.05694   0.04787   0.06594   0.01916   0.00000   0.17826   0.18662   0.01923   0.03100   0.06468   0.04569   0.09770   0.01435   0.07671   0.20452   7.04726   1.31482   0.91481   1.32999   0.80669  
 35  0.0022   2054.133978  x:  0.24256   0.00000   0.16333   0.20591   0.01726   0.04012   0.07675   0.02507   0.05687   0.04790   0.06594   0.01912   0.00000   0.17817   0.18651   0.01927   0.03104   0.06465   0.04567   0.09770   0.01437   0.07678   0.20446   7.04310   1.31287   0.91376   1.32803   0.80678  
 36  0.0040   2054.133960  x:  0.24255   0.00000   0.16328   0.20588   0.01724   0.04017   0.07673   0.02508   0.05690   0.04793   0.06595   0.01913   0.00000   0.17817   0.18656   0.01925   0.03105   0.06465   0.04566   0.09770   0.01438   0.07677   0.20445   7.04411   1.31299   0.91387   1.32834   0.80702  
 37  0.0010   2054.133959  x:  0.24255   0.00000   0.16328   0.20589   0.01723   0.04018   0.07673   0.02508   0.05690   0.04792   0.06595   0.01913   0.00000   0.17818   0.18657   0.01926   0.03105   0.06465   0.04566   0.09770   0.01438   0.07677   0.20445   7.04437   1.31300   0.91388   1.32831   0.80700  
 38  0.0002   2054.133959  x:  0.24255   0.00000   0.16329   0.20589   0.01723   0.04018   0.07673   0.02508   0.05690   0.04792   0.06595   0.01913   0.00000   0.17818   0.18657   0.01926   0.03105   0.06465   0.04566   0.09770   0.01438   0.07677   0.20445   7.04433   1.31300   0.91388   1.32831   0.80700  
 39  0.0000   2054.133959  x:  0.24255   0.00000   0.16329   0.20589   0.01723   0.04018   0.07673   0.02508   0.05690   0.04792   0.06595   0.01913   0.00000   0.17818   0.18657   0.01926   0.03105   0.06465   0.04566   0.09770   0.01438   0.07677   0.20445   7.04432   1.31300   0.91388   1.32831   0.80700  
 40  0.0000   2054.133959  x:  0.24255   0.00000   0.16329   0.20589   0.01723   0.04018   0.07673   0.02508   0.05690   0.04792   0.06595   0.01913   0.00000   0.17818   0.18657   0.01926   0.03105   0.06465   0.04566   0.09770   0.01438   0.07677   0.20445   7.04432   1.31300   0.91388   1.32831   0.80700  