

TREE # 1

  0  0.0000   2085.046962  x:  0.01972   0.20925   0.02571   0.03211   0.02495   0.05815   0.02188   0.05666   0.08536   0.02661   0.17168   0.01972   0.20925   0.02571   0.03211   0.02495   0.05815   0.02188   0.05666   0.08536   0.02661   0.17168   0.21568   8.40433   1.62401   1.08196   1.21055   1.00000  
  1 99.0000   2052.031321  x:  0.00454   0.20309   0.09566   0.02776   0.05035   0.05124   0.00184   0.05198   0.08399   0.07481   0.17924   0.00865   0.20950   0.00548   0.02835   0.11057   0.05676   0.02899   0.06345   0.11409   0.02202   0.17261   0.21355   8.40440   1.62231   1.07940   1.21519   1.00328  
  2 730.4485   2051.245359  x:  0.00166   0.20132   0.09780   0.02686   0.05089   0.05023   0.01116   0.05121   0.08350   0.07571   0.18133   0.00720   0.20967   0.00386   0.02745   0.11264   0.05644   0.02848   0.06443   0.11901   0.02234   0.17301   0.21304   8.40443   1.62179   1.07874   1.21653   1.00424  
  3 243.7690   2050.719509  x:  0.00000   0.19994   0.09780   0.02631   0.05049   0.04941   0.01092   0.05071   0.08312   0.07519   0.18297   0.00651   0.20983   0.00397   0.02686   0.11218   0.05624   0.02790   0.06506   0.12237   0.02278   0.17337   0.21267   8.40445   1.62136   1.07823   1.21761   1.00501  
  4 148.5291   2050.255177  x:  0.00000   0.19649   0.09775   0.02757   0.05025   0.04914   0.01034   0.05065   0.08259   0.07410   0.18792   0.01051   0.21042   0.00060   0.02680   0.11092   0.05643   0.02876   0.06565   0.12729   0.02108   0.17485   0.21185   8.40452   1.61985   1.07655   1.22130   1.00775  
  5 124.4406   2049.342254  x:  0.00000   0.18608   0.09916   0.03270   0.05077   0.04962   0.01035   0.05127   0.08134   0.07223   0.20321   0.02452   0.21234   0.00452   0.02821   0.10912   0.05748   0.03284   0.06669   0.13946   0.01631   0.17955   0.20942   8.40478   1.61494   1.07115   1.23328   1.01667  
  6 318.3819   2048.713170  x:  0.00000   0.17481   0.10045   0.03321   0.05240   0.05353   0.00998   0.05367   0.08140   0.07249   0.21760   0.02840   0.21346   0.00367   0.03072   0.10819   0.05826   0.03358   0.06383   0.13683   0.02863   0.18309   0.20658   8.40519   1.60742   1.06349   1.25104   1.03047  
  7 73.2397   2047.348012  x:  0.00000   0.15224   0.10119   0.02665   0.05310   0.05777   0.00893   0.05572   0.08226   0.07401   0.24251   0.01896   0.21388   0.00402   0.03018   0.10634   0.05726   0.02917   0.05845   0.12012   0.01991   0.18757   0.20044   8.40634   1.58786   1.04449   1.29637   1.06654  
  8 105.8085   2046.582682  x:  0.00000   0.15262   0.09872   0.03811   0.04961   0.05010   0.00848   0.05102   0.08322   0.07408   0.24225   0.01277   0.21258   0.00389   0.02823   0.10704   0.05737   0.03613   0.06697   0.11386   0.02037   0.18591   0.19976   8.40756   1.57047   1.02943   1.33475   1.09964  
  9 64.9284   2045.175714  x:  0.00000   0.17218   0.09320   0.02899   0.04951   0.04593   0.00747   0.04944   0.08196   0.07418   0.22020   0.02434   0.20940   0.00435   0.03080   0.10977   0.05594   0.02856   0.06851   0.11840   0.02143   0.17930   0.20357   8.41054   1.53381   1.00073   1.41306   1.17196  
 10 94.9877   2044.935720  x:  0.00000   0.17549   0.09410   0.03027   0.05073   0.05274   0.00700   0.05291   0.08183   0.07296   0.21392   0.02165   0.20853   0.00438   0.02755   0.10796   0.05740   0.03248   0.06350   0.12320   0.02087   0.17803   0.20441   8.41137   1.52746   0.99743   1.42594   1.18717  
 11 57.0098   2044.884370  x:  0.00000   0.17466   0.09703   0.03237   0.05077   0.05296   0.00691   0.05312   0.08198   0.07232   0.21168   0.02050   0.20848   0.00423   0.03101   0.10589   0.05732   0.03090   0.06234   0.12415   0.02046   0.17874   0.20467   8.41211   1.52667   1.00023   1.42645   1.19461  
 12 13.1674   2044.746593  x:  0.00000   0.17040   0.10378   0.02998   0.05010   0.05060   0.00681   0.05206   0.08189   0.07101   0.20652   0.02224   0.20908   0.00440   0.02889   0.10120   0.05692   0.03293   0.06262   0.12313   0.02096   0.18202   0.20546   8.41523   1.52612   1.01439   1.42297   1.22237  
 13 20.7210   2044.528155  x:  0.00000   0.16716   0.09772   0.03196   0.05062   0.05390   0.00647   0.05405   0.08167   0.07087   0.20556   0.02258   0.20989   0.00456   0.02680   0.10590   0.05735   0.02920   0.06679   0.12381   0.02093   0.18364   0.20586   8.42153   1.52796   1.04088   1.41316   1.27344  
 14 33.1272   2044.441983  x:  0.00000   0.16855   0.09387   0.03032   0.05046   0.05257   0.00637   0.05283   0.08166   0.07198   0.20806   0.02145   0.20982   0.00444   0.02997   0.10758   0.05816   0.03238   0.06427   0.12492   0.02065   0.18239   0.20568   8.42447   1.53000   1.05075   1.40853   1.29479  
 15 43.2733   2044.400607  x:  0.00000   0.17216   0.09431   0.03156   0.05067   0.05125   0.00637   0.05210   0.08209   0.07308   0.21171   0.02161   0.20940   0.00453   0.02835   0.10668   0.05701   0.03130   0.06165   0.12500   0.02075   0.18012   0.20534   8.42643   1.53283   1.05352   1.40579   1.30548  
 16 17.9748   2044.366779  x:  0.00000   0.17616   0.09650   0.03058   0.05058   0.05249   0.00633   0.05294   0.08218   0.07269   0.21537   0.02119   0.20880   0.00452   0.02882   0.10505   0.05722   0.03150   0.06415   0.12490   0.02061   0.17759   0.20480   8.42875   1.53732   1.05336   1.40307   1.31476  
 17 14.2213   2044.317660  x:  0.00000   0.17615   0.09752   0.03060   0.05011   0.05186   0.00648   0.05241   0.08089   0.06823   0.21505   0.02119   0.20866   0.00454   0.02849   0.10730   0.05926   0.03099   0.06319   0.12460   0.02062   0.17777   0.20377   8.43447   1.54982   1.04546   1.39830   1.32831  
 18  7.1118   2044.253407  x:  0.00000   0.17359   0.09607   0.03057   0.05057   0.05197   0.00663   0.05288   0.08159   0.07133   0.21233   0.02116   0.20900   0.00452   0.02883   0.10665   0.05585   0.03171   0.06354   0.12559   0.02062   0.17930   0.20313   8.44309   1.56730   1.03345   1.39217   1.34554  
 19 21.0068   2044.243795  x:  0.00000   0.17307   0.09585   0.03060   0.05052   0.05203   0.00667   0.05231   0.08190   0.07301   0.21205   0.02120   0.20902   0.00453   0.02858   0.10597   0.05799   0.03122   0.06365   0.12583   0.02061   0.17935   0.20382   8.44500   1.56924   1.03220   1.39172   1.34734  
 20  6.0532   2044.147514  x:  0.00000   0.16959   0.09628   0.03039   0.05176   0.05030   0.00720   0.05413   0.08049   0.07244   0.21416   0.02018   0.20751   0.00447   0.02838   0.10649   0.05754   0.03126   0.06386   0.12721   0.02059   0.17638   0.21885   8.47509   1.57343   1.03305   1.39600   1.35015  
 21  2.5267   2044.010625  x:  0.00000   0.16833   0.09768   0.02988   0.04704   0.05438   0.00791   0.04815   0.08188   0.07206   0.21574   0.01969   0.20677   0.00444   0.02822   0.10831   0.05530   0.03098   0.06382   0.12925   0.02074   0.17660   0.22352   8.51777   1.57690   1.03618   1.40280   1.35192  
 22 24.5529   2042.745461  x:  0.00000   0.16709   0.10284   0.02545   0.05365   0.04673   0.01390   0.04851   0.09063   0.07028   0.22400   0.00889   0.20615   0.00390   0.02455   0.11328   0.05657   0.02839   0.06725   0.14879   0.02078   0.19103   0.20511   8.92599   1.60325   1.07068   1.46892   1.36272  
 23 79.6315   2042.514260  x:  0.00000   0.16417   0.10421   0.02570   0.04771   0.04545   0.01485   0.05163   0.07861   0.07406   0.22397   0.00811   0.20808   0.00382   0.02408   0.11354   0.05648   0.02788   0.06705   0.15138   0.02093   0.18666   0.19880   8.99828   1.60721   1.07617   1.47941   1.36416  
 24 93.5552   2042.439825  x:  0.00000   0.16075   0.10401   0.02580   0.05167   0.04628   0.01464   0.04823   0.07609   0.07347   0.22300   0.00834   0.21003   0.00379   0.02403   0.11250   0.05602   0.02786   0.06773   0.15216   0.02097   0.17986   0.19606   9.02263   1.60784   1.07688   1.48138   1.36421  
 25 27.1373   2042.341052  x:  0.00000   0.15576   0.10413   0.02538   0.04933   0.04510   0.01408   0.04990   0.08145   0.07219   0.22185   0.00914   0.21279   0.00378   0.02385   0.11261   0.05629   0.02761   0.06760   0.15378   0.02111   0.17042   0.19355   9.05546   1.60776   1.07603   1.48186   1.36376  
 26 25.5275   2041.469528  x:  0.00000   0.15295   0.09800   0.02386   0.04711   0.04362   0.00548   0.04780   0.08034   0.06797   0.22793   0.00380   0.21660   0.00375   0.02237   0.10380   0.05546   0.02539   0.06893   0.16111   0.02150   0.17716   0.19944   9.30899   1.60020   1.05571   1.47027   1.35728  
 27 24.1630   2041.451822  x:  0.00000   0.15167   0.09775   0.02386   0.04708   0.04352   0.00531   0.04774   0.08027   0.06804   0.22778   0.00431   0.20952   0.00380   0.02231   0.10363   0.05543   0.02535   0.06902   0.16144   0.02160   0.17656   0.19854   9.31526   1.59863   1.05457   1.46879   1.35734  
 28  5.6353   2041.389716  x:  0.00000   0.15108   0.09830   0.02380   0.04712   0.04330   0.00588   0.04760   0.08010   0.06817   0.22922   0.00441   0.21027   0.00382   0.02220   0.10415   0.05547   0.02516   0.06936   0.16272   0.02172   0.17740   0.19816   9.34830   1.55021   1.02624   1.43114   1.36618  
 29  1.3725   2041.233618  x:  0.00000   0.15296   0.09782   0.02396   0.04662   0.04301   0.00492   0.04730   0.07846   0.06798   0.23050   0.00914   0.21369   0.00400   0.02210   0.10333   0.05515   0.02470   0.07048   0.16865   0.02338   0.18115   0.19795   9.50329   1.55276   1.02730   1.43657   1.36554  
 30  0.4557   2041.166195  x:  0.00000   0.15529   0.09847   0.02481   0.04670   0.04419   0.00611   0.04755   0.07785   0.06879   0.23014   0.00833   0.21103   0.00418   0.02282   0.10473   0.05497   0.02530   0.07101   0.17500   0.02465   0.18217   0.19838   9.67688   1.56106   1.03426   1.44607   1.36984  
 31  0.2156   2041.152613  x:  0.00000   0.15570   0.09827   0.02452   0.04695   0.04442   0.00542   0.04767   0.07818   0.06882   0.22960   0.00747   0.21138   0.00439   0.02270   0.10461   0.05509   0.02544   0.07076   0.17736   0.02449   0.18180   0.19896   9.75195   1.55684   1.03185   1.44195   1.37236  
 32  0.0860   2041.150447  x:  0.00000   0.15509   0.09871   0.02431   0.04710   0.04405   0.00551   0.04762   0.07833   0.06896   0.22927   0.00752   0.21163   0.00455   0.02242   0.10512   0.05518   0.02521   0.07051   0.17763   0.02412   0.18165   0.19904   9.76391   1.55850   1.03271   1.44219   1.37195  
 33  0.0113   2041.149893  x:  0.00000   0.15506   0.09902   0.02452   0.04707   0.04413   0.00546   0.04763   0.07833   0.06903   0.22929   0.00756   0.21170   0.00462   0.02259   0.10547   0.05516   0.02533   0.07047   0.17748   0.02404   0.18156   0.19892   9.76047   1.55820   1.03244   1.44145   1.37105  
 34  0.0028   2041.149769  x:  0.00000   0.15522   0.09913   0.02441   0.04710   0.04419   0.00545   0.04764   0.07828   0.06912   0.22937   0.00757   0.21160   0.00463   0.02256   0.10564   0.05515   0.02531   0.07052   0.17740   0.02409   0.18160   0.19890   9.75779   1.55810   1.03243   1.44164   1.37101  
 35  0.0024   2041.149753  x:  0.00000   0.15519   0.09916   0.02444   0.04712   0.04415   0.00544   0.04764   0.07828   0.06913   0.22939   0.00756   0.21160   0.00462   0.02253   0.10567   0.05515   0.02530   0.07055   0.17740   0.02412   0.18164   0.19892   9.75683   1.55810   1.03248   1.44175   1.37115  
 36  0.0010   2041.149751  x:  0.00000   0.15516   0.09917   0.02443   0.04711   0.04415   0.00544   0.04764   0.07829   0.06913   0.22937   0.00756   0.21161   0.00461   0.02254   0.10568   0.05515   0.02531   0.07055   0.17741   0.02412   0.18163   0.19892   9.75622   1.55811   1.03249   1.44177   1.37124  
 37  0.0005   2041.149750  x:  0.00000   0.15517   0.09917   0.02444   0.04711   0.04415   0.00544   0.04764   0.07829   0.06913   0.22937   0.00756   0.21161   0.00461   0.02254   0.10569   0.05515   0.02530   0.07055   0.17742   0.02412   0.18163   0.19892   9.75608   1.55810   1.03248   1.44175   1.37124  
 38  0.0001   2041.149750  x:  0.00000   0.15518   0.09917   0.02444   0.04711   0.04415   0.00544   0.04764   0.07829   0.06913   0.22937   0.00756   0.21161   0.00461   0.02254   0.10569   0.05515   0.02530   0.07055   0.17742   0.02412   0.18163   0.19892   9.75614   1.55810   1.03248   1.44175   1.37122  
 39  0.0001   2041.149750  x:  0.00000   0.15517   0.09917   0.02444   0.04711   0.04415   0.00544   0.04764   0.07829   0.06913   0.22937   0.00756   0.21161   0.00461   0.02254   0.10569   0.05515   0.02530   0.07055   0.17742   0.02412   0.18163   0.19892   9.75616   1.55810   1.03248   1.44175   1.37122  
 40  0.0000   2041.149750  x:  0.00000   0.15518   0.09917   0.02444   0.04711   0.04415   0.00544   0.04764   0.07829   0.06913   0.22937   0.00756   0.21161   0.00461   0.02254   0.10569   0.05515   0.02530   0.07055   0.17742   0.02412   0.18163   0.19892   9.75618   1.55810   1.03248   1.44175   1.37122  
 41  0.0000   2041.149750  x:  0.00000   0.15517   0.09917   0.02444   0.04711   0.04415   0.00544   0.04764   0.07829   0.06913   0.22937   0.00756   0.21161   0.00461   0.02254   0.10569   0.05515   0.02530   0.07055   0.17742   0.02412   0.18163   0.19892   9.75618   1.55810   1.03248   1.44175   1.37122  

TREE # 2

  0  0.0000   2411.392218  x:  0.00000   0.15517   0.09917   0.02444   0.04711   0.04415   0.00544   0.04764   0.07829   0.06913   0.22937   0.00756   0.21161   0.00461   0.02254   0.10569   0.05515   0.02530   0.07055   0.17742   0.02412   0.18163   0.19892   9.75618   1.53038   0.94648   1.32324   1.37122  
  1 99.0000   2173.637565  x:  0.30030   0.15783   0.10571   0.06617   0.05039   0.03982   0.17575   0.05294   0.07774   0.07432   0.22359   0.01698   0.21231   0.28808   0.07616   0.10445   0.06272   0.03965   0.06634   0.17166   0.02748   0.17582   0.19139   9.75617   1.53020   0.94676   1.32352   1.37128  
  2 8558.4831   2120.786088  x:  0.28941   0.12213   0.14131   0.14772   0.03302   0.00000   0.17797   0.03013   0.07375   0.09528   0.18830   0.02765   0.17497   0.28728   0.10215   0.09376   0.08503   0.08024   0.04031   0.13735   0.04196   0.14096   0.14591   9.75624   1.52731   0.95077   1.32539   1.37153  
  3 481.1050   2083.499227  x:  0.27350   0.05035   0.17805   0.22618   0.01160   0.08056   0.18721   0.00419   0.06847   0.11646   0.11925   0.02101   0.09929   0.28844   0.13817   0.07377   0.10674   0.10278   0.00000   0.07179   0.05052   0.07279   0.05292   9.75635   1.52193   0.95858   1.32889   1.37161  
  4 822.8481   2075.201294  x:  0.27033   0.03589   0.18521   0.24156   0.00780   0.09528   0.18909   0.00000   0.06750   0.12057   0.10540   0.01980   0.08397   0.28866   0.14525   0.06984   0.11107   0.10722   0.00443   0.05883   0.05224   0.05920   0.03411   9.75638   1.52085   0.96014   1.32961   1.37162  
  5 4676.1809   2065.316885  x:  0.26590   0.01315   0.19150   0.25608   0.01505   0.10393   0.19290   0.02348   0.06822   0.12380   0.08494   0.01958   0.05797   0.28859   0.15289   0.06554   0.11445   0.10831   0.00547   0.04304   0.05255   0.04152   0.00315   9.75642   1.51925   0.96243   1.33085   1.37160  
  6 946.3229   2061.657068  x:  0.26468   0.00000   0.19079   0.25536   0.01614   0.10121   0.19539   0.02279   0.06881   0.12163   0.07296   0.02138   0.03752   0.28920   0.15488   0.06480   0.11300   0.10222   0.00538   0.04065   0.05048   0.03824   0.00710   9.75644   1.51820   0.96397   1.33183   1.37152  
  7 221.6805   2061.657068  x:  0.26468   0.00000   0.19079   0.25536   0.01614   0.10121   0.19539   0.02279   0.06881   0.12163   0.07296   0.02138   0.03752   0.28920   0.15488   0.06480   0.11300   0.10222   0.00538   0.04065   0.05048   0.03824   0.00710   9.75644   1.51820   0.96397   1.33183   1.37152  
  8 461.8962   2056.659533  x:  0.25956   0.00168   0.18981   0.25281   0.01584   0.08232   0.19375   0.01875   0.06926   0.11893   0.06786   0.02391   0.02335   0.28478   0.15425   0.06569   0.11158   0.09850   0.05435   0.04474   0.04958   0.04169   0.00250   9.75646   1.51757   0.96492   1.33259   1.37140  
  9 386.6972   2052.138605  x:  0.25100   0.00388   0.18828   0.24835   0.01755   0.04996   0.19115   0.01585   0.07001   0.11473   0.06042   0.02557   0.00000   0.27740   0.15324   0.06723   0.10788   0.09074   0.06265   0.04803   0.04841   0.04563   0.02588   9.75648   1.51651   0.96658   1.33381   1.37123  
 10 273.6740   2046.342626  x:  0.23923   0.00723   0.18647   0.24177   0.02133   0.00391   0.18759   0.01713   0.07100   0.10947   0.05219   0.02633   0.00000   0.26741   0.15258   0.06913   0.10293   0.08065   0.06061   0.05051   0.04654   0.04775   0.02304   9.75651   1.51501   0.96895   1.33558   1.37103  
 11 371.8385   2045.686299  x:  0.22512   0.00267   0.18389   0.23304   0.02824   0.00470   0.18302   0.02547   0.07155   0.10504   0.05029   0.02697   0.00000   0.25527   0.15173   0.07060   0.09881   0.07345   0.06110   0.05121   0.04616   0.04809   0.02300   9.75654   1.51320   0.97184   1.33812   1.37081  
 12 59.2566   2044.983486  x:  0.20281   0.00989   0.18084   0.21939   0.02458   0.00872   0.17595   0.02143   0.07088   0.09973   0.05148   0.02792   0.00000   0.23568   0.15077   0.07222   0.09422   0.06770   0.05997   0.05078   0.04642   0.04722   0.02156   9.75659   1.51019   0.97676   1.34274   1.37035  
 13 88.8338   2044.797463  x:  0.19629   0.00554   0.17966   0.21472   0.02170   0.00819   0.17428   0.01912   0.07050   0.10012   0.05346   0.02696   0.00000   0.22947   0.15059   0.07212   0.09461   0.07070   0.05964   0.05014   0.04682   0.04675   0.02128   9.75660   1.50902   0.97868   1.34497   1.37021  
 14 55.4674   2044.707610  x:  0.19282   0.00730   0.17931   0.21172   0.02331   0.00738   0.17401   0.02061   0.07050   0.10274   0.05502   0.02591   0.00000   0.22518   0.15083   0.07135   0.09679   0.07642   0.05985   0.04965   0.04717   0.04673   0.02175   9.75661   1.50783   0.98076   1.34781   1.37003  
 15 27.8207   2044.678846  x:  0.19289   0.00714   0.17931   0.21055   0.02395   0.00766   0.17498   0.01978   0.07087   0.10482   0.05301   0.02809   0.00000   0.22350   0.15131   0.07050   0.09844   0.07684   0.05950   0.05011   0.04688   0.04724   0.02151   9.75661   1.50654   0.98319   1.35154   1.36984  
 16 10.2103   2044.640417  x:  0.19422   0.00731   0.17943   0.20934   0.02234   0.00786   0.17686   0.02073   0.07126   0.10677   0.05145   0.02642   0.00000   0.22175   0.15211   0.06964   0.10018   0.07535   0.05944   0.05050   0.04666   0.04736   0.02152   9.75662   1.50407   0.98809   1.35927   1.36945  
 17 15.2216   2044.574033  x:  0.19724   0.00714   0.17968   0.20836   0.02428   0.00755   0.17947   0.01917   0.07097   0.10703   0.05469   0.02551   0.00000   0.22027   0.15307   0.06958   0.10108   0.07284   0.05942   0.05010   0.04687   0.04652   0.02158   9.75662   1.49933   0.99831   1.37583   1.36859  
 18 24.5636   2044.521762  x:  0.19877   0.00728   0.17981   0.20869   0.02276   0.00723   0.17992   0.02087   0.07085   0.10494   0.05599   0.02791   0.00000   0.22084   0.15298   0.07059   0.09964   0.07400   0.05927   0.04984   0.04693   0.04671   0.02167   9.75663   1.49603   1.00686   1.39025   1.36780  
 19 29.4949   2044.470782  x:  0.19888   0.00722   0.17986   0.20994   0.02349   0.00761   0.17862   0.01998   0.07067   0.10231   0.05345   0.02664   0.00000   0.22283   0.15215   0.07155   0.09722   0.07670   0.05887   0.05005   0.04680   0.04738   0.02138   9.75663   1.49386   1.01496   1.40463   1.36696  
 20 32.6546   2044.431154  x:  0.19524   0.00717   0.17985   0.21256   0.02343   0.00740   0.17430   0.02009   0.07119   0.10500   0.05349   0.02678   0.00000   0.22722   0.15046   0.06964   0.09731   0.07579   0.05873   0.05002   0.04729   0.04573   0.02143   9.75664   1.49671   1.01987   1.41635   1.36606  
 21  9.4206   2044.408034  x:  0.19329   0.00713   0.17977   0.21356   0.02338   0.00741   0.17332   0.02006   0.07088   0.10552   0.05430   0.02658   0.00000   0.22888   0.15047   0.07039   0.09891   0.07507   0.05838   0.05000   0.04622   0.04874   0.02119   9.75664   1.50159   1.02169   1.42289   1.36539  
 22  9.3512   2044.300322  x:  0.18913   0.00711   0.17922   0.21446   0.02353   0.00714   0.17622   0.02020   0.06973   0.10226   0.05300   0.02683   0.00000   0.23032   0.15334   0.07402   0.10421   0.07483   0.05732   0.05093   0.04705   0.04568   0.02106   9.75665   1.53340   1.02711   1.45049   1.36197  
 23 13.6674   2044.121625  x:  0.18960   0.00718   0.17862   0.21275   0.02378   0.00666   0.18017   0.02003   0.07164   0.10088   0.05303   0.02679   0.00000   0.22737   0.15443   0.06694   0.09846   0.07531   0.05568   0.04856   0.04599   0.04696   0.02052   9.75668   1.58826   1.03661   1.49258   1.35638  
 24 40.9830   2044.050020  x:  0.19351   0.00725   0.17884   0.21084   0.02377   0.00650   0.17757   0.01999   0.07045   0.10447   0.05340   0.02667   0.00000   0.22437   0.15179   0.07010   0.09492   0.07527   0.05474   0.05198   0.04737   0.04737   0.02010   9.75670   1.61005   1.04273   1.50671   1.35433  
 25 27.7325   2044.014686  x:  0.19622   0.00727   0.17933   0.20971   0.02382   0.00635   0.17465   0.02003   0.07034   0.10509   0.05270   0.02676   0.00000   0.22283   0.14976   0.07200   0.09544   0.07506   0.05452   0.04903   0.04558   0.04648   0.02010   9.75673   1.61935   1.04765   1.51091   1.35359  
 26 16.3830   2043.958780  x:  0.19903   0.00723   0.18046   0.20857   0.02386   0.00613   0.17055   0.02008   0.07161   0.10182   0.05265   0.02680   0.00000   0.22183   0.14785   0.06983   0.09923   0.07487   0.05364   0.04949   0.04804   0.04744   0.01978   9.75678   1.63112   1.05963   1.51198   1.35306  
 27 10.3935   2043.869366  x:  0.19836   0.00712   0.18105   0.20890   0.02385   0.00595   0.17063   0.02022   0.07029   0.10084   0.05334   0.02675   0.00000   0.22289   0.14917   0.06803   0.09956   0.07532   0.05230   0.05301   0.04341   0.04608   0.01952   9.75689   1.64604   1.08069   1.50924   1.35294  
 28 15.4162   2043.730639  x:  0.19441   0.00693   0.18069   0.21089   0.02398   0.00553   0.17522   0.02023   0.06931   0.10375   0.05246   0.02682   0.00000   0.22574   0.15303   0.06994   0.09645   0.07503   0.05056   0.04973   0.04688   0.04713   0.01897   9.75705   1.66675   1.11287   1.50339   1.35330  
 29 35.0298   2043.687349  x:  0.19351   0.00702   0.17925   0.21207   0.02401   0.00551   0.17709   0.01980   0.07516   0.10408   0.05302   0.02657   0.00000   0.22561   0.15121   0.07179   0.09627   0.07517   0.04979   0.05036   0.04633   0.04691   0.01867   9.75709   1.66796   1.11562   1.50233   1.35445  
 30  4.3691   2043.199017  x:  0.19068   0.00785   0.16751   0.22048   0.02418   0.00407   0.18662   0.02034   0.06903   0.10254   0.05204   0.02672   0.00000   0.22044   0.13188   0.06970   0.09892   0.07417   0.04162   0.05019   0.04644   0.04705   0.01584   9.75746   1.65582   1.10848   1.49602   1.37136  
 31  4.3933   2042.056979  x:  0.19128   0.00801   0.17156   0.22079   0.02466   0.00084   0.17830   0.02065   0.07076   0.10206   0.05067   0.02657   0.00000   0.21649   0.14644   0.07000   0.09686   0.07331   0.02492   0.05041   0.04596   0.04703   0.01106   9.75824   1.62336   1.08184   1.48486   1.40731  
 32 21.8840   2042.017148  x:  0.19022   0.00808   0.17648   0.21409   0.02479   0.00076   0.18069   0.02059   0.07079   0.10199   0.05063   0.02657   0.00000   0.22093   0.14317   0.07030   0.09668   0.07321   0.02430   0.05042   0.04594   0.04704   0.01090   9.75835   1.62190   1.08051   1.48428   1.40667  
 33  6.0980   2041.941393  x:  0.19222   0.00880   0.16744   0.20714   0.02479   0.00108   0.17971   0.02052   0.07082   0.10217   0.05076   0.02654   0.00000   0.22640   0.14483   0.07007   0.09706   0.07350   0.02309   0.05033   0.04598   0.04696   0.01054   9.75906   1.61874   1.07813   1.48232   1.39093  
 34  1.6716   2041.687085  x:  0.19254   0.00766   0.17637   0.21438   0.02445   0.00259   0.18057   0.02060   0.07064   0.10276   0.05150   0.02637   0.00000   0.22311   0.14483   0.06987   0.09759   0.07450   0.01882   0.04991   0.04620   0.04661   0.00903   9.76173   1.60775   1.06990   1.47550   1.33184  
 35  9.3038   2041.551993  x:  0.19384   0.00803   0.17832   0.21296   0.02417   0.00387   0.18007   0.02056   0.07064   0.10339   0.05220   0.02616   0.00000   0.22478   0.14642   0.06969   0.09780   0.07537   0.01851   0.04948   0.04636   0.04623   0.00818   9.76139   1.60966   1.06894   1.47719   1.41953  
 36  0.9442   2041.176860  x:  0.19724   0.00760   0.18269   0.21115   0.02402   0.00444   0.17799   0.02131   0.07071   0.10473   0.05379   0.02554   0.00000   0.22823   0.15230   0.06947   0.09863   0.07698   0.02453   0.04828   0.04681   0.04498   0.00475   9.76303   1.56457   1.03649   1.44961   1.38408  
 37  0.2185   2041.155509  x:  0.19849   0.00749   0.18278   0.21138   0.02402   0.00449   0.17766   0.02193   0.07061   0.10536   0.05471   0.02535   0.00000   0.22925   0.15391   0.06924   0.09908   0.07786   0.02492   0.04779   0.04704   0.04435   0.00576   9.76203   1.55885   1.03254   1.44430   1.37695  
 38  0.0256   2041.150167  x:  0.19914   0.00750   0.18179   0.21176   0.02408   0.00446   0.17738   0.02244   0.07053   0.10575   0.05525   0.02527   0.00000   0.22957   0.15511   0.06909   0.09926   0.07838   0.02446   0.04755   0.04715   0.04405   0.00545   9.75992   1.55760   1.03209   1.44146   1.37188  
 39  0.0089   2041.149809  x:  0.19886   0.00758   0.18164   0.21153   0.02414   0.00454   0.17740   0.02258   0.07056   0.10568   0.05515   0.02531   0.00000   0.22934   0.15526   0.06915   0.09913   0.07827   0.02447   0.04766   0.04710   0.04418   0.00544   9.75766   1.55810   1.03254   1.44162   1.37133  
 40  0.0020   2041.149752  x:  0.19892   0.00756   0.18162   0.21162   0.02412   0.00460   0.17745   0.02255   0.07055   0.10569   0.05515   0.02531   0.00000   0.22937   0.15517   0.06913   0.09918   0.07829   0.02444   0.04763   0.04711   0.04415   0.00544   9.75631   1.55825   1.03254   1.44189   1.37134  
 41  0.0009   2041.149750  x:  0.19892   0.00756   0.18163   0.21161   0.02412   0.00461   0.17742   0.02254   0.07055   0.10569   0.05515   0.02530   0.00000   0.22937   0.15517   0.06913   0.09917   0.07829   0.02444   0.04764   0.04711   0.04415   0.00544   9.75620   1.55808   1.03247   1.44174   1.37122  
 42  0.0003   2041.149750  x:  0.19892   0.00756   0.18163   0.21161   0.02412   0.00461   0.17742   0.02254   0.07055   0.10569   0.05515   0.02530   0.00000   0.22937   0.15517   0.06913   0.09917   0.07829   0.02444   0.04764   0.04711   0.04415   0.00544   9.75619   1.55810   1.03248   1.44175   1.37122  
 43  0.0000   2041.149750  x:  0.19892   0.00756   0.18163   0.21161   0.02412   0.00461   0.17742   0.02254   0.07055   0.10569   0.05515   0.02530   0.00000   0.22937   0.15518   0.06913   0.09917   0.07829   0.02444   0.04764   0.04711   0.04415   0.00544   9.75618   1.55810   1.03248   1.44175   1.37122  