

TREE # 1

  0  0.0000   2225.381577  x:  0.08617   0.02183   0.12241   0.02148   0.07639   0.06153   0.06662   0.03993   0.07736   0.07220   0.04979   0.12077   0.01608   0.12191   0.00000   0.05186   0.03556   0.06117   0.07146   0.07069   0.14681   0.07609   0.10367   0.10479   2.00000   1.61410   1.06197   1.31451   0.40000  
  1 99.0000   2211.311715  x:  0.10472   0.02367   0.14035   0.02023   0.06328   0.04811   0.06755   0.03747   0.06518   0.09034   0.03766   0.13291   0.05121   0.15370   0.13330   0.07736   0.03715   0.09924   0.04797   0.05998   0.13878   0.05907   0.11339   0.12334   2.00770   1.61390   1.06033   1.31775   0.42140  
  2 738.7020   2189.920818  x:  0.12746   0.01595   0.16653   0.02243   0.04282   0.03092   0.06865   0.03619   0.04771   0.10977   0.02199   0.14978   0.04879   0.19633   0.11655   0.09932   0.04111   0.13003   0.00491   0.03911   0.11550   0.01638   0.12411   0.14608   2.02338   1.61343   1.05825   1.32341   0.45844  
  3 302.3598   2183.821846  x:  0.13428   0.01427   0.17470   0.02356   0.03781   0.02801   0.06894   0.03602   0.04353   0.11532   0.01926   0.15506   0.04853   0.21024   0.11186   0.10675   0.04266   0.13921   0.01188   0.03411   0.10668   0.00000   0.12727   0.15290   2.02916   1.61327   1.05749   1.32548   0.47109  
  4 691.6695   2177.362264  x:  0.14885   0.01925   0.19612   0.02966   0.04857   0.05467   0.06895   0.03818   0.05284   0.12338   0.04317   0.16878   0.05245   0.25450   0.10179   0.13269   0.04321   0.15645   0.01209   0.04639   0.06388   0.00000   0.13293   0.16747   2.05600   1.61250   1.05463   1.33487   0.51830  
  5 284.5958   2175.455074  x:  0.14651   0.01561   0.19743   0.01284   0.05572   0.05107   0.06808   0.03668   0.05987   0.11649   0.03496   0.16787   0.05340   0.26721   0.10151   0.13632   0.03965   0.15118   0.01240   0.05205   0.05358   0.00000   0.12933   0.16513   2.07850   1.61163   1.05397   1.34159   0.54397  
  6 101.5838   2172.481487  x:  0.13602   0.01521   0.19535   0.03089   0.06472   0.03483   0.06664   0.03518   0.06782   0.09745   0.02368   0.16060   0.05504   0.29087   0.10386   0.13819   0.03560   0.13150   0.01216   0.05695   0.05241   0.00000   0.11745   0.15464   2.14420   1.60918   1.05276   1.36050   0.60901  
  7 158.1936   2168.854172  x:  0.12266   0.01585   0.18775   0.02155   0.05234   0.04506   0.06816   0.04131   0.05635   0.09084   0.03837   0.15056   0.05404   0.30753   0.10736   0.13120   0.04728   0.11121   0.01122   0.04588   0.08004   0.00000   0.10837   0.14128   2.25512   1.60554   1.05212   1.39081   0.69730  
  8 172.9087   2165.454029  x:  0.12012   0.02928   0.17146   0.02137   0.04730   0.05171   0.06880   0.02713   0.05053   0.11443   0.03606   0.14210   0.05147   0.28223   0.10836   0.10915   0.02895   0.12009   0.01138   0.04714   0.07955   0.00000   0.11580   0.13874   2.38893   1.60260   1.05487   1.42304   0.75953  
  9 131.6923   2162.119225  x:  0.12417   0.02387   0.15632   0.02481   0.05134   0.04808   0.06871   0.04772   0.05493   0.13240   0.03091   0.13811   0.04855   0.23803   0.11025   0.09379   0.04484   0.13612   0.01076   0.05356   0.07011   0.00000   0.12712   0.14279   2.55263   1.60041   1.05987   1.45976   0.81323  
 10 293.7161   2158.932217  x:  0.13211   0.00757   0.16014   0.02589   0.05369   0.04339   0.06765   0.03387   0.05849   0.12191   0.04056   0.14886   0.04997   0.19654   0.11004   0.11457   0.04671   0.14158   0.01036   0.04576   0.06935   0.00000   0.13166   0.15073   2.71109   1.60118   1.06739   1.49030   0.83183  
 11 194.6927   2156.802897  x:  0.13916   0.02925   0.17076   0.02249   0.05275   0.04133   0.06755   0.03697   0.05790   0.10645   0.03720   0.16220   0.05438   0.17300   0.10741   0.13268   0.04761   0.14236   0.00989   0.04051   0.07022   0.00000   0.13233   0.15778   2.85425   1.60378   1.07541   1.51494   0.83195  
 12 334.0143   2150.438823  x:  0.14478   0.01450   0.19575   0.02840   0.03990   0.06184   0.07074   0.05390   0.04071   0.09331   0.01652   0.17993   0.05251   0.19478   0.10801   0.13844   0.02766   0.13796   0.00972   0.05889   0.07320   0.00000   0.12863   0.16340   3.23993   1.61871   1.10131   1.56952   0.76962  
 13 222.8138   2140.945349  x:  0.14444   0.01966   0.22602   0.02435   0.04534   0.03727   0.06934   0.03347   0.05558   0.10999   0.03017   0.19294   0.05055   0.26996   0.10763   0.11937   0.05222   0.13306   0.00876   0.05857   0.07003   0.00000   0.12187   0.16306   3.87688   1.64998   1.14493   1.65094   0.64346  
 14 629.4257   2139.864113  x:  0.14225   0.01900   0.21972   0.02448   0.05379   0.03874   0.06703   0.04080   0.05805   0.11116   0.03157   0.18321   0.05242   0.27951   0.10711   0.12385   0.04553   0.13602   0.00865   0.03795   0.06495   0.00000   0.12180   0.16087   3.94364   1.65827   1.14844   1.65322   0.62940  
 15 143.7433   2139.220019  x:  0.14118   0.02169   0.20265   0.02471   0.04944   0.04089   0.06687   0.03687   0.05394   0.10766   0.02885   0.16249   0.05514   0.28640   0.10451   0.13933   0.05163   0.14338   0.00827   0.03885   0.06050   0.00000   0.12327   0.15980   3.98837   1.67434   1.14823   1.64168   0.62151  
 16 53.5268   2138.990516  x:  0.14352   0.02236   0.19780   0.02327   0.04825   0.03554   0.06819   0.04026   0.05532   0.10793   0.03345   0.15881   0.05403   0.28861   0.10357   0.14369   0.04696   0.14604   0.00849   0.04280   0.06436   0.00000   0.12368   0.16214   4.00576   1.68696   1.14630   1.62897   0.62120  
 17 35.1395   2138.379612  x:  0.15168   0.02236   0.19324   0.02382   0.05425   0.04042   0.06904   0.03772   0.06138   0.10879   0.02824   0.16274   0.04931   0.29045   0.10378   0.14227   0.04833   0.14537   0.00874   0.04242   0.07351   0.00000   0.12187   0.17030   4.05533   1.73542   1.13734   1.57519   0.62590  
 18 44.5925   2137.835780  x:  0.15083   0.02142   0.19483   0.02386   0.05042   0.03861   0.06647   0.03802   0.05486   0.10601   0.03226   0.16836   0.05245   0.28715   0.10491   0.13440   0.04863   0.13876   0.00861   0.04097   0.06324   0.00000   0.12073   0.16945   4.09934   1.78005   1.12919   1.52275   0.63038  
 19 84.6234   2137.727920  x:  0.14418   0.02083   0.20203   0.02419   0.04949   0.03889   0.06951   0.03847   0.05723   0.10900   0.03113   0.16780   0.05541   0.28531   0.10381   0.13629   0.04863   0.14065   0.00863   0.04137   0.06404   0.00000   0.12337   0.16280   4.10862   1.78734   1.12770   1.51095   0.63168  
 20 18.7262   2137.701397  x:  0.14269   0.02100   0.20442   0.02405   0.05135   0.03866   0.06674   0.03845   0.05559   0.10928   0.03121   0.16691   0.05394   0.28489   0.10384   0.13680   0.04874   0.14224   0.00869   0.04215   0.06483   0.00000   0.12347   0.16131   4.11113   1.78709   1.12763   1.50793   0.63204  
 21  7.4757   2137.600408  x:  0.14234   0.02156   0.20840   0.02403   0.04904   0.03948   0.06749   0.03834   0.05804   0.10595   0.03209   0.16239   0.04732   0.28376   0.10497   0.13486   0.04842   0.14508   0.00890   0.04151   0.06336   0.00000   0.12091   0.16096   4.12156   1.77655   1.12834   1.49685   0.63283  
 22  5.1502   2136.986380  x:  0.14780   0.02048   0.21311   0.02341   0.05678   0.04044   0.07472   0.03754   0.05442   0.10282   0.03420   0.14909   0.05704   0.28127   0.09859   0.12905   0.04750   0.14229   0.01050   0.04394   0.06519   0.00000   0.11783   0.16642   4.18744   1.70187   1.12983   1.43103   0.63667  
 23 25.1815   2136.443171  x:  0.14649   0.02000   0.20516   0.02407   0.05100   0.04279   0.06318   0.03896   0.06231   0.10737   0.03338   0.15236   0.06041   0.28071   0.09428   0.13282   0.04584   0.13474   0.01173   0.04565   0.06580   0.00000   0.11896   0.16511   4.24420   1.63882   1.12476   1.37826   0.63874  
 24 82.3086   2136.042098  x:  0.13976   0.02107   0.19195   0.02432   0.05493   0.04247   0.07031   0.03902   0.05850   0.10867   0.03366   0.16506   0.05158   0.28166   0.09344   0.13807   0.04605   0.13275   0.01261   0.04649   0.06359   0.00000   0.12161   0.15838   4.28616   1.59672   1.10986   1.34610   0.63884  
 25 56.2538   2135.401105  x:  0.13531   0.01999   0.18438   0.02412   0.05519   0.04415   0.06780   0.03774   0.06161   0.09392   0.03525   0.17046   0.05780   0.28363   0.08649   0.12876   0.04459   0.14494   0.01392   0.04736   0.06627   0.00000   0.12723   0.15393   4.34928   1.55431   1.04555   1.32520   0.63611  
 26 24.0834   2134.431885  x:  0.13605   0.01969   0.18805   0.02398   0.05601   0.04515   0.06823   0.03846   0.06135   0.10228   0.03536   0.15923   0.05580   0.27750   0.08088   0.13230   0.04319   0.13207   0.01583   0.04943   0.06287   0.00000   0.11604   0.15467   4.44134   1.50317   0.94121   1.30649   0.63063  
 27 69.7754   2134.099142  x:  0.13772   0.02028   0.19044   0.02403   0.05683   0.04522   0.06807   0.03813   0.06153   0.09979   0.03544   0.15346   0.05001   0.27769   0.08065   0.13161   0.04269   0.12162   0.01644   0.04926   0.06224   0.00000   0.13668   0.15634   4.47019   1.50967   0.94005   1.31679   0.63332  
 28  7.4725   2124.690288  x:  0.11873   0.01251   0.16556   0.02467   0.05920   0.05430   0.06666   0.03800   0.06369   0.10371   0.03864   0.15249   0.05374   0.25785   0.01763   0.12227   0.03362   0.11036   0.02988   0.05689   0.05500   0.00000   0.11934   0.13735   5.16742   1.80246   1.12976   1.65713   0.72881  
 29 29.5499   2121.141686  x:  0.12970   0.00895   0.17500   0.02395   0.05298   0.04833   0.06693   0.03647   0.05763   0.11259   0.03451   0.15494   0.05025   0.27343   0.00386   0.12257   0.03682   0.12667   0.02730   0.04804   0.05908   0.00000   0.12662   0.14831   5.42892   1.71933   1.08936   1.60538   0.81261  
 30  3.8259   2118.986840  x:  0.14101   0.00663   0.18806   0.02357   0.04565   0.04037   0.06740   0.03524   0.05075   0.12071   0.02881   0.16047   0.04029   0.28819   0.01519   0.12239   0.04114   0.13972   0.02219   0.03803   0.06306   0.00000   0.13191   0.15962   5.58377   1.65919   1.06629   1.55718   0.88005  
 31  0.9681   2117.723099  x:  0.14777   0.01162   0.21093   0.02553   0.04280   0.03515   0.06872   0.03632   0.04949   0.11562   0.02146   0.17275   0.03067   0.28656   0.01274   0.12143   0.04112   0.13286   0.02174   0.04388   0.06962   0.00000   0.12559   0.16639   5.96598   1.73627   1.11511   1.57582   0.86710  
 32  0.3493   2117.167244  x:  0.14891   0.00920   0.21524   0.02722   0.04153   0.03602   0.06858   0.03794   0.04791   0.11094   0.02353   0.17304   0.04443   0.28700   0.01048   0.12392   0.03741   0.13289   0.02029   0.04134   0.07214   0.00000   0.12594   0.16753   6.37778   1.73795   1.12325   1.57057   0.84523  
 33  0.2681   2116.752261  x:  0.14569   0.00823   0.20502   0.02769   0.04443   0.03812   0.06794   0.03708   0.04892   0.11042   0.02396   0.16966   0.03547   0.28429   0.00959   0.12689   0.03780   0.13620   0.01912   0.04097   0.06932   0.00000   0.12861   0.16431   6.86679   1.71463   1.10927   1.58002   0.84030  
 34  0.3126   2116.654306  x:  0.14599   0.00978   0.20397   0.02640   0.04324   0.03692   0.06808   0.03626   0.05006   0.11276   0.02282   0.17004   0.03780   0.28190   0.01079   0.12403   0.04031   0.13539   0.01793   0.04252   0.06835   0.00000   0.12778   0.16461   7.04074   1.71206   1.10130   1.57987   0.85239  
 35  0.1428   2116.639405  x:  0.14636   0.00975   0.20496   0.02601   0.04357   0.03743   0.06836   0.03694   0.04956   0.11316   0.02408   0.17041   0.03734   0.28080   0.01125   0.12362   0.03950   0.13456   0.01771   0.04254   0.06903   0.00000   0.12726   0.16498   7.10030   1.71970   1.10414   1.58316   0.85650  
 36  0.0633   2116.638089  x:  0.14618   0.00957   0.20518   0.02618   0.04371   0.03739   0.06829   0.03700   0.04967   0.11298   0.02370   0.17036   0.03744   0.28085   0.01136   0.12404   0.03941   0.13433   0.01761   0.04218   0.06904   0.00000   0.12729   0.16480   7.11716   1.72071   1.10557   1.58380   0.85782  
 37  0.0171   2116.637990  x:  0.14612   0.00956   0.20516   0.02624   0.04363   0.03743   0.06826   0.03694   0.04964   0.11280   0.02372   0.17039   0.03744   0.28089   0.01140   0.12408   0.03943   0.13434   0.01761   0.04227   0.06898   0.00000   0.12734   0.16474   7.11848   1.72073   1.10593   1.58422   0.85808  
 38  0.0014   2116.637982  x:  0.14611   0.00957   0.20514   0.02624   0.04366   0.03741   0.06827   0.03693   0.04965   0.11277   0.02373   0.17039   0.03744   0.28094   0.01141   0.12405   0.03942   0.13434   0.01762   0.04226   0.06898   0.00000   0.12733   0.16473   7.11815   1.72072   1.10592   1.58424   0.85821  
 39  0.0003   2116.637980  x:  0.14612   0.00957   0.20514   0.02623   0.04364   0.03742   0.06827   0.03694   0.04964   0.11278   0.02372   0.17038   0.03744   0.28098   0.01141   0.12405   0.03942   0.13433   0.01764   0.04226   0.06898   0.00000   0.12732   0.16474   7.11837   1.72072   1.10588   1.58420   0.85828  
 40  0.0001   2116.637979  x:  0.14612   0.00957   0.20515   0.02624   0.04365   0.03742   0.06827   0.03694   0.04964   0.11279   0.02372   0.17038   0.03745   0.28098   0.01141   0.12406   0.03942   0.13434   0.01765   0.04226   0.06898   0.00000   0.12733   0.16474   7.11904   1.72068   1.10588   1.58417   0.85826  
 41  0.0004   2116.637979  x:  0.14612   0.00957   0.20515   0.02624   0.04365   0.03742   0.06827   0.03694   0.04964   0.11279   0.02372   0.17039   0.03745   0.28097   0.01141   0.12405   0.03942   0.13434   0.01765   0.04226   0.06898   0.00000   0.12733   0.16474   7.11913   1.72068   1.10588   1.58417   0.85826  
 42  0.0001   2116.637979  x:  0.14612   0.00957   0.20515   0.02624   0.04365   0.03742   0.06827   0.03694   0.04964   0.11279   0.02372   0.17039   0.03745   0.28097   0.01141   0.12405   0.03942   0.13434   0.01765   0.04226   0.06898   0.00000   0.12733   0.16474   7.11910   1.72068   1.10588   1.58417   0.85826  
 43  0.0000   2116.637979  x:  0.14612   0.00957   0.20515   0.02624   0.04365   0.03742   0.06827   0.03694   0.04964   0.11279   0.02372   0.17039   0.03745   0.28097   0.01141   0.12405   0.03942   0.13434   0.01765   0.04226   0.06898   0.00000   0.12733   0.16474   7.11909   1.72068   1.10588   1.58417   0.85826  
 44  0.0000   2116.637979  x:  0.14612   0.00957   0.20515   0.02624   0.04365   0.03742   0.06827   0.03694   0.04964   0.11279   0.02372   0.17039   0.03745   0.28097   0.01141   0.12405   0.03942   0.13434   0.01765   0.04226   0.06898   0.00000   0.12733   0.16474   7.11909   1.72068   1.10588   1.58417   0.85826  