

TREE # 1

  0  0.0000   2040.672198  x:  0.01972   0.20925   0.02571   0.03211   0.02495   0.05815   0.02188   0.05666   0.08536   0.02661   0.17168   0.01972   0.20925   0.02571   0.03211   0.02495   0.05815   0.02188   0.05666   0.08536   0.02661   0.17168   0.21568   8.40433   1.71441   1.21519   1.51253   1.00000  
  1 99.0000   2026.241666  x:  0.00000   0.20978   0.04072   0.05632   0.01419   0.06546   0.05311   0.04772   0.09371   0.03566   0.16824   0.01183   0.20540   0.02935   0.02609   0.03467   0.07817   0.02968   0.06750   0.09560   0.04037   0.17475   0.21428   8.40455   1.71383   1.21432   1.51436   0.99911  
  2 403.4056   2023.814488  x:  0.00000   0.21105   0.03882   0.05937   0.00744   0.07268   0.03842   0.03186   0.10562   0.03243   0.16054   0.00741   0.19653   0.02853   0.01857   0.03345   0.09676   0.02388   0.07892   0.11117   0.03957   0.18299   0.21117   8.40513   1.71233   1.21252   1.51878   0.99666  
  3 117.2062   2023.360338  x:  0.00000   0.21157   0.03854   0.06081   0.01511   0.07534   0.03554   0.02807   0.10947   0.03232   0.15734   0.00835   0.19282   0.02883   0.01908   0.03351   0.10183   0.02408   0.08194   0.11616   0.03937   0.18654   0.20983   8.40543   1.71161   1.21161   1.52093   0.99543  
  4 139.2464   2023.075520  x:  0.00000   0.21237   0.03749   0.06046   0.01351   0.07783   0.03492   0.03007   0.11276   0.03341   0.15221   0.01306   0.18637   0.02947   0.02506   0.03333   0.10292   0.02727   0.08224   0.12045   0.03793   0.19246   0.20748   8.40607   1.71010   1.20973   1.52544   0.99276  
  5 49.7329   2022.774684  x:  0.00000   0.21350   0.03662   0.05823   0.01400   0.07906   0.03824   0.03420   0.11539   0.03429   0.14398   0.00992   0.17399   0.02765   0.02294   0.03178   0.09910   0.02596   0.07916   0.12369   0.03708   0.20159   0.20323   8.40753   1.70675   1.20568   1.53531   0.98679  
  6 43.7741   2022.620757  x:  0.00000   0.21371   0.03863   0.05827   0.01366   0.07636   0.03723   0.03100   0.11433   0.03344   0.14127   0.01176   0.16720   0.02978   0.02112   0.03440   0.09554   0.02631   0.07749   0.12200   0.04016   0.20642   0.20074   8.40910   1.70335   1.20167   1.54537   0.98057  
  7 32.9970   2022.433049  x:  0.00000   0.21299   0.03890   0.06218   0.01352   0.07350   0.03656   0.02875   0.11066   0.03289   0.14313   0.00903   0.16196   0.02871   0.02496   0.03337   0.09615   0.02544   0.07920   0.11692   0.03823   0.20929   0.19861   8.41240   1.69655   1.19385   1.56558   0.96782  
  8 30.2160   2022.202088  x:  0.00000   0.21166   0.03726   0.06385   0.01359   0.07404   0.03659   0.03150   0.10743   0.03265   0.14741   0.01273   0.16009   0.02681   0.02108   0.03200   0.09967   0.02611   0.08169   0.11289   0.03729   0.21069   0.19729   8.41733   1.68690   1.18297   1.59446   0.94927  
  9 68.3858   2021.953109  x:  0.00000   0.20998   0.03630   0.05851   0.01375   0.07771   0.03682   0.03338   0.10769   0.03303   0.15166   0.00984   0.16308   0.03111   0.02201   0.03387   0.10164   0.02609   0.08134   0.11410   0.03988   0.20846   0.19783   8.42357   1.67564   1.17079   1.62860   0.92678  
 10 72.0538   2021.814987  x:  0.00000   0.20921   0.03887   0.05702   0.01357   0.07783   0.03812   0.03056   0.11071   0.03381   0.15156   0.01085   0.16780   0.02808   0.02265   0.03359   0.09944   0.02536   0.07863   0.11789   0.03827   0.20523   0.19942   8.42773   1.66938   1.16469   1.64829   0.91310  
 11 54.9842   2021.766872  x:  0.00000   0.20924   0.03813   0.05982   0.01359   0.07617   0.03689   0.03150   0.11252   0.03318   0.14918   0.01002   0.17034   0.02828   0.02222   0.03302   0.09761   0.02691   0.07808   0.11982   0.03857   0.20295   0.20055   8.42985   1.66742   1.16347   1.65541   0.90747  
 12 25.8201   2021.754260  x:  0.00000   0.20961   0.03733   0.06034   0.01358   0.07566   0.03734   0.03163   0.11261   0.03314   0.14738   0.01056   0.17112   0.02890   0.02240   0.03303   0.09734   0.02552   0.07872   0.11984   0.03868   0.20202   0.20098   8.43094   1.66722   1.16400   1.65722   0.90547  
 13 11.3619   2021.738656  x:  0.00000   0.21068   0.03728   0.05940   0.01359   0.07553   0.03748   0.03142   0.11180   0.03351   0.14400   0.01035   0.17180   0.02857   0.02226   0.03368   0.09777   0.02621   0.08003   0.11876   0.03821   0.20044   0.20154   8.43337   1.66761   1.16636   1.65939   0.90201  
 14  9.3321   2021.728268  x:  0.00000   0.21158   0.03849   0.05934   0.01360   0.07609   0.03712   0.03171   0.11134   0.03322   0.14282   0.01043   0.17184   0.02858   0.02247   0.03258   0.09840   0.02606   0.07968   0.11818   0.03894   0.19970   0.20165   8.43598   1.66854   1.16930   1.66074   0.89900  
 15  8.5608   2021.695756  x:  0.00000   0.21408   0.03755   0.06037   0.01356   0.07752   0.03732   0.03123   0.11091   0.03206   0.14339   0.01050   0.17102   0.02859   0.02248   0.03352   0.09941   0.02605   0.07691   0.11797   0.03841   0.19882   0.20123   8.44635   1.67303   1.18123   1.66478   0.88829  
 16 12.9383   2021.664280  x:  0.00000   0.21526   0.03759   0.06040   0.01357   0.07667   0.03684   0.03143   0.11143   0.03474   0.14569   0.01044   0.17027   0.02884   0.02224   0.03341   0.09858   0.02590   0.07786   0.11886   0.03848   0.19924   0.20070   8.45801   1.67849   1.19388   1.66901   0.87750  
 17 26.4280   2021.645727  x:  0.00000   0.21464   0.03783   0.05960   0.01360   0.07574   0.03769   0.03158   0.11211   0.03309   0.14699   0.01039   0.17020   0.02861   0.02242   0.03304   0.09780   0.02628   0.07978   0.11951   0.03880   0.20021   0.20055   8.46527   1.68216   1.20081   1.67161   0.87188  
 18 25.4839   2021.631155  x:  0.00000   0.21112   0.03881   0.05992   0.01364   0.07587   0.03728   0.03239   0.11215   0.03288   0.14650   0.01016   0.17126   0.02859   0.02241   0.03412   0.09806   0.02575   0.07975   0.11918   0.03827   0.20219   0.20109   8.47293   1.68669   1.20505   1.67450   0.86941  
 19  8.1571   2021.615090  x:  0.00000   0.20731   0.03790   0.05987   0.01359   0.07613   0.03762   0.03149   0.11185   0.03344   0.14573   0.00999   0.17239   0.02880   0.02233   0.03312   0.09839   0.02623   0.07905   0.11860   0.03866   0.20413   0.20175   8.48213   1.69229   1.20903   1.67805   0.86765  
 20 21.9944   2021.529500  x:  0.00000   0.20712   0.03678   0.06025   0.01356   0.07645   0.03728   0.03190   0.11099   0.03377   0.14565   0.00999   0.17117   0.02542   0.02340   0.03457   0.09849   0.02574   0.07929   0.11963   0.04208   0.20227   0.20294   8.54197   1.72953   1.21997   1.70282   0.87249  
 21  9.5012   2021.348005  x:  0.00000   0.20887   0.03862   0.06080   0.01349   0.07652   0.03860   0.03171   0.11039   0.03336   0.14583   0.01038   0.16857   0.02901   0.02214   0.03347   0.09856   0.02640   0.07980   0.12133   0.03874   0.19781   0.20459   8.67316   1.81026   1.24313   1.75701   0.88429  
 22 200.5149   2021.317577  x:  0.00000   0.21153   0.03852   0.06044   0.01350   0.07535   0.03882   0.03193   0.11416   0.03352   0.14567   0.01002   0.17170   0.02897   0.02218   0.03360   0.09965   0.02639   0.07924   0.11830   0.03895   0.19981   0.20143   8.69656   1.81966   1.24751   1.76544   0.88774  
 23 18.9424   2021.288503  x:  0.00000   0.21364   0.03861   0.06148   0.01342   0.07759   0.03873   0.03149   0.11168   0.03335   0.14533   0.00957   0.17541   0.02894   0.02208   0.03357   0.09783   0.02644   0.08030   0.11931   0.03894   0.20242   0.19804   8.72213   1.82143   1.25290   1.77210   0.89310  
 24 10.9022   2021.216842  x:  0.00000   0.21394   0.03888   0.06064   0.01352   0.07304   0.03957   0.03232   0.10835   0.03334   0.14515   0.00949   0.17652   0.02900   0.02215   0.03366   0.10126   0.02652   0.07868   0.12289   0.03910   0.20354   0.19756   8.78897   1.81687   1.26696   1.78553   0.90776  
 25 20.5610   2021.066507  x:  0.00000   0.21051   0.03894   0.06199   0.01336   0.07636   0.04003   0.03197   0.11311   0.03367   0.14615   0.00996   0.17187   0.02899   0.02203   0.03395   0.09971   0.02666   0.08003   0.11981   0.03952   0.20017   0.20298   8.93399   1.80332   1.29529   1.81066   0.93774  
 26 64.5005   2020.612505  x:  0.00000   0.19877   0.03994   0.06397   0.01306   0.07694   0.04208   0.03195   0.11463   0.03458   0.14470   0.01080   0.16836   0.02907   0.02196   0.03471   0.10219   0.02704   0.08083   0.12142   0.04054   0.18626   0.18072   9.40296   1.77832   1.27188   1.77964   0.93335  
 27 11.7625   2019.295052  x:  0.00000   0.21390   0.04319   0.07192   0.01205   0.07868   0.04870   0.03131   0.11367   0.03624   0.14699   0.00820   0.17268   0.02943   0.02112   0.03694   0.10871   0.02817   0.08337   0.12234   0.04397   0.20488   0.20474  10.84795   1.70379   1.18528   1.67546   0.91011  
 28 253.6360   2019.230717  x:  0.00000   0.21266   0.04304   0.07264   0.01134   0.07886   0.04953   0.03077   0.11575   0.03572   0.14581   0.00818   0.17208   0.02966   0.02073   0.03652   0.10987   0.02780   0.08407   0.12396   0.04350   0.20367   0.20253  11.18312   1.73065   1.21414   1.71385   0.91974  
 29  0.2780   2019.223735  x:  0.00000   0.21215   0.04289   0.07250   0.01138   0.07876   0.04959   0.03102   0.11544   0.03564   0.14612   0.00822   0.17222   0.02962   0.02089   0.03645   0.10973   0.02768   0.08399   0.12381   0.04340   0.20295   0.20168  11.34159   1.72516   1.20696   1.70434   0.91816  
 30  0.1007   2019.222798  x:  0.00000   0.21245   0.04279   0.07213   0.01149   0.07871   0.04925   0.03100   0.11524   0.03567   0.14613   0.00825   0.17223   0.02959   0.02086   0.03645   0.10935   0.02772   0.08381   0.12355   0.04336   0.20326   0.20212  11.36423   1.72628   1.20858   1.70693   0.91908  
 31  0.0143   2019.222770  x:  0.00000   0.21239   0.04279   0.07209   0.01148   0.07871   0.04916   0.03099   0.11530   0.03566   0.14610   0.00824   0.17222   0.02959   0.02089   0.03644   0.10934   0.02772   0.08382   0.12361   0.04334   0.20325   0.20207  11.36416   1.72637   1.20840   1.70676   0.91897  
 32  0.0003   2019.222769  x:  0.00000   0.21240   0.04279   0.07210   0.01148   0.07871   0.04915   0.03099   0.11530   0.03566   0.14611   0.00825   0.17222   0.02959   0.02088   0.03644   0.10935   0.02772   0.08383   0.12361   0.04335   0.20324   0.20207  11.36381   1.72631   1.20840   1.70673   0.91898  
 33  0.0003   2019.222769  x:  0.00000   0.21240   0.04280   0.07210   0.01148   0.07871   0.04915   0.03099   0.11530   0.03566   0.14611   0.00825   0.17222   0.02959   0.02088   0.03644   0.10935   0.02772   0.08383   0.12361   0.04335   0.20324   0.20207  11.36387   1.72632   1.20840   1.70674   0.91898  
 34  0.0000   2019.222769  x:  0.00000   0.21240   0.04280   0.07210   0.01148   0.07871   0.04915   0.03099   0.11530   0.03566   0.14611   0.00825   0.17222   0.02959   0.02088   0.03644   0.10935   0.02772   0.08383   0.12361   0.04335   0.20324   0.20207  11.36389   1.72632   1.20840   1.70674   0.91898  

TREE # 2

  0  0.0000   2274.888621  x:  0.00000   0.21240   0.04280   0.07210   0.01148   0.07871   0.04915   0.03099   0.11530   0.03566   0.14611   0.00825   0.17222   0.02959   0.02088   0.03644   0.10935   0.02772   0.08383   0.12361   0.04335   0.20324   0.20207  11.36389   1.69196   1.09668   1.55102   0.91898  
  1 99.0000   2135.216107  x:  0.48703   0.21344   0.08255   0.09127   0.04161   0.07229   0.06778   0.02705   0.11171   0.03793   0.14328   0.03105   0.17506   0.08351   0.12117   0.04173   0.10380   0.06194   0.08226   0.11469   0.03378   0.19520   0.19309  11.36389   1.69180   1.09693   1.55154   0.91914  
  2 6019.0512   2089.038998  x:  0.47318   0.17493   0.14221   0.13052   0.04389   0.04758   0.10618   0.01474   0.09916   0.03738   0.13234   0.02576   0.13355   0.11768   0.15839   0.03637   0.07884   0.09880   0.07365   0.08210   0.00000   0.16562   0.15978  11.36396   1.69004   1.10110   1.55217   0.91880  
  3 448.0662   2053.904772  x:  0.46420   0.06990   0.17796   0.15342   0.04340   0.01101   0.12012   0.05151   0.08039   0.03886   0.11140   0.03744   0.01824   0.14768   0.20453   0.03551   0.02651   0.11272   0.06502   0.01277   0.09253   0.10063   0.08146  11.36415   1.68521   1.11106   1.55422   0.91812  
  4 464.4734   2048.319455  x:  0.46394   0.05430   0.18005   0.15458   0.04386   0.01725   0.12031   0.05183   0.07930   0.03827   0.10944   0.03716   0.00000   0.14966   0.20878   0.03642   0.02669   0.11300   0.06599   0.01624   0.09674   0.09318   0.07081  11.36417   1.68452   1.11240   1.55462   0.91808  
  5 499.5895   2044.793951  x:  0.46537   0.01749   0.17756   0.15198   0.04347   0.00790   0.11525   0.04422   0.08010   0.03667   0.10757   0.03405   0.00000   0.14897   0.21344   0.03858   0.03839   0.10911   0.07005   0.01780   0.09624   0.08171   0.05118  11.36422   1.68280   1.11554   1.55591   0.91807  
  6 307.8791   2044.355028  x:  0.46584   0.01094   0.17622   0.15104   0.04342   0.01046   0.11362   0.04175   0.08084   0.03672   0.10768   0.03355   0.00000   0.14809   0.21383   0.03808   0.03899   0.10765   0.07052   0.01259   0.09439   0.08089   0.04917  11.36423   1.68229   1.11641   1.55639   0.91807  
  7 141.5225   2044.205230  x:  0.46603   0.00863   0.17485   0.15064   0.04322   0.01000   0.11115   0.03883   0.08178   0.03761   0.10790   0.03396   0.00000   0.14689   0.21510   0.03584   0.03306   0.10534   0.07088   0.01345   0.09258   0.08081   0.04790  11.36426   1.68112   1.11841   1.55758   0.91800  
  8 35.6758   2044.131127  x:  0.46554   0.01140   0.17409   0.15134   0.04324   0.01012   0.10829   0.03698   0.08225   0.03790   0.10759   0.03418   0.00000   0.14585   0.21867   0.03607   0.03240   0.10284   0.07179   0.01269   0.09165   0.07888   0.04473  11.36433   1.67877   1.12243   1.56004   0.91784  
  9 19.8923   2043.945840  x:  0.46307   0.01052   0.17205   0.15491   0.04357   0.01014   0.10352   0.03865   0.08223   0.03825   0.10702   0.03507   0.00000   0.14284   0.23357   0.03664   0.03362   0.09881   0.07273   0.01309   0.09008   0.07912   0.05052  11.36465   1.66778   1.14115   1.57210   0.91717  
 10 20.3754   2043.792920  x:  0.46236   0.01118   0.16679   0.15376   0.04289   0.01021   0.10806   0.03939   0.08231   0.03630   0.10855   0.03234   0.00000   0.13941   0.23874   0.03356   0.03413   0.10167   0.07095   0.01319   0.09019   0.08313   0.04771  11.36504   1.65671   1.16061   1.58590   0.91642  
 11 23.5603   2043.692562  x:  0.46217   0.01106   0.16482   0.15212   0.04351   0.01016   0.11133   0.03824   0.08238   0.03900   0.10938   0.03561   0.00000   0.13885   0.23658   0.03763   0.03335   0.10425   0.07125   0.01319   0.08974   0.08353   0.04699  11.36536   1.64924   1.17459   1.59703   0.91583  
 12 29.1468   2043.503667  x:  0.46342   0.01133   0.16872   0.15038   0.04382   0.01021   0.11004   0.03770   0.08188   0.03660   0.10784   0.03411   0.00000   0.14341   0.22287   0.03640   0.03278   0.10528   0.07348   0.01323   0.08950   0.07710   0.04994  11.36610   1.63745   1.19975   1.62040   0.91465  
 13 25.5205   2043.431683  x:  0.46371   0.01098   0.17299   0.15101   0.04261   0.01038   0.10791   0.03917   0.08197   0.03930   0.10735   0.03473   0.00000   0.14590   0.21793   0.03488   0.03417   0.10298   0.07125   0.01349   0.08911   0.07997   0.04814  11.36646   1.63555   1.20727   1.63020   0.91425  
 14 19.5820   2043.375952  x:  0.46346   0.01056   0.17558   0.15110   0.04428   0.01034   0.10711   0.03918   0.08203   0.03654   0.10763   0.03383   0.00000   0.14660   0.21631   0.03767   0.03334   0.10073   0.07043   0.01354   0.08910   0.08321   0.04703  11.36682   1.63777   1.20997   1.63821   0.91400  
 15 11.8481   2042.701112  x:  0.45752   0.01066   0.18442   0.14647   0.04161   0.01160   0.11161   0.02964   0.08219   0.03401   0.11303   0.03816   0.00000   0.14190   0.21806   0.03329   0.03603   0.09653   0.08144   0.01412   0.09241   0.08689   0.04786  11.37176   1.69368   1.21851   1.73539   0.91151  
 16 15.9742   2041.714933  x:  0.44981   0.01089   0.17971   0.14068   0.04543   0.01184   0.10877   0.03728   0.08471   0.04359   0.11319   0.02614   0.00000   0.13556   0.21891   0.03628   0.03392   0.09913   0.08073   0.01505   0.08170   0.08017   0.04740  11.37911   1.77958   1.23040   1.87264   0.90804  
 17 132.3145   2041.049284  x:  0.44428   0.01086   0.16717   0.14174   0.04297   0.01195   0.10347   0.04206   0.08268   0.03600   0.10764   0.03575   0.00000   0.13594   0.21772   0.03580   0.03400   0.10301   0.06862   0.01613   0.07016   0.07418   0.04610  11.38418   1.83936   1.24091   1.95934   0.90582  
 18 152.3623   2040.762979  x:  0.44208   0.01093   0.15675   0.14979   0.04129   0.01246   0.10505   0.03596   0.07781   0.03782   0.10030   0.03242   0.00000   0.14270   0.21581   0.03722   0.03430   0.10051   0.06724   0.01654   0.07061   0.07590   0.04735  11.38647   1.86607   1.25247   1.98105   0.90516  
 19 32.4210   2040.211216  x:  0.43656   0.01081   0.14808   0.15981   0.05306   0.01239   0.10572   0.03831   0.08498   0.03821   0.10257   0.03558   0.00000   0.14742   0.21074   0.03224   0.03620   0.09923   0.07415   0.01679   0.06623   0.07811   0.04552  11.39137   1.92188   1.28950   1.99600   0.90465  
 20 29.9134   2038.553532  x:  0.42444   0.01067   0.14453   0.16510   0.03502   0.01435   0.10265   0.04301   0.09497   0.03492   0.11519   0.03275   0.00000   0.14243   0.20071   0.03930   0.03482   0.09903   0.07986   0.01857   0.05245   0.07773   0.04495  11.40538   2.07784   1.40116   2.01966   0.90415  
 21 115.6510   2036.990705  x:  0.41107   0.01248   0.15246   0.14677   0.04440   0.01618   0.09837   0.03288   0.08219   0.03808   0.11365   0.03187   0.00000   0.12732   0.19563   0.03726   0.03848   0.09889   0.06433   0.02126   0.04435   0.07389   0.04864  11.41889   2.22259   1.50749   2.03559   0.90497  
 22 181.5058   2036.754424  x:  0.40808   0.01328   0.15294   0.13458   0.04364   0.01626   0.09913   0.03579   0.08252   0.03756   0.10320   0.03299   0.00000   0.13197   0.19778   0.03680   0.03796   0.09805   0.06934   0.02109   0.03970   0.07700   0.04777  11.42096   2.23608   1.51777   2.03547   0.90726  
 23 24.1242   2036.233197  x:  0.40040   0.01459   0.15002   0.12321   0.04372   0.01725   0.09776   0.02961   0.09401   0.03804   0.11030   0.03121   0.00000   0.14827   0.20223   0.03741   0.03948   0.09749   0.06159   0.02244   0.03876   0.07500   0.05043  11.42582   2.22055   1.50803   2.02574   0.92381  
 24  6.8642   2032.851979  x:  0.37124   0.01586   0.13665   0.12021   0.04472   0.02004   0.08997   0.03158   0.07537   0.03825   0.12726   0.03026   0.00000   0.14914   0.19436   0.03757   0.03999   0.09413   0.06944   0.02522   0.01109   0.07587   0.04753  11.45195   2.10161   1.43014   1.96566   1.01611  
 25 40.9660   2031.457798  x:  0.35865   0.01606   0.13716   0.12918   0.04432   0.02170   0.08605   0.02425   0.09464   0.03739   0.10950   0.02922   0.00000   0.13063   0.18757   0.03935   0.04152   0.10166   0.06749   0.02721   0.00581   0.07791   0.04845  11.46449   2.04194   1.39105   1.93620   1.05573  
 26 112.0592   2031.407182  x:  0.35782   0.01604   0.13716   0.12920   0.04445   0.02190   0.08220   0.02315   0.09396   0.03744   0.10984   0.02891   0.00000   0.13142   0.18785   0.03950   0.04154   0.10597   0.06871   0.02724   0.00644   0.07973   0.04808  11.46497   2.03863   1.38876   1.93431   1.04988  
 27  6.6298   2030.546378  x:  0.34874   0.01582   0.13573   0.12778   0.04466   0.02289   0.08146   0.02207   0.09288   0.03750   0.11370   0.02834   0.00000   0.13444   0.18875   0.03955   0.04265   0.10554   0.06972   0.02841   0.00360   0.08011   0.04789  11.47247   1.97990   1.34767   1.89980   0.91504  
 28 18.4413   2025.371853  x:  0.29166   0.01439   0.14692   0.14289   0.04510   0.02957   0.10381   0.01437   0.10130   0.03593   0.10933   0.02604   0.00000   0.12477   0.19097   0.04097   0.04993   0.09266   0.07389   0.03688   0.01286   0.07404   0.04619  11.50855   1.64535   1.13938   1.67531   0.80725  
 29  3.3639   2020.491273  x:  0.20882   0.01142   0.18380   0.15956   0.04562   0.03605   0.11378   0.02349   0.08687   0.03552   0.11717   0.02718   0.00000   0.14227   0.21225   0.03891   0.05174   0.10916   0.08119   0.04330   0.01092   0.08097   0.04724  11.50515   1.62625   1.14342   1.62184   0.97064  
 30  0.2994   2019.660847  x:  0.20132   0.00970   0.19547   0.16522   0.04388   0.03542   0.11966   0.02022   0.08451   0.03676   0.11101   0.02826   0.00000   0.14531   0.21306   0.03595   0.04769   0.11333   0.07492   0.04131   0.01161   0.08097   0.05150  11.46814   1.79234   1.24717   1.74185   0.92628  
 31  0.3358   2019.376578  x:  0.20996   0.00792   0.20178   0.17083   0.04245   0.03323   0.12209   0.02171   0.08258   0.03696   0.10803   0.02790   0.00000   0.14703   0.20987   0.03401   0.04181   0.11595   0.06973   0.03694   0.01158   0.07862   0.05147  11.41791   1.74110   1.21786   1.73764   0.91429  
 32  0.0631   2019.272887  x:  0.20244   0.00712   0.20396   0.17352   0.04287   0.03195   0.12394   0.01904   0.08288   0.03659   0.10877   0.02727   0.00000   0.14648   0.21244   0.03532   0.04140   0.11548   0.07096   0.03392   0.01131   0.07715   0.04911  11.38526   1.71814   1.20566   1.70776   0.92205  
 33  0.0451   2019.234195  x:  0.20161   0.00796   0.20444   0.17409   0.04337   0.03073   0.12451   0.02115   0.08465   0.03623   0.10955   0.02763   0.00000   0.14585   0.21304   0.03606   0.04186   0.11543   0.07206   0.03177   0.01142   0.07828   0.04897  11.37061   1.71793   1.20419   1.69685   0.91447  
 34  0.0242   2019.224357  x:  0.20288   0.00828   0.20379   0.17279   0.04336   0.03004   0.12419   0.02074   0.08391   0.03641   0.10965   0.02778   0.00000   0.14596   0.21224   0.03582   0.04267   0.11519   0.07239   0.03078   0.01137   0.07892   0.04911  11.36731   1.72622   1.20784   1.70549   0.91970  
 35  0.0137   2019.223232  x:  0.20206   0.00819   0.20340   0.17229   0.04331   0.02994   0.12383   0.02089   0.08381   0.03642   0.10929   0.02768   0.00000   0.14606   0.21245   0.03563   0.04299   0.11524   0.07216   0.03085   0.01141   0.07871   0.04908  11.36683   1.72713   1.20868   1.70783   0.91886  
 36  0.0030   2019.222927  x:  0.20201   0.00828   0.20313   0.17210   0.04333   0.02980   0.12359   0.02084   0.08383   0.03648   0.10934   0.02774   0.00000   0.14615   0.21238   0.03562   0.04282   0.11530   0.07202   0.03089   0.01146   0.07874   0.04923  11.36552   1.72598   1.20832   1.70645   0.91877  
 37  0.0015   2019.222825  x:  0.20217   0.00824   0.20311   0.17215   0.04335   0.02968   0.12351   0.02088   0.08384   0.03644   0.10936   0.02772   0.00000   0.14614   0.21242   0.03568   0.04277   0.11530   0.07207   0.03092   0.01148   0.07868   0.04910  11.36423   1.72628   1.20850   1.70649   0.91901  
 38  0.0011   2019.222781  x:  0.20201   0.00825   0.20319   0.17222   0.04335   0.02963   0.12356   0.02088   0.08382   0.03643   0.10936   0.02772   0.00000   0.14610   0.21237   0.03568   0.04277   0.11531   0.07212   0.03097   0.01149   0.07873   0.04913  11.36359   1.72636   1.20835   1.70687   0.91910  
 39  0.0006   2019.222770  x:  0.20207   0.00824   0.20325   0.17223   0.04334   0.02960   0.12360   0.02088   0.08383   0.03644   0.10935   0.02772   0.00000   0.14610   0.21240   0.03566   0.04279   0.11530   0.07211   0.03099   0.01149   0.07872   0.04915  11.36349   1.72639   1.20845   1.70676   0.91898  
 40  0.0002   2019.222769  x:  0.20207   0.00825   0.20325   0.17222   0.04335   0.02959   0.12361   0.02088   0.08383   0.03644   0.10936   0.02772   0.00000   0.14611   0.21240   0.03566   0.04280   0.11530   0.07210   0.03099   0.01148   0.07871   0.04915  11.36364   1.72628   1.20839   1.70672   0.91898  
 41  0.0001   2019.222769  x:  0.20207   0.00825   0.20324   0.17222   0.04335   0.02959   0.12361   0.02088   0.08383   0.03644   0.10935   0.02772   0.00000   0.14611   0.21240   0.03566   0.04280   0.11530   0.07210   0.03099   0.01148   0.07871   0.04915  11.36380   1.72632   1.20840   1.70674   0.91898  
 42  0.0001   2019.222769  x:  0.20207   0.00825   0.20324   0.17222   0.04335   0.02959   0.12361   0.02088   0.08383   0.03644   0.10935   0.02772   0.00000   0.14611   0.21240   0.03566   0.04280   0.11530   0.07210   0.03099   0.01148   0.07871   0.04915  11.36383   1.72632   1.20840   1.70674   0.91898  
 43  0.0000   2019.222769  x:  0.20207   0.00825   0.20324   0.17222   0.04335   0.02959   0.12361   0.02088   0.08383   0.03644   0.10935   0.02772   0.00000   0.14611   0.21240   0.03566   0.04280   0.11530   0.07210   0.03099   0.01148   0.07871   0.04915  11.36385   1.72632   1.20840   1.70674   0.91898  
 44  0.0000   2019.222769  x:  0.20207   0.00825   0.20324   0.17222   0.04335   0.02959   0.12361   0.02088   0.08383   0.03644   0.10935   0.02772   0.00000   0.14611   0.21240   0.03566   0.04280   0.11530   0.07210   0.03099   0.01148   0.07871   0.04915  11.36388   1.72632   1.20840   1.70674   0.91898  
 45  0.0000   2019.222769  x:  0.20207   0.00825   0.20324   0.17222   0.04335   0.02959   0.12361   0.02088   0.08383   0.03644   0.10935   0.02772   0.00000   0.14611   0.21240   0.03566   0.04280   0.11530   0.07210   0.03099   0.01148   0.07871   0.04915  11.36388   1.72632   1.20840   1.70674   0.91898  