

TREE # 1

  0  0.0000   2213.737160  x:  0.01972   0.20925   0.02571   0.03211   0.02495   0.05815   0.02188   0.05666   0.08536   0.02661   0.17168   0.01972   0.20925   0.02571   0.03211   0.02495   0.05815   0.02188   0.05666   0.08536   0.02661   0.17168   0.21568   8.40433   1.56627   1.43523   1.21565   1.00000  
  1 99.0000   2187.388579  x:  0.01918   0.20922   0.00748   0.04406   0.04719   0.11939   0.03548   0.05156   0.08839   0.04061   0.17995   0.00000   0.20792   0.04236   0.04623   0.06168   0.06938   0.04422   0.07748   0.10422   0.08246   0.16994   0.21955   8.40434   1.56509   1.43097   1.22226   0.99545  
  2 527.8510   2184.045337  x:  0.01902   0.20826   0.00469   0.04648   0.03899   0.14825   0.02211   0.03984   0.09387   0.03938   0.19758   0.00000   0.20231   0.02786   0.04274   0.05171   0.07705   0.02938   0.09017   0.12367   0.07623   0.16700   0.22920   8.40438   1.56280   1.42073   1.23834   0.98365  
  3 114.3813   2183.516593  x:  0.01817   0.20781   0.01434   0.04623   0.03846   0.15518   0.02462   0.03943   0.09528   0.03896   0.20447   0.00000   0.20004   0.02772   0.04224   0.04873   0.07853   0.02987   0.09232   0.12928   0.07261   0.16591   0.23321   8.40440   1.56165   1.41555   1.24642   0.97753  
  4 130.6464   2181.985956  x:  0.01435   0.20644   0.00883   0.04262   0.03913   0.16345   0.03556   0.04616   0.09738   0.03594   0.22476   0.00000   0.19301   0.03535   0.04109   0.04103   0.07886   0.03844   0.09233   0.14081   0.05720   0.16294   0.24566   8.40450   1.55757   1.39693   1.27524   0.95515  
  5 127.2075   2179.465400  x:  0.00992   0.20472   0.01032   0.04008   0.04490   0.15228   0.02070   0.05138   0.09569   0.04369   0.25778   0.00000   0.18131   0.04230   0.03859   0.05753   0.06909   0.03742   0.08376   0.14586   0.05661   0.15993   0.26762   8.40480   1.54778   1.34946   1.34716   0.89617  
  6 105.0102   2177.485647  x:  0.00958   0.20439   0.00836   0.04350   0.04130   0.13786   0.03547   0.04425   0.09276   0.04059   0.27535   0.00000   0.17490   0.03223   0.03821   0.05814   0.06709   0.03022   0.08021   0.13893   0.07406   0.16045   0.27984   8.40515   1.53864   1.30334   1.41598   0.83635  
  7 184.6963   2176.306271  x:  0.00897   0.20498   0.00898   0.04569   0.03932   0.13519   0.02756   0.03988   0.09195   0.03645   0.27059   0.00000   0.17609   0.03095   0.04448   0.04808   0.07600   0.04264   0.08484   0.12684   0.08000   0.16355   0.27706   8.40543   1.53305   1.27325   1.46019   0.79352  
  8 123.2673   2175.118064  x:  0.01047   0.20641   0.00904   0.04331   0.04394   0.14499   0.02830   0.04660   0.09309   0.04161   0.24753   0.00000   0.18238   0.03608   0.04315   0.04543   0.08068   0.03267   0.09214   0.11422   0.07363   0.16776   0.26185   8.40582   1.52766   1.24166   1.50635   0.74318  
  9 102.8801   2174.667553  x:  0.01141   0.20654   0.00911   0.04196   0.03983   0.15011   0.02948   0.04435   0.09367   0.03789   0.23258   0.00000   0.18548   0.03231   0.04099   0.05307   0.07631   0.03604   0.08956   0.11819   0.06766   0.16756   0.25174   8.40601   1.52595   1.22977   1.52426   0.72083  
 10 73.0563   2174.535993  x:  0.01276   0.20610   0.00913   0.04365   0.04076   0.14993   0.02873   0.04316   0.09353   0.03823   0.22638   0.00000   0.18623   0.03445   0.04041   0.04932   0.07259   0.03592   0.08606   0.12569   0.06941   0.16537   0.24732   8.40611   1.52595   1.22711   1.52918   0.71262  
 11 30.1514   2174.518035  x:  0.01241   0.20551   0.00910   0.04298   0.04118   0.14865   0.02878   0.04460   0.09323   0.03897   0.22543   0.00000   0.18603   0.03314   0.04088   0.04930   0.07397   0.03606   0.08662   0.12795   0.06983   0.16372   0.24649   8.40615   1.52649   1.22768   1.52945   0.71032  
 12  8.8452   2174.510521  x:  0.01283   0.20501   0.00913   0.04284   0.04079   0.14786   0.02883   0.04424   0.09314   0.03839   0.22538   0.00000   0.18578   0.03413   0.04091   0.04984   0.07496   0.03567   0.08745   0.12854   0.06981   0.16243   0.24625   8.40619   1.52729   1.22890   1.52917   0.70824  
 13  5.8032   2174.499165  x:  0.01296   0.20406   0.00904   0.04384   0.04147   0.14784   0.02902   0.04351   0.09333   0.03904   0.22606   0.00000   0.18534   0.03385   0.04028   0.04988   0.07466   0.03611   0.08788   0.12761   0.06929   0.16066   0.24637   8.40632   1.52978   1.23275   1.52802   0.70296  
 14  5.3279   2174.488303  x:  0.01267   0.20353   0.00912   0.04308   0.04078   0.14865   0.02878   0.04433   0.09339   0.03856   0.22690   0.00000   0.18520   0.03380   0.04087   0.04956   0.07370   0.03593   0.08743   0.12678   0.06995   0.16039   0.24681   8.40646   1.53279   1.23719   1.52684   0.69730  
 15  9.9652   2174.482429  x:  0.01321   0.20423   0.00909   0.04276   0.04114   0.14862   0.02884   0.04406   0.09323   0.03870   0.22731   0.00000   0.18549   0.03375   0.04098   0.04968   0.07452   0.03589   0.08664   0.12725   0.06984   0.16236   0.24737   8.40656   1.53510   1.24001   1.52657   0.69428  
 16  5.1296   2174.480365  x:  0.01250   0.20459   0.00909   0.04329   0.04101   0.14845   0.02887   0.04413   0.09322   0.03866   0.22731   0.00000   0.18563   0.03389   0.04088   0.04978   0.07467   0.03581   0.08677   0.12756   0.06981   0.16318   0.24756   8.40660   1.53616   1.24105   1.52675   0.69347  
 17  4.4491   2174.477260  x:  0.01279   0.20549   0.00908   0.04320   0.04089   0.14808   0.02889   0.04425   0.09339   0.03881   0.22718   0.00000   0.18575   0.03387   0.04070   0.04974   0.07388   0.03608   0.08807   0.12791   0.06989   0.16373   0.24778   8.40669   1.53862   1.24271   1.52811   0.69335  
 18  2.1564   2174.467282  x:  0.01195   0.20701   0.00905   0.04234   0.04210   0.14830   0.02880   0.04367   0.09342   0.03797   0.22650   0.00000   0.18584   0.03377   0.04047   0.04969   0.07369   0.03597   0.08829   0.12785   0.07006   0.16301   0.24787   8.40703   1.54755   1.24809   1.53413   0.69478  
 19  4.5130   2174.441644  x:  0.01231   0.20960   0.00895   0.04302   0.04086   0.14941   0.02886   0.04401   0.09347   0.03890   0.22503   0.00000   0.18597   0.03392   0.04083   0.04987   0.07457   0.03602   0.08693   0.12733   0.07017   0.16078   0.24773   8.40790   1.57073   1.26195   1.55023   0.69910  
 20 28.4246   2174.431412  x:  0.01315   0.20662   0.00895   0.04391   0.04141   0.14966   0.02874   0.04463   0.09309   0.03806   0.22500   0.00000   0.18599   0.03366   0.04115   0.05006   0.07442   0.03590   0.08716   0.12745   0.07009   0.16179   0.24672   8.40827   1.57906   1.26755   1.55676   0.70109  
 21  9.3244   2174.424785  x:  0.01286   0.20400   0.00888   0.04323   0.04109   0.14972   0.02886   0.04403   0.09292   0.03880   0.22499   0.00000   0.18599   0.03387   0.04093   0.04998   0.07432   0.03607   0.08739   0.12756   0.07023   0.16275   0.24586   8.40852   1.58398   1.27122   1.56091   0.70239  
 22 15.7725   2174.422290  x:  0.01294   0.20388   0.00887   0.04313   0.04105   0.14972   0.02877   0.04429   0.09396   0.03865   0.22501   0.00000   0.18569   0.03389   0.04014   0.04998   0.07457   0.03621   0.08724   0.12753   0.07059   0.16293   0.24550   8.40865   1.58361   1.27269   1.56194   0.70268  
 23  1.0366   2174.411228  x:  0.01281   0.20441   0.00876   0.04325   0.04129   0.14976   0.02890   0.04388   0.09568   0.03886   0.22499   0.00000   0.18456   0.03389   0.04171   0.05024   0.07444   0.03595   0.08722   0.12757   0.07045   0.16319   0.24426   8.40926   1.57985   1.27910   1.56582   0.70372  
 24  3.6724   2174.391657  x:  0.01295   0.20559   0.00869   0.04340   0.04118   0.15080   0.02874   0.04410   0.09261   0.03878   0.22482   0.00000   0.18407   0.03394   0.04082   0.05027   0.07448   0.03616   0.08750   0.12754   0.07080   0.16307   0.24330   8.41037   1.57280   1.28941   1.57165   0.70534  
 25  9.1459   2174.373082  x:  0.01315   0.20442   0.00854   0.04346   0.04131   0.15128   0.02873   0.04407   0.09331   0.03885   0.22342   0.00000   0.18973   0.03393   0.04092   0.05048   0.07453   0.03622   0.08764   0.12798   0.07101   0.16193   0.24716   8.41151   1.56880   1.29331   1.57290   0.70617  
 26  2.2590   2174.125588  x:  0.01371   0.20118   0.00672   0.04397   0.04248   0.16025   0.02828   0.04415   0.09343   0.03956   0.21343   0.00000   0.17809   0.03486   0.04157   0.05286   0.07512   0.03715   0.08919   0.12989   0.07490   0.16335   0.25939   8.42720   1.55670   1.27906   1.53938   0.70956  
 27  1.2609   2173.897887  x:  0.01291   0.20498   0.00501   0.04431   0.04371   0.16710   0.02796   0.04421   0.09382   0.04028   0.22502   0.00000   0.18571   0.03556   0.04206   0.05532   0.07535   0.03816   0.09042   0.13225   0.07856   0.16231   0.24674   8.44158   1.54786   1.26261   1.50669   0.71220  
 28 14.5492   2173.823124  x:  0.01293   0.20556   0.00716   0.04471   0.04393   0.17141   0.02763   0.04375   0.09372   0.04059   0.22603   0.00000   0.18670   0.03523   0.04233   0.05671   0.07568   0.03793   0.09122   0.13262   0.08163   0.16226   0.24425   8.44425   1.54633   1.25732   1.50654   0.70943  
 29  0.0129   2173.810388  x:  0.01297   0.20500   0.00683   0.04485   0.04391   0.17341   0.02815   0.04347   0.09366   0.04066   0.22545   0.00000   0.18586   0.03495   0.04236   0.05692   0.07586   0.03780   0.09143   0.13251   0.08304   0.16232   0.24563   8.44198   1.54936   1.25889   1.52095   0.70588  
 30  0.0153   2173.810127  x:  0.01293   0.20505   0.00674   0.04482   0.04393   0.17360   0.02822   0.04357   0.09369   0.04064   0.22565   0.00000   0.18579   0.03500   0.04238   0.05686   0.07585   0.03787   0.09139   0.13251   0.08320   0.16233   0.24578   8.44409   1.54837   1.25812   1.51904   0.70615  
 31  0.0028   2173.810124  x:  0.01293   0.20505   0.00673   0.04482   0.04393   0.17359   0.02822   0.04356   0.09369   0.04063   0.22563   0.00000   0.18582   0.03500   0.04238   0.05683   0.07584   0.03788   0.09139   0.13250   0.08320   0.16233   0.24572   8.44444   1.54849   1.25825   1.51915   0.70616  
 32  0.0004   2173.810124  x:  0.01293   0.20505   0.00673   0.04482   0.04393   0.17358   0.02822   0.04356   0.09369   0.04063   0.22563   0.00000   0.18582   0.03500   0.04238   0.05683   0.07584   0.03788   0.09139   0.13250   0.08320   0.16233   0.24573   8.44453   1.54849   1.25825   1.51915   0.70617  
 33  0.0001   2173.810124  x:  0.01293   0.20505   0.00673   0.04482   0.04393   0.17358   0.02822   0.04356   0.09369   0.04063   0.22563   0.00000   0.18582   0.03500   0.04238   0.05683   0.07584   0.03788   0.09139   0.13250   0.08320   0.16233   0.24573   8.44455   1.54849   1.25825   1.51915   0.70617  

TREE # 2

  0  0.0000   2446.377597  x:  0.01293   0.20505   0.00673   0.04482   0.04393   0.17358   0.02822   0.04356   0.09369   0.04063   0.22563   0.00000   0.18582   0.03500   0.04238   0.05683   0.07584   0.03788   0.09139   0.13250   0.08320   0.16233   0.24573   8.44455   1.51937   1.14785   1.38763   0.70617  
  1 99.0000   2293.691766  x:  0.16886   0.19825   0.30017   0.11747   0.06864   0.16016   0.08619   0.05467   0.09187   0.06361   0.21624   0.19191   0.18211   0.12256   0.10252   0.05753   0.06015   0.05571   0.08491   0.12023   0.07336   0.16228   0.23007   8.44459   1.51843   1.14944   1.38817   0.70570  
  2 3241.6514   2239.566484  x:  0.19143   0.14227   0.28900   0.14433   0.08343   0.10819   0.12292   0.04207   0.09119   0.04982   0.17098   0.14641   0.13822   0.17969   0.15374   0.04436   0.00000   0.09019   0.05731   0.07516   0.04027   0.16278   0.17078   8.44474   1.51403   1.15727   1.38875   0.70457  
  3 383.4032   2211.878644  x:  0.21485   0.08402   0.27813   0.17156   0.09784   0.05463   0.15940   0.02956   0.09059   0.03666   0.12431   0.09990   0.09268   0.23678   0.20490   0.03168   0.00946   0.12402   0.02977   0.02922   0.00789   0.16343   0.10931   8.44488   1.50952   1.16528   1.38939   0.70345  
  4 2431.1891   2196.569191  x:  0.23359   0.03469   0.27287   0.18969   0.10370   0.01720   0.17944   0.02714   0.09108   0.03780   0.08930   0.06694   0.05516   0.27116   0.23482   0.02927   0.01278   0.13936   0.02438   0.01205   0.04919   0.16558   0.06121   8.44498   1.50621   1.17110   1.39018   0.70262  
  5 966.9909   2186.889616  x:  0.24563   0.00000   0.26996   0.20006   0.10565   0.00838   0.18845   0.03094   0.09181   0.04308   0.06924   0.04818   0.02976   0.28909   0.24997   0.03179   0.01406   0.14460   0.03269   0.03490   0.05448   0.16668   0.03048   8.44505   1.50412   1.17472   1.39089   0.70217  
  6 731.7454   2184.827718  x:  0.25195   0.00000   0.26785   0.20491   0.10585   0.02176   0.19057   0.03498   0.09232   0.04713   0.06206   0.04100   0.01587   0.29592   0.25549   0.03417   0.01441   0.14406   0.03508   0.03406   0.05636   0.16761   0.01832   8.44508   1.50298   1.17662   1.39147   0.70197  
  7 309.1120   2183.695516  x:  0.25951   0.00000   0.26391   0.20836   0.10222   0.02123   0.18855   0.03767   0.09281   0.05223   0.06098   0.03871   0.00000   0.30042   0.25863   0.03729   0.01437   0.13820   0.03742   0.03234   0.05522   0.16934   0.02453   8.44513   1.50142   1.17906   1.39257   0.70170  
  8 102.2332   2183.695516  x:  0.25951   0.00000   0.26391   0.20836   0.10222   0.02123   0.18855   0.03767   0.09281   0.05223   0.06098   0.03871   0.00000   0.30042   0.25863   0.03729   0.01437   0.13820   0.03742   0.03234   0.05522   0.16934   0.02453   8.44513   1.50142   1.17906   1.39257   0.70170  
  9 60.3666   2181.231489  x:  0.25835   0.00000   0.25559   0.20594   0.09841   0.03106   0.18205   0.03968   0.09300   0.05404   0.06653   0.03908   0.00122   0.29593   0.25457   0.03906   0.00288   0.13083   0.04094   0.04062   0.05063   0.16997   0.02786   8.44516   1.50086   1.17980   1.39332   0.70171  
 10 154.4362   2178.657672  x:  0.25503   0.00000   0.23153   0.19885   0.08742   0.04976   0.16344   0.04377   0.09331   0.05831   0.07997   0.03946   0.00445   0.28289   0.24282   0.04378   0.01415   0.11017   0.04872   0.05671   0.03919   0.17169   0.03393   8.44523   1.49924   1.18195   1.39551   0.70174  
 11 275.7354   2175.371189  x:  0.24908   0.00000   0.18592   0.18576   0.07115   0.03846   0.13115   0.04142   0.09202   0.05891   0.08670   0.03538   0.00869   0.25721   0.22060   0.04068   0.01133   0.07864   0.04502   0.04746   0.03835   0.17410   0.02454   8.44535   1.49593   1.18641   1.40011   0.70170  
 12 136.3189   2174.677778  x:  0.24669   0.00000   0.16594   0.18202   0.07696   0.03641   0.12356   0.04445   0.09138   0.05767   0.08242   0.03857   0.01197   0.24357   0.21051   0.04169   0.01121   0.08356   0.04627   0.04456   0.04493   0.17493   0.03536   8.44539   1.49406   1.18880   1.40376   0.70183  
 13 65.8617   2174.388170  x:  0.24541   0.00000   0.15579   0.18114   0.08262   0.03832   0.12362   0.04523   0.09126   0.05729   0.07865   0.03812   0.01279   0.23364   0.20439   0.04209   0.01130   0.09092   0.04735   0.04571   0.04196   0.17482   0.02887   8.44541   1.49256   1.19079   1.40735   0.70205  
 14 45.7380   2174.315201  x:  0.24503   0.00000   0.15564   0.18266   0.08181   0.03717   0.12885   0.04275   0.09153   0.05841   0.07939   0.03693   0.01389   0.22570   0.20175   0.04096   0.01133   0.09113   0.04498   0.04742   0.04078   0.17448   0.03033   8.44541   1.49082   1.19325   1.41269   0.70247  
 15 13.5714   2174.276040  x:  0.24489   0.00000   0.15710   0.18429   0.08064   0.03794   0.13158   0.04348   0.09172   0.05819   0.07998   0.03869   0.01430   0.22039   0.20064   0.04188   0.01132   0.09005   0.04616   0.04637   0.04266   0.17425   0.02933   8.44540   1.48921   1.19579   1.41835   0.70289  
 16 15.4342   2174.246699  x:  0.24495   0.00000   0.15908   0.18580   0.08065   0.03797   0.13037   0.04432   0.09177   0.05668   0.07903   0.03696   0.01441   0.21800   0.20095   0.04178   0.01124   0.08957   0.04788   0.04506   0.04130   0.17420   0.03008   8.44538   1.48729   1.19954   1.42670   0.70349  
 17 10.0688   2174.189949  x:  0.24519   0.00000   0.16142   0.18761   0.08175   0.03714   0.12565   0.04398   0.09133   0.05734   0.07839   0.03860   0.01466   0.21745   0.20268   0.04115   0.01131   0.08999   0.04631   0.04729   0.04162   0.17420   0.02945   8.44534   1.48331   1.20903   1.44763   0.70492  
 18 17.0507   2174.150275  x:  0.24521   0.00000   0.15954   0.18644   0.08171   0.03855   0.12657   0.04302   0.09149   0.05884   0.07964   0.03705   0.01324   0.22062   0.20354   0.04235   0.01130   0.09063   0.04553   0.04576   0.04254   0.17433   0.02948   8.44532   1.48175   1.21679   1.46431   0.70590  
 19 17.3602   2174.126472  x:  0.24522   0.00000   0.15759   0.18474   0.08105   0.03758   0.12891   0.04357   0.09149   0.05821   0.08003   0.03808   0.01402   0.22363   0.20376   0.04143   0.01123   0.09057   0.04671   0.04576   0.04162   0.17438   0.02955   8.44532   1.48211   1.22184   1.47485   0.70640  
 20 19.8673   2174.119617  x:  0.24512   0.00000   0.15746   0.18401   0.08106   0.03756   0.12958   0.04370   0.09140   0.05707   0.07899   0.03773   0.01349   0.22427   0.20318   0.04163   0.01128   0.08983   0.04652   0.04674   0.04222   0.17430   0.02947   8.44533   1.48425   1.22363   1.47799   0.70634  
 21  5.9377   2174.100241  x:  0.24482   0.00000   0.15870   0.18240   0.08163   0.03849   0.12976   0.04330   0.09136   0.05740   0.07713   0.03864   0.01433   0.22494   0.20092   0.04221   0.01124   0.08880   0.04549   0.04585   0.04130   0.17398   0.02970   8.44540   1.49588   1.22946   1.48696   0.70572  
 22  7.2785   2174.062717  x:  0.24426   0.00000   0.16075   0.18061   0.08179   0.03767   0.12889   0.04258   0.09172   0.05895   0.07790   0.03814   0.01360   0.22504   0.19757   0.04119   0.01117   0.08965   0.04753   0.04610   0.04205   0.17360   0.02955   8.44556   1.52108   1.24129   1.50436   0.70437  
 23 27.2757   2174.039678  x:  0.24423   0.00000   0.16040   0.18140   0.08122   0.03713   0.12849   0.04391   0.09159   0.05739   0.08007   0.03757   0.01435   0.22448   0.19844   0.04220   0.01110   0.09092   0.04618   0.04615   0.04204   0.17373   0.02933   8.44566   1.53746   1.24891   1.51477   0.70368  
 24 23.7656   2174.026705  x:  0.24442   0.00000   0.15880   0.18322   0.08108   0.03769   0.12873   0.04379   0.09105   0.05715   0.07974   0.03817   0.01310   0.22370   0.20108   0.04111   0.01113   0.09060   0.04587   0.04580   0.04178   0.17406   0.02952   8.44572   1.54693   1.25360   1.52024   0.70351  
 25 14.6876   2174.021873  x:  0.24460   0.00000   0.15799   0.18406   0.08109   0.03755   0.12891   0.04329   0.09105   0.05766   0.07903   0.03792   0.01376   0.22343   0.20264   0.04154   0.01112   0.09020   0.04640   0.04603   0.04201   0.17419   0.02944   8.44575   1.55047   1.25558   1.52213   0.70360  
 26 10.7350   2174.021151  x:  0.24467   0.00000   0.15795   0.18402   0.08117   0.03730   0.12895   0.04346   0.09155   0.05783   0.07895   0.03801   0.01350   0.22335   0.20283   0.04179   0.01109   0.09012   0.04640   0.04607   0.04185   0.17413   0.02948   8.44575   1.55081   1.25635   1.52207   0.70392  
 27  1.2023   2174.019094  x:  0.24494   0.00000   0.15806   0.18366   0.08137   0.03755   0.12895   0.04345   0.09243   0.05767   0.07899   0.03793   0.01376   0.22325   0.20315   0.04135   0.01111   0.09009   0.04629   0.04601   0.04207   0.17388   0.02941   8.44579   1.55142   1.25930   1.52131   0.70536  
 28  2.0045   2174.015838  x:  0.24520   0.00000   0.15833   0.18331   0.08121   0.03744   0.12895   0.04296   0.09160   0.05741   0.07907   0.03811   0.01361   0.22322   0.20320   0.04169   0.01106   0.09038   0.04646   0.04595   0.04195   0.17374   0.02946   8.44585   1.55216   1.26416   1.51986   0.70775  
 29  4.3333   2174.014723  x:  0.24515   0.00000   0.15839   0.18354   0.08116   0.03739   0.12906   0.04355   0.09113   0.05782   0.07893   0.03790   0.01367   0.22337   0.20299   0.04156   0.01106   0.09036   0.04635   0.04597   0.04202   0.17391   0.02943   8.44587   1.55234   1.26560   1.51941   0.70844  
 30  2.7061   2174.012805  x:  0.24457   0.00000   0.15832   0.18492   0.08160   0.03727   0.12919   0.04335   0.09137   0.05765   0.07912   0.03795   0.01374   0.22402   0.20214   0.04160   0.01103   0.09013   0.04640   0.04592   0.04202   0.17474   0.02939   8.44593   1.55240   1.26671   1.51903   0.70875  
 31  0.8131   2174.006729  x:  0.24355   0.00000   0.15836   0.18594   0.07976   0.03743   0.12909   0.04307   0.09216   0.05755   0.07810   0.03811   0.01375   0.22460   0.20171   0.04155   0.01093   0.09121   0.04626   0.04583   0.04211   0.17474   0.02939   8.44613   1.55221   1.26737   1.51874   0.70809  
 32  0.6097   2173.918225  x:  0.23752   0.00000   0.16109   0.18670   0.08268   0.03517   0.13146   0.04275   0.09123   0.05718   0.07703   0.03787   0.01343   0.22595   0.20504   0.04099   0.00942   0.09222   0.04543   0.04394   0.04309   0.16869   0.02854   8.44908   1.54917   1.26931   1.51706   0.69588  
 33  1.4744   2173.862053  x:  0.24474   0.00000   0.16328   0.18505   0.08314   0.03399   0.13279   0.04227   0.09151   0.05685   0.07551   0.03789   0.01293   0.22574   0.20614   0.04061   0.00844   0.09376   0.04473   0.04283   0.04371   0.17543   0.02781   8.45092   1.54789   1.26759   1.51713   0.69203  
 34  4.8709   2173.845577  x:  0.24857   0.00000   0.16293   0.18723   0.08318   0.03358   0.13302   0.04213   0.09149   0.05671   0.07516   0.03789   0.01280   0.22673   0.20477   0.04055   0.00814   0.09395   0.04458   0.04246   0.04389   0.17223   0.02771   8.45137   1.54857   1.26351   1.51846   0.69799  
 35  2.8609   2173.835255  x:  0.24555   0.00000   0.16350   0.18629   0.08337   0.03334   0.13325   0.04204   0.09147   0.05665   0.07487   0.03790   0.01272   0.22642   0.20576   0.04046   0.00795   0.09420   0.04443   0.04225   0.04401   0.17333   0.02756   8.45160   1.54954   1.25911   1.51995   0.70573  
 36  2.8900   2173.810788  x:  0.24565   0.00000   0.16265   0.18596   0.08331   0.03474   0.13275   0.04229   0.09139   0.05676   0.07563   0.03785   0.01289   0.22576   0.20517   0.04062   0.00660   0.09389   0.04468   0.04328   0.04403   0.17348   0.02820   8.44453   1.54875   1.25874   1.51958   0.70577  
 37  0.0067   2173.810135  x:  0.24574   0.00000   0.16239   0.18584   0.08323   0.03501   0.13255   0.04237   0.09139   0.05682   0.07583   0.03787   0.01292   0.22564   0.20507   0.04063   0.00675   0.09373   0.04480   0.04356   0.04395   0.17358   0.02822   8.44435   1.54852   1.25827   1.51925   0.70618  
 38  0.0012   2173.810124  x:  0.24572   0.00000   0.16232   0.18582   0.08320   0.03500   0.13250   0.04238   0.09139   0.05683   0.07585   0.03788   0.01293   0.22562   0.20505   0.04063   0.00673   0.09369   0.04482   0.04356   0.04393   0.17358   0.02821   8.44441   1.54850   1.25826   1.51917   0.70617  
 39  0.0002   2173.810124  x:  0.24573   0.00000   0.16233   0.18582   0.08320   0.03500   0.13250   0.04238   0.09139   0.05683   0.07584   0.03788   0.01293   0.22563   0.20505   0.04063   0.00673   0.09369   0.04482   0.04356   0.04393   0.17358   0.02822   8.44451   1.54849   1.25825   1.51916   0.70617  
 40  0.0001   2173.810124  x:  0.24573   0.00000   0.16233   0.18582   0.08320   0.03500   0.13250   0.04238   0.09139   0.05683   0.07584   0.03788   0.01293   0.22563   0.20505   0.04063   0.00673   0.09369   0.04482   0.04356   0.04393   0.17358   0.02822   8.44454   1.54849   1.25825   1.51915   0.70617  
 41  0.0000   2173.810124  x:  0.24573   0.00000   0.16233   0.18582   0.08320   0.03500   0.13250   0.04238   0.09139   0.05683   0.07584   0.03788   0.01293   0.22563   0.20505   0.04063   0.00673   0.09369   0.04482   0.04356   0.04393   0.17358   0.02822   8.44456   1.54849   1.25825   1.51915   0.70617  
 42  0.0000   2173.810124  x:  0.24573   0.00000   0.16233   0.18582   0.08320   0.03500   0.13250   0.04238   0.09139   0.05683   0.07584   0.03788   0.01293   0.22563   0.20505   0.04063   0.00673   0.09369   0.04482   0.04356   0.04393   0.17358   0.02822   8.44456   1.54849   1.25825   1.51915   0.70617  