

TREE # 1

  0  0.0000   2147.124069  x:  0.08294   0.00000   0.09390   0.01606   0.05881   0.09470   0.05088   0.04357   0.08900   0.07771   0.05202   0.12205   0.00423   0.07068   0.02399   0.05812   0.04249   0.05450   0.06304   0.06302   0.11889   0.04280   0.14693   0.10156   2.00000   1.40332   1.01883   1.34686   0.40000  
  1 99.0000   2137.454776  x:  0.08625   0.01473   0.09919   0.01322   0.05870   0.09038   0.05039   0.04158   0.09247   0.08079   0.04518   0.12470   0.00000   0.08442   0.02589   0.05510   0.03818   0.06101   0.05831   0.06318   0.11922   0.03939   0.14966   0.10487   2.00192   1.40336   1.01863   1.34686   0.40462  
  2 547.9870   2113.228671  x:  0.09875   0.00000   0.11784   0.00292   0.05821   0.07169   0.04864   0.03392   0.10623   0.09287   0.01554   0.13378   0.00000   0.13025   0.03131   0.04283   0.02055   0.08362   0.03791   0.06391   0.12053   0.02500   0.16101   0.11738   2.01042   1.40347   1.01797   1.34675   0.42461  
  3 793.5581   2113.228671  x:  0.09875   0.00000   0.11784   0.00292   0.05821   0.07169   0.04864   0.03392   0.10623   0.09287   0.01554   0.13378   0.00000   0.13025   0.03131   0.04283   0.02055   0.08362   0.03791   0.06391   0.12053   0.02500   0.16101   0.11738   2.01042   1.40347   1.01797   1.34675   0.42461  
  4 432.6378   2109.521827  x:  0.10267   0.02293   0.12457   0.01954   0.05820   0.06334   0.04852   0.03284   0.11065   0.09678   0.00485   0.13763   0.00000   0.14092   0.03096   0.03947   0.01710   0.08835   0.02934   0.06466   0.12104   0.02035   0.16507   0.12129   2.01494   1.40343   1.01775   1.34671   0.43375  
  5 334.1151   2101.978291  x:  0.11337   0.01843   0.14133   0.01396   0.05748   0.03870   0.04831   0.03059   0.12313   0.10582   0.00572   0.14685   0.00000   0.17063   0.03053   0.03162   0.01111   0.10160   0.00612   0.06709   0.12266   0.00955   0.17731   0.13199   2.02970   1.40331   1.01729   1.34648   0.46247  
  6 249.4676   2098.294491  x:  0.12227   0.01450   0.15553   0.01127   0.05718   0.02050   0.04829   0.02986   0.13369   0.11319   0.00240   0.15481   0.00000   0.19636   0.03118   0.02992   0.01319   0.11294   0.01915   0.06901   0.12432   0.01108   0.18808   0.14090   2.04504   1.40312   1.01701   1.34624   0.49026  
  7 379.1794   2097.539020  x:  0.12506   0.01491   0.16019   0.01314   0.05733   0.01911   0.04834   0.03005   0.13709   0.11542   0.00919   0.15746   0.00000   0.20492   0.03148   0.03042   0.01403   0.11622   0.02245   0.06963   0.12490   0.01300   0.19169   0.14368   2.05130   1.40302   1.01696   1.34613   0.50072  
  8 456.9385   2094.652209  x:  0.13284   0.00756   0.17431   0.01756   0.05912   0.04531   0.04891   0.03318   0.14754   0.12047   0.00709   0.16556   0.00000   0.23300   0.03251   0.03757   0.01636   0.12352   0.02268   0.07138   0.12688   0.02184   0.20387   0.15146   2.08063   1.40245   1.01724   1.34545   0.54441  
  9 259.9135   2091.790546  x:  0.12683   0.01386   0.17158   0.01019   0.05763   0.05097   0.04877   0.03140   0.14110   0.11158   0.00846   0.16422   0.00000   0.23715   0.02793   0.04370   0.01302   0.11021   0.02817   0.06561   0.12611   0.00628   0.20564   0.14545   2.13352   1.40094   1.02016   1.34309   0.59808  
 10 96.4089   2088.418690  x:  0.11485   0.02008   0.16255   0.00432   0.05515   0.04545   0.04843   0.02877   0.12736   0.09721   0.00778   0.15920   0.00000   0.23630   0.02787   0.04607   0.00766   0.08764   0.02444   0.05926   0.12484   0.02016   0.20481   0.13347   2.22340   1.39833   1.02536   1.33916   0.68165  
 11 439.5082   2086.293682  x:  0.10610   0.01468   0.15375   0.01398   0.05458   0.03884   0.04835   0.02932   0.11707   0.08934   0.00681   0.15405   0.00000   0.23081   0.02958   0.04426   0.02155   0.07511   0.01986   0.05793   0.12391   0.02207   0.20217   0.12472   2.29411   1.39635   1.02942   1.33620   0.74192  
 12 639.2772   2083.111989  x:  0.10136   0.00742   0.13933   0.02454   0.05942   0.03728   0.04889   0.03798   0.11130   0.09576   0.00668   0.14513   0.00000   0.20526   0.03583   0.03206   0.00861   0.09111   0.02293   0.06779   0.12226   0.01935   0.19105   0.11998   2.39377   1.39400   1.03466   1.33283   0.80297  
 13 217.7261   2080.803333  x:  0.10442   0.01810   0.13021   0.01263   0.06243   0.03895   0.04845   0.03574   0.11444   0.10682   0.00688   0.13935   0.00000   0.17578   0.03553   0.02807   0.02039   0.11147   0.01989   0.07761   0.12200   0.02177   0.17858   0.12304   2.49125   1.39207   1.03917   1.33048   0.84564  
 14 288.8626   2078.901107  x:  0.11398   0.01388   0.13301   0.01810   0.05881   0.03427   0.04770   0.02459   0.12433   0.11437   0.00627   0.14059   0.00000   0.15273   0.02861   0.04723   0.01739   0.11419   0.01755   0.07346   0.12284   0.02321   0.17025   0.13260   2.58513   1.39082   1.04256   1.32954   0.85780  
 15 153.9104   2075.537510  x:  0.13070   0.01447   0.14812   0.01680   0.05080   0.03190   0.05009   0.05120   0.14216   0.11602   0.00622   0.15080   0.00000   0.13293   0.03347   0.04671   0.01827   0.10077   0.01681   0.05274   0.12479   0.02304   0.16391   0.14932   2.79018   1.38920   1.04828   1.32941   0.84642  
 16 201.9189   2066.703986  x:  0.14267   0.01113   0.16539   0.01820   0.06321   0.04081   0.04782   0.02789   0.15347   0.10570   0.00711   0.16635   0.00000   0.14455   0.03402   0.01407   0.01559   0.07944   0.02356   0.05864   0.12522   0.02092   0.16769   0.16129   3.24530   1.38706   1.05876   1.33084   0.78501  
 17 383.5375   2055.734976  x:  0.13506   0.01532   0.17198   0.01202   0.08172   0.03518   0.04906   0.03835   0.14267   0.08748   0.00712   0.17881   0.00000   0.20124   0.05210   0.04786   0.01500   0.08234   0.02106   0.10308   0.12418   0.01525   0.18746   0.15368   4.04359   1.38501   1.07368   1.33517   0.66044  
 18 1076.2519   2051.339760  x:  0.11971   0.01414   0.16436   0.01313   0.05711   0.03779   0.04936   0.04086   0.12853   0.10228   0.00702   0.17078   0.00000   0.22929   0.02443   0.04663   0.01701   0.10551   0.02014   0.08036   0.12604   0.01953   0.20133   0.13833   4.29254   1.38661   1.07310   1.33901   0.61848  
 19 392.4553   2050.873978  x:  0.11737   0.01453   0.16168   0.01269   0.05413   0.03879   0.04915   0.03564   0.12759   0.10723   0.00708   0.16594   0.00000   0.23359   0.03488   0.04754   0.01752   0.10944   0.02004   0.07008   0.12698   0.01851   0.20399   0.13599   4.32292   1.38807   1.06999   1.34085   0.61345  
 20 108.5554   2050.732752  x:  0.11784   0.01470   0.15867   0.01261   0.06175   0.03813   0.04973   0.03628   0.13034   0.10934   0.00705   0.15830   0.00000   0.23563   0.03360   0.04821   0.01762   0.10857   0.01983   0.06569   0.12751   0.01875   0.20558   0.13646   4.33239   1.39152   1.06194   1.34458   0.61244  
 21 22.6962   2050.564267  x:  0.11995   0.01490   0.15579   0.01276   0.05678   0.03827   0.04819   0.03672   0.13444   0.10905   0.00707   0.14805   0.00000   0.23702   0.03360   0.04762   0.01717   0.10548   0.02015   0.06933   0.12769   0.01845   0.20701   0.13857   4.34397   1.40014   1.04177   1.35380   0.61235  
 22 20.4487   2050.385434  x:  0.11909   0.01465   0.15795   0.01282   0.05689   0.03816   0.05362   0.03578   0.13099   0.10597   0.00704   0.15315   0.00000   0.23501   0.03358   0.04746   0.01722   0.10771   0.02003   0.06874   0.12701   0.01848   0.20559   0.13771   4.35721   1.41334   1.01143   1.36819   0.61343  
 23 20.7325   2050.335520  x:  0.11830   0.01455   0.15856   0.01277   0.05786   0.03810   0.04874   0.03612   0.12975   0.10638   0.00703   0.15610   0.00000   0.23435   0.03354   0.04760   0.01725   0.10801   0.01997   0.06826   0.12683   0.01850   0.20499   0.13692   4.36096   1.41709   1.00338   1.37240   0.61385  
 24 23.9080   2050.305645  x:  0.11713   0.01456   0.15704   0.01251   0.05783   0.03806   0.04952   0.03628   0.13055   0.11117   0.00703   0.15860   0.00000   0.23460   0.03359   0.04763   0.01714   0.10535   0.02004   0.06949   0.12700   0.01836   0.20462   0.13575   4.36403   1.41905   1.00313   1.37537   0.61459  
 25  3.0186   2049.476052  x:  0.11906   0.01281   0.13188   0.01339   0.05584   0.03697   0.04892   0.03525   0.14340   0.10266   0.00679   0.17142   0.00000   0.23967   0.03297   0.04727   0.01675   0.11012   0.01929   0.06658   0.12967   0.01775   0.20003   0.13768   4.45450   1.46628   1.04933   1.45385   0.63907  
 26  5.3148   2046.951358  x:  0.11886   0.00774   0.15994   0.01182   0.05779   0.03549   0.04817   0.03297   0.12338   0.11250   0.00618   0.15244   0.00000   0.23346   0.03264   0.04643   0.01644   0.11313   0.01756   0.07073   0.12576   0.01534   0.20041   0.13748   4.74766   1.61891   1.20039   1.69343   0.71823  
 27 104.2098   2046.654714  x:  0.10955   0.00718   0.16566   0.01190   0.05791   0.03490   0.04820   0.03231   0.13587   0.10948   0.00609   0.15232   0.00000   0.22734   0.03262   0.04615   0.01650   0.11559   0.01723   0.07179   0.12766   0.01525   0.21008   0.12817   4.78224   1.63741   1.20457   1.68422   0.72646  
 28 13.3595   2045.112705  x:  0.12060   0.00470   0.15306   0.01119   0.05828   0.03428   0.04827   0.03119   0.12409   0.11417   0.00571   0.15785   0.00000   0.22096   0.03238   0.04571   0.01667   0.11684   0.01613   0.07226   0.12684   0.01454   0.23420   0.13922   4.96425   1.72679   1.19989   1.57062   0.76788  
 29 33.3656   2044.483355  x:  0.11745   0.00304   0.15848   0.01099   0.05752   0.03428   0.04842   0.03059   0.12932   0.11499   0.00559   0.15302   0.00000   0.23423   0.03191   0.04601   0.01683   0.11861   0.01584   0.07085   0.12633   0.01420   0.19997   0.13606   5.03670   1.73855   1.18899   1.52393   0.78388  
 30 36.7643   2042.466066  x:  0.11886   0.00000   0.15608   0.00986   0.05782   0.03327   0.04856   0.02916   0.12732   0.11689   0.00517   0.15227   0.00000   0.23128   0.03118   0.04504   0.01630   0.12156   0.01466   0.07294   0.15003   0.01256   0.20732   0.13747   5.25762   1.54544   1.09128   1.43320   0.83055  
 31 15.3729   2042.466066  x:  0.11886   0.00000   0.15608   0.00986   0.05782   0.03327   0.04856   0.02916   0.12732   0.11689   0.00517   0.15227   0.00000   0.23128   0.03118   0.04504   0.01630   0.12156   0.01466   0.07294   0.15003   0.01256   0.20732   0.13747   5.25762   1.54544   1.09128   1.43320   0.83055  
 32 52.7707   2041.683965  x:  0.11893   0.00628   0.15619   0.00944   0.05785   0.03338   0.04858   0.02935   0.12745   0.11679   0.00563   0.15241   0.00000   0.23117   0.03120   0.04471   0.01591   0.12138   0.01471   0.07282   0.14973   0.01247   0.20724   0.13755   5.25768   1.54537   1.09128   1.43322   0.83055  
 33 475.1295   2041.407015  x:  0.11966   0.00612   0.15654   0.00559   0.05819   0.03450   0.04871   0.03112   0.12882   0.11577   0.00827   0.15309   0.00000   0.22997   0.03146   0.04145   0.01226   0.11957   0.01523   0.07166   0.14664   0.01162   0.20648   0.13828   5.25836   1.54462   1.09130   1.43334   0.83065  
 34 63.8869   2041.190493  x:  0.12086   0.00616   0.15715   0.00590   0.05884   0.03606   0.04885   0.03293   0.13095   0.11433   0.00536   0.15423   0.00000   0.22793   0.03192   0.03691   0.01035   0.11659   0.01598   0.07010   0.14150   0.01102   0.20517   0.13947   5.25960   1.54327   1.09132   1.43355   0.83083  
 35 68.9645   2041.024450  x:  0.12228   0.00610   0.15787   0.00812   0.05950   0.03722   0.04893   0.03391   0.13340   0.11272   0.00690   0.15562   0.00000   0.22536   0.03246   0.03299   0.01237   0.11304   0.01661   0.06871   0.13526   0.01126   0.20355   0.14090   5.26126   1.54147   1.09132   1.43385   0.83109  
 36 88.2297   2040.924425  x:  0.12341   0.00609   0.15843   0.00613   0.05955   0.03653   0.04884   0.03273   0.13525   0.11147   0.00622   0.15680   0.00000   0.22289   0.03268   0.03353   0.01454   0.11024   0.01628   0.06845   0.13004   0.01266   0.20208   0.14203   5.26313   1.53948   1.09128   1.43419   0.83137  
 37 46.5211   2040.849364  x:  0.12439   0.00607   0.15893   0.00719   0.05934   0.03521   0.04873   0.03103   0.13673   0.11065   0.00656   0.15792   0.00000   0.22012   0.03236   0.03636   0.01286   0.10802   0.01566   0.06875   0.12528   0.01270   0.20057   0.14300   5.26560   1.53693   1.09117   1.43461   0.83174  
 38 41.2048   2040.829596  x:  0.12453   0.00607   0.15899   0.00707   0.05906   0.03502   0.04880   0.03165   0.13688   0.11076   0.00650   0.15824   0.00000   0.21876   0.03191   0.03721   0.01325   0.10822   0.01631   0.06923   0.12451   0.01121   0.19999   0.14314   5.26752   1.53503   1.09101   1.43491   0.83202  
 39 14.9988   2040.761422  x:  0.12461   0.00606   0.15896   0.00723   0.05803   0.03545   0.04913   0.03465   0.13656   0.11205   0.00651   0.15926   0.00000   0.21278   0.03144   0.03804   0.01312   0.11087   0.01666   0.07145   0.12396   0.01301   0.19768   0.14323   5.27817   1.52471   1.09004   1.43651   0.83353  
 40 22.6865   2040.657645  x:  0.12441   0.00606   0.15869   0.00697   0.05796   0.03591   0.04892   0.03222   0.13561   0.11359   0.00650   0.16022   0.00000   0.20525   0.03194   0.03590   0.01324   0.11411   0.01414   0.07232   0.12501   0.01190   0.19513   0.14303   5.29641   1.50747   1.08824   1.43897   0.83605  
 41 50.3158   2040.584397  x:  0.12419   0.00606   0.15839   0.00690   0.05877   0.03571   0.04864   0.02980   0.13499   0.11388   0.00655   0.16041   0.00000   0.20210   0.03264   0.03530   0.01288   0.11489   0.01729   0.07095   0.12640   0.01238   0.19436   0.14281   5.31154   1.49378   1.08658   1.44065   0.83804  
 42 66.4306   2040.337087  x:  0.12352   0.00609   0.15736   0.00702   0.06204   0.03395   0.04853   0.03283   0.13405   0.11152   0.00651   0.15908   0.00000   0.20252   0.03213   0.03773   0.01327   0.10988   0.01573   0.06353   0.13107   0.01239   0.19641   0.14213   5.36603   1.44736   1.07978   1.44502   0.84475  
 43 66.0739   2040.107160  x:  0.12358   0.00612   0.15731   0.00699   0.05845   0.03747   0.04892   0.03148   0.13519   0.10961   0.00654   0.15721   0.00000   0.21232   0.03094   0.03688   0.01299   0.10609   0.01628   0.07078   0.13037   0.01214   0.20087   0.14219   5.42252   1.40499   1.07144   1.44629   0.85080  
 44 71.2074   2040.028349  x:  0.12390   0.00611   0.15806   0.00709   0.05816   0.03342   0.04874   0.03224   0.13584   0.11106   0.00654   0.15720   0.00000   0.21694   0.03396   0.03573   0.01285   0.10885   0.01631   0.07173   0.12765   0.01172   0.20162   0.14251   5.44465   1.39378   1.06719   1.44382   0.85233  
 45 39.8418   2039.895051  x:  0.12450   0.00608   0.15996   0.00679   0.06118   0.03531   0.04848   0.03160   0.13694   0.11467   0.00653   0.15819   0.00000   0.22333   0.03087   0.03659   0.01300   0.11606   0.01586   0.06859   0.12235   0.01211   0.20074   0.14311   5.48756   1.38075   1.05765   1.43429   0.85396  
 46 42.2216   2039.474305  x:  0.12455   0.00607   0.16299   0.00668   0.05705   0.04268   0.05019   0.03175   0.13634   0.11471   0.00655   0.16098   0.00000   0.22593   0.03979   0.04101   0.01333   0.11674   0.01524   0.06470   0.12318   0.01097   0.19308   0.14317   5.64212   1.35615   1.02174   1.38813   0.85610  
 47 52.5915   2038.530566  x:  0.12402   0.00611   0.16589   0.00683   0.05346   0.03538   0.04956   0.03137   0.13390   0.11174   0.00653   0.16401   0.00000   0.22454   0.03113   0.03647   0.01310   0.11124   0.01606   0.06631   0.12951   0.01229   0.18126   0.14264   5.96943   1.30968   0.94750   1.28844   0.85948  
 48 353.7784   2038.276286  x:  0.12394   0.00622   0.16265   0.00653   0.06391   0.03604   0.04825   0.03217   0.13477   0.11178   0.00653   0.16088   0.00000   0.21963   0.03322   0.03718   0.01305   0.10986   0.01614   0.07198   0.12911   0.01203   0.18799   0.14255   6.06620   1.29877   0.93042   1.26074   0.85945  
 49 139.8284   2038.066065  x:  0.12433   0.00638   0.15663   0.00658   0.05878   0.03621   0.05004   0.03176   0.13655   0.11390   0.00650   0.15540   0.00000   0.21257   0.03260   0.03705   0.01321   0.11144   0.01601   0.06867   0.12567   0.01236   0.20336   0.14295   6.14772   1.29357   0.92546   1.24215   0.85777  
 50 68.4715   2037.832976  x:  0.12595   0.00632   0.15901   0.00670   0.05726   0.03686   0.04110   0.03244   0.13536   0.11129   0.00651   0.16083   0.00000   0.21232   0.03274   0.03741   0.01326   0.11296   0.01592   0.06835   0.12654   0.01236   0.20783   0.14457   6.24478   1.29761   0.94393   1.23750   0.85199  
 51 27.8618   2037.263808  x:  0.12893   0.00618   0.16551   0.00679   0.05992   0.03578   0.05117   0.03186   0.13246   0.10692   0.00653   0.17335   0.00000   0.21415   0.03229   0.03740   0.01327   0.11486   0.01580   0.06982   0.12962   0.01232   0.21249   0.14754   6.50345   1.31174   0.99673   1.23162   0.83629  
 52 232.5999   2036.666988  x:  0.12332   0.00647   0.15911   0.00639   0.06051   0.03586   0.04974   0.03211   0.13863   0.12258   0.00652   0.15895   0.00000   0.21843   0.03236   0.03712   0.01330   0.10723   0.01608   0.07040   0.12903   0.01226   0.19807   0.14193   6.77242   1.33564   1.04210   1.24495   0.82380  
 53 121.1283   2036.105641  x:  0.12325   0.00676   0.15403   0.00700   0.06070   0.03539   0.04959   0.03206   0.13801   0.10463   0.00650   0.14172   0.00000   0.21921   0.03229   0.03725   0.01323   0.11562   0.01576   0.07038   0.12598   0.01217   0.19046   0.14186   7.02189   1.37106   1.05809   1.28528   0.82283  
 54 88.4140   2034.493783  x:  0.12871   0.00661   0.15941   0.00674   0.06082   0.03446   0.04973   0.03173   0.13384   0.11558   0.00653   0.15637   0.00000   0.21546   0.03149   0.03628   0.01277   0.10780   0.01628   0.07160   0.12875   0.01179   0.20638   0.14732   7.79823   1.49998   1.06719   1.44918   0.84058  
 55 165.1883   2034.449839  x:  0.12403   0.00660   0.15721   0.00684   0.06077   0.03427   0.04981   0.03167   0.13771   0.11386   0.00653   0.16025   0.00000   0.21558   0.03148   0.03629   0.01276   0.10858   0.01624   0.07159   0.12851   0.01177   0.20698   0.14264   7.81885   1.50376   1.06848   1.45256   0.84599  
 56 18.3933   2034.371286  x:  0.12519   0.00670   0.15453   0.00677   0.06090   0.03436   0.04983   0.03173   0.13509   0.11439   0.00653   0.16006   0.00000   0.21644   0.03156   0.03624   0.01272   0.10819   0.01627   0.07167   0.12786   0.01168   0.20604   0.14380   7.86028   1.51277   1.07890   1.45220   0.88641  
 57  6.6430   2034.364288  x:  0.12519   0.00669   0.15730   0.00679   0.06087   0.03428   0.04985   0.03170   0.13700   0.11440   0.00654   0.15884   0.00000   0.21601   0.03154   0.03630   0.01272   0.10836   0.01625   0.07168   0.12861   0.01167   0.20639   0.14380   7.86435   1.51350   1.07980   1.45210   0.89010  
 58  5.5434   2034.361969  x:  0.12434   0.00669   0.15834   0.00677   0.06086   0.03434   0.04982   0.03173   0.13581   0.11440   0.00654   0.15847   0.00000   0.21587   0.03155   0.03624   0.01272   0.10815   0.01627   0.07166   0.12795   0.01168   0.20660   0.14295   7.86799   1.51328   1.07977   1.45195   0.89034  
 59  0.7006   2033.827146  x:  0.12598   0.00666   0.15965   0.00684   0.05828   0.03626   0.04831   0.03195   0.13639   0.11003   0.00637   0.15862   0.00000   0.21978   0.03316   0.03756   0.01280   0.11286   0.01568   0.06865   0.12752   0.01149   0.19888   0.14459   8.84551   1.43855   1.05260   1.41575   0.89767  
 60  3.4376   2033.786465  x:  0.12562   0.00659   0.15886   0.00672   0.05966   0.03505   0.04880   0.03181   0.13679   0.11280   0.00648   0.15868   0.00000   0.21840   0.03201   0.03694   0.01275   0.11072   0.01599   0.07014   0.12820   0.01160   0.20177   0.14424   9.02257   1.44617   1.04972   1.40561   0.89831  
 61  0.1410   2033.785042  x:  0.12575   0.00650   0.15892   0.00674   0.05956   0.03539   0.04899   0.03184   0.13671   0.11250   0.00646   0.15890   0.00000   0.21842   0.03243   0.03706   0.01277   0.11086   0.01597   0.07008   0.12809   0.01159   0.20217   0.14437   9.06409   1.44649   1.04989   1.40504   0.89795  
 62  0.0344   2033.784751  x:  0.12576   0.00638   0.15892   0.00674   0.05957   0.03529   0.04897   0.03184   0.13670   0.11241   0.00646   0.15885   0.00000   0.21847   0.03228   0.03704   0.01277   0.11093   0.01595   0.07001   0.12811   0.01158   0.20205   0.14438   9.07609   1.44632   1.05041   1.40582   0.89789  
 63  0.0055   2033.784646  x:  0.12574   0.00631   0.15890   0.00674   0.05956   0.03532   0.04895   0.03183   0.13672   0.11250   0.00646   0.15882   0.00000   0.21846   0.03234   0.03705   0.01277   0.11088   0.01597   0.07005   0.12811   0.01159   0.20202   0.14435   9.06703   1.44678   1.05037   1.40591   0.89801  
 64  0.0051   2033.784641  x:  0.12575   0.00631   0.15890   0.00674   0.05957   0.03532   0.04896   0.03183   0.13671   0.11248   0.00646   0.15884   0.00000   0.21845   0.03234   0.03705   0.01277   0.11088   0.01596   0.07005   0.12811   0.01159   0.20206   0.14436   9.06545   1.44652   1.05020   1.40562   0.89799  
 65  0.0014   2033.784641  x:  0.12575   0.00631   0.15890   0.00674   0.05957   0.03532   0.04896   0.03183   0.13671   0.11248   0.00646   0.15884   0.00000   0.21845   0.03234   0.03705   0.01277   0.11088   0.01596   0.07005   0.12811   0.01159   0.20206   0.14436   9.06549   1.44651   1.05019   1.40561   0.89798  
 66  0.0000   2033.784641  x:  0.12575   0.00631   0.15890   0.00674   0.05957   0.03532   0.04896   0.03183   0.13671   0.11248   0.00646   0.15884   0.00000   0.21845   0.03234   0.03705   0.01277   0.11088   0.01596   0.07005   0.12811   0.01159   0.20206   0.14436   9.06549   1.44651   1.05019   1.40561   0.89798  
 67  0.0000   2033.784641  x:  0.12575   0.00631   0.15890   0.00674   0.05957   0.03532   0.04896   0.03183   0.13671   0.11248   0.00646   0.15884   0.00000   0.21845   0.03234   0.03705   0.01277   0.11088   0.01596   0.07005   0.12811   0.01159   0.20206   0.14436   9.06549   1.44651   1.05019   1.40561   0.89798  