

TREE # 1

  0  0.0000   2055.135634  x:  0.07278   0.00795   0.07975   0.01830   0.07680   0.07361   0.05055   0.04730   0.08495   0.05688   0.05557   0.10823   0.00000   0.04581   0.02672   0.06727   0.05376   0.04120   0.05681   0.05870   0.10775   0.04993   0.14179   0.09140   2.00000   1.87672   1.01931   1.22297   0.40000  
  1 99.0000   2055.133485  x:  0.07278   0.00795   0.07975   0.01830   0.07680   0.07361   0.05055   0.04730   0.08494   0.05688   0.05557   0.10823   0.00000   0.04581   0.02672   0.06727   0.05376   0.04120   0.05681   0.05870   0.10775   0.04993   0.14179   0.09140   2.00000   1.87672   1.01931   1.22297   0.40000  
  2 618.7704   2046.936133  x:  0.07762   0.00000   0.08612   0.01269   0.07127   0.06740   0.05117   0.04332   0.08190   0.06066   0.04933   0.11030   0.00000   0.04089   0.02674   0.06306   0.04638   0.04218   0.05169   0.05909   0.10696   0.04742   0.14837   0.09624   2.00256   1.87640   1.01913   1.22346   0.40670  
  3 584.5563   2037.554717  x:  0.07146   0.00000   0.06847   0.01411   0.04828   0.03888   0.05101   0.03566   0.07208   0.03558   0.02559   0.11753   0.00000   0.04200   0.02790   0.04779   0.01081   0.03843   0.03483   0.05968   0.10438   0.04674   0.16249   0.09011   2.01883   1.87528   1.01700   1.22665   0.43803  
  4 282.8278   2035.672237  x:  0.06629   0.00000   0.05731   0.02173   0.03982   0.02800   0.05056   0.03679   0.06944   0.04924   0.02185   0.12069   0.00000   0.04092   0.02818   0.04358   0.00765   0.03817   0.03253   0.06037   0.10392   0.05012   0.16432   0.08496   2.03094   1.87499   1.01460   1.22913   0.45554  
  5 165.4923   2033.661654  x:  0.06680   0.00000   0.05619   0.03167   0.02926   0.01888   0.05047   0.03960   0.06569   0.04644   0.02450   0.12869   0.00000   0.04031   0.02856   0.03858   0.02723   0.04025   0.03285   0.06238   0.10388   0.05670   0.16869   0.08552   2.06286   1.87456   1.00787   1.23567   0.49655  
  6 140.5588   2027.890475  x:  0.07241   0.00000   0.05841   0.06338   0.03874   0.05795   0.05088   0.05013   0.06223   0.04601   0.03750   0.15133   0.00000   0.03819   0.02906   0.03708   0.02039   0.03986   0.04251   0.06184   0.10385   0.07106   0.17496   0.09132   2.19395   1.87332   0.98094   1.26179   0.64270  
  7 227.4045   2023.625337  x:  0.08064   0.00000   0.05557   0.06505   0.06849   0.03388   0.04915   0.04078   0.08725   0.04507   0.03470   0.13650   0.00000   0.04011   0.02646   0.07324   0.01834   0.04050   0.04579   0.05738   0.10849   0.05182   0.15849   0.09974   2.32372   1.87369   0.96054   1.28280   0.70937  
  8 130.8443   2017.973736  x:  0.05325   0.00000   0.08091   0.04491   0.06809   0.03371   0.05531   0.03796   0.09224   0.04810   0.03166   0.10820   0.00000   0.04820   0.03274   0.07237   0.02129   0.03622   0.04064   0.06286   0.10851   0.03366   0.14989   0.07265   2.51733   1.87575   0.93947   1.30715   0.72938  
  9 142.4902   2007.233245  x:  0.05840   0.00000   0.07277   0.00633   0.04902   0.04145   0.05248   0.04446   0.08638   0.04964   0.03070   0.06329   0.00000   0.05425   0.02150   0.05284   0.02030   0.04420   0.03690   0.06325   0.10371   0.04926   0.12783   0.07837   2.88149   1.88005   0.90721   1.34753   0.72458  
 10 436.8670   1982.095394  x:  0.08826   0.00000   0.07671   0.01614   0.01994   0.03169   0.04171   0.04164   0.06922   0.05140   0.02973   0.12344   0.00000   0.05756   0.06731   0.02160   0.00638   0.02797   0.03954   0.05229   0.09730   0.05793   0.11539   0.11003   3.99635   1.89586   0.82455   1.45887   0.61975  
 11 758.3016   1968.798632  x:  0.08950   0.00000   0.05676   0.01643   0.04212   0.03670   0.05267   0.03389   0.04318   0.05303   0.01146   0.16295   0.00000   0.05799   0.04759   0.02991   0.01585   0.06054   0.02540   0.05908   0.09531   0.06724   0.17777   0.11225   4.59737   1.90453   0.79333   1.51122   0.55820  
 12 1311.2342   1965.213069  x:  0.08886   0.00000   0.05198   0.01293   0.03839   0.03177   0.05430   0.03174   0.04620   0.05316   0.03653   0.17492   0.00000   0.05847   0.02398   0.03457   0.01039   0.05638   0.02630   0.06244   0.09636   0.06617   0.20905   0.11190   4.77156   1.90723   0.79354   1.52143   0.54131  
 13 720.5882   1963.584958  x:  0.09040   0.00000   0.04802   0.01087   0.03280   0.03619   0.05102   0.03694   0.05873   0.05413   0.02767   0.17541   0.00000   0.05844   0.01698   0.03690   0.01405   0.04124   0.03536   0.06319   0.09930   0.06503   0.22833   0.11357   4.83822   1.90875   0.80826   1.51733   0.53741  
 14 191.4683   1962.477489  x:  0.09280   0.00000   0.04337   0.01060   0.03179   0.03736   0.04905   0.04126   0.06542   0.05438   0.03129   0.16685   0.00000   0.05791   0.03178   0.03912   0.01452   0.03903   0.03640   0.06349   0.10286   0.06685   0.24663   0.11608   4.89028   1.91062   0.83636   1.50471   0.53762  
 15 140.1002   1959.745045  x:  0.09642   0.00000   0.05759   0.03786   0.03724   0.03266   0.04629   0.04720   0.06935   0.05396   0.03023   0.14950   0.00000   0.06092   0.02680   0.02840   0.01140   0.04567   0.03443   0.05667   0.10980   0.06805   0.25473   0.12001   5.01469   1.91730   0.93850   1.45299   0.54185  
 16 148.9175   1956.781754  x:  0.09754   0.00000   0.05699   0.03368   0.02913   0.03893   0.05793   0.03495   0.05227   0.05607   0.02999   0.15835   0.00000   0.06452   0.02423   0.04559   0.01429   0.04010   0.03058   0.06308   0.10820   0.06606   0.23857   0.12147   5.13441   1.92555   1.05211   1.39011   0.55337  
 17 202.7503   1955.528129  x:  0.09397   0.00000   0.05392   0.01518   0.03761   0.03615   0.05274   0.03509   0.05552   0.05692   0.03110   0.17582   0.00000   0.06600   0.02484   0.03747   0.01509   0.04662   0.03696   0.06608   0.10405   0.06503   0.22938   0.11804   5.17886   1.93034   1.09657   1.36177   0.56056  
 18 135.3316   1955.350937  x:  0.09326   0.00000   0.05530   0.01248   0.03685   0.03613   0.05295   0.04050   0.05920   0.05708   0.03086   0.17935   0.00000   0.06641   0.02446   0.03977   0.01494   0.04755   0.03094   0.06305   0.10336   0.06717   0.22796   0.11738   5.18160   1.93307   1.09848   1.35605   0.56153  
 19 20.1241   1952.572551  x:  0.09277   0.00000   0.06910   0.00733   0.03458   0.02840   0.06596   0.02953   0.06507   0.05872   0.02699   0.17600   0.00000   0.07372   0.02693   0.04380   0.00911   0.04871   0.04350   0.05375   0.09642   0.08359   0.23570   0.11785   5.16007   2.00827   1.04749   1.24278   0.57760  
 20 13.0475   1949.639172  x:  0.09900   0.00000   0.06955   0.00755   0.03884   0.03017   0.05279   0.02638   0.06262   0.06184   0.02728   0.17025   0.00000   0.08071   0.02615   0.03601   0.01184   0.03941   0.02738   0.07094   0.09647   0.06636   0.24104   0.12511   5.13408   2.08185   0.99442   1.13060   0.59455  
 21 189.1212   1948.918697  x:  0.10076   0.00000   0.06849   0.00698   0.03227   0.03147   0.05082   0.03467   0.05769   0.06186   0.02712   0.16963   0.00000   0.08262   0.02592   0.03787   0.01070   0.04665   0.03194   0.06957   0.09988   0.05022   0.24240   0.12714   5.12551   2.09521   0.98391   1.10952   0.59876  
 22 81.8170   1948.227083  x:  0.10182   0.00000   0.06467   0.00431   0.03271   0.03387   0.05475   0.03038   0.05656   0.06312   0.02831   0.16935   0.00000   0.08445   0.02593   0.03211   0.01425   0.04486   0.02914   0.05621   0.10212   0.04042   0.24424   0.12847   5.11216   2.09129   0.98431   1.11266   0.60277  
 23 20.3580   1943.352264  x:  0.10481   0.00000   0.07429   0.00000   0.02910   0.03235   0.04914   0.02525   0.05933   0.06630   0.02605   0.16776   0.00000   0.09468   0.02681   0.03408   0.01251   0.04749   0.02776   0.06419   0.09355   0.03383   0.24853   0.13282   5.03759   2.04415   1.00167   1.16480   0.61824  
 24 49.2960   1942.553254  x:  0.10698   0.00000   0.07450   0.00188   0.02561   0.03417   0.05553   0.02286   0.06773   0.06694   0.02558   0.16702   0.00000   0.09719   0.02738   0.03177   0.01255   0.05174   0.02643   0.07000   0.08107   0.02750   0.24930   0.13535   5.01825   2.03037   1.00584   1.17748   0.62205  
 25 180.5641   1942.386401  x:  0.10812   0.00000   0.07461   0.00151   0.02822   0.03213   0.06114   0.02721   0.06644   0.06701   0.02565   0.16645   0.00000   0.09764   0.02758   0.03026   0.01224   0.04923   0.02696   0.07220   0.07836   0.02641   0.24953   0.13656   5.01471   2.02578   1.00615   1.17909   0.62291  
 26 39.5609   1938.722365  x:  0.11252   0.00000   0.08697   0.00238   0.02931   0.02783   0.07638   0.02503   0.07455   0.07089   0.02300   0.16440   0.00000   0.10929   0.02864   0.02723   0.00887   0.05024   0.02598   0.08259   0.12395   0.02860   0.25078   0.14254   4.98268   1.71769   0.94333   1.08164   0.64652  
 27 10.1911   1936.162299  x:  0.11317   0.00000   0.09783   0.00384   0.03410   0.02271   0.05837   0.02700   0.06101   0.07404   0.02243   0.15653   0.00000   0.11773   0.02931   0.03551   0.00977   0.04246   0.02784   0.06799   0.10524   0.02593   0.25945   0.14421   4.96327   1.51979   0.90338   1.01789   0.66278  
 28 246.0611   1930.960002  x:  0.11964   0.00000   0.11206   0.00666   0.04114   0.01477   0.04708   0.02926   0.04373   0.08068   0.01927   0.15420   0.00000   0.13357   0.02748   0.04118   0.00735   0.03539   0.02577   0.06373   0.12320   0.02509   0.26977   0.15286   4.98680   1.82823   1.01097   1.28834   0.71475  
 29  3.9871   1921.787478  x:  0.13469   0.00000   0.13025   0.00695   0.03459   0.03879   0.06053   0.02791   0.06270   0.09841   0.01535   0.16293   0.00000   0.15651   0.03116   0.03626   0.01586   0.05094   0.02421   0.05738   0.09593   0.06329   0.30953   0.17204   5.75652   1.87163   1.03611   1.42805   0.86657  
 30  1.0468   1913.620473  x:  0.15610   0.00000   0.12838   0.00531   0.03394   0.02465   0.06008   0.01427   0.06840   0.10642   0.02202   0.17852   0.00000   0.15333   0.02972   0.04114   0.01086   0.06205   0.02564   0.06921   0.09939   0.02832   0.34253   0.19519   7.53741   1.86711   0.95070   1.29087   1.01385  
 31  1.0088   1911.348167  x:  0.16133   0.00000   0.13092   0.00574   0.02658   0.02217   0.05456   0.03447   0.05684   0.10933   0.01752   0.18247   0.00000   0.14938   0.02872   0.03585   0.00950   0.05740   0.02230   0.06847   0.09682   0.02964   0.35161   0.20071   8.45090   1.81718   0.95092   1.25652   1.07212  
 32  0.9358   1909.930977  x:  0.16370   0.00000   0.13243   0.00557   0.03532   0.02139   0.05815   0.03037   0.05044   0.11225   0.01523   0.18403   0.00000   0.14188   0.03060   0.03214   0.01381   0.04751   0.03066   0.06308   0.09781   0.03826   0.34181   0.20264   9.32028   1.80171   0.97701   1.30306   1.11845  
 33  0.6216   1908.885777  x:  0.16514   0.00000   0.12847   0.00475   0.03830   0.02421   0.05667   0.02480   0.05905   0.11292   0.01770   0.18536   0.00000   0.13058   0.03175   0.03690   0.01137   0.04596   0.02180   0.06027   0.10261   0.03329   0.32802   0.20319  10.26603   1.81785   0.96617   1.33397   1.16265  
 34  0.6662   1908.460238  x:  0.16387   0.00000   0.12859   0.00416   0.03182   0.02235   0.05678   0.02214   0.05853   0.11227   0.01726   0.18062   0.00000   0.12581   0.03204   0.03519   0.01010   0.04944   0.02707   0.06374   0.09898   0.03340   0.31853   0.20147  10.85712   1.83357   0.94799   1.32230   1.17375  
 35  0.4582   1908.249356  x:  0.16058   0.00000   0.13145   0.00417   0.02925   0.02371   0.05513   0.02490   0.05536   0.11204   0.01781   0.17494   0.00000   0.12832   0.03142   0.03378   0.01262   0.05101   0.02375   0.06449   0.10005   0.03467   0.30888   0.19829  11.22104   1.85118   0.96019   1.32527   1.16271  
 36  0.2034   1908.005271  x:  0.15488   0.00000   0.13494   0.00436   0.03304   0.02415   0.05598   0.02671   0.05744   0.11072   0.01555   0.16575   0.00000   0.13703   0.02998   0.03542   0.00992   0.05046   0.02373   0.06266   0.10023   0.03569   0.30136   0.19318  11.66533   1.84248   0.96453   1.32708   1.13652  
 37  0.1882   1907.897614  x:  0.15223   0.00000   0.13785   0.00437   0.03355   0.02273   0.05696   0.02635   0.05825   0.11053   0.01816   0.16140   0.00000   0.14389   0.03044   0.03566   0.01140   0.05049   0.02527   0.06246   0.10011   0.03405   0.30073   0.19112  11.86320   1.82700   0.95393   1.32220   1.11714  
 38  0.1762   1907.859342  x:  0.15119   0.00000   0.13874   0.00444   0.03225   0.02361   0.05640   0.02455   0.05742   0.11031   0.01732   0.16122   0.00000   0.14771   0.03058   0.03489   0.01113   0.04971   0.02499   0.06346   0.09884   0.03352   0.30355   0.19047  11.92755   1.82061   0.94835   1.31688   1.10908  
 39  0.0568   1907.850848  x:  0.15119   0.00000   0.13814   0.00451   0.03212   0.02328   0.05665   0.02451   0.05790   0.11009   0.01721   0.16398   0.00000   0.14850   0.03078   0.03575   0.01111   0.04983   0.02483   0.06397   0.09966   0.03386   0.30505   0.19057  11.94415   1.82641   0.95259   1.31811   1.10824  
 40  0.0132   1907.848575  x:  0.15105   0.00000   0.13739   0.00453   0.03228   0.02348   0.05624   0.02465   0.05757   0.10986   0.01744   0.16509   0.00000   0.14840   0.03092   0.03556   0.01103   0.04978   0.02485   0.06339   0.09950   0.03385   0.30566   0.19043  11.98900   1.82666   0.95224   1.31813   1.10892  
 41  0.0332   1907.847936  x:  0.15107   0.00000   0.13694   0.00452   0.03223   0.02338   0.05646   0.02472   0.05760   0.10968   0.01729   0.16535   0.00000   0.14818   0.03097   0.03541   0.01114   0.04975   0.02484   0.06345   0.09956   0.03376   0.30562   0.19043  12.02239   1.82580   0.95124   1.31836   1.10935  
 42  0.0273   1907.847817  x:  0.15113   0.00000   0.13671   0.00452   0.03222   0.02339   0.05651   0.02470   0.05757   0.10960   0.01734   0.16530   0.00000   0.14806   0.03098   0.03542   0.01110   0.04980   0.02484   0.06358   0.09944   0.03386   0.30574   0.19048  12.02864   1.82583   0.95143   1.31867   1.10959  
 43  0.0053   1907.847766  x:  0.15121   0.00000   0.13656   0.00454   0.03223   0.02343   0.05646   0.02469   0.05758   0.10956   0.01732   0.16525   0.00000   0.14800   0.03097   0.03547   0.01112   0.04983   0.02488   0.06357   0.09946   0.03380   0.30588   0.19056  12.02907   1.82623   0.95157   1.31878   1.10970  
 44  0.0006   1907.847751  x:  0.15125   0.00000   0.13652   0.00454   0.03224   0.02341   0.05646   0.02468   0.05758   0.10953   0.01732   0.16521   0.00000   0.14801   0.03095   0.03546   0.01112   0.04983   0.02485   0.06353   0.09947   0.03382   0.30595   0.19060  12.02823   1.82617   0.95148   1.31864   1.10963  
 45  0.0008   1907.847746  x:  0.15128   0.00000   0.13652   0.00455   0.03223   0.02342   0.05647   0.02469   0.05758   0.10953   0.01733   0.16521   0.00000   0.14803   0.03095   0.03545   0.01112   0.04982   0.02486   0.06354   0.09951   0.03382   0.30593   0.19063  12.02800   1.82609   0.95149   1.31865   1.10954  
 46  0.0002   1907.847743  x:  0.15130   0.00000   0.13653   0.00455   0.03223   0.02342   0.05646   0.02469   0.05759   0.10952   0.01733   0.16523   0.00000   0.14803   0.03095   0.03545   0.01112   0.04981   0.02486   0.06354   0.09948   0.03382   0.30588   0.19066  12.02833   1.82608   0.95147   1.31862   1.10949  
 47  0.0002   1907.847743  x:  0.15131   0.00000   0.13653   0.00455   0.03223   0.02342   0.05647   0.02469   0.05758   0.10952   0.01733   0.16523   0.00000   0.14803   0.03095   0.03545   0.01112   0.04982   0.02486   0.06354   0.09948   0.03382   0.30587   0.19066  12.02844   1.82610   0.95147   1.31862   1.10949  
 48  0.0001   1907.847743  x:  0.15131   0.00000   0.13653   0.00456   0.03223   0.02342   0.05647   0.02469   0.05759   0.10952   0.01733   0.16523   0.00000   0.14802   0.03095   0.03545   0.01112   0.04982   0.02486   0.06354   0.09948   0.03382   0.30588   0.19066  12.02845   1.82610   0.95148   1.31863   1.10947  
 49  0.0000   1907.847743  x:  0.15131   0.00000   0.13653   0.00456   0.03223   0.02342   0.05647   0.02469   0.05758   0.10951   0.01733   0.16523   0.00000   0.14802   0.03095   0.03545   0.01112   0.04982   0.02486   0.06354   0.09948   0.03382   0.30588   0.19066  12.02852   1.82610   0.95148   1.31863   1.10946  
 50  0.0000   1907.847743  x:  0.15131   0.00000   0.13653   0.00455   0.03223   0.02342   0.05647   0.02469   0.05758   0.10951   0.01733   0.16524   0.00000   0.14802   0.03095   0.03545   0.01112   0.04982   0.02486   0.06354   0.09948   0.03382   0.30588   0.19066  12.02856   1.82610   0.95147   1.31863   1.10946  
 51  0.0000   1907.847743  x:  0.15131   0.00000   0.13653   0.00455   0.03223   0.02342   0.05647   0.02469   0.05758   0.10951   0.01733   0.16524   0.00000   0.14802   0.03095   0.03545   0.01112   0.04982   0.02486   0.06354   0.09948   0.03382   0.30588   0.19066  12.02856   1.82610   0.95147   1.31863   1.10946  
 52  0.0000   1907.847743  x:  0.15131   0.00000   0.13653   0.00455   0.03223   0.02342   0.05647   0.02469   0.05758   0.10951   0.01733   0.16524   0.00000   0.14802   0.03095   0.03545   0.01112   0.04982   0.02486   0.06354   0.09948   0.03382   0.30588   0.19066  12.02857   1.82610   0.95148   1.31863   1.10946  
 53  0.0000   1907.847743  x:  0.15131   0.00000   0.13653   0.00455   0.03223   0.02342   0.05647   0.02469   0.05758   0.10951   0.01733   0.16524   0.00000   0.14802   0.03095   0.03545   0.01112   0.04982   0.02486   0.06354   0.09948   0.03382   0.30588   0.19066  12.02857   1.82610   0.95148   1.31863   1.10946  