

TREE # 1

  0  0.0000   1999.669257  x:  0.06907   0.01440   0.08892   0.01832   0.05678   0.05238   0.04091   0.04192   0.12240   0.05911   0.05262   0.19015   0.00000   0.07630   0.00611   0.05150   0.02947   0.05653   0.05539   0.06377   0.11578   0.03806   0.14749   0.08769   2.00000   1.69605   1.12427   1.79618   0.40000  
  1 99.0000   1990.640981  x:  0.07326   0.03089   0.10112   0.03840   0.04840   0.03902   0.03530   0.03916   0.12511   0.06609   0.03961   0.19567   0.07882   0.09816   0.02476   0.04293   0.01012   0.07053   0.04184   0.06364   0.11596   0.01792   0.15393   0.09188   2.00578   1.69514   1.12418   1.79629   0.41664  
  2 635.1209   1984.960184  x:  0.07533   0.02990   0.10746   0.04061   0.04276   0.03008   0.03281   0.03804   0.12711   0.06943   0.03020   0.19950   0.07545   0.10760   0.01902   0.03757   0.00000   0.07669   0.03344   0.06365   0.11599   0.00454   0.15765   0.09395   2.01041   1.69437   1.12423   1.79626   0.42874  
  3 300.2327   1983.716900  x:  0.07602   0.02965   0.10960   0.04143   0.04090   0.02717   0.03203   0.03769   0.12779   0.07054   0.02708   0.20080   0.07469   0.11077   0.01739   0.03598   0.00179   0.07876   0.03083   0.06373   0.11600   0.00137   0.15891   0.09464   2.01203   1.69411   1.12424   1.79626   0.43290  
  4 880.0328   1979.206332  x:  0.07944   0.02852   0.12026   0.04549   0.03174   0.01313   0.02837   0.03604   0.13118   0.07598   0.01178   0.20735   0.07105   0.12649   0.01006   0.02819   0.00495   0.08883   0.01818   0.06402   0.11608   0.00541   0.16519   0.09806   2.02024   1.69278   1.12429   1.79623   0.45386  
  5 1080.6865   1973.268533  x:  0.08769   0.02456   0.15043   0.05648   0.01847   0.02920   0.03006   0.03604   0.14202   0.08781   0.01321   0.22844   0.05244   0.16700   0.03295   0.02634   0.00640   0.10949   0.02833   0.06409   0.11638   0.00698   0.18367   0.10631   2.05246   1.68768   1.12437   1.79612   0.52750  
  6 208.3079   1970.318651  x:  0.08918   0.02702   0.16437   0.05795   0.04960   0.02476   0.03337   0.03807   0.14667   0.08928   0.02397   0.24178   0.04889   0.18544   0.02956   0.03694   0.00685   0.11246   0.02900   0.06366   0.11655   0.00765   0.19315   0.10780   2.08434   1.68279   1.12506   1.79554   0.58631  
  7 208.7685   1964.441241  x:  0.07689   0.02958   0.15629   0.03521   0.04049   0.02762   0.03379   0.03991   0.14280   0.06470   0.02144   0.25438   0.06267   0.17578   0.01013   0.04074   0.00678   0.07832   0.04164   0.06260   0.11571   0.00754   0.19310   0.09551   2.17362   1.66969   1.12890   1.79240   0.70582  
  8 133.4723   1961.201190  x:  0.07015   0.02424   0.13620   0.03575   0.03960   0.01756   0.03153   0.03758   0.13567   0.06127   0.02308   0.25395   0.06072   0.14817   0.03141   0.03707   0.00693   0.06166   0.02596   0.06288   0.11531   0.00683   0.18424   0.08877   2.25072   1.65925   1.13191   1.78935   0.78545  
  9 226.6971   1958.111574  x:  0.07158   0.02650   0.11147   0.05162   0.04084   0.02886   0.03209   0.03697   0.12861   0.07313   0.02248   0.24419   0.06269   0.11192   0.02327   0.03028   0.00719   0.07591   0.02045   0.06354   0.11498   0.00699   0.17030   0.09020   2.33726   1.64865   1.13442   1.78588   0.85160  
 10 226.0629   1957.057755  x:  0.07568   0.02782   0.10611   0.05153   0.03872   0.01821   0.03177   0.03731   0.12744   0.07808   0.02134   0.23449   0.06262   0.10335   0.02421   0.03480   0.00669   0.08349   0.03257   0.06358   0.11511   0.00687   0.16436   0.09430   2.37942   1.64447   1.13486   1.78409   0.86654  
 11 134.6859   1953.342534  x:  0.09014   0.03112   0.11214   0.02948   0.03518   0.02249   0.03290   0.04009   0.13183   0.07795   0.02420   0.18437   0.06387   0.11096   0.02641   0.04628   0.00661   0.09153   0.02106   0.06285   0.11600   0.00693   0.14832   0.10876   2.56466   1.62934   1.13434   1.77577   0.87744  
 12 122.8984   1948.408715  x:  0.09015   0.02358   0.12558   0.05177   0.04259   0.02287   0.02975   0.03442   0.13618   0.06929   0.02334   0.13773   0.06054   0.13049   0.02340   0.02879   0.00704   0.07634   0.03095   0.06336   0.11650   0.00714   0.14229   0.10877   2.84929   1.60809   1.13165   1.76288   0.86941  
 13 324.5880   1933.695185  x:  0.05524   0.05680   0.14155   0.07830   0.02905   0.01889   0.05502   0.05735   0.13953   0.07909   0.01733   0.19343   0.04638   0.15028   0.02322   0.05448   0.00560   0.07566   0.02552   0.06519   0.11623   0.00678   0.17647   0.07386   3.84370   1.54070   1.11428   1.71929   0.77844  
 14 398.2248   1924.812471  x:  0.07205   0.04023   0.13967   0.05426   0.04068   0.02373   0.02219   0.03155   0.13860   0.07724   0.02415   0.25828   0.05170   0.14990   0.02453   0.03311   0.00616   0.08451   0.03214   0.06421   0.11610   0.00737   0.19929   0.09067   4.34960   1.51038   1.10139   1.69766   0.72651  
 15 700.1100   1923.942645  x:  0.07811   0.02683   0.13862   0.05098   0.04249   0.02294   0.03480   0.03409   0.13853   0.07561   0.02358   0.26784   0.05545   0.14942   0.02432   0.02730   0.00621   0.08513   0.03298   0.06395   0.11636   0.00733   0.20091   0.09673   4.40726   1.50891   1.09795   1.69557   0.72058  
 16 229.0215   1923.785719  x:  0.07976   0.02047   0.13870   0.05317   0.04190   0.02344   0.03305   0.03709   0.13872   0.07493   0.02303   0.26997   0.05671   0.14932   0.02340   0.03109   0.00612   0.08431   0.03242   0.06393   0.11664   0.00732   0.19992   0.09838   4.41712   1.51063   1.09543   1.69562   0.71976  
 17 50.8530   1923.624403  x:  0.08386   0.02301   0.14195   0.05669   0.03986   0.02252   0.03369   0.03664   0.14007   0.07331   0.02552   0.27444   0.05599   0.14828   0.02214   0.03192   0.00612   0.08064   0.03146   0.06412   0.11767   0.00732   0.19131   0.10248   4.42883   1.52409   1.08126   1.69813   0.72018  
 18 16.0717   1923.443173  x:  0.08229   0.02293   0.14427   0.05520   0.04261   0.02403   0.03320   0.03714   0.14105   0.07361   0.02021   0.27694   0.05576   0.14824   0.02372   0.03115   0.00603   0.08103   0.03259   0.06399   0.11794   0.00722   0.18255   0.10091   4.44221   1.54369   1.06164   1.70203   0.72134  
 19 37.7542   1923.314792  x:  0.07865   0.02017   0.14431   0.05345   0.04156   0.02298   0.03280   0.03642   0.14066   0.07495   0.02402   0.27661   0.05665   0.14935   0.02279   0.02982   0.00610   0.08373   0.03244   0.06378   0.11734   0.00729   0.18025   0.09727   4.45235   1.56022   1.04613   1.70555   0.72264  
 20 46.6141   1923.181135  x:  0.07983   0.02106   0.13896   0.05379   0.04132   0.02328   0.03362   0.03430   0.13725   0.07412   0.02303   0.27278   0.05625   0.14982   0.02280   0.03165   0.00602   0.08336   0.03200   0.06371   0.11563   0.00725   0.19106   0.09845   4.46362   1.58094   1.03047   1.71078   0.72453  
 21 21.5584   1923.155594  x:  0.08031   0.02184   0.13828   0.05349   0.04142   0.02312   0.03283   0.03688   0.13705   0.07419   0.02337   0.27203   0.05610   0.14946   0.02293   0.03045   0.00605   0.08307   0.03207   0.06373   0.11570   0.00725   0.19343   0.09893   4.46593   1.58517   1.02842   1.71206   0.72494  
 22 21.1719   1923.062027  x:  0.08006   0.02104   0.14263   0.05264   0.04126   0.02314   0.03290   0.03617   0.14347   0.07707   0.02307   0.27034   0.05672   0.14352   0.02255   0.03045   0.00600   0.08151   0.03191   0.06379   0.12103   0.00721   0.19885   0.09868   4.47630   1.60238   1.03596   1.72037   0.72674  
 23  6.0845   1922.672941  x:  0.07942   0.02110   0.14854   0.05393   0.04117   0.02213   0.03272   0.03646   0.14506   0.06498   0.02303   0.27006   0.05531   0.13746   0.02355   0.03046   0.00585   0.08933   0.03097   0.06321   0.11722   0.00714   0.20106   0.09804   4.52047   1.67119   1.08249   1.75841   0.73411  
 24 22.2799   1921.806304  x:  0.08108   0.02094   0.14588   0.05183   0.04069   0.02282   0.03254   0.03635   0.13488   0.07857   0.02268   0.27252   0.05347   0.14432   0.02163   0.03048   0.00569   0.08327   0.03120   0.06431   0.10604   0.00704   0.19559   0.09970   4.62448   1.82780   1.19408   1.85078   0.75128  
 25 120.6338   1921.586918  x:  0.08102   0.02186   0.13586   0.05222   0.04060   0.02269   0.03247   0.03629   0.13453   0.07696   0.02286   0.27381   0.05215   0.15206   0.02161   0.03045   0.00566   0.08473   0.03124   0.06328   0.11940   0.00702   0.19242   0.09964   4.65041   1.86003   1.21794   1.87735   0.75556  
 26 49.6549   1921.235667  x:  0.08119   0.02227   0.12609   0.05231   0.04034   0.02211   0.03223   0.03613   0.15024   0.07598   0.02282   0.27440   0.05103   0.15544   0.02129   0.03036   0.00544   0.08506   0.03091   0.07130   0.11286   0.00692   0.19095   0.09981   4.69160   1.86911   1.22831   1.93965   0.76216  
 27 11.8106   1920.513785  x:  0.08158   0.02199   0.12735   0.05212   0.03962   0.02152   0.03187   0.03608   0.15095   0.07721   0.02225   0.27402   0.04911   0.15364   0.02051   0.03011   0.00550   0.08515   0.03004   0.05328   0.10953   0.00672   0.19066   0.10020   4.77057   1.87576   1.24111   2.06038   0.77490  
 28 72.6270   1919.838394  x:  0.08168   0.02067   0.13919   0.05046   0.03919   0.02138   0.03159   0.03598   0.13294   0.07756   0.02162   0.27286   0.04753   0.14843   0.01976   0.03001   0.00514   0.08680   0.02927   0.06401   0.11626   0.00655   0.19148   0.10030   4.84929   1.87912   1.25138   2.17666   0.78788  
 29 135.6193   1906.697964  x:  0.09041   0.02580   0.13958   0.04102   0.02688   0.01265   0.02746   0.03669   0.14564   0.08851   0.01155   0.26816   0.00000   0.14299   0.00563   0.03273   0.00125   0.11304   0.01520   0.06328   0.11503   0.00341   0.18383   0.10903   6.38219   1.63098   1.08065   1.73801   1.11581  
 30  4.8660   1903.213114  x:  0.08580   0.02377   0.13873   0.02869   0.03115   0.02282   0.02997   0.03788   0.14281   0.08316   0.01911   0.26258   0.00000   0.14185   0.01819   0.03192   0.00650   0.10585   0.02694   0.06310   0.11706   0.00731   0.18553   0.10440   7.01613   1.61014   1.07337   1.71011   1.16253  
 31  0.6764   1901.486299  x:  0.08304   0.01923   0.14297   0.04432   0.03386   0.02545   0.03287   0.03832   0.13850   0.07671   0.02268   0.25544   0.00000   0.14809   0.01096   0.03315   0.00775   0.09018   0.02856   0.06369   0.11816   0.00825   0.18986   0.10164   7.66056   1.71019   1.14022   1.88956   1.17447  
 32  0.6116   1900.084632  x:  0.08335   0.02013   0.15146   0.04069   0.03768   0.01626   0.03336   0.03809   0.14462   0.07789   0.01736   0.24078   0.00000   0.15984   0.01579   0.03332   0.00702   0.08449   0.02451   0.06442   0.11774   0.00739   0.19554   0.10196   8.94079   1.69625   1.12131   1.83423   1.21345  
 33  0.6266   1899.512499  x:  0.08321   0.02058   0.14937   0.03516   0.03516   0.02047   0.03221   0.03785   0.14447   0.07786   0.02002   0.24165   0.00000   0.15608   0.00903   0.03255   0.00668   0.08553   0.02520   0.06408   0.11729   0.00727   0.19123   0.10181   9.57849   1.67329   1.10542   1.79992   1.20579  
 34  0.5456   1899.136796  x:  0.08473   0.02082   0.14533   0.03820   0.03263   0.02028   0.03120   0.03817   0.14223   0.07733   0.01936   0.24685   0.00000   0.14910   0.01241   0.03344   0.00526   0.09147   0.02384   0.06345   0.11799   0.00635   0.18399   0.10332  10.21552   1.67728   1.11033   1.82525   1.15871  
 35  0.3789   1899.069302  x:  0.08397   0.02058   0.14398   0.03881   0.03412   0.01993   0.03204   0.03805   0.14241   0.07843   0.01909   0.24530   0.00000   0.14812   0.01128   0.03301   0.00503   0.09006   0.02560   0.06387   0.11779   0.00626   0.18849   0.10256  10.41365   1.68495   1.11497   1.82876   1.12972  
 36  0.1641   1899.064225  x:  0.08383   0.02086   0.14427   0.03863   0.03433   0.01992   0.03218   0.03805   0.14254   0.07863   0.01975   0.24453   0.00000   0.14924   0.01136   0.03304   0.00520   0.08975   0.02520   0.06396   0.11766   0.00639   0.18843   0.10243  10.40846   1.67956   1.11178   1.82453   1.12290  
 37  0.0092   1899.063206  x:  0.08396   0.02071   0.14440   0.03838   0.03433   0.02006   0.03208   0.03801   0.14240   0.07854   0.01946   0.24451   0.00000   0.14939   0.01144   0.03295   0.00529   0.08968   0.02523   0.06393   0.11773   0.00645   0.18812   0.10256  10.39515   1.67940   1.11174   1.82504   1.11994  
 38  0.0115   1899.063056  x:  0.08398   0.02078   0.14440   0.03845   0.03420   0.02001   0.03206   0.03804   0.14243   0.07852   0.01946   0.24439   0.00000   0.14925   0.01143   0.03298   0.00532   0.08983   0.02526   0.06391   0.11776   0.00647   0.18809   0.10258  10.38897   1.67970   1.11197   1.82469   1.11931  
 39  0.0055   1899.063047  x:  0.08398   0.02076   0.14436   0.03846   0.03421   0.01999   0.03206   0.03803   0.14243   0.07851   0.01946   0.24436   0.00000   0.14921   0.01142   0.03296   0.00533   0.08982   0.02524   0.06392   0.11774   0.00648   0.18812   0.10258  10.38802   1.67966   1.11195   1.82485   1.11935  
 40  0.0008   1899.063046  x:  0.08397   0.02077   0.14435   0.03846   0.03422   0.01999   0.03207   0.03803   0.14243   0.07852   0.01945   0.24435   0.00000   0.14921   0.01142   0.03296   0.00533   0.08982   0.02524   0.06392   0.11774   0.00648   0.18810   0.10257  10.38817   1.67968   1.11196   1.82485   1.11939  
 41  0.0001   1899.063045  x:  0.08398   0.02077   0.14435   0.03846   0.03421   0.01999   0.03207   0.03803   0.14243   0.07852   0.01946   0.24436   0.00000   0.14921   0.01142   0.03296   0.00534   0.08982   0.02524   0.06392   0.11774   0.00647   0.18809   0.10258  10.38889   1.67970   1.11197   1.82482   1.11940  
 42  0.0002   1899.063045  x:  0.08398   0.02077   0.14436   0.03846   0.03421   0.01999   0.03207   0.03803   0.14243   0.07852   0.01946   0.24436   0.00000   0.14921   0.01142   0.03296   0.00534   0.08982   0.02524   0.06392   0.11774   0.00647   0.18810   0.10258  10.38878   1.67967   1.11196   1.82484   1.11940  
 43  0.0001   1899.063045  x:  0.08398   0.02077   0.14436   0.03846   0.03421   0.01999   0.03207   0.03803   0.14243   0.07852   0.01946   0.24436   0.00000   0.14921   0.01142   0.03296   0.00534   0.08982   0.02524   0.06392   0.11774   0.00647   0.18810   0.10258  10.38858   1.67968   1.11196   1.82484   1.11939  
 44  0.0001   1899.063045  x:  0.08398   0.02077   0.14436   0.03846   0.03421   0.01999   0.03207   0.03803   0.14243   0.07852   0.01946   0.24436   0.00000   0.14921   0.01142   0.03296   0.00534   0.08982   0.02524   0.06392   0.11774   0.00647   0.18810   0.10258  10.38852   1.67968   1.11196   1.82484   1.11938  
 45  0.0000   1899.063045  x:  0.08398   0.02077   0.14436   0.03846   0.03421   0.01999   0.03207   0.03803   0.14243   0.07852   0.01946   0.24436   0.00000   0.14921   0.01142   0.03296   0.00534   0.08982   0.02524   0.06392   0.11774   0.00647   0.18810   0.10258  10.38852   1.67968   1.11196   1.82484   1.11938  
 46  0.0000   1899.063045  x:  0.08398   0.02077   0.14436   0.03846   0.03421   0.01999   0.03207   0.03803   0.14243   0.07852   0.01946   0.24436   0.00000   0.14921   0.01142   0.03296   0.00534   0.08982   0.02524   0.06392   0.11774   0.00647   0.18810   0.10258  10.38852   1.67968   1.11196   1.82484   1.11938  