

TREE # 1

  0  0.0000   2249.847564  x:  0.06188   0.00887   0.14846   0.02458   0.05915   0.05043   0.06939   0.03337   0.07886   0.07046   0.04129   0.17993   0.01629   0.13227   0.00000   0.01510   0.08597   0.06198   0.03121   0.14561   0.14834   0.09795   0.14694   0.08050   2.00000   1.84798   1.15742   1.34765   0.40000  
  1 99.0000   2249.843710  x:  0.06188   0.00887   0.14846   0.02458   0.05915   0.05043   0.06939   0.03337   0.07886   0.07046   0.04129   0.17993   0.01629   0.13227   0.00000   0.01510   0.08597   0.06198   0.03120   0.14560   0.14834   0.09795   0.14694   0.08050   2.00000   1.84798   1.15742   1.34765   0.40000  
  2 425.1900   2242.935263  x:  0.06392   0.00000   0.15364   0.02442   0.05769   0.04336   0.07134   0.02687   0.07666   0.07106   0.03170   0.18262   0.01153   0.14016   0.00000   0.01495   0.09288   0.06333   0.02213   0.14092   0.14401   0.09434   0.14975   0.08254   2.00371   1.84739   1.15687   1.34865   0.41054  
  3 732.7917   2239.397455  x:  0.06447   0.00253   0.15765   0.02493   0.05702   0.03768   0.07216   0.02247   0.07508   0.07127   0.02318   0.18495   0.00220   0.14481   0.00000   0.01623   0.09278   0.06368   0.01466   0.13656   0.14005   0.09148   0.15156   0.08309   2.00746   1.84674   1.15640   1.34967   0.41991  
  4 800.4706   2233.942627  x:  0.06274   0.00268   0.16374   0.02729   0.05716   0.02788   0.07162   0.01733   0.07280   0.07089   0.00618   0.18907   0.00416   0.14899   0.00000   0.02186   0.07825   0.06240   0.00189   0.12719   0.13177   0.08647   0.15417   0.08136   2.01629   1.84511   1.15546   1.35211   0.43900  
  5 537.3510   2232.546105  x:  0.06224   0.00267   0.16650   0.02820   0.05722   0.02405   0.07151   0.01565   0.07183   0.07073   0.00065   0.19092   0.00451   0.15100   0.00000   0.02340   0.07412   0.06211   0.00568   0.12303   0.12807   0.08424   0.15537   0.08086   2.02042   1.84437   1.15499   1.35327   0.44759  
  6 513.0111   2229.325714  x:  0.06052   0.00265   0.17713   0.03321   0.05776   0.01184   0.07105   0.01181   0.06841   0.07006   0.00918   0.19799   0.00543   0.15808   0.00000   0.02767   0.06195   0.06105   0.01118   0.10702   0.11383   0.07588   0.15983   0.07914   2.03715   1.84142   1.15305   1.35791   0.48083  
  7 482.8144   2225.181697  x:  0.05594   0.00225   0.19085   0.03530   0.06110   0.03441   0.06782   0.03080   0.06626   0.06797   0.01106   0.20920   0.00560   0.16011   0.00000   0.02948   0.05935   0.05809   0.01286   0.07998   0.08958   0.06477   0.16500   0.07455   2.07443   1.83493   1.14891   1.36810   0.54178  
  8 286.0050   2224.614995  x:  0.05548   0.00226   0.19084   0.03478   0.06155   0.03462   0.06727   0.03146   0.06675   0.06774   0.01113   0.20975   0.00565   0.15819   0.00808   0.02919   0.06001   0.05781   0.01287   0.07915   0.08866   0.06507   0.16478   0.07409   2.07938   1.83407   1.14845   1.36939   0.54725  
  9 247.6215   2220.230985  x:  0.05085   0.00259   0.18072   0.02321   0.06802   0.02490   0.05921   0.03284   0.07795   0.06490   0.01118   0.21310   0.00639   0.11783   0.00600   0.01846   0.07279   0.05495   0.01182   0.08347   0.08595   0.07105   0.15921   0.06945   2.15720   1.82080   1.14174   1.38936   0.61727  
 10 154.8496   2215.579340  x:  0.06726   0.00293   0.15570   0.03917   0.06627   0.03761   0.07560   0.02478   0.08463   0.06996   0.01205   0.20804   0.00660   0.11412   0.00541   0.01632   0.06598   0.06603   0.01284   0.11121   0.11067   0.08436   0.14979   0.08584   2.29131   1.79927   1.13126   1.42158   0.69155  
 11 174.4087   2210.861036  x:  0.05531   0.00398   0.13773   0.02070   0.05897   0.03934   0.06644   0.02802   0.07963   0.06920   0.01504   0.19384   0.00689   0.14594   0.00398   0.03635   0.06914   0.05569   0.01428   0.13217   0.13515   0.09418   0.14326   0.07386   2.45791   1.77406   1.12152   1.45727   0.73024  
 12 205.7870   2201.795167  x:  0.04218   0.00355   0.16347   0.05453   0.05704   0.02858   0.04656   0.04255   0.05978   0.06354   0.01018   0.16504   0.00644   0.15820   0.00417   0.00976   0.07581   0.05446   0.01235   0.13324   0.14808   0.09222   0.15000   0.06067   2.82357   1.72360   1.10704   1.52436   0.71648  
 13 229.8722   2184.575602  x:  0.06855   0.00284   0.22766   0.03690   0.06465   0.01428   0.08369   0.05761   0.05112   0.05922   0.00908   0.13636   0.00623   0.13649   0.00473   0.04254   0.08587   0.06044   0.01156   0.09793   0.13281   0.07071   0.17102   0.08691   3.65005   1.61578   1.07850   1.66563   0.64003  
 14 800.5896   2175.409055  x:  0.07059   0.00215   0.23705   0.01363   0.06137   0.03277   0.08120   0.02010   0.07726   0.07299   0.01137   0.17179   0.00644   0.14331   0.00564   0.01985   0.07549   0.06591   0.01194   0.08138   0.10785   0.06183   0.17529   0.08887   4.02222   1.57566   1.06901   1.71855   0.59519  
 15 677.1258   2172.976559  x:  0.06783   0.00188   0.22325   0.03022   0.06138   0.03370   0.08041   0.01303   0.08571   0.07395   0.01042   0.20091   0.00668   0.14416   0.00511   0.03105   0.08470   0.05956   0.01211   0.07811   0.08839   0.06320   0.17202   0.08609   4.14433   1.57014   1.06847   1.72699   0.57868  
 16 331.0528   2171.490481  x:  0.07151   0.00154   0.20694   0.02939   0.05981   0.02311   0.08354   0.02974   0.08111   0.07089   0.00932   0.22845   0.00632   0.15021   0.00536   0.02476   0.08394   0.06367   0.01104   0.08003   0.07600   0.06412   0.16978   0.08976   4.22091   1.57648   1.07114   1.72095   0.56927  
 17 181.2645   2170.111972  x:  0.07242   0.00150   0.19716   0.02670   0.06395   0.02626   0.08473   0.02385   0.05581   0.06084   0.00974   0.24664   0.00646   0.14547   0.00552   0.02287   0.08419   0.06262   0.01114   0.07534   0.08240   0.05945   0.17277   0.09066   4.28672   1.60190   1.07948   1.69229   0.56695  
 18 80.8369   2165.666904  x:  0.06995   0.00133   0.20840   0.02868   0.06422   0.02358   0.08209   0.03119   0.06462   0.08998   0.00947   0.26194   0.00659   0.14145   0.00525   0.03065   0.08706   0.06682   0.01150   0.07205   0.10631   0.05720   0.19673   0.08810   4.53951   1.75254   1.12507   1.51902   0.57630  
 19 103.3591   2163.447170  x:  0.07306   0.00147   0.21743   0.02705   0.06172   0.02714   0.08623   0.02581   0.07422   0.06682   0.00971   0.24768   0.00678   0.14688   0.00493   0.02704   0.08516   0.06009   0.01182   0.08386   0.08718   0.06749   0.19465   0.09117   4.65830   1.82718   1.14590   1.43146   0.58241  
 20 198.8564   2163.079013  x:  0.07235   0.00179   0.21117   0.02664   0.06224   0.02726   0.08569   0.02351   0.07245   0.06967   0.00973   0.23669   0.00705   0.14793   0.00489   0.02681   0.08615   0.06786   0.01166   0.07919   0.07943   0.06302   0.18046   0.09045   4.67778   1.84018   1.14678   1.41645   0.58307  
 21 42.4170   2162.995885  x:  0.07390   0.00180   0.20978   0.02674   0.06219   0.02663   0.08651   0.02378   0.07305   0.07105   0.00959   0.23488   0.00706   0.14872   0.00488   0.02476   0.08618   0.06262   0.01158   0.07595   0.08004   0.06153   0.17541   0.09199   4.68134   1.84286   1.14460   1.41383   0.58326  
 22 16.0702   2162.440699  x:  0.07452   0.00132   0.22136   0.02702   0.06189   0.02581   0.08420   0.02460   0.07645   0.06432   0.00930   0.24354   0.00723   0.15095   0.00428   0.02646   0.08744   0.06723   0.01143   0.07246   0.08848   0.06431   0.15872   0.09254   4.69470   1.85605   1.10000   1.40785   0.58643  
 23  6.3491   2161.458619  x:  0.07365   0.00108   0.22978   0.02555   0.06097   0.02681   0.08728   0.02306   0.06668   0.07513   0.00925   0.24737   0.00735   0.15089   0.00445   0.02525   0.08822   0.06301   0.01141   0.08584   0.08142   0.06225   0.15585   0.09152   4.71605   1.87553   1.02274   1.39846   0.59188  
 24 54.1108   2160.276562  x:  0.07458   0.00171   0.21059   0.02615   0.05777   0.02538   0.08776   0.02114   0.07210   0.06972   0.00890   0.23827   0.00698   0.15493   0.00461   0.02101   0.09023   0.06553   0.01083   0.07457   0.07997   0.06125   0.18142   0.09226   4.73991   1.88898   0.94836   1.38753   0.59847  
 25 51.9250   2156.811668  x:  0.09328   0.00173   0.21093   0.02596   0.07668   0.02447   0.06018   0.01954   0.07632   0.06719   0.00859   0.24220   0.00675   0.16999   0.00526   0.02150   0.09691   0.06734   0.01034   0.08788   0.08222   0.04030   0.18814   0.11040   4.79661   1.83601   0.94652   1.35359   0.63039  
 26  9.8858   2145.083932  x:  0.10268   0.00243   0.22477   0.02263   0.08708   0.02204   0.06937   0.01027   0.06231   0.08385   0.00781   0.25814   0.00782   0.20908   0.00172   0.00299   0.11924   0.07575   0.00867   0.08207   0.08755   0.07505   0.19373   0.11804   4.97402   1.66052   0.96845   1.25008   0.73576  
 27 195.8722   2142.881996  x:  0.10233   0.00258   0.22765   0.02354   0.04915   0.02259   0.07309   0.00930   0.06162   0.08055   0.00791   0.26263   0.00823   0.20769   0.00206   0.00136   0.12339   0.07713   0.00859   0.08588   0.09151   0.06129   0.19283   0.11736   5.00637   1.62914   0.97538   1.23237   0.75480  
 28 115.7091   2142.765148  x:  0.10423   0.00258   0.22797   0.02341   0.04472   0.02284   0.06996   0.00908   0.06011   0.08145   0.00798   0.26269   0.00825   0.20714   0.00194   0.00201   0.12351   0.07715   0.00863   0.08507   0.09089   0.06347   0.19293   0.11924   5.00857   1.62759   0.97591   1.23170   0.75614  
 29 42.4273   2136.894487  x:  0.09353   0.00327   0.23528   0.02244   0.04724   0.02034   0.10075   0.00484   0.06963   0.07343   0.00670   0.26414   0.00891   0.23059   0.00192   0.00452   0.14156   0.08024   0.00694   0.09176   0.09165   0.04391   0.19575   0.10753   5.15458   1.90930   1.15438   1.55927   0.82144  
 30  4.4503   2135.530285  x:  0.08633   0.00333   0.23770   0.02372   0.05108   0.01856   0.11498   0.01006   0.07255   0.07201   0.00628   0.26873   0.00935   0.23703   0.00165   0.00615   0.14759   0.08127   0.00652   0.09545   0.09888   0.03643   0.19585   0.10008   5.23238   1.76944   1.10941   1.43743   0.84499  
 31  2.7434   2131.143801  x:  0.09949   0.00384   0.24709   0.02397   0.04897   0.01490   0.10470   0.02172   0.06592   0.07969   0.00434   0.26080   0.01050   0.26252   0.00000   0.00544   0.16585   0.08151   0.00416   0.08926   0.09128   0.06425   0.20012   0.11220   5.60374   1.90677   1.19956   1.62984   0.92379  
 32  1.6412   2131.143801  x:  0.09949   0.00384   0.24709   0.02397   0.04897   0.01490   0.10470   0.02172   0.06592   0.07969   0.00434   0.26080   0.01050   0.26252   0.00000   0.00544   0.16585   0.08151   0.00416   0.08926   0.09128   0.06425   0.20012   0.11220   5.60374   1.90677   1.19956   1.62984   0.92379  
 33  1.3561   2130.157608  x:  0.09839   0.00274   0.24703   0.02483   0.04931   0.01726   0.10236   0.01574   0.06511   0.07895   0.00450   0.25965   0.01576   0.26295   0.00275   0.01522   0.16856   0.08062   0.00149   0.08931   0.09145   0.06361   0.19991   0.11110   5.60413   1.90656   1.19928   1.62956   0.92440  
 34 172.0133   2129.686685  x:  0.09701   0.00159   0.24697   0.02549   0.04962   0.01842   0.09953   0.01066   0.06418   0.07808   0.00423   0.25820   0.01865   0.26337   0.00000   0.01483   0.17185   0.07984   0.00307   0.08911   0.09164   0.06249   0.19959   0.10972   5.60464   1.90630   1.19893   1.62919   0.92519  
 35 104.5055   2129.360992  x:  0.09453   0.00044   0.24691   0.02620   0.05003   0.01906   0.09458   0.01036   0.06270   0.07663   0.00432   0.25548   0.02287   0.26415   0.00000   0.01252   0.17768   0.07825   0.00000   0.08870   0.09203   0.06140   0.19874   0.10724   5.60567   1.90577   1.19822   1.62843   0.92674  
 36 93.6044   2129.059187  x:  0.09211   0.00000   0.24690   0.02657   0.05032   0.01913   0.08986   0.01294   0.06143   0.07532   0.00440   0.25268   0.02637   0.26494   0.00000   0.01209   0.18360   0.07706   0.00140   0.08836   0.09240   0.06079   0.19776   0.10482   5.60679   1.90519   1.19743   1.62761   0.92843  
 37 164.9800   2128.875295  x:  0.08978   0.00311   0.24710   0.02496   0.04995   0.01597   0.08628   0.01239   0.06144   0.07479   0.00298   0.24867   0.02312   0.26586   0.00000   0.01233   0.19053   0.07672   0.00111   0.08819   0.09263   0.06167   0.19582   0.10249   5.60883   1.90414   1.19598   1.62612   0.93141  
 38 45.9609   2128.800649  x:  0.08881   0.00412   0.24718   0.02467   0.04976   0.01573   0.08508   0.01207   0.06172   0.07476   0.00515   0.24638   0.02072   0.26634   0.00000   0.01224   0.19394   0.07680   0.00101   0.08816   0.09269   0.06225   0.19475   0.10152   5.61009   1.90350   1.19508   1.62522   0.93321  
 39 86.7949   2128.719783  x:  0.08827   0.00370   0.24714   0.02465   0.04958   0.01860   0.08524   0.01237   0.06253   0.07523   0.00448   0.24309   0.01757   0.26699   0.00000   0.01171   0.19764   0.07746   0.00083   0.08823   0.09266   0.06302   0.19341   0.10098   5.61217   1.90245   1.19360   1.62374   0.93611  
 40 46.6923   2128.613062  x:  0.08955   0.00163   0.24697   0.02621   0.04943   0.01668   0.08948   0.01234   0.06411   0.07689   0.00424   0.23692   0.01761   0.26840   0.00000   0.01011   0.20168   0.07955   0.00078   0.08865   0.09234   0.06367   0.19161   0.10226   5.61731   1.89982   1.18998   1.62019   0.94306  
 41 27.4174   2128.534308  x:  0.09119   0.00490   0.24716   0.02506   0.04960   0.01772   0.09242   0.01226   0.06415   0.07750   0.00452   0.23212   0.01967   0.26977   0.00000   0.00931   0.20358   0.08052   0.00077   0.08899   0.09208   0.06295   0.19047   0.10390   5.62333   1.89669   1.18586   1.61609   0.95091  
 42 34.7649   2128.357153  x:  0.09350   0.00329   0.24697   0.02305   0.05028   0.01762   0.09352   0.01245   0.06126   0.07621   0.00481   0.22228   0.01940   0.27251   0.00000   0.01274   0.20458   0.07958   0.00049   0.08937   0.09186   0.05968   0.18887   0.10621   5.64127   1.88724   1.17412   1.60383   0.97329  
 43 41.8467   2128.144254  x:  0.09383   0.00545   0.24691   0.03003   0.04969   0.01794   0.09050   0.01223   0.06151   0.07500   0.00402   0.21766   0.01919   0.27469   0.00000   0.01390   0.19995   0.07783   0.00060   0.08871   0.09221   0.06262   0.18877   0.10654   5.66702   1.87348   1.15808   1.58650   1.00334  
 44 60.1673   2127.745430  x:  0.09166   0.00270   0.24672   0.02423   0.04808   0.01793   0.08520   0.01161   0.06509   0.07496   0.00474   0.21846   0.02045   0.27659   0.00000   0.01164   0.18885   0.07678   0.00114   0.08729   0.09290   0.06842   0.19054   0.10437   5.71508   1.84753   1.12955   1.55451   1.05607  
 45 114.6876   2127.457816  x:  0.08836   0.00286   0.24690   0.02505   0.05175   0.01732   0.08666   0.01228   0.06221   0.07656   0.00466   0.22939   0.01758   0.27503   0.00000   0.00992   0.18670   0.07853   0.00100   0.08819   0.09244   0.05964   0.19281   0.10107   5.75407   1.82594   1.10933   1.52948   1.09245  
 46 76.0278   2127.254927  x:  0.08886   0.00172   0.24744   0.02522   0.04645   0.01773   0.09045   0.01213   0.06165   0.07584   0.00474   0.24348   0.01865   0.27078   0.00000   0.01115   0.19711   0.07903   0.00070   0.08950   0.09197   0.06196   0.19475   0.10157   5.78827   1.80617   1.09670   1.50936   1.11378  
 47 43.0161   2127.178393  x:  0.09096   0.00127   0.24786   0.02496   0.05197   0.01772   0.08991   0.01200   0.06358   0.07574   0.00474   0.24730   0.01894   0.26868   0.00000   0.01159   0.20081   0.07882   0.00064   0.08886   0.09229   0.06406   0.19489   0.10367   5.80478   1.79621   1.09360   1.50083   1.11805  
 48 32.0289   2126.849619  x:  0.09931   0.00089   0.25024   0.02530   0.04820   0.01759   0.08283   0.01230   0.06521   0.07805   0.00473   0.24771   0.01794   0.26178   0.00000   0.01070   0.20156   0.07885   0.00068   0.08465   0.09420   0.05935   0.19215   0.11201   5.89078   1.74305   1.09009   1.46206   1.11404  
 49 28.3844   2126.196265  x:  0.09404   0.00098   0.25350   0.02515   0.05034   0.01789   0.08827   0.01180   0.05762   0.07521   0.00474   0.24102   0.01907   0.25724   0.00000   0.01009   0.19761   0.07898   0.00104   0.09036   0.09328   0.06500   0.18900   0.10675   6.06789   1.63647   1.08266   1.38654   1.09715  
 50 119.5156   2126.025385  x:  0.09003   0.00137   0.25306   0.02552   0.05003   0.01798   0.08989   0.01197   0.06599   0.07608   0.00473   0.23932   0.02027   0.26154   0.00000   0.01160   0.19800   0.07886   0.00095   0.09024   0.09285   0.06179   0.19101   0.10274   6.11891   1.60977   1.07657   1.36801   1.09037  
 51 88.3133   2125.735967  x:  0.09132   0.00134   0.24801   0.02540   0.05024   0.01802   0.08951   0.01188   0.06201   0.08014   0.00475   0.24081   0.01885   0.28306   0.00000   0.01173   0.20036   0.07997   0.00086   0.08400   0.09375   0.06337   0.20172   0.10403   6.21414   1.57732   1.04892   1.34666   1.07112  
 52 40.3795   2125.532279  x:  0.09464   0.00108   0.24635   0.02542   0.04983   0.01781   0.08797   0.01198   0.06367   0.07284   0.00471   0.24189   0.01754   0.28995   0.00000   0.01049   0.20019   0.07838   0.00098   0.09260   0.09307   0.06221   0.20219   0.10734   6.28565   1.56185   1.02269   1.33665   1.05562  
 53 55.1492   2125.114948  x:  0.09246   0.00058   0.24966   0.02566   0.04993   0.01802   0.08692   0.01166   0.06274   0.07958   0.00453   0.23989   0.01982   0.27917   0.00000   0.01129   0.19866   0.07811   0.00102   0.09178   0.09227   0.06258   0.18776   0.10517   6.44002   1.54383   0.96278   1.32455   1.02416  
 54 59.0247   2125.025003  x:  0.09175   0.00078   0.25055   0.02569   0.04983   0.01794   0.08919   0.01170   0.06300   0.07370   0.00450   0.23798   0.01954   0.27421   0.00000   0.01116   0.19846   0.07914   0.00098   0.08585   0.09335   0.06213   0.18991   0.10445   6.47645   1.54373   0.95437   1.32372   1.01953  
 55 36.7509   2124.781938  x:  0.09140   0.00164   0.25112   0.02561   0.04984   0.01785   0.08822   0.01197   0.06288   0.07732   0.00450   0.23041   0.01886   0.26085   0.00000   0.01097   0.19999   0.07780   0.00094   0.08978   0.09324   0.06227   0.20974   0.10411   6.59094   1.55722   0.95209   1.32769   1.01666  
 56 28.3059   2122.662973  x:  0.09012   0.00150   0.23603   0.02596   0.05022   0.01820   0.08248   0.01174   0.06262   0.07449   0.00444   0.23392   0.02119   0.26689   0.00000   0.01196   0.20014   0.09430   0.00000   0.08965   0.08175   0.06254   0.20082   0.10283   7.49850   1.69640   1.02438   1.38410   1.03593  
 57 60.1400   2121.799027  x:  0.08959   0.00098   0.23689   0.02562   0.05008   0.01806   0.09011   0.01162   0.06279   0.07630   0.00440   0.23742   0.02032   0.27325   0.00000   0.01092   0.20041   0.07449   0.00117   0.08855   0.09890   0.06147   0.19378   0.10230   7.91850   1.75843   1.05906   1.41514   1.04632  
 58 485.1041   2121.626994  x:  0.08980   0.00000   0.25014   0.02572   0.05009   0.01803   0.09031   0.01165   0.06276   0.07621   0.00427   0.23822   0.01996   0.27646   0.00000   0.01076   0.20058   0.07271   0.00124   0.08784   0.09533   0.06144   0.19433   0.10251   7.97895   1.76111   1.06381   1.42886   1.04995  
 59 44.5067   2121.545841  x:  0.08946   0.00000   0.25572   0.02586   0.05015   0.01811   0.08906   0.01160   0.06266   0.07606   0.00421   0.23847   0.02021   0.27759   0.00000   0.01112   0.20071   0.07807   0.00089   0.08968   0.10139   0.06151   0.19480   0.10217   8.02077   1.75839   1.06671   1.44458   1.05392  
 60 37.4341   2121.341122  x:  0.08932   0.00000   0.24462   0.02558   0.05015   0.01803   0.08937   0.01165   0.06265   0.07613   0.00437   0.23870   0.01995   0.27413   0.00000   0.01090   0.20107   0.07593   0.00085   0.08899   0.09896   0.06135   0.19482   0.10203   8.12756   1.73863   1.07365   1.50148   1.06772  
 61 28.7742   2120.705396  x:  0.09046   0.00000   0.25777   0.02560   0.05017   0.01810   0.08513   0.01191   0.06130   0.07494   0.00422   0.24203   0.02132   0.27357   0.00000   0.00992   0.20708   0.07898   0.00108   0.08803   0.08949   0.06072   0.19379   0.10317   9.26569   1.70822   1.06664   1.47002   1.09909  
 62  0.7024   2120.647773  x:  0.08985   0.00000   0.25161   0.02572   0.05017   0.01802   0.08617   0.01185   0.06187   0.07533   0.00430   0.23845   0.02072   0.27445   0.00000   0.01069   0.20505   0.07838   0.00119   0.08902   0.09348   0.06118   0.19573   0.10255   9.47395   1.70590   1.06021   1.46532   1.08628  
 63  0.1774   2120.645915  x:  0.08997   0.00000   0.25120   0.02565   0.05018   0.01806   0.08637   0.01185   0.06196   0.07540   0.00430   0.23920   0.02075   0.27431   0.00000   0.01054   0.20489   0.07839   0.00114   0.08875   0.09284   0.06114   0.19547   0.10267   9.52504   1.70366   1.05735   1.46407   1.08716  
 64  0.0445   2120.645869  x:  0.08995   0.00000   0.25141   0.02568   0.05019   0.01807   0.08631   0.01184   0.06192   0.07537   0.00430   0.23919   0.02076   0.27427   0.00000   0.01054   0.20490   0.07839   0.00111   0.08875   0.09289   0.06112   0.19547   0.10266   9.53141   1.70364   1.05750   1.46413   1.08717  
 65  0.0055   2120.645867  x:  0.08996   0.00000   0.25140   0.02567   0.05019   0.01806   0.08632   0.01184   0.06193   0.07538   0.00430   0.23918   0.02076   0.27428   0.00000   0.01054   0.20490   0.07840   0.00110   0.08875   0.09288   0.06113   0.19548   0.10266   9.53156   1.70374   1.05757   1.46420   1.08718  
 66  0.0002   2120.645867  x:  0.08996   0.00000   0.25140   0.02567   0.05019   0.01806   0.08632   0.01184   0.06193   0.07537   0.00430   0.23918   0.02076   0.27428   0.00000   0.01054   0.20491   0.07840   0.00110   0.08875   0.09288   0.06113   0.19548   0.10266   9.53134   1.70374   1.05757   1.46420   1.08719  
 67  0.0002   2120.645867  x:  0.08996   0.00000   0.25140   0.02567   0.05019   0.01806   0.08632   0.01184   0.06193   0.07537   0.00430   0.23918   0.02076   0.27428   0.00000   0.01054   0.20490   0.07840   0.00110   0.08875   0.09288   0.06113   0.19548   0.10266   9.53132   1.70373   1.05756   1.46419   1.08718  
 68  0.0000   2120.645867  x:  0.08996   0.00000   0.25140   0.02567   0.05019   0.01806   0.08632   0.01184   0.06193   0.07537   0.00430   0.23918   0.02076   0.27428   0.00000   0.01054   0.20490   0.07840   0.00110   0.08875   0.09288   0.06113   0.19548   0.10266   9.53132   1.70373   1.05756   1.46419   1.08719  
 69  0.0000   2120.645867  x:  0.08996   0.00000   0.25140   0.02567   0.05019   0.01806   0.08632   0.01184   0.06193   0.07537   0.00430   0.23918   0.02076   0.27428   0.00000   0.01054   0.20490   0.07840   0.00110   0.08875   0.09288   0.06113   0.19548   0.10266   9.53132   1.70373   1.05756   1.46419   1.08719  