

TREE # 1

  0  0.0000   2105.833466  x:  0.04524   0.00000   0.10667   0.02812   0.08122   0.08026   0.04459   0.04414   0.09320   0.04223   0.05695   0.08571   0.02689   0.08350   0.02133   0.06159   0.05417   0.06374   0.07393   0.06004   0.11724   0.05077   0.07021   0.06386   2.00000   2.13972   1.43112   1.68539   0.40000  
  1 99.0000   2056.839342  x:  0.09343   0.13068   0.13597   0.03124   0.05880   0.05442   0.03614   0.01362   0.09082   0.07567   0.02857   0.11480   0.00000   0.16420   0.00674   0.03583   0.03667   0.13620   0.04405   0.05030   0.11304   0.02874   0.11601   0.11205   2.00883   2.13904   1.43047   1.68549   0.42651  
  2 791.3782   2042.397676  x:  0.10520   0.09369   0.15462   0.02986   0.03861   0.02980   0.03630   0.00684   0.08916   0.07814   0.00817   0.12742   0.00000   0.19839   0.02830   0.01273   0.02682   0.15703   0.01219   0.04775   0.11029   0.02219   0.13125   0.12382   2.02049   2.13814   1.43030   1.68491   0.45471  
  3 296.3358   2036.782724  x:  0.11588   0.06570   0.16993   0.03119   0.02685   0.01691   0.03608   0.02148   0.08802   0.08129   0.02475   0.13762   0.00000   0.22794   0.02611   0.01075   0.02567   0.17613   0.00586   0.04666   0.10791   0.01687   0.14418   0.13451   2.03183   2.13727   1.43008   1.68441   0.48030  
  4 424.1468   2029.512799  x:  0.13402   0.01486   0.19591   0.03235   0.01676   0.01416   0.03576   0.02135   0.08635   0.08652   0.02695   0.15452   0.00000   0.27943   0.01955   0.01709   0.02798   0.20936   0.03213   0.04553   0.10399   0.01397   0.16598   0.15264   2.05338   2.13562   1.42977   1.68341   0.52674  
  5 674.3269   2026.498853  x:  0.13922   0.00000   0.20333   0.03279   0.02462   0.02262   0.03573   0.02011   0.08610   0.08794   0.02816   0.15899   0.00000   0.29530   0.01464   0.01848   0.02874   0.21941   0.02994   0.04571   0.10304   0.01727   0.17209   0.15784   2.06147   2.13498   1.42976   1.68298   0.54242  
  6 531.5713   2024.585393  x:  0.13294   0.00137   0.21098   0.02983   0.02688   0.01532   0.03864   0.01469   0.08732   0.07746   0.02826   0.15872   0.00000   0.30737   0.00956   0.02811   0.03727   0.21779   0.02560   0.05142   0.10368   0.03103   0.16837   0.15156   2.08709   2.13281   1.43075   1.68108   0.58078  
  7 96.3951   2021.884800  x:  0.11889   0.00898   0.22078   0.02834   0.01911   0.03009   0.03993   0.01669   0.08952   0.06179   0.02740   0.15490   0.00000   0.32304   0.00810   0.02777   0.04109   0.20962   0.02328   0.05603   0.10549   0.02676   0.15776   0.13752   2.13831   2.12848   1.43304   1.67712   0.65093  
  8 239.7387   2019.564416  x:  0.10834   0.01476   0.22427   0.03206   0.03524   0.02634   0.03700   0.01822   0.09087   0.06093   0.02886   0.14850   0.00000   0.33223   0.01163   0.02182   0.03668   0.20105   0.02859   0.05422   0.10731   0.01515   0.14719   0.12696   2.18943   2.12418   1.43548   1.67315   0.71270  
  9 312.9783   2017.588057  x:  0.10608   0.01726   0.21740   0.03515   0.03370   0.02759   0.03244   0.01755   0.09053   0.08055   0.03236   0.13874   0.00000   0.33094   0.01161   0.01625   0.02452   0.19272   0.03197   0.04527   0.10850   0.02630   0.13829   0.12470   2.24488   2.11957   1.43832   1.66890   0.76467  
 10 200.3423   2015.910978  x:  0.11109   0.01563   0.20452   0.03389   0.03088   0.02717   0.03415   0.01401   0.08922   0.09857   0.02964   0.13004   0.00000   0.32202   0.00525   0.02370   0.02695   0.18714   0.02697   0.04108   0.10863   0.01890   0.13409   0.12972   2.29813   2.11521   1.44110   1.66491   0.80239  
 11 212.7578   2014.873149  x:  0.11846   0.01696   0.19262   0.03221   0.03083   0.02941   0.03663   0.01543   0.08808   0.11022   0.02950   0.12481   0.00000   0.31350   0.01469   0.03018   0.03354   0.18567   0.02516   0.04216   0.10837   0.01688   0.13386   0.13708   2.34439   2.11147   1.44342   1.66156   0.83037  
 12 386.2291   2012.755569  x:  0.13445   0.01721   0.16931   0.02997   0.03239   0.02805   0.03881   0.02255   0.08696   0.10933   0.02489   0.12428   0.00000   0.28869   0.01034   0.01656   0.03979   0.18834   0.02854   0.05731   0.10675   0.01936   0.14162   0.15307   2.43732   2.10407   1.44790   1.65522   0.86795  
 13 191.3317   2010.338278  x:  0.14815   0.01678   0.15094   0.03672   0.03192   0.02801   0.03225   0.01346   0.08788   0.08958   0.03130   0.13489   0.00000   0.25599   0.01205   0.02196   0.02516   0.19763   0.02773   0.05684   0.10508   0.01778   0.15599   0.16677   2.55696   2.09471   1.45315   1.64761   0.89666  
 14 208.9149   2008.578463  x:  0.14937   0.01767   0.15363   0.03458   0.03391   0.02760   0.03597   0.01926   0.08919   0.08176   0.02720   0.14575   0.00000   0.23678   0.01127   0.02114   0.02927   0.20680   0.02823   0.03484   0.10571   0.02033   0.16478   0.16799   2.65525   2.08723   1.45657   1.64207   0.90235  
 15 176.4032   2003.078706  x:  0.12672   0.01613   0.20156   0.02372   0.03292   0.02956   0.03684   0.00946   0.09165   0.10613   0.03544   0.17365   0.00000   0.20151   0.01209   0.01708   0.03586   0.23547   0.02749   0.04835   0.11208   0.01774   0.17923   0.14534   3.03254   2.05939   1.46611   1.62338   0.87290  
 16 210.9072   2000.745852  x:  0.11840   0.01573   0.21637   0.03633   0.03289   0.02882   0.03440   0.02402   0.09095   0.11228   0.02151   0.17727   0.00000   0.20232   0.01059   0.02846   0.02952   0.24358   0.02543   0.05871   0.11256   0.01990   0.18043   0.13702   3.21967   2.04594   1.46945   1.61486   0.85016  
 17 509.3236   1990.680929  x:  0.11392   0.00855   0.21258   0.05880   0.02698   0.02599   0.04494   0.01221   0.08131   0.08549   0.03119   0.13026   0.00000   0.30199   0.01002   0.01939   0.04062   0.23246   0.02652   0.05305   0.10010   0.02335   0.14826   0.13254   3.97613   1.99429   1.47330   1.58525   0.71943  
 18 376.4738   1988.569174  x:  0.11716   0.00759   0.21080   0.03100   0.02900   0.02492   0.03355   0.01755   0.08678   0.07904   0.02906   0.12584   0.00000   0.32461   0.00992   0.02403   0.03162   0.22216   0.02738   0.05274   0.10335   0.02313   0.14149   0.13578   4.11471   1.98612   1.46962   1.58199   0.69467  
 19 331.4711   1988.170823  x:  0.12099   0.00792   0.21148   0.03112   0.02958   0.02518   0.04093   0.01748   0.09364   0.08015   0.02952   0.13734   0.00000   0.33101   0.00986   0.02447   0.02868   0.20621   0.02783   0.05357   0.11094   0.02316   0.14207   0.13961   4.14553   1.98707   1.45939   1.58599   0.68984  
 20 46.8848   1987.979547  x:  0.12269   0.00794   0.21217   0.03364   0.02931   0.02538   0.03500   0.01702   0.09474   0.08099   0.02948   0.14373   0.00000   0.33358   0.00970   0.02390   0.03253   0.19669   0.02743   0.05304   0.11319   0.02335   0.14370   0.14131   4.16019   1.98875   1.45041   1.58991   0.68795  
 21 53.3387   1987.719559  x:  0.12228   0.00874   0.21366   0.03176   0.03000   0.02569   0.03591   0.01721   0.08394   0.08139   0.02946   0.14646   0.00000   0.33464   0.00966   0.02435   0.03118   0.18776   0.02753   0.05295   0.10527   0.02337   0.15021   0.14090   4.18128   1.99588   1.42185   1.60316   0.68717  
 22 23.7432   1987.213958  x:  0.11984   0.00840   0.21234   0.03236   0.02947   0.02533   0.03592   0.01698   0.09477   0.08089   0.02911   0.13720   0.00000   0.33314   0.00968   0.02400   0.03127   0.19293   0.02726   0.05265   0.10320   0.02320   0.15424   0.13846   4.22436   2.01520   1.34693   1.63837   0.68691  
 23 36.8538   1987.113728  x:  0.12035   0.00812   0.21121   0.03235   0.02932   0.02519   0.03575   0.01697   0.08950   0.08005   0.02901   0.13854   0.00000   0.33253   0.00966   0.02390   0.03121   0.19744   0.02720   0.05265   0.10999   0.02318   0.14767   0.13897   4.23321   2.01906   1.33160   1.64591   0.68710  
 24 23.2289   1987.090971  x:  0.12088   0.00808   0.21093   0.03232   0.02933   0.02520   0.03572   0.01699   0.09019   0.08022   0.02893   0.14126   0.00000   0.33224   0.00969   0.02387   0.03128   0.19856   0.02715   0.05274   0.10673   0.02316   0.14314   0.13950   4.23556   2.01929   1.32987   1.64752   0.68751  
 25  4.3178   1983.972337  x:  0.12890   0.00000   0.21481   0.03225   0.02796   0.02316   0.03604   0.01558   0.08989   0.07262   0.02323   0.13169   0.00000   0.31798   0.01027   0.02124   0.03012   0.18406   0.02416   0.05105   0.10689   0.02265   0.13814   0.14752   4.56253   1.95466   1.39031   1.80602   0.78314  
 26  1.7451   1983.972337  x:  0.12890   0.00000   0.21481   0.03225   0.02796   0.02316   0.03604   0.01558   0.08989   0.07262   0.02323   0.13169   0.00000   0.31798   0.01027   0.02124   0.03012   0.18406   0.02416   0.05105   0.10689   0.02265   0.13814   0.14752   4.56253   1.95466   1.39031   1.80602   0.78314  
 27 31.9061   1983.067154  x:  0.12687   0.00037   0.21269   0.03146   0.03716   0.03160   0.03680   0.01061   0.08981   0.07392   0.01801   0.13251   0.00000   0.31430   0.01284   0.01882   0.03101   0.18354   0.01823   0.05031   0.10704   0.02593   0.13834   0.14549   4.56344   1.95562   1.39041   1.80454   0.78416  
 28 105.5884   1982.915274  x:  0.12562   0.00000   0.21129   0.03134   0.03865   0.03214   0.03699   0.01286   0.08975   0.07455   0.01755   0.13301   0.00000   0.31183   0.01187   0.01861   0.03146   0.18323   0.01750   0.05004   0.10711   0.02587   0.13849   0.14423   4.56408   1.95628   1.39048   1.80351   0.78487  
 29 50.7390   1982.391897  x:  0.11590   0.00272   0.20007   0.03117   0.04212   0.02970   0.03756   0.01065   0.08926   0.07863   0.01966   0.13729   0.00000   0.29135   0.00790   0.01978   0.03369   0.18087   0.01904   0.04869   0.10759   0.02463   0.13999   0.13452   4.56956   1.96196   1.39102   1.79474   0.79092  
 30 74.2301   1982.059801  x:  0.10914   0.00000   0.19131   0.03108   0.04144   0.02772   0.03752   0.01061   0.08901   0.08067   0.02031   0.14029   0.00000   0.27502   0.01295   0.02041   0.03370   0.17917   0.01997   0.04836   0.10792   0.02537   0.14131   0.12776   4.57426   1.96678   1.39142   1.78733   0.79601  
 31 163.1369   1981.913018  x:  0.10794   0.00260   0.18778   0.03111   0.03770   0.02900   0.03696   0.01137   0.08914   0.07969   0.01861   0.14163   0.00000   0.26689   0.01391   0.01906   0.03153   0.17871   0.01893   0.04925   0.10793   0.02538   0.14234   0.12655   4.57737   1.96984   1.39158   1.78265   0.79924  
 32 62.2674   1981.814496  x:  0.10844   0.00065   0.18579   0.03132   0.03532   0.03057   0.03663   0.01048   0.08934   0.07812   0.01784   0.14216   0.00000   0.26138   0.01219   0.01840   0.03027   0.17864   0.01828   0.05007   0.10783   0.02493   0.14318   0.12706   4.58012   1.97247   1.39164   1.77866   0.80198  
 33 65.1672   1981.649053  x:  0.11350   0.00093   0.18420   0.03216   0.03634   0.03280   0.03685   0.01107   0.08992   0.07343   0.02003   0.14260   0.00000   0.25153   0.01230   0.02085   0.03155   0.17936   0.01952   0.05121   0.10744   0.02608   0.14525   0.13212   4.58791   1.97962   1.39157   1.76785   0.80938  
 34 40.2653   1981.511360  x:  0.11801   0.00091   0.18467   0.03132   0.03850   0.02864   0.03723   0.01075   0.09012   0.07232   0.01829   0.14247   0.00000   0.24572   0.01274   0.01845   0.03247   0.18033   0.01901   0.05035   0.10722   0.02520   0.14657   0.13663   4.59642   1.98707   1.39143   1.75650   0.81698  
 35 49.1074   1981.258219  x:  0.12136   0.00077   0.18985   0.03048   0.03806   0.02910   0.03680   0.01068   0.08963   0.08112   0.01957   0.14142   0.00000   0.24461   0.01313   0.02114   0.02930   0.18235   0.01678   0.04704   0.10751   0.02387   0.14662   0.13998   4.61882   2.00529   1.39086   1.72827   0.83529  
 36 38.8942   1981.026780  x:  0.12154   0.00043   0.19470   0.03115   0.03689   0.03151   0.03678   0.01105   0.08926   0.08625   0.01839   0.14059   0.00000   0.24717   0.01281   0.01849   0.03091   0.18375   0.02178   0.04761   0.10793   0.02576   0.14580   0.14015   4.64182   2.02317   1.39026   1.70026   0.85308  
 37 118.4205   1980.694932  x:  0.11717   0.00037   0.19956   0.03320   0.03599   0.02983   0.03751   0.01075   0.08941   0.08204   0.01898   0.14017   0.00000   0.25622   0.01257   0.01904   0.03453   0.18422   0.01756   0.05376   0.10842   0.02685   0.14372   0.13579   4.67701   2.04840   1.38940   1.65985   0.87791  
 38 101.7022   1980.559083  x:  0.11478   0.00033   0.19952   0.03128   0.03802   0.03012   0.03715   0.01090   0.08988   0.07644   0.01843   0.14048   0.00000   0.26156   0.01295   0.01984   0.03118   0.18361   0.01947   0.05219   0.10836   0.02456   0.14309   0.13340   4.69326   2.05820   1.38903   1.64345   0.88737  
 39 73.6717   1980.525537  x:  0.11471   0.00034   0.19769   0.03144   0.03765   0.03017   0.03705   0.01093   0.09013   0.07524   0.01976   0.14089   0.00000   0.26352   0.01271   0.01867   0.03107   0.18288   0.01900   0.04952   0.10817   0.02586   0.14341   0.13333   4.69922   2.05993   1.38887   1.63977   0.88890  
 40 22.9041   1980.487406  x:  0.11541   0.00041   0.19381   0.03181   0.03676   0.03009   0.03715   0.01086   0.09039   0.07525   0.01811   0.14159   0.00000   0.26612   0.01253   0.02003   0.03236   0.18157   0.01896   0.04773   0.10786   0.02623   0.14429   0.13403   4.70857   2.06087   1.38856   1.63629   0.88947  
 41 22.6555   1980.407771  x:  0.11751   0.00059   0.18517   0.03215   0.03736   0.03052   0.03735   0.01091   0.09059   0.07735   0.01910   0.14291   0.00000   0.27103   0.01315   0.01906   0.03219   0.17900   0.01906   0.05002   0.10740   0.02432   0.14633   0.13613   4.73190   2.06124   1.38772   1.63018   0.88888  
 42 34.9973   1980.347436  x:  0.11817   0.00057   0.18264   0.03052   0.03804   0.02929   0.03689   0.01096   0.09018   0.07813   0.01881   0.14292   0.00000   0.27227   0.01212   0.01970   0.03020   0.17877   0.01934   0.05194   0.10775   0.02751   0.14686   0.13679   4.75346   2.05989   1.38683   1.62683   0.88683  
 43 31.1678   1978.568395  x:  0.11849   0.00115   0.18303   0.02801   0.03688   0.03105   0.03398   0.01116   0.07798   0.07646   0.01961   0.13017   0.00000   0.26808   0.01242   0.01930   0.03416   0.19775   0.01841   0.04992   0.12276   0.02519   0.14480   0.13710   5.44158   1.99727   1.35677   1.54682   0.80624  
 44 70.6808   1978.042649  x:  0.11826   0.00085   0.18806   0.03669   0.03838   0.02966   0.04124   0.01129   0.08739   0.07724   0.01816   0.13286   0.00000   0.26590   0.01199   0.01960   0.02947   0.19772   0.01931   0.04958   0.11781   0.02624   0.14421   0.13688   5.65126   1.97728   1.34640   1.52558   0.78533  
 45 393.8106   1977.620764  x:  0.11816   0.00021   0.19567   0.03070   0.03751   0.03042   0.03700   0.01134   0.09818   0.07836   0.01912   0.14069   0.00000   0.26384   0.01214   0.01942   0.03247   0.19108   0.01876   0.05035   0.10653   0.02588   0.14424   0.13678   5.81280   1.96082   1.33678   1.51345   0.77513  
 46 259.9759   1977.452343  x:  0.11835   0.00000   0.19793   0.03159   0.03771   0.03032   0.03657   0.01136   0.09484   0.07816   0.01897   0.14309   0.00000   0.26347   0.01213   0.01944   0.03213   0.18665   0.01883   0.05034   0.10541   0.02592   0.14475   0.13697   5.85114   1.95613   1.33309   1.51428   0.77827  
 47 76.6588   1977.190653  x:  0.11852   0.00000   0.20024   0.02658   0.03600   0.03119   0.04481   0.01135   0.09444   0.07790   0.01968   0.14354   0.00000   0.26312   0.01225   0.01931   0.03295   0.18006   0.01868   0.05031   0.10929   0.02578   0.14541   0.13713   5.95785   1.94206   1.32073   1.52268   0.79610  
 48 118.7521   1976.407310  x:  0.11799   0.00000   0.19961   0.03012   0.03748   0.03048   0.03712   0.01147   0.10669   0.07794   0.01908   0.13540   0.00000   0.26335   0.01223   0.01923   0.03270   0.17535   0.01875   0.05014   0.12237   0.02546   0.14512   0.13661   6.27705   1.89904   1.28185   1.55563   0.86083  
 49 238.8058   1976.025964  x:  0.11692   0.00000   0.19409   0.03003   0.03740   0.03057   0.03880   0.01152   0.10265   0.07769   0.01904   0.13358   0.00000   0.26496   0.01230   0.01915   0.03254   0.19160   0.01869   0.05002   0.10720   0.02546   0.14199   0.13554   6.43038   1.87926   1.26528   1.57492   0.89566  
 50 121.7317   1976.000184  x:  0.11707   0.00000   0.19430   0.03008   0.03741   0.03056   0.03869   0.01153   0.10273   0.07766   0.01903   0.13935   0.00000   0.26566   0.01231   0.01913   0.03255   0.19509   0.01867   0.05003   0.10930   0.02544   0.14261   0.13569   6.44219   1.88000   1.26891   1.57824   0.89826  
 51  9.0296   1975.845988  x:  0.11634   0.00000   0.19619   0.03025   0.03754   0.03059   0.03877   0.01161   0.10299   0.07764   0.01902   0.13706   0.00000   0.26721   0.01228   0.01915   0.03258   0.19504   0.01870   0.05020   0.10800   0.02548   0.14970   0.13496   6.52175   1.90618   1.33427   1.61455   0.91281  
 52  7.3065   1975.796927  x:  0.11742   0.00000   0.19506   0.03031   0.03753   0.03060   0.03875   0.01162   0.10298   0.07764   0.01900   0.13751   0.00000   0.26697   0.01230   0.01915   0.03256   0.19341   0.01871   0.05018   0.10826   0.02548   0.14088   0.13604   6.54685   1.91824   1.35236   1.62752   0.91588  
 53 22.3788   1975.598818  x:  0.11671   0.00000   0.19510   0.03042   0.03764   0.03055   0.03863   0.01169   0.10234   0.07720   0.01888   0.13757   0.00000   0.26752   0.01214   0.01908   0.03246   0.19254   0.01859   0.05008   0.10749   0.02545   0.14251   0.13533   6.66300   2.02998   1.37717   1.70963   0.90530  
 54  7.6213   1975.089634  x:  0.11777   0.00000   0.19619   0.03241   0.03934   0.03073   0.03727   0.01291   0.08729   0.07685   0.01810   0.14301   0.00000   0.26847   0.01132   0.01901   0.03181   0.17905   0.01822   0.05022   0.10660   0.02589   0.14505   0.13636   7.24424   1.99890   1.35313   1.67210   0.92459  
 55  0.4967   1975.024260  x:  0.11811   0.00000   0.19484   0.03146   0.03902   0.03079   0.03705   0.01279   0.09157   0.07725   0.01841   0.14139   0.00000   0.26880   0.01152   0.01906   0.03200   0.18301   0.01838   0.05021   0.10977   0.02577   0.14502   0.13671   7.50587   1.99190   1.34685   1.66021   0.92283  
 56  0.1764   1975.020261  x:  0.11806   0.00000   0.19504   0.03151   0.03892   0.03075   0.03742   0.01268   0.09055   0.07719   0.01839   0.14127   0.00000   0.26876   0.01152   0.01906   0.03201   0.18308   0.01836   0.05023   0.10858   0.02581   0.14477   0.13665   7.55750   1.99257   1.34745   1.66108   0.91957  
 57  0.0455   1975.020210  x:  0.11803   0.00000   0.19510   0.03153   0.03894   0.03074   0.03732   0.01268   0.09061   0.07717   0.01838   0.14128   0.00000   0.26877   0.01151   0.01906   0.03200   0.18299   0.01835   0.05023   0.10857   0.02582   0.14479   0.13663   7.55934   1.99274   1.34776   1.66126   0.91907  
 58  0.0020   1975.020209  x:  0.11803   0.00000   0.19510   0.03154   0.03894   0.03074   0.03733   0.01268   0.09062   0.07718   0.01838   0.14129   0.00000   0.26877   0.01151   0.01906   0.03200   0.18299   0.01835   0.05023   0.10858   0.02582   0.14480   0.13663   7.55919   1.99274   1.34778   1.66123   0.91899  
 59  0.0002   1975.020209  x:  0.11803   0.00000   0.19510   0.03154   0.03894   0.03074   0.03733   0.01268   0.09062   0.07718   0.01838   0.14129   0.00000   0.26877   0.01151   0.01906   0.03200   0.18300   0.01835   0.05023   0.10858   0.02582   0.14480   0.13663   7.55913   1.99273   1.34778   1.66122   0.91899  
 60  0.0001   1975.020209  x:  0.11803   0.00000   0.19510   0.03154   0.03894   0.03074   0.03733   0.01268   0.09062   0.07718   0.01838   0.14129   0.00000   0.26877   0.01151   0.01906   0.03200   0.18300   0.01835   0.05023   0.10858   0.02582   0.14480   0.13663   7.55911   1.99273   1.34778   1.66122   0.91898  
 61  0.0000   1975.020209  x:  0.11803   0.00000   0.19510   0.03154   0.03894   0.03074   0.03733   0.01268   0.09062   0.07718   0.01838   0.14129   0.00000   0.26877   0.01151   0.01906   0.03200   0.18300   0.01835   0.05023   0.10858   0.02582   0.14480   0.13663   7.55911   1.99273   1.34778   1.66122   0.91898  
 62  0.0000   1975.020209  x:  0.11803   0.00000   0.19510   0.03154   0.03894   0.03074   0.03733   0.01268   0.09062   0.07718   0.01838   0.14129   0.00000   0.26877   0.01151   0.01906   0.03200   0.18300   0.01835   0.05023   0.10858   0.02582   0.14480   0.13663   7.55911   1.99273   1.34778   1.66122   0.91898  
check convergence!
