

TREE # 1

  0  0.0000   2135.816821  x:  0.01972   0.20925   0.02571   0.03211   0.02495   0.05815   0.02188   0.05666   0.08536   0.02661   0.17168   0.01972   0.20925   0.02571   0.03211   0.02495   0.05815   0.02188   0.05666   0.08536   0.02661   0.17168   0.21568   8.40433   1.91528   1.24264   1.54182   1.00000  
  1 99.0000   2104.564081  x:  0.00458   0.20970   0.05584   0.03908   0.03242   0.04311   0.05006   0.07652   0.09477   0.05708   0.16704   0.00000   0.20703   0.01128   0.04026   0.03983   0.10696   0.06075   0.07798   0.10845   0.01733   0.16844   0.21752   8.40463   1.91508   1.24009   1.54558   0.99994  
  2 597.3076   2102.279819  x:  0.00000   0.21012   0.05353   0.03955   0.03157   0.03622   0.04680   0.07984   0.09785   0.05524   0.16493   0.00000   0.20602   0.00869   0.04021   0.03817   0.11249   0.05645   0.08193   0.11519   0.01794   0.16693   0.21872   8.40481   1.91493   1.23888   1.54762   0.99988  
  3 180.8087   2101.759246  x:  0.00000   0.21350   0.05281   0.03935   0.03387   0.03126   0.04855   0.07985   0.10082   0.05476   0.16129   0.00000   0.20354   0.02229   0.04087   0.03867   0.11567   0.05368   0.08304   0.12094   0.02102   0.16326   0.22288   8.40545   1.91442   1.23496   1.55440   0.99984  
  4 71.2864   2101.256119  x:  0.00000   0.22002   0.05227   0.03917   0.03457   0.03049   0.05130   0.07684   0.10323   0.05441   0.15561   0.00000   0.19878   0.02489   0.03972   0.03915   0.11546   0.05144   0.08111   0.12407   0.01060   0.15709   0.23053   8.40691   1.91329   1.22643   1.56952   0.99974  
  5 48.8118   2100.233359  x:  0.00000   0.23763   0.05162   0.04036   0.03125   0.03536   0.05389   0.07193   0.10541   0.05830   0.14286   0.00000   0.18672   0.01675   0.03721   0.04008   0.11286   0.05428   0.07658   0.12710   0.01990   0.14126   0.25167   8.41217   1.90936   1.19709   1.62284   0.99924  
  6 75.4645   2099.504593  x:  0.00000   0.24454   0.05298   0.03807   0.03890   0.03219   0.04819   0.08054   0.09959   0.05631   0.14284   0.00000   0.18367   0.01548   0.04589   0.04121   0.11144   0.05766   0.08094   0.11792   0.01963   0.14051   0.25952   8.41765   1.90600   1.17077   1.67316   0.99850  
  7 68.6040   2098.638339  x:  0.00000   0.24170   0.05576   0.03972   0.02872   0.02901   0.05064   0.08345   0.09502   0.05603   0.15216   0.00000   0.18810   0.01976   0.03759   0.03882   0.11758   0.05720   0.08406   0.11201   0.01716   0.15160   0.25564   8.42584   1.90216   1.13874   1.73985   0.99694  
  8 77.1898   2098.060912  x:  0.00000   0.23189   0.05355   0.04049   0.03743   0.03275   0.05329   0.07691   0.09893   0.05754   0.15930   0.00000   0.19393   0.01852   0.03695   0.03940   0.12061   0.05527   0.08187   0.11953   0.01687   0.16016   0.24428   8.43303   1.90003   1.11798   1.79048   0.99507  
  9 86.7355   2097.862747  x:  0.00000   0.22515   0.05310   0.03855   0.03299   0.03162   0.05254   0.07561   0.10158   0.05908   0.15875   0.00000   0.19518   0.01923   0.04273   0.04160   0.11793   0.05783   0.07970   0.12336   0.01581   0.15905   0.23689   8.43655   1.90009   1.11447   1.80843   0.99377  
 10 43.5538   2097.678975  x:  0.00000   0.21604   0.05461   0.04045   0.03446   0.03023   0.05223   0.07949   0.10213   0.06035   0.15366   0.00000   0.19412   0.02017   0.03866   0.04064   0.11448   0.06047   0.07918   0.12358   0.01512   0.15168   0.22745   8.44180   1.90192   1.11842   1.82565   0.99134  
 11 25.7543   2097.519236  x:  0.00000   0.21053   0.05476   0.03792   0.03420   0.03287   0.05542   0.07763   0.09958   0.05898   0.14939   0.00000   0.19205   0.02006   0.03986   0.04073   0.11943   0.05840   0.08333   0.12043   0.01543   0.14611   0.22216   8.44875   1.90611   1.12986   1.84107   0.98793  
 12 22.1513   2097.077168  x:  0.00000   0.20982   0.05702   0.04762   0.03485   0.02854   0.05352   0.07283   0.09755   0.06152   0.14852   0.00000   0.18835   0.01983   0.04329   0.04285   0.12882   0.06006   0.07886   0.11782   0.01502   0.14781   0.22220   8.47394   1.92546   1.17875   1.88425   0.97579  
 13 27.8140   2096.221573  x:  0.00000   0.21520   0.05871   0.03660   0.03625   0.02782   0.05801   0.08053   0.10173   0.06687   0.15346   0.00000   0.18605   0.01889   0.03982   0.04256   0.13311   0.06771   0.07776   0.12530   0.01398   0.15714   0.22874   8.52384   1.96676   1.27407   1.96444   0.95291  
 14 116.8467   2096.056288  x:  0.00000   0.21714   0.05933   0.04118   0.03514   0.03137   0.05999   0.08246   0.10358   0.06661   0.15542   0.00000   0.18884   0.01939   0.04125   0.04244   0.13020   0.06885   0.08473   0.12879   0.01314   0.15751   0.23071   8.53470   1.97788   1.29135   1.97920   0.94925  
 15 59.4086   2095.955243  x:  0.00000   0.21870   0.06140   0.04053   0.03592   0.02706   0.06150   0.07882   0.10278   0.06662   0.15706   0.00000   0.19602   0.01824   0.04045   0.04290   0.12846   0.07010   0.08790   0.12939   0.01344   0.15392   0.23177   8.54343   1.99163   1.29679   1.98481   0.94954  
 16 17.3637   2095.739921  x:  0.00000   0.22099   0.06224   0.04045   0.03558   0.03015   0.06018   0.08256   0.10219   0.06732   0.15759   0.00000   0.21009   0.01872   0.04134   0.04203   0.13515   0.07117   0.08352   0.13058   0.01257   0.14598   0.23275   8.56636   2.03269   1.30095   1.99228   0.95414  
 17 25.7728   2095.296465  x:  0.00000   0.21897   0.05751   0.04168   0.03601   0.02745   0.06510   0.08469   0.10678   0.07275   0.14940   0.00000   0.20214   0.01737   0.04056   0.04765   0.13853   0.07373   0.08653   0.12745   0.01295   0.15294   0.22975   8.62050   2.13097   1.29891   2.00059   0.96943  
 18 32.4886   2095.147768  x:  0.00000   0.21717   0.06447   0.04100   0.03613   0.02796   0.06398   0.08292   0.10477   0.07203   0.14973   0.00000   0.19444   0.01743   0.04181   0.04195   0.13928   0.07526   0.08733   0.13108   0.01297   0.15481   0.22887   8.63983   2.16323   1.29763   2.00287   0.97501  
 19 51.4164   2095.122819  x:  0.00000   0.21628   0.06502   0.04105   0.03605   0.02817   0.06372   0.08316   0.10353   0.06981   0.15253   0.00000   0.19193   0.01733   0.04098   0.04462   0.13962   0.07584   0.08710   0.13258   0.01301   0.15353   0.22910   8.64465   2.16745   1.29743   2.00314   0.97619  
 20 10.4396   2095.093669  x:  0.00000   0.21492   0.06304   0.04153   0.03608   0.02727   0.06535   0.08365   0.10425   0.07078   0.15733   0.00000   0.18953   0.01712   0.04178   0.04308   0.13986   0.07579   0.08675   0.13201   0.01296   0.15077   0.22994   8.65422   2.16890   1.29741   2.00334   0.97805  
 21  5.7317   2094.960543  x:  0.00000   0.21217   0.06354   0.04001   0.03588   0.02874   0.05873   0.08214   0.10749   0.07713   0.16076   0.00000   0.18792   0.01804   0.03997   0.04462   0.14128   0.07400   0.09017   0.13099   0.01207   0.14809   0.23265   8.70736   2.16682   1.29794   2.00441   0.98707  
 22 10.7100   2092.696821  x:  0.00000   0.19101   0.06830   0.04212   0.03388   0.02132   0.06019   0.09241   0.10912   0.07219   0.14478   0.00000   0.19344   0.00771   0.04294   0.04554   0.14738   0.05813   0.08982   0.14435   0.01513   0.15051   0.25754   9.62850   2.11351   1.30697   2.02284   1.13472  
 23 82.8981   2091.933145  x:  0.00000   0.19899   0.05549   0.04225   0.03328   0.02044   0.05306   0.08841   0.10949   0.06379   0.13993   0.00000   0.19276   0.00755   0.04002   0.03866   0.15516   0.07302   0.09506   0.14965   0.01385   0.14958   0.25210   9.94168   2.09600   1.30871   2.02844   1.17749  
 24 341.5958   2091.445153  x:  0.00000   0.22357   0.05729   0.04243   0.03269   0.01874   0.05211   0.09122   0.11039   0.06624   0.14234   0.00000   0.18825   0.00494   0.04061   0.03998   0.15671   0.06598   0.09578   0.15261   0.01480   0.14543   0.23007  10.14379   2.08684   1.30693   2.03067   1.18884  
 25 124.6626   2090.002463  x:  0.00000   0.21595   0.05856   0.04244   0.03127   0.01604   0.04671   0.09306   0.12201   0.05858   0.13835   0.00000   0.18655   0.00088   0.04020   0.03798   0.16299   0.06232   0.09799   0.15416   0.01624   0.14203   0.23860  10.72007   2.09277   1.26581   2.02186   1.02586  
 26 30.5479   2089.848633  x:  0.00000   0.21460   0.05382   0.04269   0.03105   0.01567   0.04590   0.09369   0.11209   0.06450   0.13707   0.00000   0.18642   0.00098   0.04013   0.03782   0.16249   0.06089   0.09904   0.15927   0.01541   0.14211   0.23999  10.78587   2.09388   1.26123   2.02101   1.00679  
 27 92.6480   2089.440945  x:  0.00000   0.21411   0.05190   0.04234   0.03004   0.01634   0.04264   0.09453   0.11509   0.05992   0.13837   0.00000   0.18654   0.00566   0.03999   0.03641   0.16112   0.05447   0.09921   0.16043   0.01465   0.14261   0.23613  11.06133   2.15985   1.29307   2.08077   0.98027  
 28  1.8743   2089.185364  x:  0.00000   0.21609   0.05521   0.04272   0.03063   0.01781   0.04641   0.09723   0.11718   0.06197   0.13772   0.00000   0.18694   0.00728   0.04078   0.03715   0.16912   0.05812   0.10188   0.16348   0.01448   0.14187   0.23737  11.29771   2.07170   1.23728   2.00269   0.96617  
 29  1.5563   2088.952942  x:  0.00000   0.21586   0.05233   0.04208   0.03131   0.02296   0.04878   0.09843   0.11563   0.06096   0.14094   0.00000   0.18825   0.00665   0.04112   0.03665   0.17130   0.05553   0.10371   0.16798   0.01406   0.14454   0.23501  11.77987   2.11083   1.26389   2.03816   0.99552  
 30  0.8420   2088.860207  x:  0.00000   0.21436   0.05362   0.04202   0.03218   0.01974   0.04941   0.09836   0.11593   0.06110   0.14230   0.00000   0.18938   0.00740   0.04131   0.03737   0.17436   0.05652   0.10509   0.17016   0.01339   0.14609   0.23540  12.24719   2.11741   1.27188   2.04337   1.01436  
 31  0.4608   2088.834188  x:  0.00000   0.21393   0.05398   0.04200   0.03177   0.02022   0.04786   0.09727   0.11614   0.06152   0.14129   0.00000   0.18873   0.00711   0.04112   0.03727   0.17366   0.05657   0.10456   0.16911   0.01373   0.14534   0.23602  12.52102   2.11985   1.27372   2.04444   1.00113  
 32  0.1986   2088.829655  x:  0.00000   0.21455   0.05349   0.04211   0.03163   0.02000   0.04868   0.09701   0.11580   0.06136   0.14119   0.00000   0.18861   0.00700   0.04116   0.03718   0.17253   0.05646   0.10384   0.16802   0.01377   0.14499   0.23596  12.59453   2.11636   1.27087   2.04169   1.00472  
 33  0.0609   2088.829229  x:  0.00000   0.21460   0.05369   0.04210   0.03172   0.02010   0.04848   0.09707   0.11574   0.06146   0.14134   0.00000   0.18871   0.00696   0.04115   0.03728   0.17230   0.05661   0.10374   0.16778   0.01379   0.14513   0.23594  12.60115   2.11526   1.26985   2.04081   1.00629  
 34  0.0078   2088.829200  x:  0.00000   0.21454   0.05372   0.04208   0.03174   0.02010   0.04852   0.09715   0.11576   0.06145   0.14137   0.00000   0.18872   0.00694   0.04114   0.03728   0.17221   0.05663   0.10375   0.16774   0.01379   0.14518   0.23593  12.60114   2.11570   1.26996   2.04130   1.00584  
 35  0.0008   2088.829197  x:  0.00000   0.21454   0.05371   0.04208   0.03173   0.02009   0.04851   0.09719   0.11576   0.06146   0.14135   0.00000   0.18871   0.00693   0.04115   0.03727   0.17221   0.05663   0.10378   0.16774   0.01379   0.14516   0.23593  12.60133   2.11554   1.26988   2.04125   1.00589  
 36  0.0002   2088.829197  x:  0.00000   0.21454   0.05371   0.04208   0.03173   0.02009   0.04851   0.09719   0.11576   0.06145   0.14135   0.00000   0.18871   0.00693   0.04115   0.03728   0.17221   0.05663   0.10378   0.16774   0.01379   0.14516   0.23593  12.60139   2.11555   1.26989   2.04123   1.00590  
 37  0.0000   2088.829197  x:  0.00000   0.21454   0.05371   0.04208   0.03173   0.02009   0.04851   0.09718   0.11576   0.06145   0.14135   0.00000   0.18871   0.00693   0.04115   0.03728   0.17221   0.05663   0.10378   0.16774   0.01379   0.14516   0.23593  12.60137   2.11554   1.26989   2.04123   1.00590  
 38  0.0000   2088.829197  x:  0.00000   0.21454   0.05371   0.04208   0.03173   0.02009   0.04851   0.09718   0.11576   0.06145   0.14135   0.00000   0.18871   0.00693   0.04115   0.03728   0.17221   0.05663   0.10378   0.16774   0.01379   0.14516   0.23593  12.60136   2.11554   1.26989   2.04123   1.00590  
 39  0.0000   2088.829197  x:  0.00000   0.21454   0.05371   0.04208   0.03173   0.02009   0.04851   0.09718   0.11576   0.06145   0.14135   0.00000   0.18871   0.00693   0.04115   0.03728   0.17221   0.05663   0.10378   0.16774   0.01379   0.14516   0.23593  12.60136   2.11554   1.26989   2.04123   1.00590  
 40  0.0000   2088.829197  x:  0.00000   0.21454   0.05371   0.04208   0.03173   0.02009   0.04851   0.09718   0.11576   0.06145   0.14135   0.00000   0.18871   0.00693   0.04115   0.03728   0.17221   0.05663   0.10378   0.16774   0.01379   0.14516   0.23593  12.60136   2.11554   1.26989   2.04123   1.00590  
 41  0.0000   2088.829197  x:  0.00000   0.21454   0.05371   0.04208   0.03173   0.02009   0.04851   0.09718   0.11576   0.06145   0.14135   0.00000   0.18871   0.00693   0.04115   0.03728   0.17221   0.05663   0.10378   0.16774   0.01379   0.14516   0.23593  12.60136   2.11554   1.26989   2.04123   1.00590  

TREE # 2

  0  0.0000   2380.809788  x:  0.00000   0.21454   0.05371   0.04208   0.03173   0.02009   0.04851   0.09718   0.11576   0.06145   0.14135   0.00000   0.18871   0.00693   0.04115   0.03728   0.17221   0.05663   0.10378   0.16774   0.01379   0.14516   0.23593  12.60136   2.06771   1.13784   1.83173   1.00590  
  1 99.0000   2247.968167  x:  0.19689   0.21485   0.06158   0.05608   0.03128   0.01730   0.05839   0.09521   0.11512   0.06357   0.14404   0.25226   0.19035   0.07888   0.06012   0.04069   0.16975   0.06075   0.10150   0.16594   0.01600   0.14145   0.23254  12.60136   2.06765   1.13794   1.83189   1.00599  
  2 11063.2200   2186.498461  x:  0.20349   0.18923   0.10678   0.12261   0.02431   0.00000   0.11377   0.07901   0.11083   0.05073   0.14929   0.23550   0.16550   0.10886   0.12833   0.05620   0.15151   0.08672   0.08499   0.15301   0.02762   0.11452   0.20798  12.60138   2.06629   1.14059   1.83241   1.00561  
  3 669.7111   2137.849913  x:  0.24526   0.08990   0.10089   0.11736   0.01056   0.02705   0.12111   0.02529   0.10237   0.02164   0.16430   0.20201   0.07149   0.12842   0.13313   0.03579   0.08558   0.10233   0.02929   0.11111   0.00455   0.01515   0.11681  12.60146   2.06013   1.15324   1.83332   1.00494  
  4 360.5829   2133.706364  x:  0.25050   0.07716   0.09981   0.11606   0.00936   0.02968   0.12121   0.02026   0.10154   0.01903   0.16613   0.19798   0.05948   0.13029   0.13287   0.03397   0.07772   0.10377   0.02408   0.10625   0.01126   0.00487   0.10548  12.60147   2.05938   1.15474   1.83350   1.00486  
  5 2214.4475   2118.940821  x:  0.27553   0.01380   0.09693   0.11222   0.00724   0.03691   0.12185   0.01147   0.09889   0.01336   0.17487   0.17889   0.00000   0.13812   0.13262   0.03235   0.04290   0.10968   0.01311   0.08473   0.01906   0.02092   0.05173  12.60150   2.05585   1.16152   1.83473   1.00449  
  6 774.5406   2118.940821  x:  0.27553   0.01380   0.09693   0.11222   0.00724   0.03691   0.12185   0.01147   0.09889   0.01336   0.17487   0.17889   0.00000   0.13812   0.13262   0.03235   0.04290   0.10968   0.01311   0.08473   0.01906   0.02092   0.05173  12.60150   2.05585   1.16152   1.83473   1.00449  
  7 694.3503   2103.980989  x:  0.27255   0.00000   0.10897   0.12720   0.01479   0.02450   0.13036   0.05561   0.10125   0.02873   0.17612   0.16568   0.00317   0.13883   0.14507   0.05127   0.05121   0.11130   0.05654   0.08869   0.03489   0.02220   0.04963  12.60150   2.05541   1.16175   1.83592   1.00444  
  8 521.6150   2097.662452  x:  0.26791   0.00000   0.12291   0.14490   0.01332   0.00326   0.14043   0.05158   0.10245   0.03179   0.17635   0.14308   0.00000   0.13958   0.16129   0.06051   0.05424   0.11297   0.05362   0.09247   0.03357   0.01864   0.04881  12.60150   2.05450   1.16263   1.83758   1.00442  
  9 208.6447   2092.762122  x:  0.25744   0.00000   0.14580   0.17773   0.03277   0.01589   0.16203   0.04331   0.10505   0.03638   0.17581   0.08761   0.01298   0.14099   0.19490   0.06939   0.05678   0.11609   0.04475   0.09870   0.03151   0.02258   0.04840  12.60150   2.05204   1.16530   1.84170   1.00455  
 10 278.4764   2091.134519  x:  0.25158   0.00000   0.14560   0.18245   0.02466   0.02390   0.16591   0.04571   0.10533   0.03653   0.17465   0.05967   0.00000   0.13953   0.20314   0.06051   0.05422   0.11639   0.04593   0.09829   0.03442   0.02528   0.04879  12.60149   2.05019   1.16764   1.84418   1.00466  
 11 111.5364   2090.268182  x:  0.24804   0.00000   0.14014   0.17835   0.01170   0.01902   0.16345   0.04696   0.10443   0.03817   0.17373   0.06032   0.00000   0.14107   0.20332   0.05693   0.05398   0.11571   0.04770   0.09641   0.03116   0.01780   0.04835  12.60149   2.04832   1.17020   1.84679   1.00496  
 12 30.1456   2089.988898  x:  0.24592   0.00000   0.13606   0.17465   0.01101   0.01166   0.16111   0.04647   0.10378   0.03706   0.17315   0.06146   0.00000   0.14170   0.20138   0.05529   0.05317   0.11520   0.04795   0.09504   0.03276   0.02315   0.04894  12.60148   2.04698   1.17199   1.84884   1.00515  
 13 46.4190   2089.902796  x:  0.24414   0.00000   0.13350   0.17231   0.01410   0.00847   0.15967   0.04674   0.10346   0.03632   0.17273   0.05978   0.00000   0.14148   0.19994   0.05428   0.05259   0.11493   0.04780   0.09443   0.03379   0.02102   0.04893  12.60148   2.04579   1.17353   1.85071   1.00530  
 14 32.3225   2089.848024  x:  0.23993   0.00000   0.13166   0.16991   0.01403   0.00853   0.15785   0.04696   0.10310   0.03785   0.17210   0.05760   0.00000   0.13998   0.19861   0.05833   0.05429   0.11486   0.04659   0.09462   0.03282   0.02137   0.04895  12.60146   2.04231   1.17785   1.85666   1.00580  
 15 12.3469   2089.720959  x:  0.22845   0.00000   0.13500   0.17028   0.01344   0.00969   0.15713   0.04546   0.10261   0.03733   0.17118   0.06043   0.00000   0.13763   0.19874   0.05788   0.05245   0.11548   0.04752   0.09699   0.03552   0.02089   0.04827  12.60138   2.02877   1.19444   1.88142   1.00790  
 16 15.6210   2089.654777  x:  0.22650   0.00000   0.13571   0.17121   0.01410   0.00952   0.15786   0.04709   0.10314   0.03667   0.17130   0.06076   0.00000   0.13851   0.19892   0.05568   0.05277   0.11547   0.04791   0.09618   0.03147   0.02161   0.04920  12.60132   2.02125   1.20380   1.89649   1.00912  
 17 32.2016   2089.550965  x:  0.23283   0.00000   0.13412   0.17283   0.01335   0.00998   0.16020   0.04775   0.10459   0.03645   0.17262   0.06053   0.00000   0.14280   0.19888   0.05568   0.05563   0.11483   0.04608   0.09273   0.03410   0.02111   0.04974  12.60121   2.00907   1.21958   1.92449   1.01128  
 18 30.1423   2089.509157  x:  0.23827   0.00000   0.13313   0.17254   0.01321   0.00992   0.16046   0.04608   0.10405   0.03711   0.17300   0.05947   0.00000   0.14294   0.19860   0.05704   0.05265   0.11480   0.04796   0.09409   0.03331   0.02122   0.04826  12.60116   2.00526   1.22551   1.93699   1.01208  
 19 21.5862   2089.497009  x:  0.24049   0.00000   0.13368   0.17207   0.01316   0.00968   0.15991   0.04684   0.10318   0.03704   0.17263   0.05956   0.00000   0.14118   0.19877   0.05699   0.05241   0.11508   0.04722   0.09576   0.03345   0.02110   0.04979  12.60114   2.00580   1.22651   1.94178   1.01219  
 20  7.5001   2089.485853  x:  0.24168   0.00000   0.13445   0.17160   0.01330   0.00946   0.15914   0.04694   0.10268   0.03686   0.17195   0.05965   0.00000   0.13915   0.19923   0.05628   0.05380   0.11529   0.04708   0.09572   0.03335   0.02123   0.04817  12.60110   2.00872   1.22648   1.94757   1.01209  
 21  6.1250   2089.447383  x:  0.24136   0.00000   0.13513   0.17127   0.01336   0.00946   0.15776   0.04541   0.10375   0.03774   0.17031   0.05960   0.00000   0.13711   0.20073   0.05656   0.05324   0.11490   0.04839   0.09205   0.03334   0.02093   0.04992  12.60095   2.02479   1.22453   1.97050   1.01122  
 22  9.5844   2089.389370  x:  0.23881   0.00000   0.13377   0.17174   0.01272   0.00961   0.15806   0.04732   0.10413   0.03587   0.16986   0.05947   0.00000   0.13975   0.20111   0.05781   0.05133   0.11421   0.04667   0.09328   0.03324   0.02091   0.04842  12.60071   2.05171   1.22206   2.00560   1.00960  
 23 29.6573   2089.367987  x:  0.23768   0.00000   0.13305   0.17194   0.01282   0.00954   0.15903   0.04635   0.10305   0.03766   0.17076   0.05913   0.00000   0.14137   0.20004   0.05668   0.05269   0.11431   0.04714   0.09527   0.03329   0.02094   0.04874  12.60062   2.06246   1.22239   2.01809   1.00883  
 24 25.5946   2089.356374  x:  0.23750   0.00000   0.13373   0.17204   0.01256   0.00962   0.16001   0.04585   0.10171   0.03616   0.17218   0.05879   0.00000   0.14124   0.19823   0.05720   0.05331   0.11475   0.04792   0.09494   0.03316   0.02075   0.04919  12.60057   2.06960   1.22568   2.02326   1.00811  
 25  7.4860   2089.332843  x:  0.23754   0.00000   0.13540   0.17252   0.01243   0.00935   0.16140   0.04663   0.10106   0.03758   0.17450   0.05870   0.00000   0.14022   0.19537   0.05721   0.05201   0.11521   0.04668   0.09349   0.03320   0.02079   0.04861  12.60048   2.08535   1.23556   2.03228   1.00636  
 26 15.4480   2089.264310  x:  0.23854   0.00000   0.13502   0.17384   0.01228   0.00926   0.16033   0.04591   0.10613   0.03685   0.17374   0.05868   0.00000   0.13970   0.19677   0.05722   0.05289   0.11366   0.04712   0.09569   0.03311   0.02072   0.04883  12.60022   2.13370   1.27097   2.05583   1.00097  
 27 19.9708   2089.242838  x:  0.23860   0.00000   0.13423   0.17385   0.01241   0.00945   0.15997   0.04606   0.10261   0.03715   0.17160   0.05876   0.00000   0.14118   0.20009   0.05734   0.05258   0.11450   0.04700   0.09485   0.03314   0.02077   0.04883  12.60013   2.14836   1.28226   2.06266   0.99968  
 28 18.5746   2089.239311  x:  0.23857   0.00000   0.13492   0.17192   0.01242   0.00938   0.16120   0.04604   0.10306   0.03716   0.17162   0.05867   0.00000   0.14153   0.20095   0.05738   0.05257   0.11504   0.04697   0.09492   0.03314   0.02078   0.04882  12.60010   2.14920   1.28287   2.06287   1.00138  
 29  0.7906   2089.192129  x:  0.23793   0.00000   0.13515   0.17375   0.01262   0.00883   0.16264   0.04564   0.10192   0.03727   0.17322   0.05866   0.00000   0.14032   0.20354   0.05778   0.05269   0.11094   0.04654   0.09505   0.03300   0.02074   0.04878  12.59949   2.15313   1.28536   2.06164   1.03098  
 30  1.6035   2089.166606  x:  0.23792   0.00000   0.13553   0.17619   0.01261   0.00855   0.16122   0.04535   0.10295   0.03732   0.17239   0.05834   0.00000   0.14099   0.20306   0.05800   0.05277   0.11560   0.04631   0.09519   0.03295   0.02069   0.04876  12.59918   2.15456   1.28625   2.06080   1.04516  
 31 11.1799   2089.140538  x:  0.23824   0.00000   0.13933   0.17680   0.01247   0.00829   0.16115   0.04505   0.10278   0.03756   0.16772   0.05748   0.00000   0.14331   0.20067   0.05832   0.05291   0.11392   0.04613   0.09546   0.03289   0.02063   0.04874  12.59895   2.15216   1.28536   2.05939   1.04477  
 32  1.2233   2088.907001  x:  0.23589   0.00000   0.13987   0.18640   0.01302   0.00539   0.17159   0.04258   0.10374   0.03756   0.16674   0.05857   0.00000   0.13939   0.20944   0.06113   0.05364   0.11576   0.04376   0.09649   0.03203   0.02030   0.04856  12.59712   2.12364   1.27388   2.04691   1.01334  
 33  4.0020   2088.865337  x:  0.23567   0.00000   0.14357   0.18633   0.01322   0.00511   0.16676   0.04216   0.10349   0.03759   0.17218   0.05769   0.00000   0.14190   0.21305   0.06141   0.05380   0.11539   0.04332   0.09673   0.03195   0.02031   0.04852  12.59679   2.11836   1.27176   2.04470   1.00721  
 34  9.7088   2088.830897  x:  0.23571   0.00000   0.14525   0.18850   0.01382   0.00695   0.16780   0.04171   0.10382   0.03749   0.17256   0.05645   0.00000   0.14139   0.21456   0.06178   0.05383   0.11570   0.04260   0.09719   0.03194   0.02027   0.04850  12.59779   2.11561   1.27000   2.04262   1.00463  
 35  0.0133   2088.829488  x:  0.23598   0.00000   0.14531   0.18899   0.01380   0.00690   0.16788   0.04134   0.10377   0.03733   0.17217   0.05664   0.00000   0.14133   0.21473   0.06159   0.05373   0.11580   0.04228   0.09722   0.03174   0.01996   0.04851  12.59907   2.11534   1.26992   2.04063   1.00635  
 36  0.0024   2088.829218  x:  0.23597   0.00000   0.14521   0.18885   0.01381   0.00691   0.16778   0.04116   0.10377   0.03727   0.17216   0.05664   0.00000   0.14134   0.21460   0.06147   0.05370   0.11577   0.04210   0.09720   0.03175   0.02013   0.04851  12.60018   2.11551   1.26985   2.04085   1.00603  
 37  0.0009   2088.829197  x:  0.23593   0.00000   0.14516   0.18873   0.01379   0.00693   0.16774   0.04115   0.10378   0.03728   0.17221   0.05663   0.00000   0.14135   0.21455   0.06145   0.05371   0.11576   0.04208   0.09718   0.03173   0.02009   0.04851  12.60057   2.11553   1.26987   2.04119   1.00585  
 38  0.0006   2088.829197  x:  0.23593   0.00000   0.14516   0.18871   0.01379   0.00693   0.16774   0.04115   0.10378   0.03728   0.17221   0.05664   0.00000   0.14135   0.21454   0.06145   0.05371   0.11576   0.04208   0.09718   0.03173   0.02009   0.04851  12.60074   2.11554   1.26988   2.04122   1.00589  
 39  0.0002   2088.829197  x:  0.23593   0.00000   0.14516   0.18871   0.01379   0.00693   0.16775   0.04115   0.10378   0.03728   0.17221   0.05663   0.00000   0.14135   0.21454   0.06145   0.05371   0.11576   0.04208   0.09718   0.03173   0.02009   0.04851  12.60092   2.11554   1.26989   2.04123   1.00590  
 40  0.0002   2088.829197  x:  0.23593   0.00000   0.14516   0.18871   0.01379   0.00693   0.16775   0.04115   0.10378   0.03728   0.17221   0.05663   0.00000   0.14135   0.21454   0.06146   0.05371   0.11576   0.04208   0.09718   0.03173   0.02009   0.04851  12.60132   2.11554   1.26989   2.04122   1.00589  
 41  0.0001   2088.829197  x:  0.23593   0.00000   0.14516   0.18871   0.01379   0.00693   0.16774   0.04115   0.10378   0.03728   0.17221   0.05663   0.00000   0.14135   0.21454   0.06145   0.05371   0.11576   0.04208   0.09718   0.03173   0.02009   0.04851  12.60136   2.11554   1.26989   2.04123   1.00590  
 42  0.0000   2088.829197  x:  0.23593   0.00000   0.14516   0.18871   0.01379   0.00693   0.16774   0.04115   0.10378   0.03728   0.17221   0.05663   0.00000   0.14135   0.21454   0.06145   0.05371   0.11576   0.04208   0.09718   0.03173   0.02009   0.04851  12.60136   2.11554   1.26989   2.04123   1.00590  