

TREE # 1

  0  0.0000   2117.443613  x:  0.20925   0.02571   0.03211   0.02495   0.05815   0.02188   0.05666   0.08536   0.02661   0.17168   0.20925   0.02571   0.03211   0.02495   0.05815   0.02188   0.05666   0.08536   0.02661   0.17168   0.21568   8.40433   1.87751   1.36722   1.66547   1.00000  
  1 99.0000   2091.003754  x:  0.20506   0.05373   0.00000   0.04568   0.11359   0.00913   0.06312   0.09671   0.05292   0.18421   0.19502   0.05809   0.03699   0.05612   0.05570   0.02258   0.10531   0.10507   0.11141   0.17478   0.20842   8.40401   1.87667   1.36309   1.66938   0.99578  
  2 535.4721   2089.007288  x:  0.20089   0.05203   0.00488   0.04332   0.12778   0.03177   0.06651   0.10333   0.04984   0.19419   0.18149   0.05460   0.03510   0.05211   0.05515   0.02011   0.11898   0.11381   0.11365   0.17740   0.20208   8.40369   1.87583   1.35952   1.67282   0.99150  
  3 160.8393   2087.635987  x:  0.19880   0.05000   0.00000   0.04125   0.13220   0.03279   0.06755   0.10574   0.04758   0.19880   0.17475   0.05181   0.03412   0.04916   0.05514   0.01963   0.12351   0.11709   0.11150   0.17866   0.19899   8.40352   1.87538   1.35769   1.67458   0.98922  
  4 207.6551   2085.804752  x:  0.18777   0.05855   0.00000   0.05229   0.12712   0.02284   0.07825   0.10656   0.05653   0.21630   0.13895   0.05501   0.04106   0.05495   0.05765   0.03131   0.12679   0.11931   0.09760   0.18447   0.18383   8.40221   1.87187   1.34420   1.68713   0.97205  
  5 71.1199   2085.183801  x:  0.18395   0.06008   0.00000   0.05218   0.12279   0.01699   0.07616   0.10427   0.05790   0.22013   0.12732   0.05967   0.04012   0.05817   0.05537   0.01982   0.12338   0.11660   0.09858   0.18633   0.17895   8.40136   1.86966   1.33601   1.69464   0.96143  
  6 65.5579   2084.615951  x:  0.17925   0.05748   0.00000   0.04644   0.11894   0.01789   0.06698   0.10051   0.05471   0.22252   0.11619   0.06441   0.03366   0.05943   0.05521   0.02576   0.11715   0.11090   0.10628   0.18859   0.17350   8.39941   1.86462   1.31795   1.71117   0.93775  
  7 50.0574   2083.345670  x:  0.17203   0.05229   0.00000   0.04770   0.11785   0.02499   0.06826   0.09963   0.04997   0.22251   0.11321   0.06035   0.05244   0.05260   0.05929   0.02321   0.11077   0.10578   0.11427   0.19210   0.16709   8.39227   1.84655   1.25529   1.76840   0.85462  
  8 63.2998   2082.051919  x:  0.17357   0.05648   0.00000   0.04834   0.11895   0.01848   0.07437   0.10152   0.05517   0.21531   0.12986   0.05380   0.04088   0.05204   0.05178   0.02487   0.11242   0.10727   0.11319   0.19077   0.17191   8.38439   1.82722   1.19301   1.82567   0.76946  
  9 130.9602   2081.869879  x:  0.17677   0.05702   0.00000   0.04852   0.11969   0.01994   0.07037   0.10146   0.05418   0.21431   0.12936   0.05696   0.03883   0.05799   0.05719   0.02330   0.11630   0.11188   0.10675   0.18821   0.17505   8.38229   1.82268   1.18428   1.83486   0.75525  
 10 36.5711   2081.844109  x:  0.17947   0.05664   0.00000   0.04827   0.12017   0.02009   0.06996   0.10093   0.05365   0.21376   0.12758   0.05873   0.04013   0.05761   0.05426   0.02383   0.11696   0.11240   0.10578   0.18613   0.17681   8.38080   1.82003   1.18473   1.83616   0.75275  
 11  8.2182   2081.820507  x:  0.18272   0.05671   0.00000   0.04844   0.12064   0.01968   0.07105   0.10092   0.05406   0.21317   0.12559   0.05902   0.03957   0.05549   0.05612   0.02368   0.11660   0.11130   0.10657   0.18370   0.17842   8.37751   1.81460   1.18768   1.83725   0.75004  
 12  6.8071   2081.752592  x:  0.18350   0.05696   0.00000   0.04859   0.11947   0.02012   0.06998   0.10300   0.05385   0.21467   0.12538   0.05481   0.03966   0.05819   0.05528   0.02343   0.11753   0.10978   0.10724   0.18363   0.17687   8.36237   1.79164   1.20131   1.84027   0.74157  
 13  7.8784   2081.707203  x:  0.18103   0.05631   0.00000   0.04769   0.11998   0.01938   0.07065   0.10119   0.05343   0.21533   0.12794   0.05770   0.03996   0.05708   0.05590   0.02375   0.11651   0.11259   0.10707   0.18564   0.17614   8.35056   1.77601   1.20980   1.84182   0.73702  
 14 19.1878   2081.693536  x:  0.17944   0.05676   0.00000   0.04886   0.12067   0.02044   0.07057   0.10097   0.05411   0.21541   0.12714   0.05833   0.03880   0.05571   0.05534   0.02328   0.11667   0.11246   0.10599   0.18663   0.17639   8.34556   1.77220   1.21012   1.84199   0.73671  
 15  7.0062   2081.621042  x:  0.17473   0.05711   0.00000   0.04728   0.12281   0.01926   0.06922   0.10259   0.05418   0.21199   0.12635   0.05934   0.04000   0.05487   0.05597   0.02355   0.11991   0.10787   0.10427   0.18931   0.18171   8.31334   1.75725   1.20396   1.83939   0.74212  
 16  8.8205   2081.339381  x:  0.17317   0.05266   0.00000   0.04918   0.12006   0.01901   0.07419   0.10255   0.04864   0.20995   0.12134   0.05512   0.03700   0.05706   0.05544   0.02310   0.12110   0.11442   0.10659   0.19015   0.18593   8.18290   1.70661   1.17184   1.82608   0.76484  
 17 34.3988   2081.087799  x:  0.17715   0.05551   0.00000   0.04379   0.12198   0.01920   0.06981   0.10245   0.05453   0.21460   0.12126   0.05143   0.03825   0.05428   0.05552   0.02271   0.11954   0.11966   0.10527   0.18779   0.18144   8.06432   1.66500   1.14322   1.81156   0.78260  
 18 115.3837   2080.925776  x:  0.18152   0.05447   0.00000   0.04764   0.12700   0.01763   0.06737   0.10420   0.05065   0.22064   0.12592   0.05447   0.03747   0.05303   0.05552   0.02280   0.11945   0.11533   0.10244   0.18489   0.17400   7.98636   1.64360   1.12733   1.79823   0.78907  
 19 72.9106   2080.796257  x:  0.18242   0.05382   0.00000   0.04258   0.12735   0.01955   0.07332   0.10425   0.05005   0.22443   0.12596   0.05733   0.03593   0.05396   0.05532   0.02199   0.12297   0.11161   0.10000   0.18427   0.16952   7.92244   1.63439   1.11872   1.78274   0.78529  
 20 44.1349   2080.032651  x:  0.18025   0.04630   0.00000   0.04309   0.12188   0.01767   0.06856   0.10122   0.05078   0.22911   0.12378   0.05390   0.03498   0.04423   0.05650   0.02131   0.13958   0.11533   0.10034   0.18741   0.16731   7.54784   1.60573   1.08597   1.67639   0.74225  
 21 84.2658   2079.695484  x:  0.17738   0.05268   0.00000   0.04077   0.13067   0.01700   0.06905   0.10612   0.04432   0.22950   0.11937   0.05002   0.03482   0.04538   0.05601   0.02120   0.13122   0.11982   0.09868   0.18946   0.17043   7.37868   1.59626   1.07374   1.63038   0.72162  
 22 176.4535   2079.637991  x:  0.17675   0.04823   0.00000   0.04078   0.13411   0.01693   0.06943   0.10779   0.04709   0.22964   0.11852   0.04946   0.03465   0.04744   0.05578   0.02121   0.12802   0.12023   0.09793   0.18962   0.17143   7.34964   1.59616   1.07289   1.62500   0.71869  
 23 51.3077   2078.909806  x:  0.16945   0.04642   0.00000   0.03874   0.14231   0.01574   0.06888   0.09751   0.04420   0.24529   0.11944   0.04069   0.03288   0.04694   0.05561   0.02022   0.13194   0.12071   0.09472   0.18077   0.17878   6.94694   1.68862   1.13684   1.72507   0.72691  
 24 11.0377   2078.539368  x:  0.17094   0.04508   0.00000   0.03679   0.13860   0.01540   0.06792   0.11330   0.04357   0.24566   0.11867   0.04497   0.03147   0.04183   0.05516   0.01991   0.13364   0.12557   0.09341   0.18352   0.17648   6.73569   1.73795   1.17099   1.77950   0.73156  
 25 208.3866   2078.456868  x:  0.17612   0.04488   0.00000   0.03671   0.14160   0.01499   0.06798   0.11114   0.04331   0.23707   0.11686   0.04393   0.03127   0.04193   0.05519   0.01987   0.13489   0.12586   0.09182   0.19013   0.17018   6.68970   1.74883   1.17883   1.79159   0.73280  
 26 37.4114   2078.455880  x:  0.17548   0.04489   0.00000   0.03671   0.14168   0.01497   0.06798   0.11120   0.04333   0.23621   0.11679   0.04392   0.03127   0.04191   0.05519   0.01988   0.13496   0.12598   0.09175   0.18912   0.16952   6.68898   1.74896   1.17898   1.79171   0.73281  
 27  1.1214   2078.454013  x:  0.17546   0.04489   0.00040   0.03671   0.14168   0.01497   0.06798   0.11121   0.04333   0.23618   0.11679   0.04392   0.03127   0.04191   0.05519   0.01988   0.13497   0.12598   0.09175   0.18908   0.16950   6.68894   1.74897   1.17899   1.79172   0.73281  
 28  9.7495   2078.374204  x:  0.17588   0.04559   0.00000   0.03802   0.14049   0.01644   0.06730   0.11029   0.04326   0.23446   0.11824   0.04524   0.03327   0.04337   0.05509   0.02005   0.13348   0.12563   0.09001   0.18883   0.16996   6.58235   1.76361   1.18994   1.80070   0.73116  
 29  0.2008   2078.356212  x:  0.17634   0.04630   0.00000   0.03825   0.13775   0.01683   0.06746   0.10931   0.04382   0.23224   0.11964   0.04552   0.03319   0.04390   0.05496   0.02016   0.13121   0.12486   0.08959   0.18831   0.17109   6.53485   1.77587   1.19814   1.80936   0.72872  
 30  0.0480   2078.353655  x:  0.17619   0.04571   0.00000   0.03828   0.13696   0.01668   0.06746   0.10910   0.04344   0.23234   0.11927   0.04529   0.03368   0.04362   0.05504   0.02023   0.13058   0.12450   0.08906   0.18828   0.17099   6.53963   1.77678   1.19838   1.81061   0.72944  
 31  0.0040   2078.353235  x:  0.17619   0.04578   0.00000   0.03816   0.13680   0.01667   0.06738   0.10909   0.04351   0.23243   0.11926   0.04520   0.03339   0.04359   0.05504   0.02018   0.13051   0.12450   0.08867   0.18834   0.17088   6.54526   1.77583   1.19770   1.80988   0.72969  
 32  0.0059   2078.353225  x:  0.17621   0.04578   0.00000   0.03814   0.13678   0.01668   0.06742   0.10911   0.04349   0.23240   0.11929   0.04518   0.03338   0.04356   0.05503   0.02019   0.13048   0.12450   0.08870   0.18834   0.17088   6.54544   1.77549   1.19748   1.80961   0.72960  
 33  0.0006   2078.353224  x:  0.17621   0.04578   0.00000   0.03815   0.13678   0.01667   0.06742   0.10911   0.04349   0.23240   0.11929   0.04519   0.03338   0.04357   0.05503   0.02019   0.13048   0.12450   0.08870   0.18834   0.17088   6.54545   1.77542   1.19743   1.80954   0.72959  
 34  0.0001   2078.353224  x:  0.17621   0.04578   0.00000   0.03815   0.13678   0.01667   0.06742   0.10911   0.04349   0.23239   0.11928   0.04519   0.03338   0.04357   0.05503   0.02019   0.13048   0.12450   0.08870   0.18834   0.17088   6.54543   1.77540   1.19742   1.80953   0.72959  
 35  0.0000   2078.353224  x:  0.17621   0.04578   0.00000   0.03815   0.13678   0.01667   0.06742   0.10911   0.04349   0.23239   0.11928   0.04519   0.03338   0.04357   0.05503   0.02019   0.13048   0.12450   0.08870   0.18834   0.17088   6.54543   1.77540   1.19742   1.80952   0.72959  