

TREE # 1

  0  0.0000   2237.602545  x:  0.08084   0.01474   0.09233   0.01255   0.06786   0.07962   0.04539   0.03874   0.08123   0.06466   0.06564   0.12428   0.00000   0.06964   0.01743   0.07776   0.05362   0.05351   0.06931   0.06780   0.11304   0.06521   0.13680   0.09946   2.00000   1.63475   1.04274   1.41712   0.40000  
  1 99.0000   2221.279517  x:  0.10930   0.01912   0.11480   0.04437   0.05585   0.05400   0.04403   0.01226   0.08453   0.08740   0.05033   0.14466   0.11852   0.10981   0.05525   0.07037   0.03525   0.06990   0.06579   0.07793   0.12481   0.06648   0.16778   0.12792   2.00931   1.63227   1.04112   1.42204   0.42560  
  2 645.0753   2205.652312  x:  0.13529   0.00806   0.13997   0.02809   0.03670   0.01713   0.04416   0.00495   0.08816   0.10611   0.02601   0.16662   0.09983   0.13696   0.05497   0.05665   0.00611   0.07993   0.06164   0.09103   0.13739   0.06016   0.20067   0.15391   2.02588   1.62778   1.03980   1.42996   0.46297  
  3 277.9081   2202.565634  x:  0.14708   0.00709   0.15153   0.02488   0.03065   0.01099   0.04413   0.02250   0.08970   0.11411   0.01877   0.17681   0.09321   0.14969   0.05728   0.05094   0.01119   0.08400   0.06040   0.09695   0.14283   0.05720   0.21591   0.16570   2.03515   1.62533   1.03907   1.43438   0.48207  
  4 481.5157   2197.065154  x:  0.17266   0.01046   0.17720   0.02574   0.02837   0.04290   0.04388   0.02095   0.09267   0.12963   0.02043   0.19964   0.07099   0.17743   0.06219   0.03988   0.02250   0.09052   0.05895   0.10823   0.15483   0.05020   0.25037   0.19128   2.06109   1.61851   1.03742   1.44646   0.53060  
  5 382.3269   2194.369113  x:  0.18116   0.01003   0.18514   0.04249   0.04587   0.03141   0.04335   0.01678   0.09157   0.13011   0.04193   0.20815   0.05644   0.18857   0.06589   0.04711   0.03141   0.08689   0.06195   0.10607   0.15912   0.05020   0.26562   0.19978   2.08775   1.61171   1.03713   1.45770   0.56637  
  6 161.6174   2189.555898  x:  0.17445   0.01193   0.17173   0.05217   0.03849   0.03093   0.04344   0.01083   0.08289   0.10465   0.02046   0.20625   0.05193   0.19219   0.07286   0.06340   0.03930   0.06531   0.06796   0.07575   0.15588   0.06319   0.27511   0.19307   2.18504   1.58785   1.03974   1.49473   0.65796  
  7 99.0571   2184.435862  x:  0.15721   0.00890   0.15114   0.04400   0.04071   0.03871   0.04377   0.02637   0.08339   0.08594   0.03510   0.19456   0.06503   0.18334   0.06576   0.05455   0.01273   0.07453   0.06179   0.07135   0.14834   0.06058   0.27141   0.17583   2.32468   1.55599   1.04499   1.54389   0.76282  
  8 203.8639   2180.028758  x:  0.13838   0.00868   0.13351   0.02629   0.04202   0.03028   0.04313   0.01487   0.08852   0.09039   0.03742   0.18031   0.07728   0.16552   0.05733   0.04257   0.03153   0.08956   0.05644   0.09400   0.13941   0.05123   0.25632   0.15700   2.46924   1.52600   1.05081   1.59130   0.85091  
  9 348.8268   2177.190200  x:  0.13380   0.01507   0.14070   0.04321   0.03932   0.03283   0.04373   0.01850   0.09304   0.12600   0.02845   0.17324   0.07633   0.14305   0.05272   0.05487   0.02237   0.08846   0.06512   0.10975   0.14192   0.04959   0.22758   0.15242   2.59428   1.50859   1.05626   1.62326   0.88357  
 10 147.1152   2174.180583  x:  0.14333   0.00000   0.15887   0.03426   0.03234   0.03367   0.04250   0.01858   0.09006   0.13913   0.03918   0.17374   0.07634   0.13414   0.06825   0.04968   0.02392   0.07819   0.06183   0.10429   0.14615   0.06406   0.19840   0.16195   2.73673   1.49896   1.06291   1.64943   0.87881  
 11 134.5980   2172.212276  x:  0.15311   0.02060   0.17288   0.02335   0.03270   0.02984   0.04269   0.01771   0.08709   0.13964   0.04469   0.17778   0.07500   0.13426   0.07562   0.04445   0.02312   0.07340   0.05803   0.09634   0.14800   0.06722   0.17986   0.17173   2.87356   1.49318   1.06893   1.67146   0.86290  
 12 364.3754   2162.875751  x:  0.17875   0.01009   0.19327   0.03969   0.05284   0.03031   0.04651   0.01543   0.08504   0.10494   0.02232   0.19014   0.06613   0.16947   0.06806   0.03968   0.02812   0.09273   0.05426   0.08262   0.14557   0.02944   0.16629   0.19737   3.40752   1.48556   1.09097   1.74424   0.75930  
 13 343.4094   2157.408738  x:  0.18224   0.01139   0.19072   0.03948   0.05097   0.03256   0.04073   0.01596   0.09319   0.08987   0.02269   0.19405   0.06181   0.19955   0.05155   0.05557   0.02861   0.10362   0.06638   0.10358   0.14689   0.06744   0.20506   0.20086   3.78883   1.49076   1.10414   1.78784   0.67675  
 14 483.1270   2154.190596  x:  0.16993   0.01308   0.17263   0.03790   0.03347   0.03159   0.04871   0.01643   0.08983   0.11323   0.03730   0.19310   0.05962   0.20513   0.05943   0.05368   0.02795   0.07733   0.06202   0.09952   0.14921   0.05208   0.25753   0.18855   3.99721   1.51075   1.10652   1.79748   0.63235  
 15 210.0423   2153.543491  x:  0.16741   0.01300   0.16711   0.03654   0.04391   0.03202   0.03812   0.01716   0.08824   0.12071   0.03236   0.19548   0.05869   0.19859   0.06540   0.04678   0.02651   0.07636   0.06170   0.09483   0.15173   0.05366   0.26915   0.18603   4.04058   1.52524   1.10373   1.79090   0.62769  
 16 82.2507   2152.657114  x:  0.16789   0.01305   0.16338   0.03663   0.04827   0.03174   0.05215   0.01664   0.08753   0.12026   0.02944   0.20461   0.05791   0.17636   0.07268   0.04488   0.02697   0.08837   0.06306   0.08971   0.15718   0.05804   0.28049   0.18651   4.10780   1.56841   1.09315   1.76272   0.63120  
 17 63.0542   2151.577766  x:  0.17155   0.01315   0.16382   0.03762   0.03853   0.03121   0.04067   0.01585   0.08866   0.11093   0.03353   0.21483   0.06014   0.15450   0.07094   0.05240   0.02814   0.09198   0.06162   0.09171   0.15960   0.05258   0.28593   0.19017   4.18623   1.62777   1.07899   1.72039   0.64102  
 18 120.3490   2150.772693  x:  0.17365   0.01164   0.16426   0.03730   0.04363   0.03172   0.04459   0.01667   0.08979   0.10927   0.03201   0.21517   0.06465   0.15964   0.05743   0.04730   0.02749   0.07552   0.06144   0.09882   0.15276   0.05449   0.27965   0.19227   4.24654   1.67949   1.06857   1.67902   0.65378  
 19 75.3547   2150.318613  x:  0.16919   0.01227   0.16340   0.03504   0.04157   0.03189   0.04345   0.01667   0.08853   0.11603   0.03365   0.20448   0.06125   0.18098   0.06180   0.05080   0.02713   0.08222   0.06557   0.09552   0.14757   0.05450   0.26933   0.18781   4.28314   1.71189   1.06534   1.64842   0.66362  
 20 45.4006   2150.264538  x:  0.16781   0.01318   0.16390   0.03821   0.04025   0.03152   0.04322   0.01646   0.08939   0.11525   0.03326   0.20157   0.05956   0.18329   0.06329   0.04876   0.02714   0.08280   0.06173   0.09650   0.14993   0.05578   0.26813   0.18643   4.28763   1.71466   1.06683   1.64379   0.66487  
 21 15.8229   2150.213847  x:  0.16669   0.01318   0.16616   0.03673   0.04175   0.03170   0.04367   0.01661   0.09022   0.11311   0.03257   0.19779   0.05970   0.18392   0.06512   0.04970   0.02682   0.08139   0.06282   0.09842   0.15647   0.05440   0.26843   0.18531   4.29230   1.71420   1.07274   1.63740   0.66647  
 22  7.5209   2150.112986  x:  0.16643   0.01329   0.16959   0.03775   0.04049   0.03124   0.04315   0.01614   0.08788   0.11355   0.03324   0.19540   0.06036   0.18192   0.06077   0.04661   0.02797   0.08271   0.06605   0.09539   0.15785   0.05477   0.27077   0.18505   4.30208   1.70840   1.08930   1.62296   0.66968  
 23  8.8112   2149.988119  x:  0.16732   0.01281   0.16997   0.03614   0.04237   0.03172   0.04365   0.01625   0.08871   0.11555   0.03247   0.19685   0.06063   0.18003   0.05955   0.05093   0.02816   0.08350   0.06048   0.09385   0.15411   0.05537   0.27299   0.18594   4.31437   1.69992   1.10847   1.60575   0.67360  
 24 24.4775   2149.868695  x:  0.16832   0.01322   0.16480   0.03743   0.04160   0.03163   0.04371   0.01650   0.09224   0.11411   0.03242   0.20265   0.05828   0.17917   0.06586   0.04931   0.02676   0.08211   0.06376   0.09783   0.14879   0.05500   0.27220   0.18694   4.32625   1.69128   1.12029   1.59242   0.67673  
 25 16.1346   2149.592471  x:  0.16847   0.01286   0.15476   0.03767   0.04077   0.03180   0.04373   0.01666   0.07968   0.11518   0.03282   0.21240   0.05656   0.18155   0.06543   0.05013   0.02609   0.08238   0.06287   0.10249   0.15529   0.05546   0.26857   0.18709   4.35250   1.67410   1.11591   1.57774   0.68213  
 26  8.1105   2148.135538  x:  0.16509   0.01001   0.13551   0.03507   0.03698   0.03022   0.04286   0.01476   0.09972   0.12386   0.03572   0.23595   0.05167   0.18804   0.05150   0.04916   0.02876   0.08325   0.06353   0.08903   0.18025   0.05648   0.26206   0.18371   4.49580   1.58453   1.06026   1.51434   0.71028  
 27 41.9907   2143.495142  x:  0.15097   0.00603   0.16848   0.03258   0.03877   0.02741   0.04362   0.01270   0.09156   0.12072   0.02940   0.22708   0.02847   0.17616   0.05934   0.04817   0.02206   0.08278   0.06315   0.09737   0.16001   0.05594   0.28633   0.16959   4.92502   1.32671   0.87147   1.34454   0.79316  
 28 129.6175   2142.830096  x:  0.17006   0.00700   0.15155   0.03288   0.03781   0.02701   0.04360   0.01238   0.09132   0.12279   0.02959   0.20076   0.02360   0.17032   0.05957   0.04812   0.02130   0.08340   0.06328   0.09828   0.15926   0.05595   0.29078   0.18868   4.98653   1.30900   0.85803   1.33971   0.80622  
 29 33.1561   2136.464352  x:  0.16488   0.00346   0.15531   0.03048   0.03492   0.02399   0.04280   0.01013   0.09090   0.12736   0.02688   0.20029   0.00000   0.17168   0.05983   0.04733   0.01541   0.08260   0.06249   0.10394   0.15375   0.05518   0.29444   0.18350   5.35497   1.42387   0.94660   1.52934   0.89343  
 30 17.9235   2132.297201  x:  0.15848   0.00482   0.17252   0.01869   0.03672   0.02414   0.04373   0.01310   0.08873   0.11047   0.02867   0.20066   0.00000   0.16889   0.03548   0.05127   0.01084   0.07538   0.06318   0.09692   0.14926   0.05638   0.26639   0.17710   6.23058   1.64698   1.07754   1.71895   0.94321  
 31  0.7008   2131.084463  x:  0.15480   0.00482   0.16991   0.02707   0.03698   0.02226   0.04467   0.01075   0.08828   0.10346   0.02722   0.20068   0.00000   0.16182   0.04998   0.05068   0.01717   0.07491   0.06241   0.09262   0.14816   0.05624   0.24920   0.17342   6.69577   1.70595   1.12690   1.79896   0.93237  
 32  0.5007   2130.427000  x:  0.15729   0.00109   0.16144   0.02392   0.03827   0.02664   0.04325   0.01315   0.08844   0.10942   0.02718   0.19961   0.00000   0.15450   0.04896   0.04885   0.01450   0.07870   0.06151   0.09431   0.14920   0.05409   0.24289   0.17591   7.22525   1.67442   1.11898   1.82537   0.89812  
 33  0.3546   2130.197721  x:  0.15741   0.00523   0.16342   0.02383   0.03721   0.02482   0.04289   0.01163   0.08846   0.11251   0.02899   0.19736   0.00000   0.15771   0.04413   0.04820   0.01559   0.07815   0.06140   0.09583   0.14901   0.05399   0.24610   0.17603   7.53186   1.65585   1.10332   1.81767   0.88583  
 34  0.2747   2130.126842  x:  0.15713   0.00440   0.16579   0.02323   0.03770   0.02457   0.04373   0.01194   0.08857   0.11063   0.02860   0.19738   0.00000   0.16041   0.04697   0.04908   0.01479   0.07631   0.06204   0.09634   0.14787   0.05399   0.24962   0.17575   7.70977   1.65137   1.09048   1.78417   0.88354  
 35  0.1282   2130.115337  x:  0.15774   0.00382   0.16575   0.02422   0.03766   0.02463   0.04374   0.01195   0.08873   0.11036   0.02842   0.19885   0.00000   0.15965   0.04577   0.04927   0.01536   0.07701   0.06207   0.09564   0.14900   0.05470   0.24970   0.17636   7.76326   1.64616   1.08800   1.77509   0.88600  
 36  0.0595   2130.112718  x:  0.15788   0.00402   0.16526   0.02394   0.03768   0.02476   0.04359   0.01206   0.08877   0.11053   0.02852   0.19926   0.00000   0.15941   0.04628   0.04924   0.01536   0.07745   0.06203   0.09545   0.14938   0.05483   0.24947   0.17650   7.78716   1.64256   1.08773   1.77399   0.89012  
 37  0.0225   2130.112383  x:  0.15789   0.00402   0.16529   0.02397   0.03770   0.02480   0.04357   0.01207   0.08869   0.11052   0.02851   0.19889   0.00000   0.15962   0.04618   0.04915   0.01545   0.07725   0.06202   0.09553   0.14913   0.05467   0.24931   0.17651   7.79335   1.64223   1.08731   1.77374   0.89159  
 38  0.0058   2130.112370  x:  0.15789   0.00402   0.16535   0.02398   0.03771   0.02480   0.04360   0.01208   0.08871   0.11052   0.02851   0.19895   0.00000   0.15957   0.04618   0.04914   0.01545   0.07726   0.06202   0.09555   0.14916   0.05463   0.24933   0.17651   7.79333   1.64241   1.08727   1.77375   0.89170  
 39  0.0002   2130.112370  x:  0.15789   0.00402   0.16536   0.02397   0.03771   0.02480   0.04360   0.01208   0.08871   0.11052   0.02851   0.19896   0.00000   0.15958   0.04618   0.04914   0.01546   0.07727   0.06202   0.09555   0.14916   0.05463   0.24933   0.17651   7.79328   1.64242   1.08727   1.77375   0.89169  
 40  0.0001   2130.112370  x:  0.15789   0.00402   0.16536   0.02397   0.03771   0.02480   0.04360   0.01208   0.08871   0.11053   0.02851   0.19896   0.00000   0.15958   0.04618   0.04914   0.01546   0.07727   0.06202   0.09555   0.14916   0.05463   0.24933   0.17651   7.79323   1.64242   1.08728   1.77375   0.89169  
 41  0.0000   2130.112370  x:  0.15789   0.00402   0.16536   0.02397   0.03771   0.02480   0.04360   0.01208   0.08871   0.11053   0.02851   0.19896   0.00000   0.15958   0.04618   0.04914   0.01546   0.07727   0.06202   0.09555   0.14916   0.05463   0.24933   0.17651   7.79323   1.64241   1.08728   1.77374   0.89169  
 42  0.0000   2130.112370  x:  0.15789   0.00402   0.16536   0.02397   0.03771   0.02480   0.04360   0.01208   0.08871   0.11053   0.02851   0.19896   0.00000   0.15958   0.04618   0.04914   0.01546   0.07727   0.06202   0.09555   0.14916   0.05463   0.24933   0.17651   7.79323   1.64241   1.08728   1.77374   0.89169  
 43  0.0000   2130.112370  x:  0.15789   0.00402   0.16536   0.02397   0.03771   0.02480   0.04360   0.01208   0.08871   0.11053   0.02851   0.19896   0.00000   0.15958   0.04618   0.04914   0.01546   0.07727   0.06202   0.09555   0.14916   0.05463   0.24933   0.17651   7.79323   1.64241   1.08728   1.77374   0.89169  
 44  0.0000   2130.112370  x:  0.15789   0.00402   0.16536   0.02397   0.03771   0.02480   0.04360   0.01208   0.08871   0.11053   0.02851   0.19896   0.00000   0.15958   0.04618   0.04914   0.01546   0.07727   0.06202   0.09555   0.14916   0.05463   0.24933   0.17651   7.79323   1.64241   1.08728   1.77374   0.89169  