

TREE # 1

  0  0.0000   1859.735902  x:  0.01972   0.20925   0.02571   0.03211   0.02495   0.05815   0.02188   0.05666   0.08536   0.02661   0.17168   0.01972   0.20925   0.02571   0.03211   0.02495   0.05815   0.02188   0.05666   0.08536   0.02661   0.17168   0.21568   8.40433   1.97842   1.19065   1.63024   1.00000  
  1 99.0000   1846.040488  x:  0.00000   0.20321   0.01458   0.03606   0.02170   0.06870   0.03054   0.05939   0.08624   0.01559   0.16848   0.00237   0.20281   0.01226   0.03351   0.00954   0.05888   0.03377   0.04624   0.08981   0.04246   0.17279   0.22106   8.40430   1.97844   1.18828   1.63174   1.00003  
  2 352.1960   1845.412062  x:  0.00000   0.20242   0.01446   0.03612   0.02161   0.06917   0.03006   0.05955   0.08633   0.01555   0.16817   0.00000   0.20196   0.01102   0.03354   0.00891   0.05889   0.03313   0.04534   0.09014   0.04216   0.17293   0.22171   8.40430   1.97844   1.18795   1.63195   1.00004  
  3 286.8424   1842.581590  x:  0.00000   0.17199   0.01605   0.03678   0.02188   0.07830   0.03011   0.06258   0.08863   0.01628   0.15975   0.00000   0.17048   0.00404   0.03770   0.02896   0.06052   0.03031   0.02293   0.09866   0.04539   0.17846   0.24504   8.40409   1.97856   1.17471   1.64028   1.00056  
  4 155.1928   1840.509175  x:  0.00000   0.13446   0.01268   0.03624   0.02046   0.08204   0.02768   0.06356   0.09006   0.01402   0.15145   0.00000   0.13151   0.01909   0.03846   0.02306   0.06235   0.02632   0.02857   0.10448   0.04479   0.18514   0.27189   8.40379   1.97862   1.15601   1.65214   1.00133  
  5 147.9183   1839.894720  x:  0.00000   0.12260   0.01861   0.03592   0.02222   0.07757   0.03125   0.06194   0.08950   0.01840   0.15215   0.00000   0.11900   0.01495   0.03629   0.01997   0.06200   0.03324   0.03388   0.10247   0.04255   0.18811   0.28081   8.40361   1.97864   1.14607   1.65845   1.00169  
  6 99.3040   1839.510759  x:  0.00000   0.11749   0.01474   0.03498   0.02206   0.06944   0.03139   0.05944   0.08781   0.01378   0.15824   0.00000   0.11354   0.01053   0.03411   0.02172   0.06005   0.03332   0.03638   0.09666   0.04257   0.19147   0.28660   8.40338   1.97866   1.13349   1.66646   1.00209  
  7 54.3411   1839.084018  x:  0.00000   0.11567   0.01365   0.03698   0.02070   0.06634   0.02996   0.05874   0.08571   0.01938   0.17156   0.00000   0.11147   0.01166   0.03558   0.01888   0.05771   0.03113   0.03331   0.08894   0.04840   0.19760   0.29380   8.40287   1.97870   1.10771   1.68292   1.00279  
  8 54.7023   1838.613024  x:  0.00000   0.11656   0.01917   0.03644   0.02297   0.07121   0.03020   0.06022   0.08507   0.01382   0.18586   0.00000   0.11212   0.01371   0.03722   0.01674   0.05841   0.03135   0.03145   0.08629   0.04606   0.20426   0.29997   8.40217   1.97861   1.07356   1.70489   1.00354  
  9 88.2188   1838.287257  x:  0.00000   0.11811   0.01431   0.03440   0.02137   0.07564   0.03142   0.06122   0.08607   0.01635   0.19197   0.00000   0.11369   0.01276   0.03594   0.01821   0.06063   0.03338   0.03386   0.09108   0.04161   0.20736   0.30155   8.40158   1.97823   1.04662   1.72259   1.00386  
 10 82.9590   1838.033080  x:  0.00000   0.11917   0.01654   0.03724   0.02032   0.07311   0.02986   0.05985   0.08786   0.01567   0.18765   0.00000   0.11523   0.01130   0.03288   0.01908   0.06035   0.03172   0.03633   0.09944   0.04558   0.20575   0.29715   8.40091   1.97710   1.02113   1.74033   1.00360  
 11 46.1736   1837.816307  x:  0.00000   0.11941   0.01525   0.03525   0.02408   0.06903   0.03060   0.05887   0.08771   0.01587   0.17755   0.00000   0.11594   0.01241   0.03611   0.01746   0.05795   0.03242   0.03324   0.10060   0.04482   0.20106   0.28958   8.40020   1.97526   0.99816   1.75745   1.00285  
 12 52.1752   1837.707046  x:  0.00000   0.11921   0.01592   0.03508   0.01998   0.06994   0.03086   0.05940   0.08642   0.01545   0.17064   0.00000   0.11574   0.01263   0.03572   0.01766   0.05801   0.03288   0.03236   0.09599   0.04386   0.19737   0.28476   8.39975   1.97372   0.98702   1.76678   1.00212  
 13 42.2864   1837.676677  x:  0.00000   0.11912   0.01545   0.03588   0.02153   0.07166   0.03067   0.05984   0.08588   0.01568   0.16850   0.00000   0.11550   0.01211   0.03478   0.01823   0.05875   0.03236   0.03327   0.09350   0.04441   0.19591   0.28329   8.39955   1.97287   0.98415   1.76996   1.00168  
 14 22.7817   1837.666560  x:  0.00000   0.11928   0.01563   0.03479   0.02146   0.07206   0.02996   0.05948   0.08625   0.01569   0.16874   0.00000   0.11515   0.01164   0.03575   0.01837   0.05921   0.03241   0.03392   0.09329   0.04515   0.19479   0.28332   8.39922   1.97102   0.98498   1.77273   1.00062  
 15  3.7206   1837.605248  x:  0.00000   0.12020   0.01545   0.03596   0.02131   0.07198   0.03156   0.05841   0.08800   0.01564   0.17133   0.00000   0.11349   0.01180   0.03582   0.01783   0.06001   0.03166   0.03331   0.09365   0.04456   0.18855   0.28430   8.39670   1.95731   0.99295   1.79221   0.99273  
 16 13.4872   1837.571077  x:  0.00000   0.11998   0.01528   0.03583   0.02159   0.07177   0.02966   0.06006   0.08710   0.01558   0.17161   0.00000   0.11393   0.01219   0.03444   0.01765   0.05899   0.03321   0.03273   0.09413   0.04452   0.18805   0.28488   8.39517   1.94970   0.99776   1.80314   0.98815  
 17 26.4049   1837.533637  x:  0.00000   0.11912   0.01552   0.03522   0.02142   0.07195   0.03107   0.06143   0.08504   0.01562   0.17028   0.00000   0.11575   0.01163   0.03503   0.01762   0.05777   0.03209   0.03365   0.09459   0.04495   0.19138   0.28538   8.39331   1.94175   1.00320   1.81496   0.98297  
 18 24.1275   1837.511683  x:  0.00000   0.11893   0.01532   0.03622   0.02140   0.07196   0.03052   0.05945   0.08528   0.01554   0.16883   0.00000   0.11668   0.01164   0.03566   0.01747   0.05914   0.03261   0.03348   0.09421   0.04462   0.19518   0.28527   8.39207   1.93797   1.00619   1.82126   0.97999  
 19 15.5446   1837.502453  x:  0.00000   0.11941   0.01541   0.03522   0.02151   0.07190   0.03082   0.05926   0.08657   0.01561   0.16842   0.00000   0.11622   0.01182   0.03463   0.01720   0.05953   0.03238   0.03303   0.09384   0.04495   0.19677   0.28480   8.39140   1.93749   1.00711   1.82307   0.97889  
 20  5.8818   1837.479587  x:  0.00000   0.12085   0.01522   0.03608   0.02135   0.07180   0.03068   0.06102   0.08904   0.01552   0.16836   0.00000   0.11383   0.01149   0.03553   0.01723   0.05854   0.03258   0.03354   0.09339   0.04484   0.19907   0.28301   8.38937   1.93889   1.00852   1.82557   0.97655  
 21  4.7748   1837.294914  x:  0.00000   0.12156   0.01489   0.03579   0.02122   0.07463   0.03072   0.05837   0.08261   0.01533   0.17261   0.00000   0.10454   0.01097   0.03508   0.01528   0.05749   0.03273   0.03260   0.09615   0.04550   0.20278   0.27223   8.37210   1.95958   1.01626   1.83757   0.96006  
 22  7.2860   1836.827572  x:  0.00000   0.10889   0.01391   0.03637   0.02074   0.07347   0.03143   0.06415   0.08503   0.01471   0.17713   0.00000   0.10794   0.00899   0.03618   0.00962   0.06486   0.03297   0.03100   0.09714   0.04720   0.20185   0.26382   8.32832   2.01475   1.03306   1.86454   0.92179  
 23 37.0542   1836.470681  x:  0.00000   0.10809   0.01303   0.03662   0.02031   0.07872   0.03145   0.05913   0.08939   0.01438   0.17345   0.00000   0.11250   0.00776   0.03502   0.00649   0.05558   0.03422   0.03181   0.09615   0.04767   0.19903   0.27103   8.29492   2.05634   1.04488   1.88414   0.89611  
 24 64.1183   1836.317440  x:  0.00000   0.11611   0.01284   0.03671   0.02024   0.07702   0.03179   0.06082   0.08626   0.01422   0.16830   0.00000   0.11145   0.00731   0.03526   0.00466   0.05875   0.03448   0.03173   0.09642   0.04830   0.19773   0.28007   8.28009   2.07346   1.04966   1.89240   0.88849  
 25 35.0837   1836.160865  x:  0.00000   0.11407   0.01242   0.03685   0.02010   0.07817   0.03187   0.06084   0.08681   0.01399   0.16863   0.00000   0.11109   0.00642   0.03532   0.00306   0.05844   0.03468   0.03136   0.09698   0.04885   0.19815   0.27694   8.26263   2.06708   1.05497   1.89695   0.93677  
 26  3.7653   1835.755271  x:  0.00000   0.11594   0.01093   0.03756   0.01949   0.08116   0.03214   0.06178   0.08723   0.01288   0.16675   0.00000   0.11154   0.00294   0.03545   0.00396   0.05891   0.03526   0.03041   0.09877   0.05094   0.19771   0.28226   8.19623   1.94136   0.99554   1.78840   0.93999  
 27  0.8658   1835.647581  x:  0.00000   0.11826   0.01047   0.03778   0.01923   0.08232   0.03210   0.06211   0.08702   0.01242   0.16267   0.00000   0.11291   0.00239   0.03538   0.00534   0.05902   0.03535   0.02977   0.09929   0.05158   0.19591   0.28508   8.16628   1.98886   1.02221   1.82591   0.97198  
 28  0.7082   1835.568016  x:  0.00000   0.12031   0.01062   0.03821   0.01898   0.08450   0.03169   0.06269   0.08735   0.01208   0.15999   0.00000   0.11494   0.00434   0.03546   0.00566   0.05909   0.03497   0.02832   0.10043   0.05211   0.19455   0.28797   8.12131   1.96550   1.01295   1.80066   0.98060  
 29  0.1962   1835.541514  x:  0.00000   0.12171   0.01181   0.03848   0.01903   0.08626   0.03093   0.06310   0.08769   0.01248   0.15901   0.00000   0.11691   0.00376   0.03537   0.00555   0.05917   0.03415   0.02765   0.10102   0.05192   0.19353   0.28909   8.06438   1.96079   1.01088   1.79027   0.97684  
 30  0.0839   1835.537476  x:  0.00000   0.12202   0.01126   0.03850   0.01905   0.08701   0.03072   0.06326   0.08778   0.01239   0.15946   0.00000   0.11746   0.00364   0.03533   0.00547   0.05930   0.03382   0.02770   0.10120   0.05174   0.19350   0.28891   8.03572   1.96181   1.01123   1.79046   0.97348  
 31  0.0364   1835.537283  x:  0.00000   0.12195   0.01129   0.03847   0.01906   0.08712   0.03077   0.06326   0.08773   0.01237   0.15960   0.00000   0.11729   0.00364   0.03535   0.00547   0.05932   0.03382   0.02781   0.10114   0.05165   0.19363   0.28857   8.02721   1.96241   1.01192   1.79205   0.97356  
 32  0.0084   1835.537272  x:  0.00000   0.12194   0.01128   0.03846   0.01906   0.08713   0.03079   0.06326   0.08772   0.01239   0.15955   0.00000   0.11726   0.00364   0.03536   0.00546   0.05932   0.03384   0.02778   0.10112   0.05164   0.19361   0.28855   8.02425   1.96237   1.01188   1.79194   0.97354  
 33  0.0032   1835.537271  x:  0.00000   0.12194   0.01129   0.03846   0.01906   0.08713   0.03079   0.06326   0.08772   0.01239   0.15955   0.00000   0.11726   0.00364   0.03535   0.00546   0.05932   0.03384   0.02778   0.10113   0.05164   0.19361   0.28856   8.02330   1.96235   1.01184   1.79185   0.97352  
 34  0.0011   1835.537271  x:  0.00000   0.12194   0.01129   0.03846   0.01906   0.08713   0.03079   0.06326   0.08772   0.01239   0.15955   0.00000   0.11726   0.00364   0.03535   0.00546   0.05932   0.03384   0.02778   0.10113   0.05164   0.19361   0.28857   8.02306   1.96234   1.01184   1.79184   0.97352  
 35  0.0003   1835.537271  x:  0.00000   0.12194   0.01129   0.03846   0.01906   0.08712   0.03079   0.06326   0.08772   0.01239   0.15955   0.00000   0.11726   0.00364   0.03535   0.00546   0.05932   0.03384   0.02778   0.10113   0.05164   0.19361   0.28857   8.02300   1.96234   1.01185   1.79185   0.97351  
 36  0.0000   1835.537271  x:  0.00000   0.12194   0.01129   0.03846   0.01906   0.08712   0.03079   0.06326   0.08772   0.01239   0.15955   0.00000   0.11726   0.00364   0.03535   0.00546   0.05932   0.03384   0.02778   0.10113   0.05164   0.19361   0.28857   8.02301   1.96234   1.01185   1.79185   0.97351  

TREE # 2

  0  0.0000   2213.108797  x:  0.00000   0.12194   0.01129   0.03846   0.01906   0.08712   0.03079   0.06326   0.08772   0.01239   0.15955   0.00000   0.11726   0.00364   0.03535   0.00546   0.05932   0.03384   0.02778   0.10113   0.05164   0.19361   0.28857   8.02301   1.92244   0.91643   1.62508   0.97351  
  1 99.0000   1993.194411  x:  0.34280   0.12658   0.05783   0.04928   0.02529   0.08397   0.03837   0.06233   0.08520   0.01860   0.15804   0.21486   0.12173   0.09206   0.05141   0.00998   0.05646   0.03963   0.02891   0.09978   0.04920   0.19167   0.28545   8.02302   1.92227   0.91664   1.62525   0.97357  
  2 17762.5895   1938.806667  x:  0.34270   0.10506   0.11185   0.08219   0.04907   0.06311   0.07400   0.05265   0.06933   0.00000   0.14289   0.19753   0.09951   0.10980   0.08455   0.01461   0.03793   0.06833   0.03508   0.09119   0.03354   0.17918   0.26510   8.02306   1.92076   0.91959   1.62585   0.97326  
  3 715.3385   1909.809991  x:  0.35381   0.06835   0.11577   0.08502   0.03341   0.02723   0.06883   0.03967   0.04721   0.00000   0.12049   0.17667   0.06099   0.12483   0.09160   0.00079   0.01167   0.06452   0.03352   0.07950   0.01275   0.15982   0.23048   8.02313   1.91819   0.92481   1.62667   0.97258  
  4 509.5941   1900.006984  x:  0.35856   0.05277   0.11674   0.08578   0.02666   0.01209   0.06623   0.03432   0.03799   0.00000   0.11106   0.16787   0.04464   0.13099   0.09414   0.00281   0.00115   0.06257   0.03282   0.07463   0.00426   0.15168   0.21581   8.02315   1.91711   0.92700   1.62703   0.97229  
  5 9667.4839   1893.612543  x:  0.36167   0.04256   0.11739   0.08623   0.02331   0.00270   0.06478   0.03118   0.03238   0.00000   0.10505   0.16218   0.03393   0.13483   0.09561   0.00334   0.00352   0.06156   0.03268   0.07162   0.00000   0.14653   0.20629   8.02317   1.91644   0.92838   1.62726   0.97211  
  6 2639.3342   1882.376512  x:  0.36840   0.02108   0.11707   0.08578   0.02447   0.00000   0.06234   0.02794   0.02452   0.00000   0.09370   0.15086   0.01139   0.14125   0.09641   0.00352   0.00366   0.05956   0.03310   0.06688   0.00807   0.13738   0.18712   8.02320   1.91519   0.93088   1.62783   0.97172  
  7 1087.1063   1876.433750  x:  0.37178   0.01024   0.11699   0.08563   0.02453   0.00103   0.06110   0.02625   0.02056   0.00000   0.08796   0.14512   0.00000   0.14456   0.09690   0.00366   0.00395   0.05856   0.03323   0.06443   0.01015   0.13264   0.17737   8.02322   1.91456   0.93216   1.62812   0.97153  
  8 14220.0364   1872.792642  x:  0.37495   0.00000   0.11652   0.08492   0.02614   0.00095   0.06068   0.02693   0.02164   0.00000   0.08378   0.14015   0.00000   0.14678   0.09637   0.00366   0.00394   0.05814   0.03326   0.06316   0.01020   0.12869   0.16838   8.02323   1.91407   0.93309   1.62842   0.97138  
  9 1720.7768   1864.393322  x:  0.39735   0.00000   0.12089   0.08095   0.00908   0.00176   0.06963   0.03375   0.03090   0.00000   0.06943   0.10541   0.00000   0.15687   0.08852   0.00388   0.00433   0.06520   0.03417   0.06578   0.01912   0.10706   0.10132   8.02327   1.91155   0.93751   1.63127   0.97065  
 10 772.4760   1861.493937  x:  0.41081   0.00000   0.12249   0.07665   0.00681   0.00176   0.07464   0.03421   0.02904   0.01962   0.06951   0.08589   0.00000   0.15953   0.08035   0.00383   0.00424   0.06944   0.03372   0.07217   0.02106   0.09784   0.06034   8.02328   1.91047   0.93908   1.63330   0.97034  
 11 948.0186   1858.174789  x:  0.42285   0.00000   0.12351   0.07186   0.00876   0.00151   0.07877   0.03258   0.02386   0.01717   0.07373   0.06903   0.00000   0.16016   0.07148   0.00370   0.00399   0.07311   0.03290   0.08023   0.02105   0.09203   0.02453   8.02328   1.90976   0.93982   1.63532   0.97020  
 12 702.9013   1857.167690  x:  0.43936   0.00000   0.13103   0.06699   0.00904   0.00161   0.07558   0.03018   0.02461   0.01712   0.07993   0.04159   0.00000   0.16221   0.06835   0.00372   0.00400   0.07056   0.03481   0.08501   0.02095   0.09006   0.02932   8.02324   1.90891   0.93987   1.63980   0.97012  
 13 58.9052   1857.116444  x:  0.44016   0.00000   0.13203   0.06635   0.00905   0.00153   0.07532   0.03383   0.02296   0.01710   0.08030   0.03999   0.00000   0.16257   0.06801   0.00372   0.00401   0.07043   0.03331   0.08413   0.02080   0.09101   0.02954   8.02322   1.90864   0.93969   1.64187   0.97006  
 14 19.4583   1856.968047  x:  0.43926   0.00000   0.13646   0.06257   0.00890   0.00163   0.07478   0.03286   0.02454   0.01720   0.08218   0.03904   0.00000   0.16538   0.06515   0.00376   0.00409   0.06966   0.03273   0.07581   0.02090   0.09811   0.02767   8.02302   1.90627   0.93811   1.66091   0.96950  
 15 11.3793   1856.618630  x:  0.43522   0.00000   0.13878   0.05675   0.00948   0.00157   0.07800   0.03453   0.02312   0.01729   0.07999   0.04011   0.00000   0.17371   0.05491   0.00374   0.00390   0.07270   0.03913   0.07495   0.02017   0.09671   0.03028   8.02242   1.89994   0.93435   1.71662   0.96763  
 16 32.8310   1856.181003  x:  0.42961   0.00000   0.14259   0.05150   0.01001   0.00172   0.07721   0.03308   0.02541   0.01735   0.07939   0.04224   0.00000   0.18239   0.05445   0.00387   0.00424   0.07268   0.03107   0.08196   0.02118   0.09199   0.03145   8.02163   1.89335   0.93008   1.78543   0.96512  
 17 109.0841   1856.016071  x:  0.42834   0.00000   0.14355   0.05539   0.00990   0.00174   0.07344   0.03525   0.02626   0.01737   0.08107   0.04296   0.00000   0.18165   0.05849   0.00391   0.00430   0.06851   0.03469   0.08533   0.02143   0.09206   0.02943   8.02126   1.89279   0.92934   1.81162   0.96390  
 18 52.1092   1855.722255  x:  0.43358   0.00000   0.13312   0.06923   0.01006   0.00164   0.07638   0.03486   0.02716   0.01753   0.07954   0.03986   0.00000   0.16554   0.06409   0.00392   0.00436   0.06975   0.03293   0.08278   0.02146   0.09393   0.02956   8.02046   1.89878   0.93375   1.85364   0.96078  
 19 28.2971   1855.609545  x:  0.43525   0.00000   0.13068   0.06652   0.01016   0.00165   0.07766   0.03528   0.02694   0.01758   0.07898   0.03962   0.00000   0.15736   0.07027   0.00390   0.00431   0.07182   0.03466   0.08143   0.02135   0.09332   0.02948   8.02013   1.90369   0.93792   1.86747   0.95941  
 20 34.4719   1855.338903  x:  0.43423   0.00000   0.13871   0.06657   0.01042   0.00171   0.07489   0.03571   0.02788   0.01757   0.07800   0.04251   0.00000   0.14438   0.06636   0.00395   0.00440   0.07098   0.03384   0.07969   0.02176   0.08772   0.02990   8.01928   1.92778   0.95939   1.88688   0.95565  
 21 16.0485   1853.750894  x:  0.42098   0.00000   0.13492   0.06822   0.01280   0.00209   0.08617   0.04104   0.03475   0.01792   0.08454   0.04359   0.00000   0.15121   0.06927   0.00449   0.00517   0.06620   0.03479   0.08697   0.02258   0.10128   0.03247   8.01365   2.10761   1.10584   1.98480   0.93251  
 22 47.9233   1853.552763  x:  0.41934   0.00000   0.13370   0.06993   0.01309   0.00219   0.07894   0.04173   0.03596   0.01797   0.08649   0.04334   0.00000   0.15365   0.06978   0.00457   0.00518   0.07539   0.03527   0.08660   0.02288   0.10216   0.03245   8.01291   2.13119   1.11773   1.99516   0.93114  
 23 55.7183   1852.600830  x:  0.41343   0.00000   0.13387   0.07005   0.01411   0.00228   0.08224   0.04365   0.03846   0.01820   0.09110   0.04187   0.00000   0.16000   0.07051   0.00478   0.00548   0.07309   0.03523   0.07249   0.02470   0.08549   0.03197   8.00834   2.27118   1.07938   2.02421   0.94849  
 24 17.0686   1852.126321  x:  0.41175   0.00000   0.13915   0.06755   0.01460   0.00232   0.08079   0.04284   0.03930   0.01878   0.07288   0.04062   0.00000   0.15822   0.06865   0.00481   0.00552   0.07320   0.03543   0.07873   0.02413   0.09469   0.03157   8.00600   2.33853   1.05710   2.03661   0.95871  
 25 69.1216   1846.888708  x:  0.40266   0.00000   0.14965   0.08654   0.02142   0.00230   0.08146   0.04254   0.03947   0.01992   0.05044   0.04170   0.00000   0.16595   0.09013   0.00619   0.00726   0.07316   0.03702   0.05462   0.02805   0.09254   0.03546   7.97212   2.03900   1.06277   1.83137   1.23920  
 26  2.0018   1844.573650  x:  0.39591   0.00000   0.15877   0.09007   0.02419   0.00247   0.08217   0.04198   0.03943   0.01959   0.04240   0.04136   0.00000   0.17239   0.09499   0.00669   0.00793   0.07328   0.03800   0.04603   0.02824   0.09060   0.03669   7.96850   1.89017   0.97981   1.70224   0.96088  
 27  8.3904   1842.677490  x:  0.36723   0.00000   0.16348   0.09817   0.02764   0.00281   0.09045   0.04693   0.04591   0.01722   0.06130   0.03995   0.00000   0.16027   0.10105   0.00748   0.00879   0.07853   0.03944   0.05793   0.02828   0.09320   0.03554   7.98030   1.71469   0.89084   1.53493   0.96190  
 28  1.0650   1837.877288  x:  0.32689   0.00000   0.19466   0.10683   0.03222   0.00249   0.09747   0.03528   0.03223   0.00866   0.06956   0.02688   0.00000   0.17854   0.11287   0.00836   0.00926   0.08431   0.03976   0.07332   0.02189   0.07911   0.02616   8.00452   1.93765   1.02535   1.80765   0.87944  
 29  1.5839   1836.477397  x:  0.29157   0.00000   0.19926   0.11939   0.03565   0.00248   0.10230   0.03366   0.02900   0.00531   0.06856   0.03988   0.00000   0.16606   0.12498   0.00896   0.00970   0.08769   0.03888   0.06958   0.01867   0.08832   0.02934   8.04387   1.99762   1.02353   1.83499   0.97240  
 30  0.2179   1836.061848  x:  0.28281   0.00000   0.19996   0.12184   0.03836   0.00289   0.10514   0.03610   0.03016   0.00472   0.05959   0.03225   0.00000   0.15783   0.12670   0.00968   0.01047   0.09011   0.03917   0.06642   0.01941   0.08756   0.03018   8.04632   1.96352   1.00483   1.78287   1.00765  
 31  0.0809   1835.870248  x:  0.28499   0.00000   0.20009   0.12116   0.04063   0.00318   0.10311   0.03526   0.02688   0.00602   0.05801   0.03312   0.00000   0.15780   0.12670   0.01024   0.01106   0.08915   0.03857   0.06030   0.01989   0.08856   0.03269   8.02615   1.94142   1.00091   1.76649   0.96826  
 32  0.0502   1835.689609  x:  0.28238   0.00000   0.19905   0.11627   0.04483   0.00385   0.10141   0.03571   0.02675   0.00519   0.05680   0.03495   0.00000   0.16200   0.12154   0.01138   0.01207   0.08848   0.03821   0.06330   0.02041   0.08470   0.02912   8.00032   1.95194   1.01275   1.78642   0.95449  
 33  0.0162   1835.583325  x:  0.28621   0.00000   0.19446   0.11554   0.04811   0.00423   0.09953   0.03530   0.02774   0.00573   0.06051   0.03290   0.00000   0.15949   0.12045   0.01210   0.01257   0.08711   0.03817   0.06240   0.01966   0.08693   0.03026   8.01682   1.97686   1.01784   1.80571   0.97564  
 34  0.0333   1835.561313  x:  0.28685   0.00000   0.19245   0.11727   0.04941   0.00424   0.10025   0.03502   0.02752   0.00545   0.05892   0.03376   0.00000   0.15797   0.12201   0.01231   0.01258   0.08714   0.03838   0.06389   0.01880   0.08759   0.03114   8.02359   1.96584   1.01324   1.79528   0.97286  
 35  0.0146   1835.552200  x:  0.28796   0.00000   0.19259   0.11712   0.05031   0.00416   0.10124   0.03536   0.02779   0.00536   0.05941   0.03409   0.00000   0.16001   0.12197   0.01240   0.01243   0.08762   0.03854   0.06280   0.01861   0.08676   0.03082   8.01907   1.95705   1.00953   1.78673   0.97474  
 36  0.0080   1835.545042  x:  0.29043   0.00000   0.19382   0.11706   0.05094   0.00397   0.10163   0.03542   0.02801   0.00567   0.05922   0.03379   0.00000   0.16063   0.12200   0.01236   0.01203   0.08801   0.03844   0.06355   0.01879   0.08733   0.03067   8.01961   1.96202   1.01003   1.78936   0.97251  
 37  0.0026   1835.541224  x:  0.29026   0.00000   0.19483   0.11750   0.05136   0.00383   0.10160   0.03523   0.02768   0.00541   0.05964   0.03369   0.00000   0.15993   0.12239   0.01233   0.01174   0.08810   0.03838   0.06333   0.01886   0.08728   0.03076   8.02314   1.96353   1.01307   1.79339   0.97250  
 38  0.0046   1835.538728  x:  0.28888   0.00000   0.19477   0.11748   0.05168   0.00375   0.10130   0.03548   0.02797   0.00548   0.05928   0.03404   0.00000   0.15919   0.12216   0.01230   0.01149   0.08791   0.03844   0.06321   0.01904   0.08696   0.03084   8.02405   1.96307   1.01303   1.79323   0.97357  
 39  0.0016   1835.537616  x:  0.28877   0.00000   0.19418   0.11712   0.05178   0.00370   0.10100   0.03532   0.02775   0.00546   0.05919   0.03385   0.00000   0.15964   0.12174   0.01228   0.01134   0.08762   0.03848   0.06325   0.01904   0.08707   0.03078   8.02363   1.96220   1.01177   1.79150   0.97424  
 40  0.0017   1835.537409  x:  0.28860   0.00000   0.19369   0.11726   0.05173   0.00368   0.10107   0.03536   0.02780   0.00546   0.05935   0.03385   0.00000   0.15955   0.12187   0.01227   0.01131   0.08766   0.03848   0.06325   0.01904   0.08718   0.03077   8.02356   1.96232   1.01160   1.79159   0.97309  
 41  0.0011   1835.537366  x:  0.28861   0.00000   0.19356   0.11729   0.05169   0.00367   0.10113   0.03536   0.02778   0.00547   0.05933   0.03384   0.00000   0.15956   0.12194   0.01228   0.01130   0.08772   0.03846   0.06327   0.01907   0.08712   0.03079   8.02314   1.96213   1.01191   1.79184   0.97363  
 42  0.0007   1835.537337  x:  0.28848   0.00000   0.19358   0.11724   0.05169   0.00366   0.10117   0.03534   0.02777   0.00546   0.05929   0.03384   0.00000   0.15958   0.12195   0.01230   0.01130   0.08778   0.03845   0.06325   0.01907   0.08711   0.03080   8.02227   1.96273   1.01185   1.79206   0.97348  
 43  0.0004   1835.537289  x:  0.28855   0.00000   0.19357   0.11719   0.05169   0.00364   0.10113   0.03534   0.02778   0.00547   0.05932   0.03385   0.00000   0.15953   0.12196   0.01236   0.01131   0.08775   0.03846   0.06325   0.01907   0.08715   0.03077   8.02264   1.96237   1.01199   1.79194   0.97348  
 44  0.0002   1835.537278  x:  0.28857   0.00000   0.19360   0.11724   0.05166   0.00363   0.10112   0.03535   0.02779   0.00546   0.05933   0.03384   0.00000   0.15955   0.12196   0.01237   0.01130   0.08772   0.03847   0.06326   0.01906   0.08711   0.03079   8.02312   1.96230   1.01180   1.79179   0.97352  
 45  0.0004   1835.537275  x:  0.28856   0.00000   0.19360   0.11728   0.05165   0.00363   0.10112   0.03536   0.02778   0.00546   0.05931   0.03384   0.00000   0.15955   0.12194   0.01238   0.01130   0.08772   0.03846   0.06325   0.01906   0.08713   0.03078   8.02310   1.96235   1.01185   1.79186   0.97354  
 46  0.0000   1835.537273  x:  0.28857   0.00000   0.19360   0.11728   0.05166   0.00363   0.10112   0.03535   0.02779   0.00547   0.05932   0.03384   0.00000   0.15956   0.12191   0.01238   0.01130   0.08772   0.03846   0.06326   0.01906   0.08712   0.03079   8.02291   1.96239   1.01188   1.79192   0.97349  
 47  0.0001   1835.537271  x:  0.28857   0.00000   0.19360   0.11727   0.05165   0.00364   0.10113   0.03535   0.02778   0.00546   0.05932   0.03384   0.00000   0.15954   0.12193   0.01239   0.01129   0.08773   0.03847   0.06326   0.01906   0.08712   0.03078   8.02298   1.96231   1.01181   1.79179   0.97353  
 48  0.0001   1835.537271  x:  0.28856   0.00000   0.19361   0.11726   0.05164   0.00364   0.10113   0.03535   0.02778   0.00546   0.05932   0.03384   0.00000   0.15956   0.12194   0.01239   0.01129   0.08772   0.03846   0.06326   0.01906   0.08713   0.03079   8.02300   1.96232   1.01184   1.79183   0.97351  
 49  0.0000   1835.537271  x:  0.28857   0.00000   0.19361   0.11726   0.05164   0.00364   0.10113   0.03535   0.02778   0.00546   0.05932   0.03384   0.00000   0.15955   0.12194   0.01239   0.01129   0.08772   0.03846   0.06326   0.01906   0.08712   0.03079   8.02301   1.96234   1.01185   1.79185   0.97351  
 50  0.0000   1835.537271  x:  0.28857   0.00000   0.19361   0.11726   0.05164   0.00364   0.10113   0.03535   0.02778   0.00546   0.05932   0.03384   0.00000   0.15955   0.12194   0.01239   0.01129   0.08772   0.03846   0.06326   0.01906   0.08712   0.03079   8.02301   1.96234   1.01185   1.79185   0.97351  
 51  0.0000   1835.537271  x:  0.28857   0.00000   0.19361   0.11726   0.05164   0.00364   0.10113   0.03535   0.02778   0.00546   0.05932   0.03384   0.00000   0.15955   0.12194   0.01239   0.01129   0.08772   0.03846   0.06326   0.01906   0.08712   0.03079   8.02301   1.96234   1.01185   1.79185   0.97351  