

TREE # 1

  0  0.0000   2012.843582  x:  0.10491   0.02212   0.21036   0.03925   0.01191   0.03255   0.05744   0.00477   0.04973   0.09248   0.03212   0.19150   0.00089   0.13807   0.03762   0.03393   0.01770   0.04468   0.01764   0.06133   0.09917   0.05971   0.19128   0.12353   2.00000   1.41072   0.84502   1.20378   0.40000  
  1 99.0000   2009.369247  x:  0.10416   0.01489   0.21296   0.03833   0.02889   0.01798   0.05688   0.01388   0.05891   0.09123   0.03124   0.19075   0.01129   0.14308   0.02586   0.03271   0.03154   0.04385   0.01976   0.05865   0.09705   0.06650   0.19026   0.12278   2.00747   1.40990   0.84724   1.20495   0.42298  
  2 194.9312   2006.490917  x:  0.10326   0.01012   0.21628   0.03728   0.02880   0.01081   0.05634   0.00354   0.06574   0.08980   0.03065   0.19003   0.00591   0.14818   0.01614   0.03210   0.03342   0.04322   0.01935   0.05617   0.09477   0.07301   0.18850   0.12188   2.01743   1.40877   0.85025   1.20654   0.45111  
  3 212.6744   2003.698498  x:  0.10232   0.00892   0.22017   0.03650   0.02510   0.01468   0.05589   0.00761   0.07146   0.08834   0.03029   0.18942   0.00000   0.15373   0.01179   0.03196   0.03230   0.04277   0.01863   0.05399   0.09247   0.07928   0.18649   0.12094   2.02950   1.40745   0.85384   1.20849   0.48333  
  4 386.8685   1998.134760  x:  0.09952   0.01682   0.23379   0.03563   0.01218   0.02547   0.05490   0.00436   0.08540   0.08413   0.03004   0.18788   0.01468   0.17316   0.02510   0.03294   0.02559   0.04207   0.01779   0.04914   0.08580   0.09707   0.18057   0.11814   2.07451   1.40276   0.86694   1.21576   0.59651  
  5 680.5823   1995.374699  x:  0.09957   0.02312   0.23814   0.04067   0.02554   0.01778   0.05666   0.00588   0.07139   0.08625   0.03269   0.18744   0.00576   0.17547   0.03823   0.03508   0.01420   0.04454   0.02012   0.05747   0.08853   0.08899   0.17827   0.11819   2.10620   1.40008   0.87560   1.22070   0.65185  
  6 203.9732   1993.589963  x:  0.10038   0.02492   0.23924   0.04284   0.02489   0.01628   0.05809   0.00544   0.05493   0.08913   0.03329   0.18715   0.00000   0.17306   0.04560   0.03558   0.02732   0.04606   0.02006   0.06403   0.09274   0.07558   0.17785   0.11900   2.13348   1.39821   0.88263   1.22479   0.68837  
  7 270.2258   1992.362535  x:  0.10199   0.01822   0.23654   0.04140   0.02055   0.01667   0.05861   0.00669   0.04418   0.09236   0.03148   0.18682   0.00683   0.16555   0.03877   0.03297   0.02348   0.04558   0.01837   0.06659   0.09789   0.05856   0.18012   0.12061   2.16203   1.39702   0.88919   1.22876   0.71048  
  8 144.2110   1991.314740  x:  0.10437   0.01909   0.22912   0.04025   0.02515   0.02330   0.05823   0.00361   0.05284   0.09561   0.03123   0.18742   0.00677   0.14996   0.03822   0.03238   0.02411   0.04452   0.02322   0.06577   0.10387   0.04898   0.18466   0.12299   2.20495   1.39646   0.89747   1.23451   0.72114  
  9 90.5329   1989.577584  x:  0.10795   0.02277   0.21502   0.03885   0.01867   0.01402   0.05755   0.00751   0.06313   0.09944   0.03184   0.18874   0.00518   0.12355   0.04254   0.03284   0.02358   0.04352   0.02126   0.06285   0.11190   0.04789   0.19278   0.12657   2.28670   1.39606   0.91234   1.24530   0.73211  
 10 253.1571   1987.285033  x:  0.11038   0.01984   0.19778   0.04047   0.02386   0.01965   0.05748   0.00525   0.05509   0.10040   0.03277   0.18998   0.00668   0.10347   0.04188   0.03340   0.02383   0.04490   0.01173   0.06070   0.11572   0.06642   0.20172   0.12900   2.40880   1.39683   0.93261   1.26109   0.73746  
 11 265.6284   1985.023272  x:  0.11125   0.01731   0.18104   0.04177   0.02078   0.02085   0.05769   0.00518   0.04322   0.09830   0.03251   0.19132   0.00821   0.09789   0.03870   0.03440   0.02312   0.04640   0.03252   0.05922   0.11441   0.08389   0.21000   0.12987   2.57046   1.39912   0.95760   1.28174   0.73719  
 12 511.6685   1971.874983  x:  0.10454   0.03845   0.14535   0.04262   0.02094   0.01821   0.06090   0.00565   0.05267   0.07920   0.02703   0.19711   0.00530   0.18578   0.02604   0.03945   0.02451   0.04567   0.02074   0.07206   0.08190   0.07042   0.22968   0.12316   3.46421   1.42092   1.08224   1.39399   0.69835  
 13 495.3528   1966.463379  x:  0.10071   0.01030   0.19334   0.03727   0.02151   0.01783   0.05572   0.00634   0.05740   0.08920   0.04605   0.19388   0.00139   0.20222   0.04251   0.02634   0.02423   0.04348   0.02024   0.05845   0.08897   0.06880   0.21548   0.11933   3.78907   1.43938   1.11253   1.43145   0.67811  
 14 427.3322   1963.483080  x:  0.09976   0.02335   0.24701   0.03765   0.02193   0.01772   0.05534   0.00595   0.05407   0.09682   0.02962   0.19020   0.00412   0.19733   0.03169   0.04111   0.02416   0.04481   0.02063   0.05082   0.10030   0.07227   0.19269   0.11838   3.99167   1.46099   1.11689   1.45113   0.66547  
 15 329.5053   1962.495749  x:  0.10140   0.02347   0.26150   0.04625   0.01950   0.01822   0.06050   0.00597   0.05802   0.08931   0.02579   0.18841   0.00625   0.18816   0.02876   0.03354   0.02438   0.04569   0.02132   0.06917   0.09413   0.07457   0.17858   0.12002   4.05972   1.47871   1.10299   1.45335   0.66341  
 16 113.7911   1961.532990  x:  0.10317   0.02284   0.26207   0.04009   0.02003   0.01826   0.05910   0.00591   0.05620   0.07720   0.03481   0.18769   0.00695   0.18027   0.02812   0.04239   0.02439   0.04366   0.02104   0.06857   0.08031   0.07062   0.16511   0.12179   4.12713   1.51125   1.06643   1.44849   0.66583  
 17 76.8365   1960.303188  x:  0.10278   0.02109   0.25325   0.03615   0.02207   0.01740   0.05659   0.00593   0.05434   0.07857   0.02251   0.18788   0.00421   0.18149   0.03347   0.03471   0.02401   0.04540   0.02054   0.05991   0.07704   0.06855   0.15813   0.12140   4.21018   1.55952   1.00783   1.43759   0.67093  
 18 127.5278   1959.331794  x:  0.10110   0.02460   0.24539   0.04570   0.02055   0.01749   0.05730   0.00589   0.05466   0.08768   0.02962   0.18843   0.00473   0.18788   0.02995   0.03249   0.02410   0.04630   0.02031   0.05681   0.08701   0.06892   0.16014   0.11972   4.28268   1.60387   0.95249   1.42561   0.67601  
 19 207.0487   1959.135038  x:  0.10040   0.02151   0.24572   0.04225   0.02022   0.01769   0.05826   0.00594   0.05581   0.08887   0.02848   0.18819   0.00446   0.18996   0.03111   0.03719   0.02396   0.04396   0.02039   0.06261   0.09151   0.07042   0.16650   0.11902   4.29764   1.61301   0.94090   1.42092   0.67712  
 20 54.0308   1959.064566  x:  0.10035   0.02358   0.24919   0.03992   0.02054   0.01761   0.05773   0.00588   0.05513   0.08642   0.02931   0.18797   0.00415   0.18956   0.03040   0.03488   0.02401   0.04485   0.02043   0.06310   0.09115   0.07055   0.17446   0.11897   4.30357   1.61580   0.93751   1.41522   0.67765  
 21 16.5023   1959.025141  x:  0.10058   0.02243   0.25114   0.04310   0.02048   0.01759   0.05786   0.00592   0.05520   0.08524   0.02827   0.18770   0.00391   0.18910   0.03099   0.03600   0.02403   0.04461   0.02039   0.06175   0.08916   0.06983   0.17904   0.11920   4.30748   1.61663   0.93661   1.40851   0.67798  
 22 13.6288   1958.873154  x:  0.10180   0.02304   0.25162   0.04161   0.02043   0.01766   0.06042   0.00589   0.05531   0.09182   0.02899   0.18806   0.00392   0.18914   0.03067   0.03603   0.02404   0.04436   0.02047   0.06252   0.08497   0.07029   0.17870   0.12042   4.32593   1.61386   0.93927   1.36304   0.67914  
 23 10.2816   1958.764087  x:  0.10151   0.02272   0.25058   0.04217   0.02037   0.01767   0.05670   0.00591   0.05557   0.08745   0.02878   0.18841   0.00390   0.19005   0.03087   0.03599   0.02404   0.04522   0.02041   0.06278   0.08986   0.07025   0.17574   0.12013   4.33966   1.60972   0.94061   1.32994   0.67995  
 24 39.0701   1958.742933  x:  0.10090   0.02287   0.25045   0.04199   0.02050   0.01764   0.05963   0.00590   0.05540   0.08583   0.02876   0.18846   0.00381   0.19003   0.03100   0.03553   0.02403   0.04383   0.02039   0.06178   0.09107   0.07016   0.17525   0.11951   4.34278   1.60631   0.93898   1.32521   0.68018  
 25  8.7457   1958.558301  x:  0.09685   0.02144   0.25079   0.04125   0.02015   0.01769   0.06284   0.00592   0.05643   0.08535   0.02889   0.18829   0.00401   0.18836   0.03111   0.03701   0.02395   0.05134   0.02029   0.06152   0.09040   0.06928   0.17454   0.11547   4.37325   1.55823   0.91065   1.29709   0.68273  
 26 11.0841   1958.222159  x:  0.09547   0.02259   0.25211   0.04186   0.02023   0.01759   0.05774   0.00583   0.05573   0.08691   0.02869   0.18812   0.00387   0.18648   0.03057   0.03562   0.02391   0.04437   0.02024   0.06249   0.08785   0.06923   0.17367   0.11408   4.42589   1.47442   0.86088   1.25078   0.68721  
 27 123.2070   1958.158651  x:  0.10156   0.02222   0.25254   0.04159   0.02018   0.01758   0.05876   0.00582   0.05590   0.08622   0.02869   0.18804   0.00373   0.18799   0.03067   0.03574   0.02387   0.04538   0.02021   0.06195   0.08891   0.06953   0.17353   0.12018   4.43621   1.45963   0.85200   1.24312   0.68818  
 28 26.9074   1952.250000  x:  0.10285   0.01637   0.25575   0.03988   0.01706   0.01708   0.05732   0.00487   0.05980   0.08917   0.02945   0.20230   0.00000   0.17913   0.02804   0.03387   0.02241   0.04376   0.01829   0.05885   0.09291   0.06658   0.17993   0.12146   4.99693   1.48280   0.90935   1.30139   0.78869  
 29  1.7207   1951.926761  x:  0.10283   0.01714   0.25362   0.03941   0.01685   0.01701   0.05711   0.00479   0.06022   0.08978   0.02988   0.17419   0.00000   0.17870   0.02810   0.03344   0.02230   0.04357   0.01814   0.05831   0.09363   0.06633   0.18037   0.12144   5.04433   1.48490   0.91453   1.30614   0.79683  
 30 39.2572   1946.239042  x:  0.10409   0.01099   0.24322   0.03823   0.02127   0.02194   0.05518   0.00709   0.07080   0.09299   0.03176   0.19779   0.00000   0.15537   0.01540   0.02987   0.02684   0.04290   0.02060   0.05201   0.09823   0.07541   0.19154   0.12269   6.77755   1.58804   0.99655   1.40382   1.03320  
 31  1.1207   1945.435983  x:  0.10434   0.01678   0.23618   0.03969   0.01850   0.01792   0.05667   0.00609   0.06632   0.09101   0.03180   0.19238   0.00000   0.16383   0.02503   0.03297   0.02580   0.04373   0.01757   0.05799   0.09606   0.07670   0.18896   0.12294   7.22272   1.56770   0.99191   1.39072   1.07452  
 32  0.3623   1945.118196  x:  0.10413   0.01636   0.23729   0.04082   0.01713   0.01809   0.05745   0.00560   0.06192   0.08903   0.02937   0.18844   0.00000   0.16721   0.01845   0.03504   0.02339   0.04388   0.01828   0.05792   0.09376   0.07713   0.18383   0.12272   7.67260   1.55028   0.97513   1.37538   1.08480  
 33  0.2842   1944.954830  x:  0.10434   0.01403   0.23722   0.03994   0.02005   0.01966   0.05689   0.00642   0.06306   0.08855   0.02870   0.19087   0.00000   0.16890   0.02059   0.03328   0.02458   0.04338   0.01979   0.05608   0.09248   0.07697   0.18488   0.12293   8.02243   1.55766   0.97294   1.37739   1.07612  
 34  0.2121   1944.843462  x:  0.10434   0.01717   0.23825   0.03949   0.01915   0.01896   0.05672   0.00648   0.06411   0.08970   0.03022   0.19302   0.00000   0.16745   0.01935   0.03198   0.02503   0.04373   0.01914   0.05687   0.09330   0.07618   0.18692   0.12293   8.29118   1.56632   0.97884   1.38429   1.04657  
 35  0.1442   1944.805275  x:  0.10437   0.01532   0.23730   0.04006   0.01824   0.01849   0.05694   0.00618   0.06386   0.08985   0.03020   0.19234   0.00000   0.16643   0.02037   0.03355   0.02471   0.04388   0.01876   0.05735   0.09405   0.07605   0.18710   0.12296   8.34956   1.56339   0.97969   1.38474   1.02707  
 36  0.0571   1944.800709  x:  0.10447   0.01553   0.23646   0.04012   0.01873   0.01880   0.05696   0.00605   0.06346   0.08973   0.02993   0.19132   0.00000   0.16556   0.02039   0.03347   0.02466   0.04363   0.01894   0.05703   0.09429   0.07620   0.18670   0.12306   8.31831   1.56074   0.97854   1.38351   1.02108  
 37  0.0263   1944.800457  x:  0.10452   0.01553   0.23625   0.04006   0.01864   0.01879   0.05696   0.00606   0.06339   0.08972   0.02989   0.19157   0.00000   0.16540   0.02038   0.03338   0.02465   0.04373   0.01893   0.05709   0.09422   0.07630   0.18684   0.12310   8.30326   1.56144   0.97833   1.38347   1.02028  
 38  0.0124   1944.800446  x:  0.10452   0.01553   0.23624   0.04007   0.01865   0.01879   0.05695   0.00607   0.06337   0.08971   0.02990   0.19159   0.00000   0.16541   0.02037   0.03341   0.02465   0.04371   0.01892   0.05709   0.09419   0.07631   0.18687   0.12311   8.30166   1.56128   0.97833   1.38344   1.02022  
 39  0.0014   1944.800446  x:  0.10451   0.01553   0.23623   0.04007   0.01865   0.01879   0.05696   0.00607   0.06337   0.08971   0.02990   0.19158   0.00000   0.16542   0.02037   0.03341   0.02466   0.04371   0.01892   0.05709   0.09419   0.07632   0.18687   0.12310   8.30182   1.56129   0.97834   1.38345   1.02020  
 40  0.0001   1944.800446  x:  0.10451   0.01553   0.23623   0.04007   0.01865   0.01879   0.05695   0.00607   0.06337   0.08971   0.02990   0.19158   0.00000   0.16542   0.02037   0.03341   0.02465   0.04371   0.01892   0.05709   0.09419   0.07632   0.18687   0.12310   8.30186   1.56130   0.97834   1.38345   1.02020  
 41  0.0000   1944.800446  x:  0.10451   0.01553   0.23623   0.04007   0.01865   0.01879   0.05695   0.00607   0.06337   0.08971   0.02990   0.19158   0.00000   0.16542   0.02037   0.03341   0.02465   0.04371   0.01892   0.05709   0.09419   0.07632   0.18687   0.12310   8.30186   1.56130   0.97834   1.38345   1.02020  