

TREE # 1

  0  0.0000   2071.353360  x:  0.01972   0.20925   0.02571   0.03211   0.02495   0.05815   0.02188   0.05666   0.08536   0.02661   0.17168   0.01972   0.20925   0.02571   0.03211   0.02495   0.05815   0.02188   0.05666   0.08536   0.02661   0.17168   0.21568   8.40433   1.63900   1.23914   1.42652   1.00000  
  1 99.0000   2055.847652  x:  0.01412   0.21443   0.02192   0.06166   0.03779   0.04791   0.01810   0.04853   0.12824   0.03696   0.16807   0.00000   0.21573   0.01703   0.01472   0.03250   0.06098   0.02616   0.07373   0.09766   0.02608   0.16730   0.21254   8.40402   1.63921   1.23612   1.42924   1.00071  
  2 355.2598   2053.592456  x:  0.01775   0.22303   0.01591   0.04978   0.02707   0.03844   0.02357   0.04046   0.14957   0.03558   0.16276   0.00000   0.22760   0.02904   0.01247   0.02607   0.06254   0.01981   0.07934   0.10863   0.02536   0.16173   0.20733   8.40341   1.63970   1.23058   1.43409   1.00191  
  3 122.1476   2052.806625  x:  0.01845   0.23180   0.02080   0.03958   0.02782   0.03780   0.01991   0.04042   0.15836   0.03330   0.15700   0.00000   0.23938   0.02646   0.01840   0.02814   0.06278   0.02585   0.07896   0.11446   0.02410   0.15614   0.20210   8.40268   1.64031   1.22413   1.43973   1.00331  
  4 83.7720   2052.077666  x:  0.01828   0.24602   0.02258   0.03839   0.02962   0.04282   0.02081   0.04516   0.15935   0.02883   0.14743   0.00000   0.25815   0.02048   0.01472   0.02663   0.06190   0.01960   0.07374   0.11764   0.02564   0.14717   0.19396   8.40125   1.64152   1.21185   1.45040   1.00595  
  5 71.5451   2051.566176  x:  0.01838   0.25903   0.02018   0.04527   0.02636   0.04377   0.02194   0.04659   0.15426   0.03040   0.13914   0.00000   0.27487   0.02441   0.01495   0.02742   0.06124   0.02457   0.07069   0.11676   0.02620   0.13939   0.18755   8.39957   1.64293   1.19814   1.46231   1.00887  
  6 86.2360   2051.332879  x:  0.01834   0.26481   0.01854   0.04546   0.02961   0.04013   0.01938   0.04361   0.14932   0.03391   0.13661   0.00000   0.28179   0.02508   0.01601   0.02823   0.06156   0.02193   0.07397   0.11331   0.02375   0.13686   0.18666   8.39821   1.64407   1.18803   1.47111   1.01104  
  7 49.8464   2051.189804  x:  0.01790   0.26714   0.01951   0.04397   0.02923   0.03861   0.02167   0.04105   0.14715   0.03411   0.13701   0.00000   0.28417   0.02253   0.01364   0.02772   0.06211   0.02372   0.07782   0.11000   0.02538   0.13694   0.18873   8.39669   1.64533   1.17780   1.48005   1.01326  
  8 37.0752   2050.942643  x:  0.01702   0.26826   0.01961   0.04574   0.02656   0.04086   0.02035   0.04142   0.14918   0.03045   0.14060   0.00000   0.28427   0.02202   0.01725   0.02753   0.06261   0.02215   0.08149   0.10644   0.02717   0.13947   0.19571   8.39283   1.64843   1.15380   1.50115   1.01854  
  9 44.8024   2050.698841  x:  0.01715   0.26716   0.01963   0.04425   0.02889   0.04209   0.02044   0.04481   0.15152   0.03084   0.14436   0.00000   0.28150   0.02526   0.01435   0.02733   0.06197   0.02335   0.07836   0.10641   0.02377   0.14227   0.20204   8.38835   1.65185   1.12816   1.52405   1.02429  
 10 76.5695   2050.591324  x:  0.01660   0.26461   0.01958   0.04420   0.02786   0.03976   0.02085   0.04387   0.15155   0.03377   0.14461   0.00000   0.27790   0.02343   0.01512   0.02824   0.06119   0.02244   0.07377   0.10956   0.02523   0.14261   0.20219   8.38570   1.65359   1.11631   1.53532   1.02716  
 11 41.5090   2050.541283  x:  0.01687   0.26185   0.01820   0.04455   0.02854   0.03943   0.02006   0.04213   0.15056   0.03193   0.14332   0.00000   0.27462   0.02271   0.01506   0.02692   0.06119   0.02326   0.07334   0.11192   0.02509   0.14176   0.19941   8.38380   1.65455   1.11095   1.54132   1.02872  
 12 23.8156   2050.498587  x:  0.01751   0.25850   0.02013   0.04486   0.02846   0.04030   0.02069   0.04187   0.14981   0.03158   0.14130   0.00000   0.27091   0.02362   0.01495   0.02780   0.06153   0.02273   0.07521   0.11342   0.02466   0.14040   0.19489   8.38147   1.65556   1.10663   1.54718   1.03027  
 13 25.0255   2050.483878  x:  0.01755   0.25711   0.01927   0.04422   0.02807   0.04043   0.02023   0.04335   0.15023   0.03236   0.14055   0.00000   0.26965   0.02337   0.01481   0.02767   0.06158   0.02285   0.07606   0.11250   0.02514   0.13995   0.19261   8.38005   1.65603   1.10579   1.54954   1.03090  
 14 11.7111   2050.475463  x:  0.01766   0.25637   0.01921   0.04430   0.02838   0.04005   0.02105   0.04345   0.15105   0.03222   0.14043   0.00000   0.26931   0.02318   0.01540   0.02739   0.06143   0.02286   0.07559   0.11090   0.02480   0.13999   0.19115   8.37842   1.65649   1.10619   1.55134   1.03138  
 15  6.7409   2050.465316  x:  0.01779   0.25570   0.01972   0.04430   0.02807   0.03983   0.02029   0.04276   0.15179   0.03185   0.14064   0.00000   0.26928   0.02341   0.01487   0.02758   0.06128   0.02279   0.07466   0.10918   0.02488   0.14029   0.18973   8.37577   1.65721   1.10743   1.55382   1.03204  
 16 10.4554   2050.414804  x:  0.01701   0.25422   0.01843   0.04375   0.02929   0.04206   0.02082   0.04114   0.15224   0.03253   0.14325   0.00000   0.27116   0.02400   0.01499   0.02883   0.06176   0.02281   0.07448   0.10955   0.02614   0.14276   0.18706   8.35825   1.66202   1.11798   1.56813   1.03581  
 17  9.3086   2050.307393  x:  0.01653   0.25184   0.01940   0.04480   0.02799   0.04222   0.02032   0.04165   0.15199   0.03389   0.14791   0.00000   0.27462   0.02265   0.01500   0.02664   0.06222   0.02297   0.07548   0.11201   0.02408   0.14690   0.18363   8.32046   1.67261   1.14087   1.59819   1.04371  
 18 84.0672   2050.227495  x:  0.01717   0.25091   0.01953   0.04541   0.02861   0.03853   0.02041   0.04416   0.15160   0.03157   0.14897   0.00000   0.27548   0.02297   0.01466   0.02828   0.06158   0.02292   0.07626   0.11345   0.02521   0.14751   0.18375   8.29163   1.68118   1.15798   1.61996   1.04940  
 19 82.7571   2050.036331  x:  0.01603   0.25235   0.01977   0.04532   0.02890   0.03991   0.02027   0.04314   0.15414   0.03246   0.14058   0.00000   0.26971   0.02319   0.01471   0.02743   0.05950   0.02300   0.07606   0.11223   0.02533   0.13886   0.19345   8.21942   1.70526   1.19817   1.66895   1.06192  
 20 54.7155   2050.012599  x:  0.01800   0.25329   0.01903   0.04537   0.02835   0.04030   0.02041   0.04296   0.15446   0.03249   0.13984   0.00000   0.26861   0.02230   0.01454   0.02846   0.06121   0.02299   0.07574   0.11203   0.02453   0.13834   0.19426   8.20987   1.70931   1.20226   1.67380   1.06298  
 21 33.7812   2049.975187  x:  0.01875   0.25601   0.01981   0.04574   0.02930   0.03999   0.02013   0.04325   0.15491   0.03292   0.13930   0.00000   0.26652   0.02284   0.01479   0.02717   0.06445   0.02306   0.07527   0.11201   0.02591   0.13910   0.19397   8.19355   1.71824   1.20631   1.67823   1.06333  
 22 22.0670   2049.847911  x:  0.01394   0.26452   0.01929   0.04567   0.02846   0.03925   0.02034   0.04357   0.15589   0.03183   0.13869   0.00000   0.26033   0.02263   0.01430   0.02845   0.06604   0.02298   0.07530   0.11232   0.02440   0.14252   0.19124   8.13820   1.75054   1.21660   1.68859   1.06272  
 23 55.9679   2049.694284  x:  0.01713   0.27201   0.01920   0.04634   0.02901   0.04008   0.02011   0.04300   0.15750   0.03262   0.14036   0.00000   0.25538   0.02203   0.01435   0.02815   0.05940   0.02316   0.07676   0.11303   0.02516   0.14487   0.18830   8.06927   1.79099   1.22745   1.69914   1.06099  
 24 115.3746   2049.364145  x:  0.01639   0.25796   0.01921   0.04749   0.02957   0.03970   0.01987   0.04287   0.16046   0.03300   0.14690   0.00000   0.26489   0.02140   0.01395   0.02848   0.06155   0.02331   0.07708   0.11321   0.02513   0.13267   0.19005   7.91635   1.87615   1.24355   1.71329   1.05260  
 25 52.3970   2049.264512  x:  0.01745   0.25062   0.01922   0.04797   0.02983   0.03970   0.01977   0.04273   0.16161   0.03324   0.13773   0.00000   0.27046   0.02112   0.01382   0.02860   0.06133   0.02338   0.07741   0.11337   0.02515   0.13976   0.19273   7.86843   1.89460   1.24618   1.71572   1.04827  
 26 31.7549   2047.254289  x:  0.01568   0.25601   0.01893   0.05528   0.03321   0.03897   0.01847   0.04193   0.18306   0.03535   0.13872   0.00000   0.26796   0.01674   0.01191   0.03057   0.06195   0.02430   0.08285   0.11674   0.02575   0.13729   0.19120   6.83655   1.78390   1.19991   1.69062   0.87852  
 27 11.2707   2046.127205  x:  0.01414   0.25876   0.01870   0.05971   0.03537   0.03858   0.01770   0.04123   0.19573   0.03691   0.14001   0.00000   0.26925   0.01446   0.01078   0.03182   0.06262   0.02489   0.08638   0.11895   0.02614   0.13760   0.19020   6.20585   1.69909   1.15494   1.59894   0.99388  
 28 27.6916   2045.895895  x:  0.01510   0.25892   0.01754   0.06209   0.03538   0.03781   0.01867   0.04068   0.20397   0.03745   0.13931   0.00000   0.27087   0.02049   0.01181   0.03172   0.06282   0.02461   0.08780   0.11993   0.02527   0.13709   0.19005   6.38683   1.67079   1.13924   1.56812   1.00547  
 29  0.2259   2045.829913  x:  0.01541   0.25838   0.01666   0.06465   0.03502   0.03739   0.01904   0.04050   0.21195   0.03782   0.13868   0.00000   0.27144   0.01841   0.01170   0.03148   0.06280   0.02459   0.08841   0.12037   0.02526   0.13664   0.19039   6.55250   1.68202   1.14487   1.57328   1.00857  
 30  0.1256   2045.823506  x:  0.01515   0.25871   0.01674   0.06530   0.03498   0.03756   0.01877   0.04058   0.21397   0.03782   0.13889   0.00000   0.27134   0.01851   0.01149   0.03152   0.06282   0.02462   0.08847   0.12048   0.02532   0.13672   0.19029   6.48588   1.68545   1.14775   1.57897   1.00457  
 31  0.0726   2045.823353  x:  0.01510   0.25884   0.01681   0.06536   0.03496   0.03759   0.01873   0.04061   0.21409   0.03778   0.13899   0.00000   0.27125   0.01845   0.01155   0.03154   0.06282   0.02464   0.08840   0.12044   0.02535   0.13678   0.19023   6.48714   1.68363   1.14686   1.57792   1.00434  
 32  0.0032   2045.823346  x:  0.01511   0.25886   0.01682   0.06538   0.03495   0.03759   0.01874   0.04061   0.21409   0.03776   0.13899   0.00000   0.27124   0.01845   0.01153   0.03154   0.06282   0.02464   0.08835   0.12042   0.02536   0.13679   0.19022   6.48772   1.68364   1.14679   1.57786   1.00432  
 33  0.0006   2045.823345  x:  0.01511   0.25885   0.01682   0.06539   0.03495   0.03759   0.01874   0.04061   0.21409   0.03776   0.13899   0.00000   0.27124   0.01845   0.01154   0.03154   0.06282   0.02464   0.08833   0.12041   0.02535   0.13678   0.19023   6.48755   1.68373   1.14683   1.57791   1.00432  
 34  0.0002   2045.823345  x:  0.01511   0.25885   0.01681   0.06539   0.03495   0.03759   0.01874   0.04061   0.21408   0.03776   0.13898   0.00000   0.27124   0.01845   0.01154   0.03154   0.06282   0.02464   0.08833   0.12041   0.02535   0.13678   0.19023   6.48756   1.68370   1.14683   1.57791   1.00433  
 35  0.0000   2045.823345  x:  0.01511   0.25885   0.01681   0.06539   0.03495   0.03759   0.01874   0.04061   0.21408   0.03776   0.13899   0.00000   0.27124   0.01845   0.01154   0.03154   0.06282   0.02464   0.08834   0.12041   0.02535   0.13678   0.19023   6.48755   1.68371   1.14683   1.57791   1.00433  
 36  0.0000   2045.823345  x:  0.01511   0.25885   0.01681   0.06539   0.03495   0.03759   0.01874   0.04061   0.21408   0.03776   0.13899   0.00000   0.27124   0.01845   0.01154   0.03154   0.06282   0.02464   0.08834   0.12041   0.02535   0.13678   0.19023   6.48755   1.68371   1.14683   1.57791   1.00433  
 37  0.0000   2045.823345  x:  0.01511   0.25885   0.01681   0.06539   0.03495   0.03759   0.01874   0.04061   0.21408   0.03776   0.13899   0.00000   0.27124   0.01845   0.01154   0.03154   0.06282   0.02464   0.08834   0.12041   0.02535   0.13678   0.19023   6.48755   1.68371   1.14683   1.57791   1.00433  

TREE # 2

  0  0.0000   2368.859944  x:  0.01511   0.25885   0.01681   0.06539   0.03495   0.03759   0.01874   0.04061   0.21408   0.03776   0.13899   0.00000   0.27124   0.01845   0.01154   0.03154   0.06282   0.02464   0.08834   0.12041   0.02535   0.13678   0.19023   6.48755   1.65156   1.04479   1.43936   1.00433  
  1 99.0000   2185.481091  x:  0.10230   0.24935   0.12169   0.11958   0.03611   0.02909   0.10579   0.03168   0.20427   0.04302   0.13220   0.24954   0.26281   0.14190   0.25947   0.06031   0.05463   0.12379   0.09265   0.10842   0.02812   0.12429   0.17469   6.48759   1.65065   1.04597   1.44027   1.00441  
  2 3619.5625   2143.805315  x:  0.12946   0.20924   0.13406   0.17327   0.02751   0.00218   0.11544   0.00000   0.17543   0.02305   0.10627   0.21408   0.22668   0.14280   0.26560   0.04321   0.02397   0.16001   0.08015   0.07638   0.02920   0.08966   0.13006   6.48773   1.64762   1.05187   1.44140   1.00453  
  3 414.1074   2119.925466  x:  0.15124   0.17561   0.14371   0.21567   0.02217   0.00058   0.12323   0.01075   0.15190   0.01042   0.08536   0.18483   0.19641   0.14361   0.27099   0.02997   0.00000   0.18884   0.07007   0.05033   0.03032   0.06119   0.09283   6.48784   1.64516   1.05669   1.44237   1.00466  
  4 2669.7883   2119.925466  x:  0.15124   0.17561   0.14371   0.21567   0.02217   0.00058   0.12323   0.01075   0.15190   0.01042   0.08536   0.18483   0.19641   0.14361   0.27099   0.02997   0.00000   0.18884   0.07007   0.05033   0.03032   0.06119   0.09283   6.48784   1.64516   1.05669   1.44237   1.00466  
  5 7702.7219   2113.714288  x:  0.15169   0.17273   0.14336   0.21645   0.02445   0.03559   0.12317   0.01188   0.15041   0.01456   0.08474   0.18189   0.19384   0.14327   0.27084   0.03179   0.00949   0.18944   0.07027   0.04969   0.03062   0.05983   0.08999   6.48784   1.64502   1.05693   1.44248   1.00467  
  6 1608.4342   2080.224543  x:  0.16436   0.08906   0.13506   0.23660   0.03826   0.01946   0.12120   0.00934   0.10871   0.08660   0.06509   0.09713   0.12051   0.13343   0.26490   0.05366   0.06434   0.20278   0.06632   0.03205   0.03884   0.02232   0.00955   6.48800   1.64106   1.06444   1.44519   1.00491  
  7 315.3474   2057.000147  x:  0.17663   0.00000   0.12737   0.25390   0.03396   0.01938   0.11980   0.00934   0.07642   0.09438   0.05131   0.01032   0.04367   0.12611   0.25886   0.04895   0.06578   0.21245   0.06144   0.03438   0.04010   0.03924   0.01727   6.48809   1.63731   1.07128   1.44827   1.00511  
  8 447.1359   2054.755588  x:  0.18165   0.00000   0.12625   0.26061   0.02978   0.02111   0.11949   0.01094   0.06993   0.09030   0.05249   0.01211   0.01303   0.12466   0.25674   0.04477   0.05981   0.21567   0.06033   0.03599   0.03914   0.03698   0.01127   6.48812   1.63581   1.07389   1.44982   1.00511  
  9 159.2717   2054.601284  x:  0.18359   0.00000   0.12634   0.26328   0.03024   0.02115   0.11941   0.00965   0.06953   0.09066   0.05300   0.01254   0.01043   0.12526   0.25637   0.04501   0.05952   0.21695   0.06038   0.03499   0.03922   0.03332   0.01430   6.48814   1.63516   1.07498   1.45057   1.00512  
 10 54.9635   2054.392268  x:  0.19001   0.00000   0.12692   0.27215   0.03069   0.02202   0.11925   0.01026   0.07012   0.08829   0.05449   0.01023   0.01141   0.12823   0.25553   0.04462   0.05561   0.22101   0.06063   0.03390   0.03901   0.02921   0.01333   6.48819   1.63285   1.07881   1.45331   1.00520  
 11 40.5300   2054.083196  x:  0.20253   0.00000   0.12710   0.29065   0.03266   0.02238   0.11887   0.00923   0.06837   0.08899   0.05344   0.01248   0.01305   0.13275   0.25383   0.04645   0.05295   0.22955   0.06088   0.03295   0.03969   0.03259   0.01315   6.48834   1.62773   1.08745   1.45936   1.00541  
 12 71.8153   2054.035395  x:  0.20364   0.00000   0.12701   0.29386   0.03171   0.02213   0.11899   0.01131   0.07012   0.08965   0.05338   0.01269   0.01298   0.13230   0.25383   0.04718   0.05372   0.23062   0.06101   0.03463   0.03960   0.03264   0.01380   6.48840   1.62625   1.09010   1.46125   1.00549  
 13 26.2079   2053.977208  x:  0.20375   0.00000   0.12681   0.29748   0.02978   0.02206   0.11927   0.00944   0.07329   0.08960   0.05373   0.01244   0.01291   0.13062   0.25422   0.04757   0.05473   0.23131   0.06115   0.03668   0.03911   0.03284   0.01354   6.48850   1.62382   1.09456   1.46449   1.00561  
 14 32.2402   2053.851881  x:  0.19990   0.00000   0.12573   0.30355   0.03002   0.02184   0.12013   0.00996   0.07595   0.08767   0.05443   0.01260   0.01318   0.12430   0.25631   0.04568   0.05629   0.23058   0.06082   0.03238   0.03808   0.03354   0.01354   6.48886   1.61653   1.10852   1.47479   1.00605  
 15 23.4105   2053.728961  x:  0.19518   0.00000   0.12452   0.30733   0.03251   0.02182   0.12054   0.00990   0.07241   0.08486   0.05402   0.01306   0.01473   0.12017   0.25890   0.04415   0.05661   0.22869   0.06055   0.03545   0.03956   0.03169   0.01349   6.48930   1.60864   1.12436   1.48695   1.00662  
 16 41.1923   2053.586065  x:  0.19211   0.00000   0.12471   0.30395   0.02838   0.02208   0.11944   0.01013   0.06949   0.08325   0.05426   0.01317   0.01449   0.12705   0.26182   0.04892   0.05602   0.22516   0.06187   0.03436   0.03900   0.03132   0.01355   6.48998   1.60030   1.14416   1.50428   1.00755  
 17 21.8250   2053.480927  x:  0.19206   0.00000   0.12632   0.29843   0.03268   0.02214   0.11879   0.01003   0.07291   0.08357   0.05436   0.01290   0.01230   0.13323   0.26262   0.04990   0.05469   0.22310   0.06208   0.03487   0.03933   0.03221   0.01325   6.49057   1.59539   1.15853   1.51826   1.00843  
 18 36.9039   2053.370516  x:  0.19648   0.00000   0.12953   0.28998   0.03056   0.02260   0.11944   0.00995   0.07346   0.08738   0.05308   0.01321   0.01296   0.13484   0.25970   0.04352   0.05333   0.22413   0.06021   0.03493   0.03981   0.03185   0.01349   6.49132   1.59426   1.17083   1.53339   1.00980  
 19 19.6540   2053.273150  x:  0.20064   0.00000   0.13111   0.28282   0.03125   0.02271   0.12038   0.01000   0.07203   0.08746   0.05763   0.01316   0.01366   0.13108   0.25498   0.04529   0.05234   0.22747   0.06192   0.03558   0.03713   0.03229   0.01363   6.49214   1.59838   1.17820   1.54722   1.01146  
 20 16.6602   2053.131333  x:  0.20352   0.00000   0.13053   0.27604   0.03098   0.02322   0.12058   0.01000   0.07339   0.08296   0.05347   0.01346   0.01400   0.12625   0.24864   0.05047   0.05025   0.23195   0.06337   0.03438   0.04079   0.03112   0.01323   6.49345   1.60948   1.18507   1.56670   1.01416  
 21 24.7123   2052.569391  x:  0.19628   0.00000   0.12143   0.27502   0.03176   0.02300   0.11586   0.01007   0.07487   0.07250   0.05236   0.01471   0.01512   0.13204   0.23705   0.04917   0.05403   0.23664   0.05332   0.03511   0.03400   0.02902   0.01299   6.49895   1.67079   1.19852   1.63695   1.02486  
 22 24.3448   2051.988321  x:  0.18758   0.00000   0.12152   0.27858   0.03009   0.02294   0.11472   0.01022   0.07620   0.06651   0.06062   0.01515   0.01485   0.13847   0.23324   0.04292   0.05660   0.23650   0.06038   0.03439   0.04331   0.02980   0.01295   6.50509   1.74068   1.21165   1.71093   1.03604  
 23 120.7544   2051.375749  x:  0.18306   0.00000   0.13570   0.28469   0.03061   0.02476   0.12014   0.01006   0.07643   0.06594   0.05424   0.01593   0.01443   0.13825   0.24316   0.04199   0.04811   0.22770   0.06974   0.03512   0.03557   0.02831   0.01275   6.51149   1.81325   1.22534   1.77986   1.04598  
 24 94.9231   2051.094137  x:  0.18625   0.00000   0.13935   0.28638   0.02982   0.02631   0.12134   0.00997   0.07709   0.06801   0.05793   0.01605   0.01452   0.13453   0.25355   0.04659   0.04041   0.21963   0.06091   0.03483   0.03902   0.02854   0.01278   6.51453   1.84566   1.23366   1.80483   1.04890  
 25 55.1149   2050.823784  x:  0.19909   0.00000   0.12680   0.28333   0.02986   0.02672   0.11588   0.00996   0.07873   0.06562   0.05791   0.01678   0.01523   0.13113   0.26740   0.04437   0.03919   0.21083   0.06544   0.03491   0.03785   0.02756   0.01270   6.51790   1.87370   1.24877   1.81087   1.04706  
 26 18.5220   2050.330402  x:  0.20253   0.00000   0.13141   0.27756   0.02993   0.02587   0.12806   0.01017   0.07963   0.05056   0.05879   0.01771   0.01506   0.13519   0.27562   0.04353   0.04682   0.21745   0.06275   0.03487   0.03834   0.02667   0.01242   6.52476   1.91329   1.28693   1.78612   1.03387  
 27 13.9219   2049.708924  x:  0.18892   0.00000   0.13381   0.27493   0.02925   0.02911   0.11932   0.01004   0.08269   0.05309   0.06038   0.01881   0.01640   0.13696   0.26856   0.04460   0.03141   0.22803   0.06526   0.03504   0.03772   0.02570   0.01246   6.53354   1.95434   1.33342   1.74669   1.01513  
 28 38.1859   2049.481005  x:  0.19163   0.00000   0.13913   0.27853   0.02913   0.02930   0.11687   0.01015   0.08300   0.04884   0.06060   0.01915   0.01709   0.13671   0.25106   0.04572   0.03189   0.20995   0.06570   0.03482   0.03796   0.02546   0.01242   6.53692   1.95050   1.33481   1.73231   1.00881  
 29  8.9379   2049.103930  x:  0.18960   0.00000   0.12878   0.27870   0.02876   0.03110   0.13323   0.00997   0.08472   0.04928   0.06141   0.01986   0.01774   0.13946   0.24469   0.04626   0.02346   0.20422   0.06763   0.03480   0.03765   0.02479   0.01239   6.54255   1.91442   1.30830   1.71417   1.00132  
 30  9.9859   2047.616389  x:  0.18644   0.00000   0.13528   0.27239   0.02764   0.03363   0.12203   0.01043   0.08825   0.02990   0.06346   0.02203   0.01835   0.13953   0.25553   0.04459   0.01669   0.21185   0.06758   0.03502   0.03665   0.02322   0.01218   6.56281   1.76565   1.19349   1.65237   0.97778  
 31 50.4075   2047.501124  x:  0.18628   0.00000   0.13561   0.27208   0.02743   0.03382   0.12218   0.01043   0.08855   0.02913   0.06359   0.02211   0.01817   0.14010   0.25533   0.04431   0.01595   0.21186   0.06758   0.03521   0.03653   0.02386   0.01241   6.56067   1.75512   1.19350   1.63417   1.03936  
 32  1.7052   2046.502419  x:  0.19042   0.00000   0.13406   0.27224   0.02394   0.03343   0.12117   0.01116   0.08649   0.02962   0.06166   0.02057   0.01603   0.13793   0.25783   0.03598   0.01699   0.21414   0.06562   0.03930   0.03451   0.03822   0.01680   6.53195   1.70574   1.16176   1.60216   0.99575  
 33  0.2511   2046.366998  x:  0.18978   0.00000   0.13652   0.26955   0.02425   0.03172   0.12091   0.01112   0.08890   0.03335   0.06309   0.02184   0.01646   0.13960   0.25896   0.03648   0.02032   0.21400   0.06542   0.03976   0.03457   0.03755   0.01754   6.51064   1.65981   1.13114   1.56313   1.00296  
 34  0.1678   2046.144920  x:  0.19179   0.00000   0.13976   0.27366   0.02644   0.02754   0.11953   0.01156   0.08951   0.03322   0.06337   0.02488   0.01358   0.13929   0.26001   0.04135   0.01816   0.21510   0.06486   0.04207   0.03559   0.03801   0.01969   6.42397   1.69571   1.15842   1.56691   1.01086  
 35  0.0494   2045.936417  x:  0.19053   0.00000   0.13763   0.27264   0.02486   0.02155   0.12123   0.01152   0.08914   0.03009   0.06336   0.02795   0.01348   0.13901   0.25981   0.03655   0.01918   0.21348   0.06529   0.04212   0.03534   0.03751   0.02070   6.49624   1.68734   1.14930   1.58192   1.01003  
 36  0.0413   2045.885509  x:  0.19013   0.00000   0.13714   0.27117   0.02492   0.02027   0.12038   0.01140   0.08857   0.03232   0.06303   0.02794   0.01453   0.13874   0.25915   0.03684   0.01614   0.21375   0.06544   0.04133   0.03497   0.03755   0.02034   6.50858   1.68227   1.14549   1.58363   1.00571  
 37  0.0218   2045.844227  x:  0.18976   0.00000   0.13540   0.27058   0.02559   0.01867   0.12054   0.01140   0.08753   0.03164   0.06236   0.02668   0.01587   0.13866   0.25799   0.03860   0.01715   0.21447   0.06558   0.04010   0.03466   0.03794   0.01929   6.49429   1.68288   1.14770   1.57966   1.00065  
 38  0.0159   2045.828021  x:  0.19067   0.00000   0.13657   0.27153   0.02528   0.01877   0.12022   0.01157   0.08735   0.03174   0.06259   0.02519   0.01517   0.13888   0.25855   0.03756   0.01699   0.21447   0.06520   0.04009   0.03495   0.03782   0.01822   6.47884   1.68389   1.14786   1.57623   1.00396  
 39  0.0134   2045.823876  x:  0.19012   0.00000   0.13707   0.27119   0.02541   0.01845   0.12041   0.01151   0.08829   0.03142   0.06284   0.02485   0.01512   0.13909   0.25902   0.03786   0.01675   0.21382   0.06538   0.04062   0.03504   0.03772   0.01856   6.48921   1.68409   1.14637   1.57848   1.00509  
 40  0.0080   2045.823383  x:  0.19019   0.00000   0.13678   0.27127   0.02533   0.01845   0.12046   0.01154   0.08841   0.03157   0.06284   0.02467   0.01511   0.13898   0.25888   0.03774   0.01684   0.21411   0.06542   0.04067   0.03493   0.03763   0.01870   6.48819   1.68402   1.14711   1.57810   1.00443  
 41  0.0013   2045.823349  x:  0.19023   0.00000   0.13676   0.27124   0.02536   0.01846   0.12041   0.01154   0.08836   0.03154   0.06282   0.02464   0.01512   0.13897   0.25884   0.03776   0.01681   0.21409   0.06540   0.04063   0.03494   0.03760   0.01873   6.48732   1.68356   1.14679   1.57784   1.00425  
 42  0.0010   2045.823345  x:  0.19023   0.00000   0.13678   0.27124   0.02535   0.01845   0.12041   0.01154   0.08834   0.03154   0.06282   0.02464   0.01511   0.13898   0.25885   0.03776   0.01681   0.21408   0.06539   0.04061   0.03495   0.03759   0.01874   6.48749   1.68370   1.14683   1.57792   1.00432  
 43  0.0003   2045.823345  x:  0.19023   0.00000   0.13678   0.27124   0.02535   0.01845   0.12041   0.01154   0.08834   0.03154   0.06282   0.02464   0.01511   0.13899   0.25885   0.03776   0.01681   0.21408   0.06539   0.04061   0.03495   0.03759   0.01874   6.48757   1.68372   1.14683   1.57791   1.00433  
 44  0.0001   2045.823345  x:  0.19023   0.00000   0.13678   0.27124   0.02535   0.01845   0.12041   0.01154   0.08834   0.03154   0.06282   0.02464   0.01511   0.13899   0.25885   0.03776   0.01681   0.21408   0.06539   0.04061   0.03495   0.03759   0.01874   6.48755   1.68371   1.14683   1.57791   1.00433  
 45  0.0000   2045.823345  x:  0.19023   0.00000   0.13678   0.27124   0.02535   0.01845   0.12041   0.01154   0.08834   0.03154   0.06282   0.02464   0.01511   0.13899   0.25885   0.03776   0.01681   0.21408   0.06539   0.04061   0.03495   0.03759   0.01874   6.48755   1.68371   1.14683   1.57791   1.00433  