

TREE # 1

  0  0.0000   2246.634817  x:  0.07771   0.00867   0.09798   0.01683   0.05485   0.07932   0.06940   0.07780   0.10778   0.08386   0.08346   0.15090   0.00000   0.07255   0.01687   0.06526   0.04403   0.03967   0.04408   0.07134   0.10634   0.04565   0.16500   0.09633   2.00000   1.27384   0.84347   1.10082   0.40000  
  1 99.0000   2240.876964  x:  0.08020   0.01703   0.10229   0.02030   0.05383   0.07806   0.06969   0.08008   0.10807   0.08503   0.08213   0.15288   0.04685   0.08060   0.01530   0.06570   0.03978   0.03940   0.04109   0.07287   0.10530   0.04255   0.16819   0.09882   2.00152   1.27335   0.84364   1.10162   0.40604  
  2 1154.2483   2222.584297  x:  0.09799   0.03025   0.13473   0.03744   0.04539   0.06784   0.07196   0.09785   0.11049   0.09432   0.07095   0.16875   0.04002   0.13087   0.00646   0.06931   0.00453   0.03755   0.01735   0.08498   0.09679   0.01713   0.19109   0.11661   2.01461   1.26922   0.84523   1.10826   0.45584  
  3 308.2866   2215.665766  x:  0.11375   0.02888   0.16577   0.03730   0.03814   0.05841   0.07364   0.11264   0.11295   0.10306   0.05877   0.18529   0.03713   0.17266   0.03582   0.07518   0.03101   0.03880   0.01959   0.09767   0.08877   0.01871   0.21568   0.13237   2.03364   1.26336   0.84805   1.11750   0.51727  
  4 347.4977   2211.178312  x:  0.11696   0.01006   0.17854   0.01765   0.04250   0.06035   0.07314   0.11286   0.11377   0.10480   0.05751   0.19263   0.03929   0.18177   0.02474   0.07344   0.02427   0.03943   0.04326   0.09673   0.08616   0.03094   0.22874   0.13558   2.05668   1.25659   0.85257   1.12723   0.57069  
  5 185.3301   2205.757210  x:  0.10844   0.02658   0.18128   0.02800   0.05148   0.07109   0.07018   0.09771   0.11290   0.09998   0.07239   0.19731   0.03700   0.15968   0.00639   0.06750   0.03503   0.03900   0.04526   0.08370   0.08984   0.04109   0.23972   0.12706   2.11344   1.24136   0.86412   1.14925   0.67045  
  6 158.6695   2201.424942  x:  0.09557   0.02286   0.17249   0.02582   0.05350   0.07805   0.06835   0.08280   0.11118   0.09331   0.08220   0.19687   0.03905   0.12623   0.02917   0.06295   0.02071   0.03788   0.02955   0.07107   0.09554   0.03723   0.24436   0.11419   2.18130   1.22491   0.87761   1.17400   0.77080  
  7 345.5490   2199.094863  x:  0.09170   0.01260   0.15720   0.02184   0.04390   0.07192   0.07080   0.08775   0.11041   0.09222   0.07581   0.19090   0.04129   0.10908   0.02188   0.06806   0.02780   0.03889   0.02031   0.07881   0.09633   0.02238   0.23765   0.11032   2.22570   1.21756   0.88497   1.18761   0.81200  
  8 165.5724   2197.384127  x:  0.09200   0.02128   0.13628   0.02671   0.03624   0.06234   0.07380   0.09684   0.11025   0.09353   0.06371   0.18131   0.04047   0.10115   0.02473   0.07284   0.02173   0.03928   0.03238   0.08792   0.09591   0.02274   0.22272   0.11062   2.27942   1.21216   0.89230   1.20155   0.83927  
  9 143.4465   2195.606850  x:  0.09653   0.01919   0.11738   0.02815   0.04798   0.06027   0.07441   0.10195   0.11128   0.09682   0.05681   0.16974   0.04047   0.11152   0.02361   0.07267   0.02086   0.03767   0.02182   0.09049   0.09400   0.03726   0.20073   0.11515   2.35725   1.20912   0.90072   1.21842   0.85392  
 10 125.1128   2191.770749  x:  0.10319   0.02006   0.11252   0.02279   0.05187   0.07083   0.06962   0.09770   0.11248   0.09891   0.07300   0.15538   0.03967   0.13797   0.02667   0.06557   0.02631   0.03992   0.03056   0.08101   0.09220   0.01701   0.16190   0.12181   2.55197   1.20913   0.91830   1.25530   0.85712  
 11 168.2127   2186.019407  x:  0.10219   0.01547   0.14556   0.02449   0.02113   0.06952   0.06957   0.09262   0.11126   0.09398   0.08293   0.15277   0.03986   0.14238   0.02357   0.07000   0.02417   0.03906   0.02547   0.07970   0.09343   0.03390   0.14590   0.12081   2.86480   1.21745   0.94260   1.30751   0.83704  
 12 298.9589   2175.900575  x:  0.09298   0.01929   0.21579   0.02291   0.06322   0.05059   0.08109   0.09483   0.11069   0.08731   0.06651   0.16827   0.03940   0.11877   0.02394   0.08828   0.02197   0.03775   0.02866   0.09833   0.09694   0.02883   0.17425   0.11160   3.57959   1.24603   0.99327   1.41864   0.77491  
 13 739.9202   2170.811408  x:  0.09816   0.01431   0.18853   0.03161   0.05306   0.08061   0.07013   0.10429   0.11310   0.10588   0.04737   0.19107   0.03946   0.11447   0.02261   0.06472   0.02344   0.04126   0.03001   0.08810   0.09210   0.02759   0.24137   0.11678   3.90900   1.27615   1.00731   1.45352   0.74391  
 14 298.5770   2169.156342  x:  0.10071   0.02202   0.16516   0.01892   0.04837   0.06916   0.07033   0.10286   0.11299   0.10489   0.06366   0.20299   0.03832   0.12022   0.02134   0.06771   0.02353   0.03615   0.02733   0.08577   0.09106   0.02954   0.26984   0.11933   4.01268   1.29499   1.00634   1.45482   0.73681  
 15 183.2755   2168.647725  x:  0.10101   0.01578   0.15672   0.02672   0.04858   0.06243   0.07172   0.09870   0.11263   0.10084   0.07009   0.20688   0.03882   0.12403   0.02137   0.07089   0.02322   0.03829   0.02966   0.08466   0.09166   0.02944   0.27792   0.11963   4.04665   1.30585   1.00328   1.45001   0.73646  
 16 119.0031   2167.929431  x:  0.09969   0.01805   0.15208   0.02420   0.04705   0.06352   0.07469   0.08693   0.11165   0.08754   0.05999   0.21043   0.03841   0.12931   0.02049   0.07315   0.02359   0.04442   0.02900   0.08362   0.09487   0.02860   0.27826   0.11831   4.09634   1.33896   0.98841   1.42256   0.74355  
 17 49.6770   2166.877346  x:  0.09763   0.01666   0.15403   0.02599   0.04816   0.06718   0.07434   0.09051   0.11164   0.08900   0.06027   0.21173   0.03870   0.12584   0.02124   0.07156   0.02369   0.02991   0.03011   0.08642   0.09592   0.02767   0.27135   0.11625   4.16882   1.39560   0.96114   1.36976   0.75822  
 18 94.5619   2166.325003  x:  0.09743   0.01753   0.15706   0.02491   0.04980   0.06670   0.07232   0.09766   0.11201   0.09660   0.06539   0.21086   0.03881   0.12035   0.02186   0.07006   0.02263   0.03971   0.02888   0.08739   0.09444   0.02890   0.26667   0.11605   4.21157   1.42890   0.94470   1.33611   0.76731  
 19 161.4942   2166.268353  x:  0.09968   0.01754   0.15817   0.02479   0.04974   0.06371   0.07082   0.09596   0.11192   0.09838   0.06386   0.20747   0.03884   0.11867   0.02167   0.07054   0.02292   0.03922   0.02882   0.08326   0.09222   0.02843   0.26739   0.11830   4.21648   1.42876   0.94440   1.32946   0.76806  
 20 12.5969   2166.154717  x:  0.10207   0.01778   0.15930   0.02470   0.04965   0.06659   0.07465   0.09511   0.11192   0.09708   0.06581   0.19623   0.03872   0.11867   0.02206   0.07148   0.02272   0.03934   0.02887   0.08564   0.09156   0.02845   0.27248   0.12069   4.22873   1.41647   0.94716   1.30643   0.76920  
 21 10.1299   2166.018138  x:  0.09826   0.01790   0.15965   0.02456   0.04962   0.06427   0.06938   0.09698   0.11253   0.09602   0.06521   0.19312   0.03856   0.12227   0.02192   0.06936   0.02302   0.03940   0.02900   0.08614   0.09534   0.02837   0.27461   0.11688   4.24453   1.39560   0.94932   1.27619   0.77026  
 22 22.8685   2165.839946  x:  0.09728   0.01775   0.15828   0.02464   0.04948   0.06567   0.07457   0.09754   0.11259   0.09884   0.06436   0.20453   0.03854   0.12295   0.02182   0.07266   0.02298   0.03935   0.02903   0.08293   0.09367   0.02818   0.27081   0.11590   4.26632   1.36318   0.94572   1.23739   0.77130  
 23 27.8389   2165.748200  x:  0.10134   0.01748   0.15788   0.02479   0.04978   0.06548   0.07193   0.09532   0.11261   0.09674   0.06512   0.21045   0.03860   0.12042   0.02201   0.06991   0.02263   0.03933   0.02887   0.08725   0.09246   0.02822   0.26860   0.11996   4.27783   1.34548   0.93718   1.22081   0.77186  
 24 24.4971   2165.491046  x:  0.10374   0.01722   0.15813   0.02467   0.04997   0.06652   0.07125   0.09987   0.11280   0.09317   0.06522   0.20746   0.03845   0.12053   0.02196   0.07281   0.02245   0.03921   0.02886   0.08333   0.09837   0.02799   0.27051   0.12236   4.31001   1.29705   0.88448   1.19285   0.77425  
 25 15.8249   2165.380920  x:  0.10040   0.01735   0.15814   0.02458   0.04949   0.06502   0.07306   0.09593   0.11234   0.09667   0.06478   0.20460   0.03833   0.12263   0.02188   0.07023   0.02244   0.03907   0.02890   0.08561   0.09406   0.02780   0.27176   0.11902   4.32373   1.27765   0.86183   1.18262   0.77540  
 26 37.9638   2165.339626  x:  0.09948   0.01744   0.15790   0.02468   0.04967   0.06681   0.06997   0.09615   0.11270   0.09573   0.06496   0.20429   0.03827   0.12307   0.02197   0.07377   0.02209   0.03909   0.02893   0.08629   0.09009   0.02785   0.27194   0.11810   4.32833   1.27640   0.86045   1.18243   0.77633  
 27  2.8537   2162.881051  x:  0.09980   0.01621   0.16057   0.02464   0.04868   0.06063   0.07849   0.11737   0.11702   0.07512   0.06419   0.20397   0.03568   0.13110   0.02065   0.05761   0.01869   0.03915   0.02704   0.07896   0.06703   0.02598   0.26727   0.11842   4.58462   1.28498   0.87912   1.21782   0.83644  
 28  7.1140   2155.177950  x:  0.11334   0.01296   0.16362   0.02260   0.04393   0.06039   0.07462   0.11297   0.11917   0.10357   0.05746   0.20389   0.02756   0.15904   0.01514   0.07107   0.00327   0.03894   0.02252   0.09368   0.08476   0.01958   0.25397   0.13195   5.36395   1.31457   0.93906   1.32761   1.02010  
 29 419.5679   2155.148461  x:  0.11341   0.01295   0.16362   0.02261   0.04411   0.06055   0.07425   0.11356   0.11241   0.10351   0.05745   0.20389   0.02752   0.15936   0.01512   0.07103   0.00329   0.03896   0.02252   0.09365   0.08457   0.01958   0.25395   0.13202   5.36736   1.31469   0.93937   1.32800   1.02085  
 30  7.2217   2153.370864  x:  0.11674   0.01437   0.16797   0.02407   0.04288   0.06220   0.07279   0.11120   0.11480   0.11093   0.05760   0.20232   0.02318   0.16998   0.00850   0.07397   0.01582   0.03858   0.01944   0.09594   0.09104   0.01793   0.24756   0.13535   5.71611   1.33149   0.95735   1.35522   1.08379  
 31  1.3077   2151.315693  x:  0.11409   0.02116   0.17936   0.02872   0.04531   0.06842   0.07113   0.10640   0.11419   0.10723   0.06986   0.19637   0.01298   0.17775   0.01484   0.07117   0.01534   0.03785   0.02530   0.09039   0.09475   0.03026   0.23787   0.13271   6.46604   1.36492   0.95609   1.33470   1.17786  
 32  0.5457   2150.278101  x:  0.11110   0.01827   0.17874   0.02632   0.04062   0.06169   0.07385   0.10515   0.11407   0.09900   0.06699   0.19991   0.00378   0.17232   0.01103   0.07239   0.01231   0.03877   0.02684   0.08883   0.08935   0.02394   0.24679   0.12971   7.15537   1.34785   0.94402   1.32157   1.23663  
 33  0.3849   2150.066680  x:  0.11274   0.01676   0.17594   0.02502   0.04216   0.06471   0.07283   0.10521   0.11498   0.10155   0.06425   0.20185   0.00178   0.16727   0.01438   0.07119   0.01185   0.03875   0.02314   0.09026   0.08896   0.02238   0.24892   0.13136   7.26966   1.34743   0.95062   1.33557   1.21357  
 34  0.0736   2149.982598  x:  0.11291   0.01531   0.17377   0.02412   0.04374   0.06439   0.07269   0.10619   0.11466   0.10318   0.06398   0.20102   0.00184   0.16488   0.01310   0.07149   0.01186   0.03850   0.02441   0.09080   0.09030   0.02500   0.25020   0.13152   7.27303   1.35458   0.95482   1.34232   1.17595  
 35  0.0248   2149.945771  x:  0.11225   0.01694   0.17497   0.02482   0.04341   0.06360   0.07301   0.10641   0.11434   0.10281   0.06469   0.20028   0.00123   0.16566   0.01321   0.07213   0.01204   0.03854   0.02513   0.09064   0.09074   0.02375   0.24881   0.13087   7.30602   1.35310   0.95257   1.33819   1.15038  
 36  0.0268   2149.938683  x:  0.11236   0.01677   0.17449   0.02516   0.04277   0.06410   0.07287   0.10568   0.11453   0.10241   0.06492   0.20030   0.00137   0.16693   0.01279   0.07192   0.01207   0.03867   0.02427   0.09037   0.09040   0.02385   0.24774   0.13097   7.32686   1.34980   0.95094   1.33660   1.14680  
 37  0.0153   2149.936651  x:  0.11256   0.01655   0.17427   0.02507   0.04254   0.06389   0.07291   0.10574   0.11454   0.10226   0.06474   0.20000   0.00162   0.16757   0.01299   0.07188   0.01205   0.03859   0.02449   0.09061   0.09031   0.02365   0.24731   0.13118   7.36077   1.35158   0.95167   1.33756   1.14810  
 38  0.0130   2149.935810  x:  0.11245   0.01673   0.17438   0.02499   0.04271   0.06394   0.07292   0.10590   0.11452   0.10236   0.06481   0.20003   0.00170   0.16720   0.01298   0.07193   0.01204   0.03859   0.02445   0.09051   0.09037   0.02391   0.24714   0.13106   7.38669   1.35088   0.95168   1.33778   1.14843  
 39  0.0147   2149.935693  x:  0.11242   0.01671   0.17441   0.02504   0.04275   0.06398   0.07290   0.10583   0.11453   0.10240   0.06485   0.20011   0.00178   0.16693   0.01295   0.07193   0.01205   0.03862   0.02445   0.09049   0.09038   0.02380   0.24728   0.13104   7.38918   1.35099   0.95149   1.33756   1.14846  
 40  0.0019   2149.935689  x:  0.11244   0.01671   0.17442   0.02505   0.04275   0.06396   0.07291   0.10582   0.11453   0.10240   0.06482   0.20012   0.00178   0.16691   0.01295   0.07193   0.01205   0.03862   0.02444   0.09051   0.09039   0.02381   0.24729   0.13105   7.38980   1.35102   0.95151   1.33756   1.14863  
 41  0.0005   2149.935689  x:  0.11244   0.01671   0.17442   0.02505   0.04275   0.06397   0.07291   0.10583   0.11453   0.10240   0.06482   0.20012   0.00178   0.16691   0.01295   0.07193   0.01205   0.03862   0.02444   0.09051   0.09039   0.02381   0.24729   0.13106   7.38970   1.35101   0.95151   1.33756   1.14860  
 42  0.0001   2149.935689  x:  0.11244   0.01671   0.17442   0.02505   0.04275   0.06397   0.07291   0.10583   0.11453   0.10240   0.06482   0.20012   0.00178   0.16691   0.01295   0.07193   0.01206   0.03862   0.02444   0.09051   0.09039   0.02381   0.24729   0.13106   7.38975   1.35101   0.95151   1.33756   1.14860  
 43  0.0000   2149.935689  x:  0.11244   0.01671   0.17442   0.02505   0.04275   0.06397   0.07291   0.10583   0.11453   0.10240   0.06482   0.20012   0.00178   0.16691   0.01295   0.07193   0.01206   0.03862   0.02444   0.09051   0.09039   0.02381   0.24729   0.13106   7.38974   1.35101   0.95151   1.33756   1.14860  
 44  0.0000   2149.935689  x:  0.11244   0.01671   0.17442   0.02505   0.04275   0.06397   0.07291   0.10583   0.11453   0.10240   0.06482   0.20012   0.00178   0.16691   0.01295   0.07193   0.01206   0.03862   0.02444   0.09051   0.09039   0.02381   0.24729   0.13106   7.38974   1.35101   0.95151   1.33756   1.14860  