

TREE # 1

  0  0.0000   2369.200589  x:  0.02115   0.01729   0.09773   0.02504   0.09534   0.09283   0.05660   0.05298   0.09569   0.03695   0.07271   0.05068   0.03325   0.03287   0.00000   0.11576   0.07816   0.03766   0.06611   0.05061   0.11842   0.06084   0.03238   0.03977   2.00000   1.53005   0.97160   1.44665   0.40000  
  1 99.0000   2292.113506  x:  0.07346   0.00000   0.12195   0.02089   0.08656   0.07889   0.08033   0.03803   0.09280   0.07372   0.06686   0.08006   0.04720   0.05873   0.00735   0.11899   0.06510   0.03364   0.05154   0.06213   0.16890   0.08233   0.07563   0.09208   2.00606   1.52913   0.97283   1.44689   0.40841  
  2 1008.7669   2283.611168  x:  0.06952   0.00000   0.12870   0.01975   0.08200   0.07181   0.08414   0.03094   0.09162   0.07413   0.06437   0.08352   0.04657   0.06286   0.00000   0.11767   0.05876   0.03293   0.04472   0.06432   0.18267   0.08278   0.07344   0.08814   2.00936   1.52856   0.97374   1.44690   0.41237  
  3 418.8344   2271.806642  x:  0.08153   0.00000   0.12332   0.04223   0.06000   0.02490   0.06728   0.01545   0.08966   0.07194   0.05977   0.06523   0.05776   0.09047   0.00000   0.09335   0.01846   0.04411   0.02100   0.06018   0.19985   0.03892   0.07502   0.10015   2.04164   1.52516   0.98035   1.44693   0.43662  
  4 217.1642   2267.025209  x:  0.08461   0.00000   0.11969   0.03987   0.05170   0.01706   0.07130   0.02647   0.08981   0.07303   0.05939   0.06980   0.05829   0.11445   0.00000   0.06023   0.01822   0.04192   0.02801   0.06519   0.21175   0.01459   0.07586   0.10323   2.07212   1.52280   0.98538   1.44720   0.45416  
  5 171.4058   2264.395324  x:  0.08734   0.00000   0.11484   0.03995   0.04692   0.01819   0.07024   0.03078   0.09024   0.07288   0.05985   0.06878   0.05901   0.13294   0.01416   0.03265   0.01378   0.04166   0.03026   0.06745   0.21801   0.01449   0.07613   0.10596   2.09994   1.52078   0.98984   1.44745   0.46881  
  6 372.0085   2261.790583  x:  0.09059   0.00000   0.11215   0.04071   0.04745   0.02694   0.06745   0.02736   0.09076   0.07382   0.06123   0.06521   0.05874   0.14743   0.00249   0.02252   0.01473   0.04250   0.02707   0.06768   0.22075   0.02006   0.07858   0.10921   2.13707   1.51828   0.99544   1.44786   0.48544  
  7 162.1528   2251.373697  x:  0.11074   0.00000   0.10284   0.03664   0.05885   0.05686   0.06507   0.01237   0.09384   0.08335   0.07051   0.06382   0.05567   0.21951   0.00824   0.05713   0.03934   0.04245   0.02047   0.06932   0.23076   0.01566   0.09285   0.12936   2.37616   1.50276   1.03090   1.45061   0.58375  
  8 386.6666   2241.658323  x:  0.12616   0.00000   0.11353   0.03376   0.06503   0.03974   0.07611   0.03368   0.09396   0.08761   0.07239   0.07795   0.05610   0.22958   0.00000   0.07408   0.02487   0.04112   0.03435   0.06469   0.22129   0.03732   0.10141   0.14478   2.54936   1.49295   1.05505   1.45235   0.63620  
  9 429.5464   2228.464448  x:  0.16170   0.00000   0.14443   0.00945   0.07769   0.04087   0.08958   0.00831   0.09083   0.10547   0.06300   0.09483   0.05580   0.15466   0.00652   0.05197   0.02111   0.02776   0.02660   0.07534   0.21100   0.02567   0.12338   0.18032   2.82095   1.48298   1.08650   1.45463   0.66411  
 10 315.4408   2224.273280  x:  0.17515   0.00000   0.15502   0.03234   0.07805   0.04733   0.09353   0.01816   0.08881   0.11333   0.05769   0.09800   0.05459   0.11495   0.01031   0.04525   0.03168   0.03156   0.01782   0.08253   0.23062   0.02250   0.13181   0.19377   2.94197   1.48047   1.09771   1.45583   0.66290  
 11 478.3043   2220.710985  x:  0.18730   0.00000   0.14410   0.02688   0.06352   0.04350   0.08503   0.01342   0.08784   0.11256   0.05391   0.08684   0.05799   0.09159   0.00870   0.04715   0.04099   0.04263   0.04229   0.08117   0.26853   0.02734   0.13655   0.20592   3.05196   1.48297   1.10094   1.45725   0.62908  
 12 206.7837   2216.402354  x:  0.19834   0.00000   0.12917   0.01132   0.05032   0.04211   0.08338   0.02692   0.08877   0.10733   0.05818   0.08342   0.06181   0.09582   0.00639   0.05166   0.04128   0.02887   0.02430   0.07342   0.29263   0.02956   0.13770   0.21696   3.17847   1.49144   1.09617   1.45940   0.55162  
 13 191.4993   2212.519023  x:  0.20540   0.00000   0.12516   0.02566   0.05011   0.04048   0.09335   0.01387   0.09061   0.10455   0.06510   0.09633   0.06149   0.11726   0.00427   0.05124   0.03739   0.02500   0.02675   0.07123   0.30105   0.02907   0.13603   0.22402   3.30969   1.50291   1.08628   1.46237   0.45825  
 14 337.8465   2211.706087  x:  0.20604   0.00000   0.13151   0.02177   0.05438   0.04206   0.09256   0.01610   0.09061   0.10745   0.06344   0.09640   0.05965   0.12473   0.00443   0.05140   0.03403   0.04005   0.02470   0.07618   0.30135   0.02722   0.13537   0.22466   3.34351   1.50706   1.08074   1.46385   0.43627  
 15 148.4102   2211.204863  x:  0.20479   0.00000   0.14062   0.02240   0.05856   0.04286   0.08540   0.01861   0.08985   0.11321   0.05748   0.08852   0.05739   0.12942   0.00453   0.05277   0.03047   0.03393   0.02874   0.08312   0.30169   0.02616   0.13507   0.22341   3.37016   1.51270   1.07020   1.46655   0.42902  
 16 50.5589   2207.696193  x:  0.18464   0.00000   0.13810   0.02347   0.05322   0.03195   0.09373   0.01589   0.08799   0.12629   0.04894   0.07799   0.06230   0.12816   0.00601   0.04912   0.03916   0.03658   0.02461   0.07274   0.28818   0.02846   0.13760   0.20326   3.62735   1.58092   0.93242   1.50187   0.44756  
 17 42.8459   2206.298678  x:  0.17929   0.00000   0.13576   0.02354   0.05270   0.04107   0.08192   0.01703   0.08798   0.11692   0.06139   0.09058   0.06017   0.12320   0.00529   0.05142   0.02509   0.03643   0.02663   0.07613   0.28983   0.02384   0.13650   0.19791   3.73744   1.60610   0.88630   1.51464   0.45822  
 18 179.4740   2204.999103  x:  0.18069   0.00000   0.13214   0.02356   0.06117   0.03742   0.08867   0.01639   0.08885   0.08895   0.05931   0.08450   0.04996   0.12190   0.00463   0.05208   0.02446   0.03604   0.02523   0.09033   0.28774   0.02491   0.12770   0.19931   3.84835   1.61837   0.88605   1.51976   0.46652  
 19 65.6446   2200.786620  x:  0.16188   0.00000   0.14102   0.02480   0.06543   0.04185   0.07652   0.01710   0.08912   0.07618   0.04434   0.08863   0.06275   0.12128   0.00487   0.04975   0.02790   0.03770   0.02665   0.06736   0.27329   0.02214   0.08736   0.18050   4.22084   1.63914   0.95522   1.52602   0.48535  
 20 129.6252   2197.776311  x:  0.13092   0.00000   0.13043   0.02570   0.05888   0.03555   0.07686   0.01698   0.08982   0.09668   0.07000   0.07680   0.05790   0.11639   0.00475   0.04929   0.02358   0.03907   0.02664   0.07714   0.25701   0.02254   0.08613   0.14954   4.51020   1.65021   1.02065   1.53001   0.49703  
 21 321.3233   2197.338924  x:  0.12198   0.00000   0.12801   0.02638   0.05613   0.03658   0.07480   0.01721   0.09003   0.09256   0.06258   0.07859   0.05634   0.11679   0.00524   0.04963   0.02153   0.03956   0.02678   0.07664   0.25351   0.02181   0.10329   0.14060   4.55089   1.64956   1.03096   1.53192   0.49766  
 22 74.1967   2197.083102  x:  0.11980   0.00000   0.13403   0.02594   0.06219   0.03467   0.07501   0.01749   0.09053   0.08808   0.06940   0.07506   0.06260   0.11751   0.00593   0.04819   0.02335   0.03925   0.02712   0.07319   0.25654   0.02138   0.10832   0.13842   4.56264   1.63355   1.03040   1.54719   0.49754  
 23  5.3646   2194.814480  x:  0.11638   0.00000   0.12689   0.02623   0.06166   0.03287   0.07490   0.01670   0.09159   0.09429   0.06130   0.08080   0.05886   0.12102   0.00434   0.04948   0.01878   0.03919   0.02506   0.07781   0.26206   0.02240   0.10091   0.13500   4.65244   1.48684   1.02005   1.68519   0.49885  
 24 39.2221   2194.449087  x:  0.11785   0.00000   0.13535   0.02671   0.04908   0.03634   0.07739   0.01666   0.08823   0.09156   0.06398   0.07784   0.05367   0.12275   0.00462   0.05047   0.01901   0.03975   0.02607   0.07568   0.25983   0.02186   0.10092   0.13647   4.66403   1.47652   1.01993   1.69500   0.49984  
 25 24.1205   2191.808582  x:  0.11742   0.00000   0.14574   0.02680   0.04123   0.02125   0.06166   0.01381   0.07476   0.08951   0.06730   0.09040   0.05269   0.13155   0.00363   0.04933   0.03321   0.04016   0.02041   0.08619   0.26477   0.02924   0.10200   0.13604   4.73244   1.48553   1.02986   1.68901   0.51369  
 26 12.5680   2179.087754  x:  0.11337   0.00000   0.15735   0.02711   0.04372   0.02160   0.07714   0.01204   0.05955   0.09589   0.06170   0.09497   0.06073   0.15076   0.00000   0.05511   0.01580   0.04023   0.01762   0.09188   0.30184   0.02891   0.10341   0.13198   4.93997   1.52460   1.06219   1.65934   0.55951  
 27 224.9268   2179.087754  x:  0.11337   0.00000   0.15735   0.02711   0.04372   0.02160   0.07714   0.01204   0.05955   0.09589   0.06170   0.09497   0.06073   0.15076   0.00000   0.05511   0.01580   0.04023   0.01762   0.09188   0.30184   0.02891   0.10341   0.13198   4.93997   1.52460   1.06219   1.65934   0.55951  
 28 320.1345   2172.939672  x:  0.11029   0.00000   0.19343   0.00000   0.04812   0.03608   0.13605   0.01261   0.09501   0.11284   0.04541   0.12894   0.05057   0.16178   0.00389   0.05513   0.00439   0.01863   0.02199   0.09284   0.36919   0.05947   0.10662   0.12891   4.94418   1.52726   1.06475   1.65465   0.56984  
 29 210.3636   2171.415328  x:  0.10968   0.00000   0.20067   0.00256   0.04905   0.03876   0.14763   0.01266   0.10192   0.11621   0.04241   0.13565   0.04857   0.16398   0.00441   0.05516   0.00297   0.01480   0.02275   0.09306   0.38274   0.06529   0.10726   0.12829   4.94503   1.52780   1.06527   1.65369   0.57194  
 30 1867.7197   2169.162955  x:  0.10866   0.00000   0.21356   0.00334   0.05046   0.04035   0.16555   0.01168   0.11168   0.12158   0.03936   0.14649   0.04571   0.16790   0.00168   0.05583   0.01926   0.01933   0.02234   0.09385   0.40834   0.07152   0.10838   0.12727   4.94686   1.52891   1.06645   1.65160   0.57608  
 31 575.4596   2168.531643  x:  0.10856   0.00000   0.21532   0.00335   0.05049   0.03928   0.16695   0.01134   0.11193   0.12199   0.04015   0.14748   0.04575   0.16835   0.00000   0.05588   0.01833   0.02179   0.02164   0.09375   0.41263   0.07089   0.10851   0.12718   4.94727   1.52912   1.06677   1.65109   0.57686  
 32 196.6849   2165.814922  x:  0.10826   0.00000   0.23210   0.00276   0.04929   0.02069   0.17005   0.01373   0.10383   0.12256   0.05218   0.15197   0.04966   0.17288   0.00000   0.05987   0.01811   0.01405   0.01643   0.09302   0.46331   0.05091   0.10914   0.12688   4.95326   1.53205   1.07157   1.64360   0.58656  
 33 188.6229   2164.347905  x:  0.10855   0.00000   0.24090   0.00265   0.04870   0.02832   0.16332   0.01702   0.09268   0.12018   0.04989   0.14968   0.05179   0.17602   0.00000   0.06108   0.01681   0.01480   0.03031   0.09360   0.50278   0.03366   0.10864   0.12717   4.95945   1.53497   1.07641   1.63592   0.59466  
 34 148.2461   2163.387420  x:  0.10905   0.00000   0.24193   0.00269   0.04866   0.03454   0.14985   0.00960   0.08377   0.11624   0.04098   0.14233   0.05100   0.17799   0.00000   0.05843   0.01662   0.01344   0.02321   0.09552   0.53077   0.03495   0.10764   0.12767   4.96609   1.53797   1.08121   1.62794   0.60108  
 35 93.3880   2163.039369  x:  0.10931   0.00000   0.24019   0.00275   0.04911   0.03554   0.14197   0.01618   0.08178   0.11420   0.03879   0.13766   0.05011   0.17869   0.00000   0.05696   0.01664   0.01421   0.02018   0.09658   0.54321   0.03971   0.10713   0.12793   4.97029   1.53980   1.08396   1.62312   0.60426  
 36 105.6816   2162.685126  x:  0.10955   0.00000   0.23377   0.00275   0.05029   0.03220   0.13212   0.01461   0.08554   0.11244   0.04319   0.13151   0.04878   0.17869   0.00000   0.05579   0.01715   0.01431   0.02581   0.09744   0.55458   0.04744   0.10671   0.12816   4.97742   1.54271   1.08807   1.61543   0.60801  
 37 57.6507   2162.263712  x:  0.10960   0.00000   0.21539   0.00292   0.04901   0.03321   0.12554   0.01460   0.09839   0.11401   0.04251   0.12714   0.05070   0.17586   0.00000   0.05923   0.01779   0.01480   0.02277   0.09571   0.55999   0.04034   0.10716   0.12821   4.99507   1.54917   1.09656   1.59803   0.61327  
 38 29.3479   2161.663338  x:  0.10957   0.00000   0.19396   0.00321   0.04891   0.02817   0.12922   0.01467   0.08373   0.11553   0.04140   0.13020   0.05003   0.17182   0.00000   0.05358   0.01974   0.01582   0.02402   0.09559   0.55327   0.03842   0.10752   0.12818   5.03409   1.56185   1.11149   1.56345   0.62094  
 39 31.8126   2161.378197  x:  0.11010   0.00000   0.19541   0.00322   0.04958   0.03365   0.12713   0.01432   0.07806   0.11362   0.04971   0.13040   0.05124   0.17194   0.00000   0.05737   0.02092   0.01584   0.02140   0.09602   0.54509   0.03897   0.10711   0.12871   5.05949   1.56873   1.11856   1.54404   0.62467  
 40 48.0366   2160.874720  x:  0.11131   0.00000   0.21290   0.00342   0.04691   0.02825   0.11736   0.01419   0.07652   0.10859   0.04550   0.12692   0.05333   0.17421   0.00000   0.06287   0.02205   0.01737   0.02261   0.09665   0.52593   0.03749   0.10603   0.12992   5.11042   1.58031   1.12888   1.50994   0.63054  
 41 66.6690   2160.751548  x:  0.11098   0.00000   0.21795   0.00336   0.05017   0.02851   0.11537   0.01442   0.07825   0.10920   0.04654   0.12417   0.05210   0.17427   0.00000   0.05549   0.02260   0.01695   0.02192   0.09612   0.52203   0.03460   0.10656   0.12959   5.12747   1.58217   1.12917   1.50289   0.63172  
 42 32.9500   2160.379739  x:  0.10788   0.00000   0.22096   0.00340   0.04101   0.02969   0.11793   0.01437   0.07698   0.11804   0.04815   0.11415   0.05689   0.17314   0.00000   0.05218   0.02300   0.01685   0.02207   0.09267   0.52227   0.03615   0.11152   0.12650   5.21319   1.57982   1.11372   1.49223   0.63373  
 43 18.8465   2158.985218  x:  0.10183   0.00000   0.22214   0.00327   0.05951   0.02721   0.12284   0.01372   0.07269   0.13145   0.04436   0.10046   0.05679   0.16900   0.00000   0.06476   0.02170   0.01804   0.02240   0.08992   0.52766   0.03707   0.11802   0.12044   5.57181   1.56542   1.04718   1.45506   0.64060  
 44 167.1599   2155.838062  x:  0.10601   0.00000   0.21842   0.00335   0.04791   0.02852   0.11653   0.01340   0.07886   0.11819   0.04705   0.12706   0.04330   0.16478   0.00000   0.06013   0.01975   0.01861   0.02111   0.10031   0.54255   0.03435   0.11118   0.12463   6.35214   1.52734   0.91210   1.37992   0.65380  
 45 449.8111   2155.222671  x:  0.11094   0.00000   0.21671   0.00343   0.05193   0.02865   0.12074   0.01317   0.08130   0.10808   0.04607   0.13017   0.06151   0.17136   0.00000   0.05497   0.01987   0.01887   0.02140   0.09571   0.54629   0.03679   0.10742   0.12956   6.51931   1.51111   0.90289   1.36893   0.65445  
 46 181.9510   2153.376731  x:  0.11853   0.00000   0.21625   0.00349   0.04859   0.02903   0.13796   0.01293   0.08450   0.09817   0.04711   0.12045   0.04647   0.19452   0.00000   0.05607   0.01871   0.01951   0.02084   0.08099   0.55562   0.03592   0.09641   0.13715   6.99539   1.43918   0.94286   1.35528   0.64864  
 47 157.6939   2151.677198  x:  0.11645   0.00000   0.21999   0.00336   0.05050   0.02956   0.13448   0.01286   0.08793   0.11437   0.04698   0.13328   0.05092   0.20056   0.00000   0.05540   0.01630   0.01998   0.02093   0.10537   0.56382   0.03707   0.10839   0.13508   7.45726   1.36616   0.99881   1.35089   0.64210  
 48 345.0217   2151.314679  x:  0.11021   0.00000   0.22384   0.00336   0.05122   0.03013   0.12941   0.01284   0.08788   0.11339   0.04644   0.14180   0.05225   0.18247   0.00000   0.05547   0.01675   0.01988   0.02124   0.09308   0.56611   0.03966   0.10929   0.12884   7.55240   1.35857   1.01396   1.36052   0.64188  
 49 70.0104   2151.052445  x:  0.11352   0.00000   0.22624   0.00342   0.05055   0.02991   0.13404   0.01273   0.08829   0.10871   0.04677   0.13587   0.05352   0.16453   0.00000   0.05548   0.01685   0.02010   0.02103   0.09968   0.56680   0.03935   0.10462   0.13215   7.62432   1.37023   1.02647   1.38630   0.64452  
 50 30.7496   2149.780873  x:  0.12419   0.00000   0.22279   0.00357   0.05025   0.02835   0.12186   0.01226   0.08364   0.11327   0.04785   0.14036   0.05197   0.17456   0.00000   0.05470   0.01749   0.02142   0.02007   0.09384   0.56134   0.03678   0.11467   0.14282   8.00253   1.49153   1.09064   1.57195   0.66431  
 51 48.9952   2149.497862  x:  0.11177   0.00000   0.22117   0.00361   0.04949   0.02806   0.12220   0.01217   0.08398   0.10856   0.04826   0.13990   0.05360   0.18171   0.00000   0.05385   0.01725   0.02170   0.01974   0.09862   0.56071   0.03548   0.10691   0.13040   8.08247   1.52272   1.10608   1.60845   0.66592  
 52 76.5292   2149.258620  x:  0.11272   0.00000   0.22468   0.00347   0.05011   0.02899   0.12739   0.01210   0.08732   0.11067   0.04760   0.14332   0.05281   0.18092   0.00000   0.05407   0.01573   0.02143   0.02006   0.09864   0.56881   0.03728   0.10810   0.13135   8.15798   1.58854   1.13555   1.61029   0.64897  
 53 10.4178   2149.231782  x:  0.11230   0.00000   0.22536   0.00344   0.05018   0.02919   0.12917   0.01208   0.08817   0.11015   0.04742   0.14385   0.05241   0.18089   0.00000   0.05416   0.01540   0.02133   0.02013   0.09868   0.56785   0.03771   0.10934   0.13093   8.16978   1.59356   1.13918   1.60806   0.66468  
 54  1.9087   2149.224648  x:  0.11264   0.00000   0.22558   0.00343   0.05025   0.02920   0.12886   0.01207   0.08814   0.11207   0.04743   0.14422   0.05268   0.18088   0.00000   0.05413   0.01536   0.02135   0.02014   0.09844   0.56777   0.03785   0.10688   0.13127   8.17343   1.59410   1.13953   1.60767   0.66671  
 55  2.7164   2147.528687  x:  0.11057   0.00000   0.23644   0.00460   0.04748   0.02203   0.13175   0.00950   0.08265   0.11654   0.05511   0.13342   0.04990   0.17502   0.00000   0.05378   0.01132   0.03156   0.01530   0.09460   0.59941   0.03075   0.11156   0.12921   9.16552   1.58223   1.11051   1.55815   0.68039  
 56  2.8833   2147.015038  x:  0.11090   0.00000   0.23430   0.00578   0.04799   0.02619   0.12775   0.01321   0.08204   0.11532   0.05548   0.13001   0.05117   0.17675   0.00000   0.05578   0.01270   0.03397   0.02119   0.09504   0.59424   0.03459   0.11131   0.12953   9.77460   1.57331   1.09305   1.53313   0.68543  
 57  0.4781   2146.778634  x:  0.11134   0.00000   0.22944   0.00727   0.04962   0.02653   0.12757   0.01112   0.08512   0.11416   0.05063   0.13336   0.05252   0.18035   0.00000   0.05504   0.01329   0.03511   0.01757   0.09630   0.58559   0.03538   0.11053   0.12998  10.23390   1.56840   1.08359   1.53173   0.68533  
 58  0.2247   2146.619944  x:  0.11116   0.00000   0.23156   0.00882   0.04832   0.02317   0.13192   0.01182   0.08302   0.11499   0.04889   0.13594   0.05068   0.17803   0.00000   0.05393   0.01232   0.03388   0.01935   0.09565   0.59146   0.03171   0.11106   0.12979  10.45033   1.56998   1.08590   1.54017   0.68511  
 59  0.0872   2146.345435  x:  0.11126   0.00000   0.23505   0.01221   0.04671   0.02754   0.13004   0.01099   0.08280   0.11492   0.05107   0.13328   0.04895   0.17440   0.00000   0.05521   0.01158   0.02932   0.01811   0.09525   0.60160   0.03527   0.11163   0.12989  10.41545   1.57155   1.09289   1.54291   0.68629  
 60  0.0125   2146.210582  x:  0.11129   0.00000   0.23151   0.01444   0.04887   0.02497   0.12786   0.01175   0.08443   0.11458   0.05071   0.13208   0.05309   0.17978   0.00000   0.05565   0.01270   0.02782   0.01855   0.09602   0.59163   0.03391   0.11087   0.12992  10.15838   1.56858   1.08732   1.53498   0.68490  
 61  0.1387   2146.130372  x:  0.11065   0.00000   0.23152   0.01668   0.04854   0.02534   0.13002   0.01129   0.08321   0.11455   0.04964   0.13398   0.05103   0.17998   0.00000   0.05359   0.01129   0.03033   0.01883   0.09559   0.58979   0.03373   0.11096   0.12928   9.93954   1.56739   1.08309   1.53390   0.68357  
 62  0.0849   2146.115488  x:  0.11114   0.00000   0.23132   0.01742   0.04773   0.02549   0.12885   0.01166   0.08372   0.11431   0.04969   0.13348   0.05117   0.17785   0.00000   0.05529   0.01177   0.03103   0.01851   0.09563   0.58999   0.03387   0.11093   0.12977   9.90594   1.57016   1.08849   1.53706   0.68350  
 63  0.0278   2146.113917  x:  0.11119   0.00000   0.23164   0.01765   0.04801   0.02545   0.12885   0.01156   0.08371   0.11437   0.04969   0.13334   0.05131   0.17822   0.00000   0.05488   0.01193   0.03123   0.01865   0.09586   0.59130   0.03416   0.11089   0.12982   9.91866   1.57058   1.09031   1.53844   0.68349  
 64  0.0104   2146.113760  x:  0.11112   0.00000   0.23173   0.01771   0.04802   0.02551   0.12905   0.01159   0.08376   0.11445   0.04966   0.13345   0.05133   0.17837   0.00000   0.05490   0.01195   0.03125   0.01862   0.09579   0.59175   0.03401   0.11092   0.12976   9.92357   1.57040   1.09020   1.53822   0.68350  
 65  0.0048   2146.113746  x:  0.11112   0.00000   0.23175   0.01772   0.04800   0.02547   0.12906   0.01158   0.08376   0.11445   0.04965   0.13348   0.05129   0.17836   0.00000   0.05492   0.01197   0.03123   0.01862   0.09577   0.59184   0.03403   0.11093   0.12975   9.92376   1.57027   1.08998   1.53796   0.68352  
 66  0.0004   2146.113746  x:  0.11112   0.00000   0.23176   0.01772   0.04800   0.02548   0.12906   0.01158   0.08376   0.11444   0.04965   0.13348   0.05129   0.17836   0.00000   0.05491   0.01197   0.03123   0.01862   0.09578   0.59185   0.03403   0.11093   0.12976   9.92343   1.57027   1.08994   1.53797   0.68352  
 67  0.0003   2146.113746  x:  0.11112   0.00000   0.23176   0.01772   0.04800   0.02548   0.12906   0.01158   0.08376   0.11444   0.04965   0.13349   0.05129   0.17836   0.00000   0.05491   0.01197   0.03123   0.01862   0.09578   0.59186   0.03403   0.11093   0.12975   9.92340   1.57028   1.08994   1.53798   0.68352  
 68  0.0000   2146.113746  x:  0.11112   0.00000   0.23176   0.01772   0.04800   0.02548   0.12906   0.01158   0.08376   0.11444   0.04965   0.13349   0.05129   0.17836   0.00000   0.05491   0.01197   0.03123   0.01862   0.09578   0.59186   0.03403   0.11093   0.12975   9.92339   1.57028   1.08994   1.53798   0.68352  
 69  0.0000   2146.113746  x:  0.11112   0.00000   0.23176   0.01772   0.04800   0.02548   0.12906   0.01158   0.08376   0.11444   0.04965   0.13349   0.05129   0.17836   0.00000   0.05491   0.01197   0.03123   0.01862   0.09578   0.59186   0.03403   0.11093   0.12975   9.92338   1.57028   1.08994   1.53798   0.68352  