

TREE # 1

  0  0.0000   1978.172597  x:  0.01972   0.20925   0.02571   0.03211   0.02495   0.05815   0.02188   0.05666   0.08536   0.02661   0.17168   0.01972   0.20925   0.02571   0.03211   0.02495   0.05815   0.02188   0.05666   0.08536   0.02661   0.17168   0.21568   8.40433   1.47928   1.03551   1.34228   1.00000  
  1 99.0000   1968.557431  x:  0.02146   0.21485   0.02490   0.00672   0.00848   0.05762   0.01721   0.05305   0.10168   0.04067   0.18009   0.01626   0.20510   0.04952   0.01798   0.06009   0.05796   0.01809   0.05026   0.08773   0.04895   0.16973   0.21615   8.40440   1.47816   1.03402   1.34526   1.00280  
  2 309.4203   1967.879413  x:  0.02201   0.21822   0.02420   0.00407   0.01602   0.05749   0.01913   0.05179   0.10826   0.04098   0.18487   0.01603   0.20248   0.04990   0.01208   0.06118   0.05787   0.01835   0.04764   0.08884   0.04954   0.16852   0.21635   8.40446   1.47741   1.03301   1.34729   1.00471  
  3 111.6249   1967.465171  x:  0.02244   0.22222   0.02366   0.00880   0.01698   0.05734   0.01996   0.05052   0.11540   0.04113   0.19046   0.01593   0.19933   0.05004   0.00831   0.06197   0.05778   0.01854   0.04513   0.09013   0.04992   0.16708   0.21658   8.40452   1.47649   1.03177   1.34980   1.00708  
  4 154.0472   1966.169544  x:  0.02287   0.23911   0.02230   0.00685   0.01218   0.05684   0.02087   0.04685   0.14122   0.03838   0.21349   0.01681   0.18585   0.04529   0.01416   0.05707   0.05745   0.01960   0.03835   0.09528   0.04631   0.16092   0.21745   8.40482   1.47236   1.02623   1.36110   1.01783  
  5 145.9964   1965.825494  x:  0.01935   0.24576   0.02514   0.00590   0.01100   0.05708   0.01671   0.04962   0.14399   0.03886   0.22127   0.01703   0.18058   0.04440   0.01133   0.05403   0.05750   0.01761   0.04482   0.09513   0.04602   0.15869   0.21764   8.40502   1.46994   1.02306   1.36775   1.02436  
  6 59.9290   1965.572130  x:  0.01529   0.25222   0.02538   0.00709   0.01301   0.05738   0.01942   0.05239   0.14188   0.04023   0.22788   0.01727   0.17577   0.04657   0.01436   0.05473   0.05767   0.01857   0.05001   0.09390   0.04831   0.15699   0.21779   8.40530   1.46683   1.01910   1.37628   1.03294  
  7 63.0259   1965.235694  x:  0.01296   0.26082   0.02082   0.00609   0.01076   0.05753   0.02169   0.05268   0.13157   0.03901   0.23500   0.01842   0.17042   0.04670   0.01138   0.05441   0.05780   0.02066   0.04829   0.09105   0.04845   0.15610   0.21808   8.40587   1.46108   1.01209   1.39202   1.04922  
  8 58.6743   1964.934043  x:  0.01381   0.26798   0.02208   0.00672   0.01276   0.05742   0.01785   0.05060   0.12190   0.03920   0.24006   0.01829   0.16698   0.04694   0.01280   0.05618   0.05766   0.01819   0.04320   0.08937   0.04851   0.15616   0.21838   8.40652   1.45505   1.00492   1.40862   1.06681  
  9 103.1088   1964.757486  x:  0.01577   0.26936   0.02745   0.00630   0.01164   0.05698   0.02096   0.04877   0.12012   0.04031   0.23902   0.01643   0.16885   0.04569   0.01191   0.05663   0.05741   0.01861   0.04293   0.09081   0.04741   0.15763   0.21841   8.40716   1.45024   0.99960   1.42213   1.08217  
 10 46.3375   1964.183669  x:  0.01931   0.26647   0.02316   0.00662   0.01247   0.05608   0.01823   0.04726   0.12584   0.03957   0.22775   0.01598   0.18147   0.04471   0.01245   0.05826   0.05684   0.02108   0.04786   0.09780   0.04644   0.16380   0.21794   8.40966   1.43352   0.98204   1.46983   1.13851  
 11 81.1491   1964.047611  x:  0.01761   0.26379   0.02263   0.00656   0.01211   0.05662   0.01981   0.04950   0.12835   0.03923   0.22426   0.01680   0.18364   0.04563   0.01247   0.05667   0.05704   0.01688   0.04603   0.09702   0.04705   0.16405   0.21757   8.41038   1.42991   0.97884   1.48070   1.15266  
 12 72.4164   1963.970681  x:  0.01572   0.26043   0.02404   0.00650   0.01210   0.05731   0.01886   0.05135   0.13037   0.03944   0.22191   0.01685   0.18353   0.04671   0.01247   0.05510   0.05748   0.01900   0.04347   0.09431   0.04781   0.16287   0.21716   8.41097   1.42816   0.97807   1.48682   1.16227  
 13 44.5142   1963.889059  x:  0.01822   0.25328   0.02349   0.00653   0.01209   0.05731   0.01902   0.04940   0.13213   0.03960   0.22033   0.01597   0.17905   0.04642   0.01265   0.05528   0.05752   0.01864   0.04488   0.08860   0.04741   0.15877   0.21657   8.41210   1.42777   0.98093   1.49186   1.17586  
 14 20.1506   1963.850659  x:  0.01866   0.24918   0.02414   0.00653   0.01213   0.05678   0.01914   0.04982   0.13181   0.03937   0.22046   0.01891   0.17618   0.04568   0.01251   0.05641   0.05718   0.01883   0.04495   0.09028   0.04720   0.15697   0.21628   8.41303   1.42894   0.98481   1.49308   1.18468  
 15 16.9679   1963.804778  x:  0.01781   0.24503   0.02371   0.00654   0.01216   0.05654   0.01904   0.05056   0.13087   0.03900   0.22115   0.01672   0.17325   0.04526   0.01244   0.05663   0.05699   0.01869   0.04451   0.09417   0.04742   0.15553   0.21601   8.41441   1.43142   0.99106   1.49351   1.19647  
 16 28.0561   1963.746206  x:  0.01875   0.24422   0.02346   0.00652   0.01210   0.05799   0.01902   0.04904   0.13028   0.04032   0.22314   0.01721   0.17360   0.04806   0.01238   0.05347   0.05792   0.01873   0.04474   0.09559   0.04837   0.15768   0.21632   8.41693   1.43750   1.00247   1.49194   1.21485  
 17 17.6772   1963.644267  x:  0.01714   0.24739   0.02380   0.00656   0.01216   0.05726   0.01903   0.05021   0.13096   0.03871   0.22564   0.01688   0.17772   0.04652   0.01250   0.05594   0.05752   0.01870   0.04476   0.09200   0.04716   0.16262   0.21723   8.42204   1.45079   1.02413   1.48772   1.24916  
 18 34.4247   1963.630876  x:  0.01693   0.24957   0.02331   0.00656   0.01217   0.05659   0.01899   0.05021   0.13098   0.04065   0.22386   0.01704   0.17820   0.04582   0.01253   0.05574   0.05699   0.01868   0.04454   0.09205   0.04703   0.16066   0.21728   8.42324   1.45418   1.02620   1.48699   1.25397  
 19  8.4107   1963.618519  x:  0.01742   0.25222   0.02361   0.00656   0.01217   0.05684   0.01901   0.05008   0.13100   0.03932   0.22138   0.01713   0.17835   0.04632   0.01247   0.05567   0.05715   0.01870   0.04466   0.09245   0.04747   0.15792   0.21720   8.42477   1.45850   1.02733   1.48629   1.25847  
 20 11.1369   1963.612507  x:  0.01741   0.25236   0.02351   0.00656   0.01217   0.05791   0.01902   0.05025   0.13112   0.03962   0.22079   0.01712   0.17751   0.04620   0.01247   0.05611   0.05810   0.01868   0.04465   0.09253   0.04675   0.15842   0.21656   8.42671   1.46345   1.02575   1.48624   1.26067  
 21  3.1090   1963.602553  x:  0.01731   0.25185   0.02355   0.00655   0.01216   0.05685   0.01900   0.05000   0.13126   0.03943   0.22056   0.01713   0.17635   0.04631   0.01246   0.05572   0.05724   0.01868   0.04464   0.09237   0.04728   0.15977   0.21565   8.43059   1.47274   1.02235   1.48640   1.26423  
 22  9.9648   1963.599372  x:  0.01773   0.25102   0.02351   0.00655   0.01216   0.05710   0.01900   0.05040   0.13105   0.03949   0.22181   0.01707   0.17755   0.04606   0.01246   0.05570   0.05718   0.01870   0.04460   0.09229   0.04756   0.15888   0.21655   8.43280   1.47605   1.02138   1.48705   1.26504  
 23  2.9630   1963.598402  x:  0.01730   0.25073   0.02353   0.00655   0.01216   0.05699   0.01899   0.05000   0.13099   0.03944   0.22216   0.01712   0.17797   0.04622   0.01246   0.05577   0.05732   0.01867   0.04463   0.09229   0.04730   0.15852   0.21682   8.43379   1.47703   1.02126   1.48745   1.26516  
 24  3.2579   1963.595611  x:  0.01762   0.25073   0.02351   0.00655   0.01216   0.05647   0.01899   0.05048   0.13097   0.03948   0.22223   0.01703   0.17800   0.04697   0.01245   0.05577   0.05730   0.01869   0.04460   0.09230   0.04645   0.15843   0.21693   8.43952   1.47929   1.02280   1.49035   1.26440  
 25  1.4704   1963.565457  x:  0.01728   0.25107   0.02353   0.00653   0.01216   0.05723   0.01897   0.05004   0.13097   0.03943   0.22158   0.01709   0.17743   0.04631   0.01244   0.05570   0.05683   0.01864   0.04463   0.09228   0.04717   0.15890   0.21705   8.50502   1.50338   1.04131   1.52337   1.25510  
 26 16.8386   1963.564520  x:  0.01736   0.25108   0.02352   0.00653   0.01216   0.05681   0.01897   0.05009   0.13096   0.03943   0.22162   0.01709   0.17748   0.04615   0.01244   0.05565   0.05747   0.01863   0.04462   0.09227   0.04741   0.15888   0.21688   8.50735   1.50385   1.04168   1.52406   1.25495  
 27  4.4975   1963.550762  x:  0.01753   0.25110   0.02351   0.00652   0.01216   0.05700   0.01896   0.05009   0.13055   0.03943   0.22322   0.01709   0.17927   0.04616   0.01243   0.05566   0.05720   0.01862   0.04463   0.09222   0.04734   0.15762   0.21106   8.54981   1.50350   1.04155   1.52467   1.25682  
 28  2.7059   1963.282755  x:  0.01631   0.25581   0.02341   0.00634   0.01216   0.05707   0.01876   0.05011   0.12781   0.03928   0.22528   0.01725   0.17575   0.04607   0.01238   0.05495   0.05732   0.01848   0.04489   0.09217   0.04684   0.15921   0.21805   9.43993   1.48152   1.02327   1.51596   1.30446  
 29 23.9944   1963.277400  x:  0.01663   0.25435   0.02351   0.00641   0.01216   0.05701   0.01887   0.05007   0.12932   0.03937   0.22434   0.01717   0.17691   0.04609   0.01243   0.05512   0.05729   0.01858   0.04488   0.09232   0.04687   0.15906   0.21716   9.50235   1.48559   1.02686   1.51657   1.29994  
 30  0.0530   1963.277267  x:  0.01659   0.25447   0.02346   0.00642   0.01217   0.05703   0.01886   0.05008   0.12919   0.03937   0.22448   0.01719   0.17674   0.04614   0.01240   0.05518   0.05730   0.01857   0.04484   0.09231   0.04691   0.15907   0.21722   9.51479   1.48519   1.02648   1.51571   1.29867  
 31  0.0104   1963.277266  x:  0.01658   0.25449   0.02347   0.00642   0.01216   0.05702   0.01886   0.05008   0.12919   0.03937   0.22448   0.01719   0.17675   0.04614   0.01240   0.05518   0.05730   0.01857   0.04485   0.09231   0.04691   0.15907   0.21723   9.51490   1.48520   1.02647   1.51571   1.29861  
 32  0.0001   1963.277266  x:  0.01658   0.25449   0.02347   0.00641   0.01216   0.05702   0.01886   0.05008   0.12919   0.03937   0.22448   0.01719   0.17675   0.04614   0.01240   0.05518   0.05730   0.01857   0.04485   0.09231   0.04691   0.15907   0.21723   9.51486   1.48520   1.02647   1.51571   1.29861  
 33  0.0000   1963.277266  x:  0.01658   0.25449   0.02347   0.00641   0.01216   0.05702   0.01886   0.05008   0.12919   0.03937   0.22448   0.01719   0.17675   0.04614   0.01240   0.05518   0.05730   0.01857   0.04485   0.09231   0.04691   0.15907   0.21723   9.51486   1.48520   1.02647   1.51571   1.29861  

TREE # 2

  0  0.0000   2300.658386  x:  0.01658   0.25449   0.02347   0.00641   0.01216   0.05702   0.01886   0.05008   0.12919   0.03937   0.22448   0.01719   0.17675   0.04614   0.01240   0.05518   0.05730   0.01857   0.04485   0.09231   0.04691   0.15907   0.21723   9.51486   1.45880   0.94104   1.39124   1.29861  
  1 99.0000   2063.450364  x:  0.12447   0.24663   0.12718   0.37663   0.08522   0.05399   0.08033   0.04053   0.11802   0.04495   0.21200   0.01813   0.17428   0.11475   0.26187   0.05330   0.05164   0.11854   0.03129   0.08419   0.03312   0.14808   0.20165   9.51489   1.45846   0.94149   1.39203   1.29856  
  2 4374.9699   2036.687120  x:  0.14193   0.21951   0.12505   0.36752   0.07186   0.04311   0.08634   0.01665   0.09407   0.05207   0.18450   0.01772   0.15431   0.14103   0.26558   0.04198   0.03136   0.12347   0.00000   0.06801   0.00500   0.12458   0.16691   9.51497   1.45638   0.94450   1.39349   1.29830  
  3 373.0031   2032.303675  x:  0.14508   0.21458   0.12467   0.36587   0.06945   0.04115   0.08742   0.01235   0.08973   0.05335   0.17951   0.01764   0.15068   0.14577   0.26626   0.03995   0.02774   0.12437   0.00026   0.06508   0.00000   0.12033   0.16060   9.51498   1.45601   0.94504   1.39375   1.29825  
  4 2881.8350   2016.769987  x:  0.15978   0.18722   0.12353   0.35779   0.05940   0.03499   0.09213   0.00000   0.06811   0.05800   0.15267   0.01747   0.13037   0.16627   0.26998   0.03430   0.01580   0.12853   0.00057   0.05251   0.01749   0.10070   0.12744   9.51505   1.45413   0.94763   1.39537   1.29799  
  5 958.7634   1998.762729  x:  0.18484   0.13807   0.12179   0.34341   0.04374   0.02751   0.10045   0.01911   0.03220   0.06619   0.10503   0.01735   0.09386   0.20073   0.27646   0.02737   0.00212   0.13548   0.00093   0.03265   0.03520   0.06584   0.06744   9.51518   1.45090   0.95223   1.39821   1.29759  
  6 2441.8310   1991.062438  x:  0.19829   0.11046   0.12113   0.33532   0.03616   0.02480   0.10455   0.02407   0.01483   0.06997   0.07891   0.01735   0.07347   0.21910   0.28005   0.02636   0.01399   0.13911   0.00099   0.02413   0.04174   0.04730   0.03400   9.51525   1.44914   0.95473   1.39979   1.29738  
  7 2877.6096   1984.424790  x:  0.20756   0.08622   0.12207   0.32871   0.03566   0.02949   0.10623   0.02455   0.02496   0.07056   0.05950   0.01777   0.05613   0.23098   0.28286   0.03001   0.01441   0.14129   0.00101   0.03025   0.04422   0.03797   0.00835   9.51530   1.44780   0.95666   1.40117   1.29723  
  8 646.0704   1978.081630  x:  0.22391   0.03515   0.12686   0.31528   0.03983   0.03944   0.10746   0.02521   0.02543   0.06838   0.02993   0.01887   0.02148   0.25077   0.28872   0.03710   0.01426   0.14452   0.00105   0.04009   0.04496   0.03679   0.02075   9.51539   1.44518   0.96047   1.40411   1.29698  
  9 308.5030   1975.922063  x:  0.23092   0.01091   0.13229   0.30835   0.04121   0.04081   0.10677   0.02572   0.02492   0.06572   0.03819   0.01925   0.00810   0.25854   0.29247   0.03763   0.01438   0.14536   0.00106   0.03915   0.04519   0.04421   0.01908   9.51544   1.44385   0.96247   1.40578   1.29687  
 10 228.9750   1974.671811  x:  0.25170   0.01456   0.16121   0.28229   0.03878   0.04077   0.10195   0.02830   0.03172   0.05663   0.04074   0.01568   0.00423   0.28214   0.30780   0.03560   0.01630   0.14561   0.00113   0.03612   0.04786   0.04772   0.02223   9.51563   1.43900   0.96970   1.41231   1.29642  
 11 56.1564   1974.384752  x:  0.25664   0.01602   0.16848   0.27438   0.04092   0.04225   0.10042   0.02837   0.02855   0.05589   0.04234   0.02076   0.00485   0.28699   0.31334   0.03728   0.01586   0.14520   0.00114   0.04089   0.04804   0.04813   0.02136   9.51571   1.43730   0.97231   1.41476   1.29624  
 12 83.2362   1974.293669  x:  0.25748   0.01583   0.16997   0.27057   0.04331   0.04276   0.09997   0.02815   0.02703   0.05826   0.04292   0.01750   0.00572   0.28632   0.31787   0.03886   0.01549   0.14451   0.00114   0.04230   0.04792   0.04763   0.02090   9.51578   1.43600   0.97445   1.41688   1.29607  
 13 28.2325   1974.151119  x:  0.25763   0.01494   0.17031   0.26283   0.04551   0.04126   0.09988   0.02800   0.02873   0.06398   0.04271   0.01937   0.00599   0.28130   0.33042   0.03949   0.01558   0.14287   0.00114   0.03953   0.04790   0.04639   0.02156   9.51600   1.43242   0.98046   1.42305   1.29556  
 14 30.8973   1974.009111  x:  0.25648   0.01620   0.16846   0.25573   0.04240   0.04077   0.10059   0.02784   0.02791   0.06252   0.04142   0.01895   0.00251   0.27353   0.34552   0.03701   0.01556   0.14187   0.00113   0.04127   0.04736   0.04855   0.02083   9.51631   1.42790   0.98838   1.43164   1.29482  
 15 34.5780   1973.968681  x:  0.25589   0.01578   0.16685   0.25393   0.04170   0.04236   0.10100   0.02763   0.02774   0.05906   0.04202   0.01893   0.00311   0.27192   0.34946   0.03840   0.01524   0.14234   0.00112   0.04030   0.04708   0.04665   0.02100   9.51648   1.42634   0.99161   1.43554   1.29446  
 16 19.0530   1973.930887  x:  0.25505   0.01574   0.16347   0.25349   0.04405   0.04069   0.10143   0.02782   0.02803   0.05727   0.04162   0.01888   0.00487   0.27402   0.34957   0.03789   0.01542   0.14480   0.00112   0.04039   0.04717   0.04804   0.02087   9.51691   1.42449   0.99753   1.44417   1.29357  
 17  7.4455   1973.878857  x:  0.25368   0.01744   0.16058   0.25477   0.04359   0.04130   0.10151   0.02795   0.02858   0.05901   0.04366   0.01877   0.00307   0.27735   0.34778   0.03818   0.01562   0.14726   0.00113   0.04115   0.04737   0.04731   0.02160   9.51765   1.42238   1.00665   1.45845   1.29205  
 18 19.1410   1973.820882  x:  0.25115   0.01657   0.16269   0.25785   0.04140   0.04375   0.10003   0.02775   0.02827   0.06046   0.04258   0.01892   0.00487   0.27838   0.34447   0.03875   0.01551   0.14592   0.00112   0.04027   0.04696   0.04937   0.02112   9.51865   1.42173   1.01670   1.47587   1.29008  
 19 19.9728   1973.762570  x:  0.24893   0.01521   0.16710   0.26106   0.04200   0.04173   0.09898   0.02763   0.02819   0.05943   0.04246   0.01885   0.00481   0.27696   0.34034   0.03747   0.01554   0.14260   0.00111   0.04110   0.04663   0.04703   0.02124   9.51975   1.42300   1.02584   1.49326   1.28801  
 20 28.3848   1973.741535  x:  0.24960   0.01609   0.16826   0.26154   0.04343   0.04162   0.10018   0.02740   0.02789   0.05883   0.04207   0.01896   0.00336   0.27548   0.33873   0.03855   0.01532   0.14184   0.00111   0.04003   0.04627   0.04758   0.02081   9.52025   1.42558   1.02816   1.49936   1.28715  
 21 12.4419   1973.655480  x:  0.25783   0.01536   0.16935   0.26138   0.04234   0.04182   0.10754   0.02713   0.02819   0.05950   0.04257   0.01888   0.00548   0.26942   0.33468   0.03816   0.01544   0.14243   0.00109   0.04083   0.04576   0.04765   0.02112   9.52265   1.44333   1.03407   1.52230   1.28335  
 22 14.6596   1973.536535  x:  0.26581   0.01562   0.16721   0.26152   0.04339   0.04319   0.09907   0.02675   0.02805   0.05937   0.04260   0.01888   0.00557   0.26352   0.33363   0.03628   0.01541   0.14547   0.00106   0.04014   0.04472   0.04730   0.02088   9.52630   1.47371   1.04012   1.55026   1.27806  
 23 20.4350   1973.491787  x:  0.26593   0.01559   0.16646   0.26160   0.04177   0.04048   0.09704   0.02672   0.02817   0.05925   0.04262   0.01882   0.00562   0.26353   0.33460   0.03930   0.01514   0.14551   0.00105   0.04063   0.04433   0.04777   0.02096   9.52779   1.48603   1.04249   1.55928   1.27616  
 24 27.8007   1973.264001  x:  0.24923   0.01620   0.16403   0.25938   0.04299   0.04167   0.09981   0.02613   0.02860   0.05854   0.04365   0.01872   0.00479   0.27441   0.34423   0.03810   0.01518   0.13846   0.00102   0.04063   0.04295   0.04824   0.02105   9.53584   1.55130   1.05604   1.59615   1.26725  
 25 25.8171   1973.183380  x:  0.24224   0.01553   0.16947   0.25765   0.04281   0.04155   0.10085   0.02564   0.02838   0.05904   0.04327   0.01878   0.00451   0.27210   0.34369   0.03806   0.01501   0.14800   0.00098   0.04049   0.04203   0.04787   0.02083   9.53925   1.56684   1.06761   1.59761   1.26636  
 26  6.9786   1972.782651  x:  0.24929   0.01642   0.16729   0.26219   0.04314   0.04195   0.09973   0.02412   0.02927   0.05853   0.04514   0.01869   0.00587   0.26568   0.33792   0.03811   0.01497   0.14106   0.00089   0.04088   0.03868   0.04920   0.02107   9.55805   1.61198   1.13971   1.57451   1.26983  
 27  8.4174   1970.115784  x:  0.23506   0.01687   0.17046   0.26562   0.04530   0.04186   0.09760   0.01476   0.03281   0.05698   0.05288   0.01819   0.01169   0.24293   0.33393   0.03802   0.01392   0.13847   0.00029   0.04202   0.01580   0.05430   0.02111   9.67056   1.55688   1.08368   1.55685   1.36038  
 28  2.2000   1969.555776  x:  0.22692   0.01675   0.17289   0.26952   0.04722   0.04292   0.09622   0.01488   0.03523   0.05571   0.05579   0.01799   0.01484   0.22597   0.33115   0.03879   0.01476   0.13732   0.00037   0.04384   0.01612   0.05704   0.02169   9.70567   1.51705   1.05298   1.53039   1.21439  
 29  1.8998   1969.214479  x:  0.21982   0.01648   0.17447   0.27238   0.04866   0.04436   0.09476   0.01582   0.03746   0.05445   0.05780   0.01787   0.01677   0.21327   0.32909   0.03987   0.01570   0.13614   0.00056   0.04573   0.01920   0.05922   0.02209   9.72732   1.51492   1.04534   1.53182   1.30813  
 30  1.1749   1967.799840  x:  0.23396   0.01046   0.17681   0.24941   0.05200   0.04989   0.09349   0.01408   0.04656   0.05359   0.06149   0.01835   0.00917   0.24713   0.32298   0.04271   0.01924   0.13744   0.00065   0.05379   0.01248   0.06374   0.02041   9.80776   1.44380   0.99682   1.49161   1.32010  
 31  0.1452   1966.191089  x:  0.23473   0.02624   0.16621   0.22206   0.05035   0.04742   0.09972   0.01209   0.05706   0.05968   0.06137   0.02022   0.01359   0.24269   0.30044   0.03992   0.02545   0.13811   0.00125   0.05829   0.01143   0.05854   0.01524   9.77575   1.50516   1.05597   1.50862   1.28558  
 32  0.0357   1964.621257  x:  0.21736   0.01816   0.16483   0.19498   0.04442   0.04417   0.09047   0.01194   0.06014   0.05276   0.05640   0.01797   0.01652   0.22148   0.27751   0.03771   0.02938   0.13124   0.00210   0.05188   0.01712   0.04976   0.01828   9.55856   1.47962   1.01761   1.52692   1.28194  
 33  0.0816   1964.040802  x:  0.21671   0.01400   0.16303   0.18244   0.04671   0.04636   0.09175   0.00938   0.05696   0.05483   0.05607   0.01812   0.01729   0.21884   0.25573   0.03974   0.02964   0.12889   0.00235   0.04918   0.01139   0.05579   0.01827   9.49905   1.48301   1.02286   1.51834   1.30777  
 34  0.0489   1963.754389  x:  0.22046   0.01637   0.15794   0.17371   0.04773   0.04684   0.09360   0.01142   0.04945   0.05683   0.05592   0.01879   0.01533   0.23248   0.25305   0.04001   0.02840   0.12956   0.00253   0.04798   0.01402   0.05912   0.01845   9.46786   1.48362   1.02795   1.50761   1.30713  
 35  0.0329   1963.627293  x:  0.21592   0.01840   0.15690   0.17578   0.04723   0.04630   0.09242   0.01167   0.04347   0.05540   0.05701   0.01880   0.01711   0.22524   0.25195   0.03934   0.02663   0.12863   0.00256   0.04854   0.01243   0.05915   0.01896   9.48116   1.48337   1.02527   1.51218   1.30016  
 36  0.0172   1963.597306  x:  0.21685   0.01704   0.15949   0.17285   0.04656   0.04603   0.09192   0.01212   0.04333   0.05468   0.05721   0.01844   0.01676   0.22173   0.25299   0.03913   0.02627   0.12884   0.00263   0.04993   0.01272   0.05703   0.01902   9.49485   1.48826   1.02816   1.51991   1.29568  
 37  0.0134   1963.574546  x:  0.21541   0.01687   0.15892   0.17622   0.04661   0.04605   0.09187   0.01260   0.04410   0.05513   0.05768   0.01846   0.01693   0.22382   0.24837   0.03928   0.02555   0.12827   0.00272   0.05121   0.01260   0.05562   0.01887   9.52230   1.48528   1.02543   1.51901   1.29872  
 38  0.0133   1963.538524  x:  0.21529   0.01747   0.15658   0.17243   0.04719   0.04641   0.09219   0.01315   0.04472   0.05574   0.05804   0.01870   0.01649   0.22554   0.25352   0.03985   0.02369   0.12813   0.00290   0.05168   0.01186   0.05568   0.01852   9.55297   1.48229   1.02312   1.51274   1.30494  
 39  0.0162   1963.501815  x:  0.21764   0.01720   0.15751   0.17350   0.04712   0.04656   0.09226   0.01371   0.04509   0.05521   0.05741   0.01875   0.01717   0.22271   0.25051   0.03975   0.02177   0.12897   0.00315   0.05010   0.01256   0.05724   0.01857   9.53517   1.48647   1.02790   1.51322   1.30234  
 40  0.0113   1963.481926  x:  0.21445   0.01743   0.15933   0.17303   0.04658   0.04600   0.09180   0.01301   0.04667   0.05484   0.05702   0.01845   0.01681   0.22321   0.25094   0.03904   0.02171   0.12814   0.00330   0.04942   0.01236   0.05758   0.01894   9.49858   1.48706   1.02640   1.51982   1.29632  
 41  0.0188   1963.433783  x:  0.22004   0.01754   0.15801   0.17451   0.04652   0.04561   0.09235   0.01110   0.04600   0.05580   0.05726   0.01836   0.01629   0.22448   0.25122   0.03912   0.02122   0.12873   0.00376   0.05069   0.01215   0.05709   0.01944   9.43872   1.48499   1.02667   1.52084   1.29637  
 42  0.0110   1963.381876  x:  0.21391   0.01658   0.15792   0.17568   0.04730   0.04636   0.09225   0.01094   0.04446   0.05513   0.05758   0.01881   0.01698   0.22593   0.25450   0.03968   0.02141   0.12926   0.00440   0.05124   0.01339   0.05718   0.01881   9.45732   1.48794   1.02890   1.51281   1.30028  
 43  0.0084   1963.305590  x:  0.21856   0.01783   0.16000   0.17475   0.04722   0.04682   0.09245   0.01188   0.04560   0.05447   0.05782   0.01884   0.01760   0.22149   0.25209   0.03932   0.02341   0.12929   0.00556   0.05063   0.01266   0.05726   0.01805   9.55458   1.47956   1.02115   1.51074   1.29909  
 44  0.0308   1963.279306  x:  0.21731   0.01718   0.15914   0.17683   0.04683   0.04630   0.09218   0.01234   0.04479   0.05529   0.05748   0.01847   0.01633   0.22461   0.25435   0.03936   0.02339   0.12865   0.00616   0.05004   0.01205   0.05716   0.01885   9.55862   1.48838   1.02845   1.51878   1.29909  
 45  0.0110   1963.277521  x:  0.21715   0.01716   0.15899   0.17679   0.04689   0.04607   0.09239   0.01239   0.04483   0.05523   0.05734   0.01856   0.01659   0.22460   0.25462   0.03935   0.02350   0.12943   0.00635   0.05000   0.01219   0.05701   0.01889   9.53655   1.48459   1.02602   1.51557   1.29890  
 46  0.0184   1963.277286  x:  0.21728   0.01720   0.15908   0.17676   0.04692   0.04612   0.09228   0.01240   0.04485   0.05514   0.05729   0.01858   0.01660   0.22450   0.25451   0.03937   0.02349   0.12916   0.00642   0.05006   0.01217   0.05700   0.01886   9.52137   1.48523   1.02656   1.51554   1.29871  
 47  0.0113   1963.277268  x:  0.21723   0.01719   0.15908   0.17674   0.04692   0.04615   0.09232   0.01240   0.04485   0.05519   0.05729   0.01856   0.01658   0.22448   0.25448   0.03937   0.02347   0.12919   0.00642   0.05008   0.01216   0.05702   0.01886   9.51633   1.48521   1.02646   1.51574   1.29862  
 48  0.0041   1963.277266  x:  0.21723   0.01719   0.15906   0.17675   0.04691   0.04614   0.09231   0.01240   0.04485   0.05518   0.05730   0.01857   0.01658   0.22448   0.25449   0.03937   0.02347   0.12919   0.00642   0.05008   0.01216   0.05703   0.01886   9.51501   1.48520   1.02648   1.51572   1.29861  
 49  0.0009   1963.277266  x:  0.21723   0.01719   0.15907   0.17675   0.04691   0.04614   0.09231   0.01240   0.04485   0.05518   0.05730   0.01857   0.01659   0.22448   0.25449   0.03937   0.02347   0.12919   0.00641   0.05008   0.01216   0.05702   0.01886   9.51487   1.48519   1.02647   1.51571   1.29861  
 50  0.0001   1963.277266  x:  0.21723   0.01719   0.15907   0.17675   0.04691   0.04614   0.09231   0.01240   0.04485   0.05518   0.05730   0.01857   0.01658   0.22448   0.25449   0.03937   0.02347   0.12919   0.00641   0.05008   0.01216   0.05702   0.01886   9.51486   1.48520   1.02647   1.51571   1.29861  
 51  0.0000   1963.277266  x:  0.21723   0.01719   0.15907   0.17675   0.04691   0.04614   0.09231   0.01240   0.04485   0.05518   0.05730   0.01857   0.01658   0.22448   0.25449   0.03937   0.02347   0.12919   0.00641   0.05008   0.01216   0.05702   0.01886   9.51486   1.48520   1.02647   1.51571   1.29861  
 52  0.0000   1963.277266  x:  0.21723   0.01719   0.15907   0.17675   0.04691   0.04614   0.09231   0.01240   0.04485   0.05518   0.05730   0.01857   0.01658   0.22448   0.25449   0.03937   0.02347   0.12919   0.00641   0.05008   0.01216   0.05702   0.01886   9.51486   1.48520   1.02647   1.51571   1.29861  