

TREE # 1

  0  0.0000   2307.332397  x:  0.01972   0.20925   0.02571   0.03211   0.02495   0.05815   0.02188   0.05666   0.08536   0.02661   0.17168   0.01972   0.20925   0.02571   0.03211   0.02495   0.05815   0.02188   0.05666   0.08536   0.02661   0.17168   0.21568   8.40433   1.76025   1.19534   1.56027   1.00000  
  1 99.0000   2156.744016  x:  0.00513   0.20292   0.03318   0.01413   0.02759   0.05573   0.00000   0.04479   0.08484   0.02453   0.17105   0.01802   0.19137   0.04919   0.02077   0.29477   0.05919   0.04344   0.18605   0.16776   0.18510   0.15954   0.21646   8.40431   1.76058   1.19232   1.56360   0.99940  
  2 1647.9984   2154.248525  x:  0.00000   0.20076   0.03309   0.01233   0.02933   0.05599   0.02194   0.04297   0.08471   0.02447   0.17111   0.01205   0.18236   0.05381   0.01457   0.29920   0.05886   0.04077   0.18624   0.17022   0.18984   0.15703   0.21682   8.40430   1.76048   1.19190   1.56449   0.99923  
  3 386.1951   2149.261800  x:  0.00000   0.19624   0.03269   0.01256   0.02911   0.05557   0.02096   0.03953   0.08451   0.02458   0.17140   0.00000   0.16251   0.06238   0.00198   0.29978   0.05826   0.03471   0.18161   0.17203   0.19462   0.15235   0.21765   8.40427   1.76023   1.19108   1.56639   0.99885  
  4 251.5329   2129.073272  x:  0.00000   0.16679   0.03368   0.01017   0.03056   0.05507   0.01859   0.04698   0.08381   0.02470   0.17405   0.00000   0.00000   0.10418   0.01882   0.31591   0.06477   0.03755   0.13542   0.15718   0.22416   0.14341   0.22370   8.40410   1.75847   1.18376   1.58255   0.99620  
  5 317.1002   2129.073272  x:  0.00000   0.16679   0.03368   0.01017   0.03056   0.05507   0.01859   0.04698   0.08381   0.02470   0.17405   0.00000   0.00000   0.10418   0.01882   0.31591   0.06477   0.03755   0.13542   0.15718   0.22416   0.14341   0.22370   8.40410   1.75847   1.18376   1.58255   0.99620  
  6 81.2872   2126.865048  x:  0.00000   0.16614   0.03319   0.01430   0.02880   0.05480   0.00499   0.04275   0.08388   0.02468   0.17413   0.01578   0.00844   0.10808   0.01050   0.32358   0.06286   0.03419   0.13228   0.15540   0.22863   0.14214   0.22388   8.40407   1.75838   1.18302   1.58404   0.99606  
  7 204.8469   2125.862619  x:  0.00000   0.16547   0.03275   0.01350   0.02823   0.05482   0.00000   0.03971   0.08389   0.02466   0.17414   0.01450   0.00566   0.11206   0.00188   0.33087   0.06140   0.03177   0.12947   0.15370   0.23204   0.14011   0.22399   8.40403   1.75826   1.18239   1.58551   0.99585  
  8 157.8477   2125.562406  x:  0.00000   0.16531   0.03266   0.01346   0.02817   0.05484   0.00028   0.03901   0.08389   0.02466   0.17414   0.01466   0.00536   0.11301   0.00000   0.33262   0.06106   0.03121   0.12879   0.15329   0.23287   0.13965   0.22402   8.40402   1.75823   1.18224   1.58586   0.99580  
  9 496.5079   2120.853262  x:  0.00000   0.15852   0.03691   0.01901   0.03610   0.05613   0.00095   0.05851   0.08388   0.02583   0.17415   0.00567   0.01351   0.17547   0.00000   0.43741   0.06363   0.04689   0.09916   0.12858   0.27100   0.11819   0.22519   8.40354   1.75625   1.17281   1.60818   0.99234  
 10 144.7769   2118.995262  x:  0.00000   0.15835   0.03423   0.00728   0.02997   0.05563   0.00056   0.06120   0.08367   0.02368   0.17395   0.01402   0.00197   0.19386   0.00000   0.47598   0.06504   0.04816   0.08304   0.11154   0.27880   0.11860   0.22523   8.40335   1.75540   1.16949   1.61792   0.99055  
 11 148.7680   2118.655031  x:  0.00000   0.15847   0.03395   0.00867   0.02929   0.05553   0.00046   0.06077   0.08367   0.02361   0.17390   0.01446   0.00000   0.19568   0.00000   0.48058   0.06503   0.04765   0.08070   0.10919   0.27931   0.11906   0.22520   8.40333   1.75528   1.16910   1.61923   0.99029  
 12 231.8671   2118.001915  x:  0.00000   0.15910   0.03395   0.00785   0.03003   0.05531   0.00000   0.05658   0.08363   0.02467   0.17378   0.01168   0.00000   0.19720   0.00000   0.48807   0.06405   0.04402   0.07537   0.10559   0.27882   0.12078   0.22504   8.40327   1.75504   1.16841   1.62205   0.98976  
 13 98.9224   2117.887383  x:  0.00000   0.15940   0.03334   0.00760   0.02759   0.05568   0.00013   0.05515   0.08364   0.02011   0.17374   0.00964   0.00000   0.19563   0.00000   0.49023   0.06486   0.04357   0.07596   0.10576   0.27725   0.12177   0.22492   8.40322   1.75494   1.16816   1.62401   0.98937  
 14 30.6238   2117.769537  x:  0.00000   0.16025   0.03313   0.00738   0.02436   0.05623   0.00047   0.05389   0.08363   0.02268   0.17367   0.00845   0.00000   0.19018   0.00000   0.49777   0.06819   0.04430   0.07960   0.10588   0.27206   0.12502   0.22456   8.40307   1.75462   1.16729   1.63127   0.98795  
 15 21.2518   2117.651243  x:  0.00000   0.16118   0.03282   0.00743   0.02837   0.05610   0.00038   0.05324   0.08359   0.02164   0.17357   0.00903   0.00000   0.18367   0.00000   0.50850   0.07063   0.04424   0.08253   0.10518   0.26562   0.12878   0.22412   8.40286   1.75421   1.16610   1.64169   0.98589  
 16 49.9605   2117.585700  x:  0.00000   0.16083   0.03513   0.00744   0.02760   0.05525   0.00043   0.05636   0.08350   0.02137   0.17355   0.00948   0.00000   0.17930   0.00000   0.51325   0.06629   0.04229   0.08219   0.10724   0.26189   0.12753   0.22399   8.40263   1.75413   1.16558   1.65202   0.98380  
 17 16.7939   2117.539583  x:  0.00000   0.16010   0.03145   0.00762   0.02758   0.05573   0.00038   0.05640   0.08357   0.02184   0.17353   0.00968   0.00000   0.17748   0.00000   0.51402   0.06434   0.04320   0.08125   0.10934   0.26036   0.12478   0.22404   8.40238   1.75439   1.16556   1.66286   0.98157  
 18 15.9956   2117.442009  x:  0.00000   0.15857   0.03412   0.00786   0.02747   0.05662   0.00025   0.05173   0.08343   0.02150   0.17333   0.01077   0.00000   0.17755   0.00000   0.51257   0.06534   0.04661   0.07921   0.11120   0.25966   0.11976   0.22427   8.40168   1.75571   1.16629   1.69190   0.97552  
 19 24.3640   2117.270677  x:  0.00000   0.15855   0.03316   0.00781   0.02738   0.05281   0.00038   0.05332   0.08324   0.02157   0.17264   0.01022   0.00000   0.18357   0.00000   0.50259   0.06780   0.04169   0.08227   0.10819   0.26261   0.12154   0.22449   8.40023   1.76039   1.17019   1.74709   0.96388  
 20 30.5286   2117.239027  x:  0.00000   0.15932   0.03336   0.00777   0.02752   0.05677   0.00036   0.05431   0.08322   0.02155   0.17249   0.01004   0.00000   0.18410   0.00000   0.50058   0.06687   0.04170   0.08148   0.10694   0.26366   0.12379   0.22431   8.39988   1.76269   1.17228   1.75724   0.96176  
 21 20.3410   2117.209570  x:  0.00000   0.16073   0.03338   0.00774   0.02740   0.05514   0.00051   0.05449   0.08323   0.02149   0.17241   0.00959   0.00000   0.18281   0.00000   0.49921   0.06509   0.04493   0.07863   0.10569   0.26515   0.12677   0.22377   8.39940   1.76844   1.17762   1.76520   0.96021  
 22  9.0673   2116.986460  x:  0.00000   0.16106   0.03335   0.00774   0.02769   0.05562   0.00046   0.05475   0.08305   0.02174   0.17311   0.00869   0.00000   0.17501   0.00000   0.50247   0.06815   0.04158   0.07902   0.10209   0.27283   0.12208   0.22058   8.39424   1.84227   1.24391   1.81460   0.95228  
 23  9.5786   2116.889229  x:  0.00000   0.15934   0.03337   0.00798   0.02770   0.05554   0.00041   0.05186   0.08360   0.02185   0.17266   0.00900   0.00000   0.18138   0.00000   0.50591   0.06497   0.04174   0.08135   0.10773   0.27013   0.12646   0.22269   8.39181   1.87640   1.27044   1.83545   0.95074  
 24 32.0274   2116.846714  x:  0.00000   0.15926   0.03332   0.00796   0.02774   0.05559   0.00058   0.05303   0.08250   0.02188   0.17207   0.00915   0.00000   0.18475   0.00000   0.50468   0.06689   0.04109   0.07746   0.10659   0.26249   0.12509   0.22622   8.39047   1.89300   1.27595   1.84311   0.95378  
 25  8.9040   2116.818302  x:  0.00000   0.16034   0.03344   0.00782   0.02780   0.05559   0.00062   0.05221   0.08497   0.02191   0.17216   0.00895   0.00000   0.18565   0.00000   0.50385   0.06475   0.04197   0.07929   0.10326   0.26016   0.12332   0.22605   8.38931   1.90470   1.27442   1.84758   0.95869  
 26  6.7950   2116.743284  x:  0.00000   0.16182   0.03326   0.00806   0.02777   0.05548   0.00057   0.05129   0.08045   0.02196   0.17258   0.00860   0.00000   0.18475   0.00000   0.50438   0.06464   0.04096   0.07921   0.10418   0.26318   0.12402   0.22168   8.38582   1.93451   1.26359   1.85876   0.97497  
 27 10.6607   2116.720483  x:  0.00000   0.16044   0.03327   0.00814   0.02775   0.05543   0.00056   0.05162   0.08391   0.02196   0.17226   0.00849   0.00000   0.18366   0.00000   0.50477   0.06608   0.03997   0.07757   0.10555   0.26501   0.12517   0.22172   8.38466   1.94200   1.26041   1.86171   0.97975  
 28 11.7672   2116.689501  x:  0.00000   0.15517   0.03323   0.00815   0.02780   0.05541   0.00054   0.05114   0.08282   0.02204   0.17096   0.00795   0.00000   0.18125   0.00000   0.50497   0.06528   0.04013   0.07816   0.10373   0.26737   0.12636   0.22733   8.38283   1.94367   1.25919   1.86285   0.98395  
 29  2.5885   2116.409788  x:  0.00000   0.17011   0.03324   0.00881   0.02808   0.05529   0.00059   0.04707   0.08325   0.02246   0.17454   0.00645   0.00000   0.17994   0.00000   0.51159   0.06458   0.03607   0.07574   0.10438   0.27300   0.12542   0.24360   8.36490   1.92198   1.26344   1.86229   1.00773  
 30  2.6336   2115.856296  x:  0.00000   0.16089   0.03318   0.00968   0.02878   0.05524   0.00102   0.04068   0.08329   0.02349   0.17191   0.00358   0.00000   0.18445   0.00000   0.51900   0.06239   0.03049   0.06746   0.09812   0.26753   0.12698   0.22500   8.33104   1.87675   1.27309   1.85583   1.04197  
 31 16.9446   2115.837839  x:  0.00000   0.16050   0.03318   0.00972   0.02882   0.05524   0.00104   0.04038   0.08329   0.02354   0.17180   0.00344   0.00000   0.18464   0.00226   0.51934   0.06229   0.03023   0.06708   0.09783   0.26731   0.12705   0.22421   8.32945   1.87484   1.27327   1.85537   1.04293  
 32 25.2600   2115.582174  x:  0.00000   0.16071   0.03310   0.01020   0.02915   0.05517   0.00121   0.03697   0.08324   0.02401   0.17487   0.00201   0.00000   0.18417   0.00310   0.52288   0.06104   0.02739   0.06392   0.09602   0.26854   0.12761   0.22601   8.31369   1.87981   1.24421   1.83276   0.97914  
 33  4.7357   2115.578052  x:  0.00000   0.16141   0.03310   0.01021   0.02915   0.05517   0.00121   0.03690   0.08324   0.02401   0.17184   0.00204   0.00000   0.18415   0.00307   0.52303   0.06102   0.02732   0.06394   0.09611   0.26869   0.12741   0.22601   8.31336   1.87989   1.24374   1.83237   0.97810  
 34  2.3575   2115.421172  x:  0.00000   0.16033   0.03269   0.01103   0.02881   0.05503   0.00166   0.03624   0.08324   0.02444   0.17259   0.00581   0.00000   0.18592   0.00247   0.53027   0.06004   0.02724   0.06016   0.09196   0.26922   0.12709   0.22427   8.27653   1.87043   1.23493   1.82218   0.96521  
 35  0.1182   2115.330144  x:  0.00000   0.15978   0.03214   0.01211   0.02861   0.05484   0.00280   0.03902   0.08330   0.02481   0.17175   0.00544   0.00000   0.18067   0.00254   0.52791   0.05954   0.03049   0.06244   0.09334   0.26987   0.12832   0.22249   8.23898   1.85460   1.22814   1.80955   0.96402  
 36  0.0320   2115.289024  x:  0.00000   0.16011   0.03230   0.01259   0.02858   0.05489   0.00375   0.03707   0.08329   0.02467   0.17211   0.00531   0.00000   0.18154   0.00227   0.52635   0.06081   0.02785   0.06291   0.09416   0.27005   0.12794   0.22386   8.23503   1.86211   1.23440   1.81716   0.97409  
 37  0.0115   2115.279445  x:  0.00000   0.16028   0.03245   0.01246   0.02864   0.05483   0.00423   0.03723   0.08327   0.02454   0.17217   0.00509   0.00000   0.18324   0.00253   0.52744   0.06003   0.02871   0.06140   0.09333   0.27000   0.12765   0.22404   8.24612   1.86544   1.23420   1.81825   0.96825  
 38  0.0107   2115.277417  x:  0.00000   0.16016   0.03242   0.01224   0.02866   0.05480   0.00445   0.03751   0.08326   0.02453   0.17217   0.00518   0.00000   0.18261   0.00237   0.52749   0.06009   0.02845   0.06228   0.09348   0.27003   0.12776   0.22379   8.25264   1.86404   1.23307   1.81723   0.96731  
 39  0.0055   2115.277100  x:  0.00000   0.16014   0.03239   0.01214   0.02865   0.05480   0.00450   0.03730   0.08327   0.02454   0.17214   0.00521   0.00000   0.18250   0.00238   0.52752   0.06018   0.02862   0.06221   0.09358   0.27004   0.12778   0.22376   8.25234   1.86354   1.23321   1.81719   0.96838  
 40  0.0016   2115.277052  x:  0.00000   0.16016   0.03239   0.01210   0.02864   0.05481   0.00450   0.03737   0.08327   0.02455   0.17213   0.00522   0.00000   0.18255   0.00241   0.52752   0.06017   0.02856   0.06207   0.09357   0.27004   0.12777   0.22378   8.25083   1.86357   1.23336   1.81725   0.96870  
 41  0.0019   2115.277046  x:  0.00000   0.16017   0.03240   0.01208   0.02864   0.05482   0.00449   0.03735   0.08327   0.02455   0.17213   0.00522   0.00000   0.18257   0.00241   0.52748   0.06016   0.02856   0.06208   0.09354   0.27004   0.12777   0.22381   8.24968   1.86369   1.23337   1.81725   0.96854  
 42  0.0011   2115.277046  x:  0.00000   0.16016   0.03240   0.01208   0.02864   0.05481   0.00449   0.03735   0.08327   0.02455   0.17213   0.00522   0.00000   0.18257   0.00241   0.52748   0.06016   0.02856   0.06208   0.09355   0.27004   0.12777   0.22380   8.24952   1.86367   1.23336   1.81723   0.96854  
 43  0.0001   2115.277046  x:  0.00000   0.16016   0.03240   0.01208   0.02864   0.05481   0.00449   0.03735   0.08327   0.02455   0.17213   0.00522   0.00000   0.18257   0.00241   0.52748   0.06016   0.02856   0.06208   0.09355   0.27004   0.12777   0.22380   8.24952   1.86366   1.23336   1.81723   0.96854  
 44  0.0000   2115.277046  x:  0.00000   0.16016   0.03240   0.01208   0.02864   0.05481   0.00449   0.03735   0.08327   0.02455   0.17213   0.00522   0.00000   0.18257   0.00241   0.52748   0.06016   0.02856   0.06208   0.09355   0.27004   0.12777   0.22380   8.24952   1.86366   1.23336   1.81723   0.96854  
 45  0.0000   2115.277046  x:  0.00000   0.16016   0.03240   0.01208   0.02864   0.05481   0.00449   0.03735   0.08327   0.02455   0.17213   0.00522   0.00000   0.18257   0.00241   0.52748   0.06016   0.02856   0.06208   0.09355   0.27004   0.12777   0.22380   8.24953   1.86367   1.23336   1.81723   0.96854  

TREE # 2

  0  0.0000   2815.541300  x:  0.00000   0.16016   0.03240   0.01208   0.02864   0.05481   0.00449   0.03735   0.08327   0.02455   0.17213   0.00522   0.00000   0.18257   0.00241   0.52748   0.06016   0.02856   0.06208   0.09355   0.27004   0.12777   0.22380   8.24953   1.82482   1.11435   1.64418   0.96854  
  1 99.0000   2552.672660  x:  0.26634   0.16017   0.03244   0.01209   0.02879   0.05487   0.00506   0.03735   0.08327   0.02492   0.17212   0.00533   0.00800   0.18259   0.00330   0.52747   0.06023   0.02861   0.06207   0.09353   0.27002   0.12776   0.22378   8.24953   1.82482   1.11435   1.64418   0.96854  
  2 1717154.0337   2301.135377  x:  0.26569   0.15004   0.06332   0.01727   0.13066   0.08824   0.35026   0.03505   0.08811   0.26424   0.16245   0.08115   0.01113   0.18333   0.25484   0.51603   0.07255   0.05790   0.05083   0.08335   0.25672   0.11760   0.20929   8.24956   1.82441   1.11515   1.64468   0.96827  
  3 4984.3746   2277.292897  x:  0.26604   0.13487   0.07338   0.00764   0.14616   0.09242   0.34572   0.02212   0.10451   0.27449   0.14990   0.07003   0.00000   0.18171   0.25086   0.49872   0.06012   0.06657   0.03684   0.07096   0.23941   0.10494   0.19038   8.24962   1.82335   1.11775   1.64475   0.96789  
  4 438.2078   2242.941428  x:  0.26657   0.09478   0.06001   0.01280   0.15444   0.08420   0.34151   0.00000   0.08615   0.29668   0.11969   0.05023   0.00000   0.18199   0.24722   0.44717   0.03467   0.04809   0.01932   0.05428   0.18958   0.07952   0.13450   8.24963   1.82081   1.12234   1.64653   0.96726  
  5 667.6182   2191.038481  x:  0.26746   0.01499   0.06540   0.01566   0.13568   0.10125   0.32715   0.00000   0.05317   0.33247   0.06989   0.03685   0.00000   0.18599   0.24440   0.32178   0.01440   0.07488   0.05484   0.06124   0.07421   0.05615   0.00000   8.24944   1.81684   1.12568   1.65433   0.96699  
  6 916.7744   2177.596686  x:  0.26770   0.00000   0.07394   0.01140   0.13777   0.11722   0.31132   0.00000   0.04788   0.35293   0.05720   0.04103   0.00000   0.18811   0.24354   0.24524   0.02687   0.06206   0.05429   0.06487   0.01536   0.06510   0.00396   8.24922   1.81487   1.12607   1.65961   0.96713  
  7 340.0638   2176.435557  x:  0.26772   0.00207   0.07498   0.01095   0.13820   0.11915   0.30921   0.00000   0.04704   0.35578   0.05536   0.04129   0.00000   0.18839   0.24337   0.23487   0.02794   0.06067   0.05412   0.06514   0.00848   0.06578   0.00325   8.24919   1.81459   1.12617   1.66031   0.96715  
  8 1748.0798   2163.271926  x:  0.26788   0.00230   0.08117   0.00643   0.14246   0.13354   0.29141   0.00000   0.03805   0.38029   0.04272   0.04254   0.00000   0.19047   0.24182   0.14612   0.03183   0.05422   0.05355   0.06716   0.01097   0.06809   0.00000   8.24897   1.81221   1.12698   1.66623   0.96724  
  9 477.2055   2150.542847  x:  0.26808   0.00302   0.08749   0.00151   0.14607   0.15113   0.26876   0.00000   0.02370   0.41359   0.02391   0.04150   0.00000   0.19321   0.23946   0.02698   0.03145   0.05199   0.05602   0.06921   0.01251   0.06590   0.00372   8.24869   1.80892   1.12846   1.67404   0.96730  
 10 12042.4970   2149.383311  x:  0.26810   0.00282   0.08422   0.00099   0.14597   0.15170   0.26545   0.00000   0.02487   0.41899   0.03085   0.04196   0.00000   0.19346   0.23914   0.01381   0.03121   0.05319   0.05573   0.06845   0.01182   0.06373   0.00322   8.24864   1.80838   1.12871   1.67532   0.96730  
 11 275.7282   2148.650582  x:  0.26809   0.00287   0.08220   0.00000   0.14604   0.15300   0.26110   0.00000   0.02492   0.42553   0.03029   0.04146   0.00000   0.19375   0.23882   0.01371   0.03333   0.05423   0.05557   0.06786   0.01184   0.06223   0.00320   8.24858   1.80772   1.12897   1.67698   0.96732  
 12 60.4886   2138.999416  x:  0.26784   0.00093   0.10118   0.00000   0.15786   0.18660   0.16994   0.02048   0.01713   0.55014   0.04356   0.04534   0.00000   0.19679   0.23276   0.02560   0.00940   0.06172   0.05144   0.05873   0.01053   0.05764   0.00381   8.24730   1.79403   1.13448   1.71168   0.96775  
 13 230.8561   2135.770244  x:  0.26778   0.00000   0.11980   0.00000   0.16194   0.18008   0.16131   0.01855   0.01733   0.56122   0.04818   0.04012   0.00000   0.19410   0.23103   0.02626   0.01435   0.06455   0.05054   0.05316   0.01084   0.05437   0.00406   8.24719   1.79180   1.13756   1.71614   0.96756  
 14 121.3275   2135.770244  x:  0.26778   0.00000   0.11980   0.00000   0.16194   0.18008   0.16131   0.01855   0.01733   0.56122   0.04818   0.04012   0.00000   0.19410   0.23103   0.02626   0.01435   0.06455   0.05054   0.05316   0.01084   0.05437   0.00406   8.24719   1.79180   1.13756   1.71614   0.96756  
 15 139.8882   2127.983346  x:  0.26516   0.03554   0.12087   0.00000   0.17308   0.18117   0.15361   0.01639   0.04470   0.56054   0.05088   0.03706   0.00000   0.19234   0.22643   0.02662   0.03211   0.06988   0.03794   0.04794   0.03623   0.05461   0.01168   8.24720   1.79167   1.13830   1.71627   0.96754  
 16 510.0619   2122.053668  x:  0.25991   0.02921   0.11930   0.00000   0.18992   0.18318   0.14062   0.00211   0.05995   0.55865   0.05512   0.03203   0.00000   0.18864   0.21717   0.02416   0.03661   0.07713   0.01491   0.03870   0.03612   0.05379   0.00000   8.24721   1.79132   1.13991   1.71652   0.96742  
 17 220.1899   2121.219926  x:  0.25901   0.02750   0.11905   0.00000   0.19262   0.18349   0.13850   0.00000   0.06190   0.55831   0.05576   0.03131   0.00000   0.18802   0.21558   0.02385   0.03694   0.07816   0.01175   0.03755   0.03586   0.05380   0.00178   8.24721   1.79126   1.14019   1.71657   0.96740  
 18 559.5701   2118.549367  x:  0.24483   0.01129   0.11834   0.00000   0.22875   0.18678   0.10981   0.00000   0.08256   0.55278   0.06166   0.02693   0.00000   0.17893   0.19051   0.02691   0.03812   0.08533   0.03112   0.04135   0.03754   0.05664   0.00394   8.24724   1.79029   1.14462   1.71766   0.96707  
 19 128.8495   2117.324301  x:  0.23187   0.01749   0.12548   0.00000   0.25179   0.18431   0.09376   0.00000   0.07413   0.54667   0.05929   0.03393   0.00000   0.17278   0.16809   0.02383   0.02851   0.07858   0.02563   0.04729   0.03471   0.05582   0.00271   8.24728   1.78921   1.15013   1.71907   0.96674  
 20 63.2247   2116.773204  x:  0.22418   0.01407   0.12945   0.00000   0.26236   0.18265   0.09116   0.00000   0.06540   0.54211   0.05566   0.03206   0.00000   0.17042   0.15603   0.02963   0.03763   0.07601   0.02153   0.04476   0.03607   0.05556   0.00159   8.24731   1.78840   1.15470   1.72049   0.96647  
 21 54.7967   2116.391436  x:  0.21948   0.00960   0.13139   0.00000   0.26842   0.18196   0.09513   0.00000   0.06547   0.53777   0.05674   0.02888   0.00000   0.17043   0.15115   0.02227   0.03740   0.07950   0.01977   0.03890   0.03831   0.05572   0.00064   8.24732   1.78765   1.15982   1.72236   0.96617  
 22 29.2491   2116.165777  x:  0.21778   0.00817   0.13158   0.00000   0.27201   0.18176   0.09778   0.00000   0.06974   0.53453   0.05997   0.02887   0.00000   0.17124   0.15151   0.02621   0.03468   0.08320   0.01677   0.03797   0.03483   0.05547   0.00000   8.24733   1.78715   1.16411   1.72414   0.96596  
 23 29.4895   2116.127539  x:  0.21855   0.00826   0.13070   0.00000   0.27322   0.18159   0.09649   0.00000   0.07068   0.53329   0.05964   0.02868   0.00000   0.17163   0.15368   0.02482   0.03659   0.08303   0.01634   0.03908   0.03208   0.05457   0.00001   8.24734   1.78706   1.16620   1.72513   0.96588  
 24 13.5367   2116.123854  x:  0.21869   0.00821   0.13059   0.00000   0.27334   0.18157   0.09630   0.00000   0.07066   0.53316   0.05957   0.02873   0.00000   0.17166   0.15394   0.02483   0.03656   0.08295   0.01632   0.03901   0.03217   0.05451   0.00000   8.24734   1.78706   1.16646   1.72526   0.96588  
 25 10.2535   2116.111554  x:  0.21995   0.00902   0.13024   0.00000   0.27457   0.18170   0.09598   0.00000   0.06962   0.53167   0.05967   0.02783   0.00000   0.17166   0.15495   0.02501   0.03628   0.08348   0.01661   0.03811   0.03167   0.05579   0.00002   8.24735   1.78719   1.17015   1.72731   0.96578  
 26  7.1692   2116.100609  x:  0.22056   0.00899   0.13022   0.00000   0.27504   0.18190   0.09637   0.00000   0.06929   0.53079   0.05999   0.02802   0.00000   0.17163   0.15509   0.02495   0.03641   0.08378   0.01653   0.03858   0.03192   0.05601   0.00000   8.24736   1.78735   1.17267   1.72879   0.96572  
 27 12.0697   2116.072821  x:  0.22189   0.00925   0.13099   0.00000   0.27537   0.18263   0.09844   0.00000   0.07010   0.52726   0.05924   0.02826   0.00000   0.17153   0.15413   0.02520   0.03617   0.08304   0.01716   0.03786   0.03140   0.05352   0.00024   8.24739   1.78870   1.18509   1.73663   0.96544  
 28 16.5576   2116.053064  x:  0.22109   0.00876   0.13134   0.00000   0.27304   0.18231   0.09828   0.00000   0.07182   0.52576   0.05787   0.02784   0.00000   0.17177   0.15337   0.02524   0.03583   0.08147   0.01684   0.03841   0.03143   0.05530   0.00019   8.24742   1.79076   1.19421   1.74353   0.96526  
 29 13.3342   2116.036541  x:  0.21907   0.00883   0.13112   0.00000   0.27022   0.18128   0.09664   0.00000   0.07184   0.52569   0.05909   0.02908   0.00000   0.17195   0.15301   0.02508   0.03639   0.08201   0.01708   0.03755   0.03116   0.05566   0.00025   8.24743   1.79377   1.20141   1.75042   0.96516  
 30 12.9264   2116.024023  x:  0.21738   0.00905   0.13063   0.00000   0.26859   0.18057   0.09543   0.00000   0.07126   0.52646   0.05950   0.02767   0.00000   0.17193   0.15310   0.02520   0.03602   0.08319   0.01695   0.03829   0.03155   0.05462   0.00025   8.24744   1.79702   1.20622   1.75630   0.96513  
 31 15.1656   2115.968048  x:  0.21369   0.00927   0.12760   0.00000   0.27156   0.18235   0.09721   0.00000   0.07061   0.53721   0.05749   0.02877   0.00000   0.16990   0.15544   0.02518   0.03588   0.08361   0.01673   0.03815   0.03136   0.05493   0.00031   8.24741   1.82146   1.22063   1.78878   0.96563  
 32  8.1462   2115.934656  x:  0.21631   0.00888   0.12963   0.00000   0.27238   0.18293   0.09649   0.00000   0.07053   0.54211   0.06065   0.02729   0.00000   0.17057   0.15507   0.02509   0.03599   0.08092   0.01649   0.03792   0.03134   0.05477   0.00031   8.24740   1.83824   1.22737   1.80845   0.96600  
 33 19.5843   2115.911714  x:  0.22025   0.00848   0.13175   0.00000   0.27189   0.18224   0.09505   0.00000   0.07076   0.54278   0.05893   0.02792   0.00000   0.17187   0.15339   0.02510   0.03595   0.08319   0.01633   0.03784   0.03122   0.05478   0.00033   8.24742   1.85140   1.23065   1.82143   0.96631  
 34 15.1562   2115.881084  x:  0.22098   0.00868   0.12776   0.00000   0.27129   0.17917   0.09608   0.00000   0.07114   0.53365   0.05925   0.02783   0.00000   0.17099   0.15184   0.02510   0.03576   0.08251   0.01620   0.03786   0.03110   0.05472   0.00038   8.24755   1.87294   1.23207   1.83547   0.96676  
 35  6.4146   2115.866452  x:  0.21860   0.00850   0.13036   0.00000   0.27129   0.18047   0.09608   0.00000   0.07115   0.52809   0.05914   0.02787   0.00000   0.17058   0.15415   0.02509   0.03580   0.08263   0.01621   0.03790   0.03115   0.05478   0.00043   8.24766   1.88359   1.23270   1.84072   0.96694  
 36  7.7045   2115.857581  x:  0.21829   0.00872   0.12904   0.00000   0.27080   0.18411   0.09549   0.00000   0.07066   0.52781   0.05920   0.02790   0.00000   0.17285   0.15350   0.02508   0.03572   0.08264   0.01605   0.03789   0.03116   0.05475   0.00044   8.24786   1.88851   1.23488   1.83849   0.96695  
 37  1.1916   2115.811817  x:  0.22024   0.00813   0.12957   0.00000   0.27070   0.18349   0.09505   0.00000   0.07068   0.53266   0.05954   0.02775   0.00000   0.16891   0.15437   0.02510   0.03559   0.08305   0.01552   0.03783   0.03097   0.05485   0.00059   8.24908   1.90874   1.24798   1.82075   0.96699  
 38  3.0501   2115.794970  x:  0.21917   0.00780   0.13017   0.00000   0.27296   0.17998   0.09595   0.00000   0.07080   0.53385   0.05951   0.02777   0.00000   0.17337   0.15526   0.02516   0.03554   0.08294   0.01553   0.03797   0.03095   0.05496   0.00070   8.24957   1.91178   1.25039   1.81690   0.96743  
 39  2.9606   2115.787741  x:  0.21922   0.00773   0.13011   0.00000   0.27304   0.17994   0.09592   0.00143   0.07078   0.53381   0.05954   0.02777   0.00000   0.17347   0.15538   0.02516   0.03551   0.08297   0.01544   0.03797   0.03092   0.05497   0.00074   8.24980   1.91100   1.25011   1.81675   0.96779  
 40  1.4346   2115.421604  x:  0.22332   0.00466   0.12627   0.00000   0.27404   0.18284   0.09328   0.00122   0.06915   0.52984   0.06104   0.02746   0.00000   0.17230   0.16067   0.02501   0.03395   0.08467   0.01074   0.03767   0.02946   0.05536   0.00226   8.26103   1.86431   1.23124   1.81396   0.98655  
 41  7.5793   2115.407217  x:  0.22352   0.00461   0.12612   0.00000   0.27409   0.18291   0.09323   0.00120   0.06900   0.52971   0.06102   0.02752   0.00000   0.17234   0.16090   0.02500   0.03387   0.08472   0.01060   0.03766   0.02940   0.05538   0.00234   8.26174   1.86208   1.22947   1.81462   0.96662  
 42  1.2110   2115.304851  x:  0.22486   0.00643   0.12682   0.00000   0.27109   0.18326   0.09306   0.00205   0.06258   0.52667   0.06048   0.02874   0.00000   0.17203   0.16162   0.02447   0.03225   0.08373   0.01248   0.03720   0.02911   0.05481   0.00342   8.25982   1.85452   1.23052   1.81605   0.96607  
 43  0.0103   2115.282027  x:  0.22404   0.00491   0.12803   0.00000   0.27003   0.18257   0.09370   0.00250   0.06148   0.52692   0.06018   0.02863   0.00000   0.17207   0.16033   0.02445   0.03244   0.08332   0.01242   0.03722   0.02870   0.05476   0.00398   8.25275   1.86285   1.23401   1.81739   0.96890  
 44  0.0117   2115.279184  x:  0.22381   0.00518   0.12802   0.00000   0.26955   0.18245   0.09356   0.00255   0.06141   0.52731   0.06006   0.02867   0.00000   0.17216   0.16013   0.02455   0.03226   0.08308   0.01194   0.03741   0.02850   0.05477   0.00415   8.25027   1.86453   1.23386   1.81748   0.96900  
 45  0.0041   2115.277569  x:  0.22382   0.00516   0.12755   0.00000   0.26971   0.18263   0.09330   0.00248   0.06203   0.52775   0.06015   0.02851   0.00000   0.17216   0.16026   0.02463   0.03230   0.08320   0.01211   0.03754   0.02845   0.05491   0.00439   8.24760   1.86336   1.23228   1.81682   0.96825  
 46  0.0029   2115.277057  x:  0.22378   0.00521   0.12775   0.00000   0.27002   0.18257   0.09357   0.00242   0.06204   0.52753   0.06016   0.02855   0.00000   0.17214   0.16017   0.02454   0.03239   0.08327   0.01208   0.03734   0.02866   0.05485   0.00448   8.24834   1.86347   1.23310   1.81712   0.96843  
 47  0.0010   2115.277046  x:  0.22380   0.00522   0.12778   0.00000   0.27004   0.18256   0.09355   0.00241   0.06208   0.52748   0.06016   0.02857   0.00000   0.17213   0.16017   0.02455   0.03240   0.08327   0.01208   0.03735   0.02863   0.05481   0.00449   8.24924   1.86365   1.23335   1.81722   0.96853  
 48  0.0010   2115.277046  x:  0.22380   0.00522   0.12777   0.00000   0.27004   0.18257   0.09355   0.00241   0.06208   0.52748   0.06016   0.02856   0.00000   0.17213   0.16017   0.02455   0.03240   0.08327   0.01208   0.03735   0.02864   0.05481   0.00449   8.24945   1.86367   1.23336   1.81723   0.96854  
 49  0.0002   2115.277046  x:  0.22380   0.00522   0.12777   0.00000   0.27004   0.18257   0.09355   0.00241   0.06208   0.52748   0.06016   0.02856   0.00000   0.17213   0.16016   0.02455   0.03240   0.08327   0.01208   0.03735   0.02864   0.05481   0.00449   8.24952   1.86366   1.23336   1.81723   0.96854  
 50  0.0001   2115.277046  x:  0.22380   0.00522   0.12777   0.00000   0.27004   0.18257   0.09355   0.00241   0.06208   0.52748   0.06016   0.02856   0.00000   0.17213   0.16016   0.02455   0.03240   0.08327   0.01208   0.03735   0.02864   0.05481   0.00449   8.24953   1.86366   1.23336   1.81723   0.96854  