

TREE # 1

  0  0.0000   2185.095446  x:  0.07855   0.00154   0.11665   0.00000   0.08691   0.06973   0.04790   0.05627   0.08454   0.07516   0.06263   0.14860   0.00472   0.07021   0.01825   0.05238   0.05825   0.04404   0.05153   0.08140   0.10205   0.06229   0.14591   0.09717   2.00000   1.64695   1.11233   1.75460   0.40000  
  1 99.0000   2177.494027  x:  0.08256   0.00830   0.12363   0.06091   0.08495   0.06430   0.04963   0.05436   0.08416   0.08415   0.05952   0.15141   0.01798   0.08463   0.02682   0.04683   0.05582   0.04500   0.04811   0.08500   0.10132   0.06052   0.15050   0.10118   2.00262   1.64680   1.11221   1.75463   0.40576  
  2 1068.8698   2158.085894  x:  0.09632   0.00000   0.14744   0.05621   0.07475   0.04193   0.05535   0.04742   0.08317   0.11048   0.04380   0.16091   0.01703   0.12871   0.04111   0.02427   0.04696   0.04856   0.03531   0.09777   0.09850   0.05369   0.16689   0.11494   2.01338   1.64615   1.11209   1.75454   0.42799  
  3 346.4580   2152.945142  x:  0.10444   0.03915   0.16729   0.04883   0.06406   0.02435   0.05671   0.04480   0.08323   0.12541   0.02977   0.16929   0.01493   0.14855   0.03757   0.00766   0.04369   0.05025   0.03063   0.10532   0.09698   0.04814   0.17929   0.12307   2.02631   1.64550   1.11209   1.75418   0.45054  
  4 424.2226   2150.967309  x:  0.10791   0.04602   0.18280   0.04788   0.05449   0.02231   0.05547   0.04610   0.08434   0.13337   0.02343   0.17499   0.01226   0.15531   0.02973   0.03169   0.04591   0.05000   0.03474   0.10921   0.09715   0.04622   0.18861   0.12653   2.04355   1.64467   1.11229   1.75348   0.47536  
  5 158.0455   2147.361084  x:  0.10668   0.04189   0.21199   0.04872   0.04157   0.04779   0.04987   0.05271   0.08763   0.13805   0.03755   0.18485   0.01091   0.14564   0.02146   0.02278   0.05301   0.04631   0.04526   0.10801   0.09790   0.05110   0.20593   0.12530   2.10311   1.64175   1.11385   1.75039   0.54595  
  6 126.9662   2143.424528  x:  0.09826   0.03838   0.23121   0.04755   0.05562   0.04314   0.04947   0.05302   0.08779   0.12756   0.02626   0.18992   0.01551   0.11489   0.04783   0.02174   0.05478   0.04464   0.04578   0.10064   0.10010   0.05441   0.21678   0.11688   2.19799   1.63737   1.11728   1.74470   0.63662  
  7 195.7513   2139.770898  x:  0.09222   0.02716   0.22645   0.05256   0.06429   0.02167   0.05488   0.04680   0.08461   0.11357   0.02549   0.18589   0.01266   0.10147   0.02706   0.01646   0.04812   0.04899   0.03451   0.09559   0.09999   0.04906   0.21332   0.11084   2.29109   1.63352   1.12118   1.73851   0.70265  
  8 213.0415   2133.960728  x:  0.09413   0.03591   0.16609   0.04804   0.06577   0.03248   0.05685   0.04124   0.07933   0.09444   0.03321   0.16236   0.02513   0.13411   0.03006   0.02199   0.03802   0.05249   0.02744   0.09917   0.09693   0.04143   0.17737   0.11275   2.50970   1.62661   1.12990   1.72331   0.79817  
  9 175.2247   2131.315627  x:  0.09696   0.03550   0.13909   0.05117   0.06402   0.02437   0.05390   0.04832   0.08024   0.10457   0.02936   0.15317   0.01017   0.14047   0.03197   0.01809   0.05030   0.04959   0.04220   0.10140   0.09631   0.05047   0.16072   0.11558   2.62213   1.62404   1.13376   1.71549   0.82311  
 10 249.2309   2124.966665  x:  0.10693   0.03419   0.13391   0.04840   0.06030   0.03104   0.05054   0.04998   0.09307   0.15435   0.02147   0.15546   0.02394   0.11628   0.02601   0.01916   0.05124   0.03656   0.01959   0.10397   0.10062   0.05225   0.15026   0.12555   2.95431   1.62101   1.14168   1.69289   0.79322  
 11 153.2645   2116.538359  x:  0.11319   0.03559   0.15640   0.04503   0.05695   0.02479   0.05817   0.03683   0.09833   0.18488   0.04148   0.16647   0.03213   0.09911   0.03204   0.02202   0.03048   0.06257   0.04840   0.10451   0.10391   0.03917   0.15557   0.13181   3.47183   1.61737   1.15171   1.65885   0.72226  
 12 711.1235   2103.202036  x:  0.09898   0.03736   0.21724   0.04915   0.06287   0.03671   0.06129   0.05208   0.07964   0.13717   0.02955   0.18938   0.00905   0.13371   0.03113   0.02200   0.06357   0.06980   0.03693   0.09838   0.10058   0.04940   0.20190   0.11760   4.25724   1.61290   1.16045   1.61196   0.59172  
 13 719.9049   2101.865277  x:  0.09910   0.03496   0.22166   0.04937   0.05302   0.03000   0.04990   0.05073   0.08242   0.12316   0.02745   0.18980   0.01195   0.13575   0.03125   0.02048   0.05431   0.04883   0.04327   0.10155   0.09907   0.05296   0.20931   0.11772   4.32829   1.61280   1.15642   1.61184   0.57903  
 14 164.0999   2101.738162  x:  0.10057   0.03536   0.22118   0.05022   0.05322   0.03148   0.05315   0.05061   0.08463   0.12156   0.02732   0.18853   0.00767   0.13471   0.03200   0.02063   0.05149   0.04620   0.04285   0.10375   0.09891   0.05230   0.21164   0.11919   4.33574   1.61314   1.15083   1.61627   0.57811  
 15 26.6034   2101.441485  x:  0.10481   0.03466   0.21765   0.04960   0.05529   0.03091   0.05725   0.05362   0.08902   0.11850   0.02630   0.18370   0.01186   0.13296   0.03025   0.01986   0.05343   0.04730   0.04475   0.10904   0.09849   0.05324   0.22098   0.12343   4.35517   1.61475   1.12539   1.63737   0.57650  
 16 34.7140   2101.082005  x:  0.10533   0.03522   0.21400   0.04988   0.05455   0.02957   0.04941   0.05100   0.08740   0.11969   0.02998   0.18003   0.00908   0.13178   0.03217   0.02066   0.05459   0.05055   0.04104   0.10835   0.09862   0.05238   0.22856   0.12395   4.37838   1.61686   1.09042   1.66740   0.57511  
 17 63.6774   2100.848284  x:  0.10135   0.03474   0.21320   0.04982   0.05298   0.03164   0.05132   0.04886   0.08215   0.12298   0.02555   0.18144   0.00959   0.13320   0.03101   0.01989   0.05261   0.04878   0.04347   0.10220   0.09858   0.05131   0.22760   0.11997   4.39375   1.61817   1.06642   1.68971   0.57437  
 18 52.7412   2100.772939  x:  0.09976   0.03511   0.21519   0.04943   0.05305   0.02973   0.05351   0.05117   0.08218   0.12351   0.02854   0.18423   0.01027   0.13449   0.03166   0.02048   0.05256   0.04686   0.04284   0.10131   0.09837   0.05217   0.22313   0.11838   4.39900   1.61847   1.05925   1.69835   0.57436  
 19 25.6916   2100.690009  x:  0.09964   0.03455   0.21953   0.04960   0.05402   0.03019   0.05160   0.05194   0.08542   0.12165   0.02695   0.18843   0.00995   0.13531   0.03111   0.01999   0.05199   0.04843   0.04291   0.10356   0.09794   0.05250   0.21374   0.11826   4.40487   1.61853   1.05380   1.70912   0.57449  
 20 19.6044   2100.644324  x:  0.10151   0.03429   0.22197   0.04959   0.05281   0.03005   0.05261   0.04886   0.08379   0.12022   0.02714   0.18808   0.01018   0.13452   0.03147   0.01978   0.05490   0.04757   0.04295   0.10435   0.09817   0.05201   0.20990   0.12013   4.40830   1.61838   1.05495   1.71604   0.57474  
 21  8.7199   2100.452225  x:  0.10563   0.03393   0.22798   0.04954   0.05376   0.03014   0.05133   0.05428   0.07705   0.11980   0.02668   0.17983   0.00997   0.13417   0.03123   0.01951   0.05206   0.04747   0.04298   0.10245   0.09902   0.05201   0.20563   0.12425   4.42328   1.61807   1.07142   1.74680   0.57658  
 22 11.9533   2099.889412  x:  0.09955   0.03413   0.23337   0.04883   0.05378   0.02935   0.05242   0.04933   0.08767   0.12298   0.02696   0.16481   0.01026   0.13947   0.03105   0.01941   0.05233   0.04773   0.04264   0.09896   0.09840   0.05582   0.20678   0.11816   4.46799   1.62061   1.12591   1.83589   0.58284  
 23 46.4188   2099.399632  x:  0.09592   0.03253   0.22378   0.04878   0.05264   0.02885   0.05166   0.05208   0.08497   0.12389   0.02693   0.17851   0.00993   0.13851   0.03186   0.01824   0.05445   0.04648   0.04317   0.10765   0.09697   0.04521   0.21379   0.11454   4.50597   1.63116   1.17038   1.90446   0.58919  
 24 54.1126   2099.091543  x:  0.09914   0.03234   0.21573   0.04868   0.05302   0.02898   0.05260   0.04921   0.08169   0.12285   0.02735   0.19352   0.00947   0.13820   0.03127   0.01872   0.05102   0.04855   0.04211   0.10748   0.09686   0.05474   0.21897   0.11776   4.53083   1.64452   1.19642   1.94369   0.59418  
 25 65.3337   2098.773097  x:  0.10529   0.03145   0.21249   0.04864   0.05526   0.02819   0.05164   0.04968   0.08764   0.12057   0.02767   0.20082   0.00871   0.14071   0.03116   0.01831   0.05256   0.04711   0.04274   0.09449   0.09817   0.05006   0.22072   0.12391   4.55520   1.67328   1.21320   1.96762   0.60019  
 26 26.5297   2095.932134  x:  0.10136   0.02428   0.21625   0.04729   0.03697   0.02345   0.05568   0.05330   0.08596   0.11853   0.02332   0.18923   0.00771   0.14506   0.03490   0.01337   0.04929   0.05426   0.03694   0.09986   0.09732   0.05101   0.21341   0.11998   4.78042   2.00376   1.32625   2.12111   0.65894  
 27 50.2309   2094.873583  x:  0.09980   0.02320   0.22065   0.04602   0.05439   0.02383   0.05207   0.04662   0.08064   0.12343   0.02604   0.18454   0.00758   0.15206   0.03097   0.01240   0.04885   0.04668   0.04029   0.10823   0.09573   0.05153   0.21175   0.11842   4.86788   2.13049   1.36846   2.17836   0.68229  
 28 376.8922   2084.709304  x:  0.11054   0.00447   0.21871   0.03902   0.05208   0.01430   0.05432   0.04423   0.08139   0.12900   0.02363   0.17905   0.00500   0.17804   0.03284   0.00171   0.04312   0.04813   0.03415   0.11268   0.09536   0.04787   0.21802   0.12915   5.53013   1.71319   1.13898   1.81925   0.84623  
 29  4.7886   2084.657959  x:  0.11095   0.00439   0.21880   0.03897   0.05201   0.01433   0.05434   0.04423   0.08128   0.12927   0.02365   0.17892   0.00500   0.17763   0.03300   0.00190   0.04317   0.04826   0.03399   0.11200   0.08817   0.04779   0.21800   0.12956   5.53433   1.71091   1.13776   1.81721   0.84714  
 30 10.2298   2081.682350  x:  0.11427   0.00000   0.21810   0.03418   0.05259   0.01305   0.05620   0.04271   0.08178   0.13366   0.02294   0.17806   0.00422   0.19263   0.03536   0.01006   0.03983   0.04932   0.03013   0.11596   0.11545   0.04632   0.21992   0.13288   5.87303   1.56732   1.05917   1.68508   0.90858  
 31  3.9219   2077.540146  x:  0.12319   0.00000   0.22523   0.01839   0.05326   0.04369   0.05948   0.04167   0.08298   0.15753   0.02685   0.18365   0.00612   0.21574   0.04228   0.01075   0.04013   0.05298   0.02839   0.11834   0.10491   0.04351   0.21631   0.14179   6.88110   1.69079   1.13312   1.75376   0.97845  
 32  1.0540   2075.078764  x:  0.12079   0.00000   0.23533   0.00745   0.05429   0.02834   0.05667   0.04546   0.08418   0.16257   0.02762   0.19102   0.00387   0.22555   0.03806   0.01201   0.04875   0.04749   0.03336   0.11534   0.08922   0.04890   0.22067   0.13939   7.83838   1.77977   1.20005   1.85220   0.96370  
 33  0.5720   2074.159134  x:  0.11786   0.00000   0.23337   0.01074   0.05368   0.02315   0.05574   0.04611   0.08372   0.15584   0.02781   0.19020   0.00000   0.21975   0.03476   0.01225   0.04729   0.04844   0.03269   0.11345   0.08938   0.04891   0.22293   0.13645   8.06685   1.73771   1.17509   1.81767   0.93638  
 34  0.3267   2074.159134  x:  0.11786   0.00000   0.23337   0.01074   0.05368   0.02315   0.05574   0.04611   0.08372   0.15584   0.02781   0.19020   0.00000   0.21975   0.03476   0.01225   0.04729   0.04844   0.03269   0.11345   0.08938   0.04891   0.22293   0.13645   8.06685   1.73771   1.17509   1.81767   0.93638  
 35  0.5990   2074.010369  x:  0.11750   0.00000   0.23118   0.01411   0.05393   0.02513   0.05641   0.04412   0.08382   0.15389   0.02658   0.18873   0.00184   0.21561   0.03628   0.01226   0.04333   0.04975   0.03069   0.11354   0.09345   0.04699   0.22194   0.13609   8.06724   1.73751   1.17479   1.81741   0.93520  
 36 29.8838   2073.916635  x:  0.11709   0.00000   0.22856   0.01096   0.05384   0.02507   0.05682   0.04304   0.08384   0.15172   0.02606   0.18703   0.00241   0.21048   0.03700   0.01225   0.04115   0.05059   0.03027   0.11362   0.09711   0.04575   0.22057   0.13568   8.06775   1.73725   1.17439   1.81707   0.93364  
 37 37.3409   2073.832397  x:  0.11656   0.00000   0.22453   0.01195   0.05374   0.02317   0.05680   0.04372   0.08380   0.14888   0.02782   0.18462   0.00167   0.20236   0.03651   0.01220   0.04253   0.05055   0.03194   0.11371   0.10026   0.04589   0.21829   0.13516   8.06869   1.73677   1.17358   1.81649   0.93083  
 38 29.3258   2073.800621  x:  0.11646   0.00000   0.22244   0.01187   0.05389   0.02420   0.05653   0.04458   0.08383   0.14793   0.02739   0.18373   0.00385   0.19835   0.03599   0.01208   0.04408   0.04983   0.03181   0.11374   0.09990   0.04686   0.21723   0.13505   8.06939   1.73642   1.17295   1.81610   0.92881  
 39 21.8280   2073.784827  x:  0.11653   0.00000   0.22122   0.01189   0.05401   0.02480   0.05635   0.04455   0.08384   0.14796   0.02660   0.18354   0.00288   0.19594   0.03596   0.01221   0.04399   0.04943   0.03094   0.11375   0.09814   0.04742   0.21644   0.13512   8.07011   1.73605   1.17225   1.81574   0.92678  
 40 12.8839   2073.770882  x:  0.11674   0.00000   0.22012   0.01196   0.05395   0.02392   0.05632   0.04398   0.08380   0.14861   0.02705   0.18385   0.00360   0.19405   0.03631   0.01216   0.04296   0.04965   0.03103   0.11373   0.09568   0.04721   0.21581   0.13534   8.07128   1.73545   1.17109   1.81517   0.92359  
 41 11.4132   2073.758603  x:  0.11697   0.00000   0.21956   0.01188   0.05393   0.02497   0.05669   0.04406   0.08384   0.14967   0.02735   0.18476   0.00350   0.19346   0.03635   0.01272   0.04311   0.05041   0.03204   0.11368   0.09523   0.04615   0.21549   0.13557   8.07325   1.73442   1.16915   1.81429   0.91849  
 42  8.0106   2073.733848  x:  0.11728   0.00000   0.21896   0.01193   0.05385   0.02467   0.05702   0.04445   0.08385   0.15144   0.02685   0.18663   0.00343   0.19339   0.03623   0.01122   0.04377   0.05078   0.03160   0.11356   0.09608   0.04538   0.21526   0.13587   8.07779   1.73200   1.16476   1.81226   0.90705  
 43 21.8703   2073.709048  x:  0.11746   0.00000   0.21863   0.01198   0.05380   0.02375   0.05695   0.04458   0.08383   0.15270   0.02655   0.18825   0.00370   0.19378   0.03627   0.01259   0.04408   0.05039   0.03067   0.11352   0.09738   0.04589   0.21524   0.13606   8.08282   1.72929   1.16001   1.81001   0.89471  
 44 55.3282   2073.691360  x:  0.11726   0.00000   0.21897   0.01188   0.05391   0.02446   0.05632   0.04406   0.08385   0.15210   0.02740   0.18832   0.00358   0.19462   0.03630   0.01222   0.04309   0.04941   0.03131   0.11356   0.09795   0.04761   0.21556   0.13586   8.08687   1.72701   1.15649   1.80816   0.88568  
 45 24.8498   2073.677503  x:  0.11674   0.00000   0.22009   0.01203   0.05401   0.02414   0.05617   0.04403   0.08382   0.14943   0.02641   0.18639   0.00359   0.19581   0.03580   0.01229   0.04304   0.04977   0.03190   0.11376   0.09708   0.04715   0.21623   0.13534   8.09089   1.72458   1.15365   1.80627   0.87871  
 46 12.2044   2073.673160  x:  0.11661   0.00000   0.22059   0.01194   0.05395   0.02430   0.05640   0.04421   0.08383   0.14859   0.02712   0.18547   0.00355   0.19618   0.03608   0.01229   0.04334   0.04994   0.03120   0.11381   0.09671   0.04676   0.21645   0.13521   8.09250   1.72357   1.15274   1.80550   0.87670  
 47 11.0973   2073.669539  x:  0.11688   0.00000   0.22122   0.01195   0.05382   0.02425   0.05695   0.04427   0.08387   0.14916   0.02687   0.18422   0.00357   0.19611   0.03701   0.01224   0.04353   0.04977   0.03145   0.11359   0.09674   0.04697   0.21640   0.13548   8.09553   1.72146   1.15198   1.80402   0.87623  
 48  2.8242   2073.659457  x:  0.11758   0.00000   0.22275   0.01195   0.05376   0.02429   0.05693   0.04414   0.08393   0.15108   0.02701   0.18152   0.00368   0.19577   0.03577   0.01227   0.04322   0.04969   0.03130   0.11317   0.09705   0.04694   0.21608   0.13617   8.10518   1.71478   1.14989   1.79930   0.87593  
 49 11.0541   2073.636330  x:  0.11729   0.00000   0.22390   0.01191   0.05452   0.02430   0.05412   0.04441   0.08376   0.15172   0.02699   0.18161   0.00375   0.19548   0.03677   0.01224   0.04355   0.05093   0.03124   0.11396   0.09724   0.04692   0.21516   0.13588   8.12963   1.69842   1.14485   1.78745   0.87717  
 50 13.7150   2073.577800  x:  0.11590   0.00000   0.22452   0.01193   0.05417   0.02431   0.05676   0.04423   0.08369   0.15030   0.02701   0.18555   0.00387   0.19543   0.03625   0.01233   0.04343   0.04973   0.03137   0.11557   0.09702   0.04683   0.21361   0.13449   8.19328   1.65687   1.13161   1.75676   0.88136  
 51 58.4340   2073.563810  x:  0.11713   0.00000   0.22212   0.01194   0.05336   0.02433   0.05660   0.04444   0.08433   0.14929   0.02700   0.18604   0.00367   0.19609   0.03622   0.01238   0.04338   0.05049   0.03130   0.11295   0.09693   0.04728   0.21568   0.13573   8.20971   1.64895   1.12747   1.74935   0.88286  
 52 15.4139   2073.557607  x:  0.11755   0.00000   0.22065   0.01189   0.05452   0.02428   0.05639   0.04408   0.08401   0.14932   0.02707   0.18577   0.00354   0.19645   0.03636   0.01240   0.04359   0.04954   0.03138   0.11289   0.09692   0.04657   0.21719   0.13615   8.21791   1.64688   1.12503   1.74605   0.88376  
 53 11.0797   2073.547069  x:  0.11726   0.00000   0.21880   0.01188   0.05431   0.02428   0.05675   0.04472   0.08334   0.15015   0.02705   0.18487   0.00339   0.19679   0.03622   0.01237   0.04326   0.05022   0.03136   0.11502   0.09690   0.04713   0.21944   0.13586   8.23344   1.64606   1.11998   1.74058   0.88563  
 54 10.7385   2073.534921  x:  0.11650   0.00000   0.21901   0.01191   0.05287   0.02437   0.05625   0.04329   0.08421   0.15060   0.02696   0.18462   0.00339   0.19661   0.03625   0.01235   0.04401   0.04993   0.03135   0.11526   0.09689   0.04687   0.21972   0.13510   8.25257   1.64724   1.11406   1.73463   0.88784  
 55 14.1042   2073.511539  x:  0.11567   0.00000   0.22119   0.01190   0.05370   0.02424   0.05625   0.04487   0.08520   0.15054   0.02696   0.18497   0.00349   0.19598   0.03633   0.01236   0.04315   0.04949   0.03139   0.11355   0.09688   0.04662   0.21821   0.13426   8.29076   1.65080   1.10309   1.72362   0.89202  
 56 34.3544   2073.502494  x:  0.11639   0.00000   0.22211   0.01186   0.05451   0.02424   0.05677   0.04399   0.08385   0.14995   0.02700   0.18528   0.00355   0.19593   0.03616   0.01231   0.04360   0.05036   0.03130   0.11323   0.09693   0.04731   0.21699   0.13499   8.30617   1.65238   1.09990   1.71997   0.89335  
 57 22.6062   2073.494632  x:  0.11779   0.00000   0.22242   0.01191   0.05344   0.02434   0.05633   0.04439   0.08269   0.14920   0.02695   0.18546   0.00357   0.19625   0.03625   0.01229   0.04338   0.04972   0.03137   0.11395   0.09701   0.04687   0.21571   0.13639   8.32057   1.65377   1.09916   1.71795   0.89394  
 58 12.8717   2073.464548  x:  0.11984   0.00000   0.22129   0.01187   0.05442   0.02416   0.05663   0.04425   0.08659   0.14848   0.02703   0.18509   0.00354   0.19804   0.03615   0.01222   0.04350   0.05005   0.03138   0.11642   0.09707   0.04723   0.21314   0.13844   8.37971   1.65862   1.10359   1.71467   0.89419  
 59 14.6836   2073.299986  x:  0.11599   0.00000   0.21665   0.01185   0.05396   0.02428   0.05660   0.04443   0.08334   0.15102   0.02704   0.18321   0.00324   0.20298   0.03618   0.01232   0.04369   0.05002   0.03144   0.11302   0.09680   0.04720   0.21060   0.13459   8.70776   1.68326   1.13511   1.70460   0.89357  
 60 63.4103   2073.191259  x:  0.11767   0.00000   0.22457   0.01175   0.05397   0.02419   0.05666   0.04448   0.08396   0.15017   0.02708   0.18747   0.00278   0.19575   0.03618   0.01235   0.04376   0.05001   0.03151   0.11429   0.09696   0.04726   0.22176   0.13627   8.92662   1.69627   1.15102   1.70841   0.89452  
 61 75.8251   2072.839401  x:  0.11727   0.00000   0.22270   0.01150   0.05393   0.02392   0.05647   0.04441   0.08371   0.14971   0.02714   0.18559   0.00256   0.19809   0.03591   0.01223   0.04368   0.04963   0.03150   0.11356   0.09636   0.04724   0.21803   0.13586   9.65869   1.71088   1.14735   1.80338   0.91356  
 62 36.7993   2072.823668  x:  0.11746   0.00000   0.22214   0.01178   0.05396   0.02410   0.05643   0.04431   0.08401   0.14996   0.02707   0.18542   0.00278   0.19768   0.03608   0.01222   0.04352   0.04983   0.03140   0.11395   0.09684   0.04708   0.21731   0.13605   9.83088   1.70012   1.14060   1.78390   0.90958  
 63  0.1356   2072.823445  x:  0.11744   0.00000   0.22229   0.01169   0.05396   0.02406   0.05646   0.04434   0.08394   0.14990   0.02708   0.18548   0.00273   0.19782   0.03604   0.01223   0.04356   0.04979   0.03143   0.11386   0.09673   0.04713   0.21748   0.13603   9.84856   1.70134   1.14133   1.78437   0.91051  
 64  0.0168   2072.823444  x:  0.11744   0.00000   0.22229   0.01170   0.05396   0.02407   0.05646   0.04434   0.08394   0.14990   0.02708   0.18548   0.00273   0.19782   0.03604   0.01223   0.04356   0.04979   0.03143   0.11386   0.09673   0.04713   0.21748   0.13603   9.85002   1.70142   1.14138   1.78453   0.91055  
 65  0.0015   2072.823444  x:  0.11744   0.00000   0.22229   0.01170   0.05396   0.02407   0.05646   0.04433   0.08394   0.14990   0.02708   0.18548   0.00273   0.19782   0.03604   0.01223   0.04356   0.04979   0.03143   0.11386   0.09673   0.04713   0.21748   0.13603   9.85013   1.70142   1.14138   1.78454   0.91055  