

TREE # 1

  0  0.0000   2015.485467  x:  0.20925   0.02571   0.03211   0.02495   0.05815   0.02188   0.05666   0.08536   0.02661   0.17168   0.20925   0.02571   0.03211   0.02495   0.05815   0.02188   0.05666   0.08536   0.02661   0.17168   0.21568   8.40433   1.73133   0.96061   1.35062   1.00000  
  1 99.0000   2005.792578  x:  0.21349   0.01703   0.06488   0.00322   0.07721   0.00896   0.05359   0.08234   0.02270   0.17099   0.20950   0.03402   0.05327   0.01288   0.06729   0.02616   0.05950   0.10068   0.04175   0.17259   0.22102   8.40432   1.73028   0.95767   1.35356   1.00041  
  2 309.3925   2005.028368  x:  0.21617   0.01459   0.07024   0.00991   0.08360   0.01535   0.05254   0.08068   0.02288   0.17055   0.20961   0.03358   0.05646   0.01221   0.07062   0.02596   0.06071   0.10760   0.04303   0.17313   0.22437   8.40431   1.72950   0.95571   1.35559   1.00067  
  3 140.2650   2004.171392  x:  0.22350   0.01434   0.06853   0.00536   0.09310   0.01872   0.05037   0.07690   0.02616   0.16932   0.20986   0.02726   0.05432   0.01817   0.07582   0.02320   0.06290   0.12192   0.03840   0.17454   0.23347   8.40429   1.72709   0.95007   1.36160   1.00143  
  4 90.6222   2003.695613  x:  0.23038   0.01529   0.06397   0.00822   0.09733   0.01275   0.05000   0.07458   0.02619   0.16813   0.21011   0.02631   0.05092   0.01365   0.07775   0.02394   0.06357   0.13152   0.03623   0.17573   0.24203   8.40428   1.72431   0.94400   1.36823   1.00228  
  5 81.6742   2003.431161  x:  0.23649   0.01546   0.05993   0.00615   0.09634   0.01565   0.05090   0.07422   0.02352   0.16703   0.21032   0.03037   0.04929   0.01123   0.07651   0.02583   0.06305   0.13579   0.03843   0.17657   0.24968   8.40426   1.72094   0.93714   1.37591   1.00328  
  6 57.1213   2003.212957  x:  0.24275   0.01585   0.05975   0.00738   0.09331   0.01407   0.05197   0.07500   0.02202   0.16590   0.21047   0.03308   0.05024   0.01587   0.07414   0.02606   0.06218   0.13730   0.04140   0.17720   0.25756   8.40425   1.71642   0.92843   1.38585   1.00458  
  7 68.4020   2002.888010  x:  0.25113   0.01663   0.06382   0.00716   0.08677   0.01479   0.05235   0.07727   0.02531   0.16438   0.21048   0.02968   0.05259   0.01364   0.07050   0.02235   0.06070   0.13405   0.04114   0.17748   0.26825   8.40423   1.70751   0.91248   1.40454   1.00706  
  8 67.0304   2002.731483  x:  0.25325   0.01355   0.06529   0.00699   0.08592   0.01489   0.05135   0.07757   0.02404   0.16402   0.21034   0.02704   0.05261   0.01371   0.07121   0.02622   0.06117   0.12963   0.03869   0.17699   0.27121   8.40424   1.70144   0.90292   1.41631   1.00865  
  9 53.9405   2002.491015  x:  0.25172   0.01685   0.06531   0.00704   0.09115   0.01506   0.04921   0.07631   0.02365   0.16436   0.20994   0.03021   0.05147   0.01401   0.07641   0.02539   0.06363   0.12080   0.03736   0.17511   0.27014   8.40427   1.68864   0.88530   1.43929   1.01179  
 10 48.0176   2002.381899  x:  0.24827   0.01368   0.06330   0.00701   0.09315   0.01460   0.05073   0.07524   0.02338   0.16490   0.20965   0.02954   0.05130   0.01380   0.07625   0.02277   0.06280   0.12051   0.03943   0.17423   0.26623   8.40430   1.68127   0.87723   1.45106   1.01343  
 11 39.3532   2002.272694  x:  0.24299   0.01524   0.06242   0.00697   0.09391   0.01477   0.05246   0.07471   0.02535   0.16564   0.20925   0.02802   0.05199   0.01381   0.07420   0.02526   0.06106   0.12385   0.04123   0.17360   0.25997   8.40436   1.67225   0.86897   1.46433   1.01530  
 12 51.5201   2002.218251  x:  0.23983   0.01578   0.06358   0.00697   0.09199   0.01479   0.05112   0.07534   0.02326   0.16593   0.20901   0.02885   0.05183   0.01379   0.07285   0.02456   0.06126   0.12770   0.03891   0.17394   0.25594   8.40441   1.66660   0.86573   1.47135   1.01633  
 13 26.9844   2002.209084  x:  0.23954   0.01512   0.06365   0.00699   0.09087   0.01472   0.05055   0.07570   0.02435   0.16585   0.20895   0.02948   0.05137   0.01382   0.07362   0.02470   0.06212   0.12840   0.03913   0.17456   0.25527   8.40445   1.66459   0.86621   1.47274   1.01658  
 14  7.6452   2002.198413  x:  0.23986   0.01563   0.06362   0.00699   0.09007   0.01475   0.05098   0.07602   0.02361   0.16560   0.20884   0.02859   0.05133   0.01375   0.07506   0.02462   0.06268   0.12855   0.03997   0.17603   0.25490   8.40455   1.66017   0.86890   1.47461   1.01700  
 15  6.0759   2002.178733  x:  0.24107   0.01540   0.06347   0.00697   0.09097   0.01475   0.05148   0.07572   0.02401   0.16531   0.20873   0.02931   0.05210   0.01383   0.07459   0.02467   0.06159   0.12792   0.03892   0.17823   0.25500   8.40479   1.64997   0.87584   1.47816   1.01790  
 16 10.7035   2002.173661  x:  0.24125   0.01545   0.06372   0.00699   0.09145   0.01476   0.05065   0.07566   0.02395   0.16558   0.20883   0.02905   0.05139   0.01383   0.07362   0.02469   0.06192   0.12776   0.03950   0.17757   0.25539   8.40489   1.64694   0.87779   1.47889   1.01818  
 17  6.9394   2002.170714  x:  0.24103   0.01544   0.06369   0.00698   0.09129   0.01476   0.05116   0.07582   0.02397   0.16612   0.20906   0.02912   0.05160   0.01382   0.07376   0.02470   0.06237   0.12795   0.03932   0.17563   0.25606   8.40500   1.64477   0.87881   1.47893   1.01841  
 18  3.1766   2002.170020  x:  0.24086   0.01545   0.06364   0.00698   0.09114   0.01475   0.05086   0.07580   0.02397   0.16618   0.20913   0.02911   0.05165   0.01382   0.07407   0.02469   0.06186   0.12800   0.03938   0.17523   0.25629   8.40506   1.64410   0.87881   1.47864   1.01850  
 19  1.5568   2002.164245  x:  0.23897   0.01544   0.06433   0.00694   0.09111   0.01474   0.05142   0.07530   0.02399   0.16524   0.20961   0.02924   0.05094   0.01385   0.07415   0.02470   0.06168   0.12800   0.03935   0.17570   0.25795   8.40604   1.63677   0.87526   1.47228   1.01968  
 20  1.1471   2002.158093  x:  0.23795   0.01546   0.06367   0.00693   0.09131   0.01468   0.05081   0.07564   0.02397   0.16487   0.20982   0.02908   0.05210   0.01376   0.07391   0.02471   0.06232   0.12799   0.03944   0.17626   0.25897   8.40713   1.62890   0.87122   1.46528   1.02093  
 21 12.7907   2002.148509  x:  0.24025   0.01538   0.06404   0.00687   0.09178   0.01462   0.05107   0.07686   0.02396   0.16660   0.20916   0.02916   0.05174   0.01375   0.07412   0.02473   0.06196   0.12815   0.03947   0.17634   0.25773   8.40892   1.61688   0.86459   1.45428   1.02262  
 22  8.1572   2002.146244  x:  0.24116   0.01544   0.06412   0.00686   0.09141   0.01461   0.05100   0.07564   0.02394   0.16664   0.20903   0.02915   0.05192   0.01374   0.07411   0.02473   0.06213   0.12815   0.03950   0.17609   0.25710   8.40938   1.61429   0.86317   1.45191   1.02286  
 23  5.5693   2002.144624  x:  0.24184   0.01542   0.06416   0.00684   0.09153   0.01459   0.05101   0.07590   0.02394   0.16502   0.20938   0.02916   0.05193   0.01373   0.07413   0.02474   0.06211   0.12821   0.03951   0.17546   0.25643   8.40985   1.61343   0.86272   1.45121   1.02232  
 24  0.8041   2002.110237  x:  0.24250   0.01524   0.06545   0.00649   0.09234   0.01421   0.05097   0.07574   0.02389   0.16651   0.21621   0.02926   0.05265   0.01351   0.07445   0.02484   0.06218   0.12892   0.03987   0.17632   0.25621   8.42188   1.61123   0.86140   1.45147   1.00176  
 25  0.5622   2002.074511  x:  0.24151   0.01506   0.06679   0.00612   0.09320   0.01380   0.05093   0.07568   0.02385   0.16584   0.20863   0.02945   0.05328   0.01328   0.07477   0.02495   0.06226   0.12983   0.04034   0.17591   0.25767   8.43432   1.61034   0.86111   1.45250   0.98388  
 26  6.8203   2001.971797  x:  0.24208   0.01473   0.07074   0.00511   0.09586   0.01255   0.05079   0.07539   0.02363   0.16589   0.20920   0.02982   0.05537   0.01264   0.07572   0.02527   0.06249   0.13242   0.04164   0.17605   0.25807   8.47026   1.62867   0.87064   1.46276   1.01934  
 27  1.2842   2001.970331  x:  0.24173   0.01482   0.07129   0.00510   0.09576   0.01278   0.05078   0.07550   0.02368   0.16597   0.20928   0.02979   0.05556   0.01292   0.07559   0.02519   0.06247   0.13207   0.04164   0.17598   0.25760   8.48100   1.62847   0.87060   1.46328   1.02034  
 28  0.0110   2001.970275  x:  0.24174   0.01482   0.07140   0.00514   0.09573   0.01272   0.05078   0.07551   0.02369   0.16597   0.20930   0.02978   0.05558   0.01291   0.07557   0.02517   0.06247   0.13203   0.04163   0.17598   0.25761   8.48488   1.62838   0.87052   1.46329   1.02035  
 29  0.0046   2001.970270  x:  0.24176   0.01482   0.07142   0.00512   0.09572   0.01272   0.05078   0.07551   0.02369   0.16597   0.20930   0.02977   0.05558   0.01290   0.07557   0.02517   0.06247   0.13203   0.04163   0.17598   0.25763   8.48687   1.62835   0.87049   1.46325   1.02030  
 30  0.0021   2001.970269  x:  0.24176   0.01482   0.07141   0.00512   0.09572   0.01272   0.05078   0.07551   0.02369   0.16597   0.20930   0.02977   0.05558   0.01290   0.07558   0.02517   0.06247   0.13203   0.04163   0.17598   0.25763   8.48764   1.62837   0.87050   1.46325   1.02032  
 31  0.0006   2001.970269  x:  0.24176   0.01482   0.07141   0.00512   0.09572   0.01272   0.05078   0.07551   0.02369   0.16597   0.20930   0.02977   0.05558   0.01290   0.07558   0.02517   0.06247   0.13203   0.04163   0.17598   0.25763   8.48771   1.62837   0.87050   1.46326   1.02032  
 32  0.0001   2001.970269  x:  0.24176   0.01482   0.07141   0.00512   0.09572   0.01272   0.05078   0.07551   0.02369   0.16597   0.20930   0.02977   0.05558   0.01290   0.07558   0.02517   0.06247   0.13203   0.04163   0.17598   0.25763   8.48770   1.62837   0.87050   1.46326   1.02032  