

TREE # 1

  0  0.0000   2092.995449  x:  0.08018   0.00000   0.08796   0.01780   0.06156   0.06575   0.06449   0.04863   0.06703   0.05821   0.07054   0.13379   0.00266   0.09418   0.02686   0.06761   0.03755   0.04528   0.06984   0.06915   0.10154   0.04317   0.15788   0.09880   2.00000   1.48944   0.94240   1.55780   0.40000  
  1 99.0000   2080.323609  x:  0.09234   0.08296   0.10641   0.03675   0.04868   0.05030   0.07499   0.03968   0.05597   0.06808   0.06015   0.14190   0.05054   0.13511   0.04487   0.06247   0.02815   0.06732   0.05836   0.06860   0.09797   0.02593   0.16802   0.11096   2.00846   1.48840   0.94099   1.55994   0.41938  
  2 630.6753   2067.976465  x:  0.10267   0.06883   0.12789   0.03402   0.03016   0.02767   0.08640   0.02934   0.04127   0.07693   0.04486   0.14948   0.03618   0.17775   0.05248   0.05548   0.01928   0.08360   0.04015   0.06672   0.09235   0.00000   0.18128   0.12129   2.02467   1.48611   0.93910   1.56359   0.45218  
  3 274.3584   2064.234017  x:  0.10838   0.06168   0.13962   0.03301   0.02115   0.01674   0.09246   0.02457   0.03399   0.08157   0.03702   0.15367   0.02868   0.20163   0.05727   0.05194   0.01472   0.09232   0.03068   0.06595   0.08955   0.00748   0.18863   0.12700   2.03421   1.48476   0.93799   1.56572   0.47102  
  4 1024.5840   2057.657903  x:  0.12218   0.04832   0.16615   0.03779   0.03583   0.04661   0.10343   0.03475   0.03657   0.08867   0.03370   0.16383   0.01445   0.26197   0.06534   0.05054   0.03354   0.10931   0.02615   0.06420   0.08465   0.01080   0.20722   0.14080   2.06759   1.48010   0.93452   1.57294   0.52865  
  5 279.6112   2053.884479  x:  0.12633   0.03994   0.17363   0.03997   0.04021   0.04069   0.09866   0.03585   0.05287   0.08327   0.05772   0.16712   0.01544   0.29705   0.06003   0.06117   0.02114   0.10716   0.05571   0.06148   0.08630   0.01081   0.21670   0.14495   2.10948   1.47412   0.93249   1.58070   0.58220  
  6 166.8562   2048.373539  x:  0.11544   0.03791   0.15371   0.03237   0.03923   0.03339   0.07152   0.03450   0.05072   0.06112   0.05435   0.15953   0.03442   0.31714   0.04005   0.06442   0.03446   0.07242   0.04489   0.07123   0.09771   0.01054   0.21532   0.13406   2.21555   1.45923   0.93125   1.59750   0.67878  
  7 125.5688   2043.389076  x:  0.10000   0.03638   0.12750   0.03978   0.03970   0.04533   0.07264   0.03755   0.04535   0.07044   0.04725   0.14737   0.03972   0.30349   0.05601   0.05841   0.01158   0.06140   0.03979   0.06965   0.10084   0.00900   0.20180   0.11862   2.33641   1.44391   0.93064   1.61494   0.76272  
  8 196.8283   2038.595028  x:  0.08593   0.03893   0.10352   0.04478   0.03193   0.03587   0.08768   0.03235   0.04317   0.08695   0.04757   0.13439   0.04046   0.26652   0.07276   0.05246   0.03315   0.07714   0.05066   0.06545   0.09937   0.00889   0.18032   0.10455   2.50172   1.42470   0.93013   1.63725   0.85917  
  9 389.0997   2031.888614  x:  0.09991   0.05533   0.12796   0.02708   0.04470   0.02993   0.09866   0.03527   0.05064   0.08142   0.04626   0.13740   0.03352   0.18840   0.05543   0.05328   0.02438   0.10488   0.03699   0.06390   0.08658   0.00925   0.15876   0.11853   2.73794   1.40287   0.93026   1.66487   0.95479  
 10 258.2742   2029.583529  x:  0.10828   0.05783   0.14133   0.04725   0.02852   0.03873   0.09356   0.03032   0.04130   0.07643   0.04697   0.14630   0.02626   0.16469   0.05155   0.05987   0.02552   0.10185   0.03963   0.06255   0.08606   0.00944   0.16569   0.12690   2.84139   1.39809   0.93137   1.67330   0.96744  
 11 175.9734   2022.957984  x:  0.12067   0.06291   0.15119   0.04429   0.04448   0.02107   0.07919   0.04023   0.03916   0.08687   0.03697   0.17756   0.01345   0.15609   0.08496   0.05778   0.03379   0.07275   0.05035   0.05780   0.09561   0.00823   0.21887   0.13929   3.20159   1.39709   0.93913   1.69060   0.91850  
 12 159.8994   2014.465281  x:  0.12278   0.06075   0.14124   0.01603   0.02644   0.04018   0.08354   0.02286   0.05025   0.08986   0.05473   0.19717   0.01685   0.17981   0.08811   0.04636   0.03214   0.07500   0.04571   0.06648   0.09747   0.00846   0.26201   0.14140   3.64093   1.40119   0.94938   1.70768   0.83460  
 13 537.6406   2005.842425  x:  0.11658   0.04585   0.12087   0.04581   0.03514   0.03229   0.09954   0.03808   0.05823   0.08026   0.06603   0.20112   0.02171   0.22804   0.05701   0.04213   0.02597   0.10129   0.02793   0.07850   0.09153   0.00858   0.28764   0.13520   4.17235   1.41102   0.96130   1.72519   0.72078  
 14 884.9271   2002.230513  x:  0.11357   0.04382   0.12342   0.04120   0.04153   0.03714   0.10196   0.03547   0.04201   0.07382   0.04247   0.18642   0.02182   0.25734   0.04350   0.06435   0.02208   0.11075   0.04622   0.07090   0.08685   0.00923   0.27285   0.13219   4.38235   1.42027   0.96443   1.72884   0.67232  
 15 397.6151   1999.572236  x:  0.11574   0.04358   0.14959   0.04320   0.03652   0.03668   0.08703   0.03727   0.04799   0.06912   0.04853   0.15570   0.01495   0.28590   0.05871   0.07020   0.02621   0.10212   0.04044   0.05594   0.08729   0.00879   0.22446   0.13436   4.53517   1.43745   0.96317   1.72539   0.63498  
 16 167.5870   1999.105202  x:  0.11832   0.04274   0.15744   0.04500   0.03909   0.03650   0.08705   0.03430   0.04484   0.07788   0.04979   0.15302   0.01496   0.29112   0.05540   0.06199   0.02655   0.09467   0.04515   0.06621   0.08941   0.00883   0.20997   0.13694   4.56357   1.44683   0.96080   1.72121   0.62949  
 17 60.4511   1998.975926  x:  0.11910   0.04147   0.15833   0.04440   0.03563   0.03666   0.09047   0.03875   0.04625   0.07693   0.04734   0.15672   0.01735   0.29175   0.05456   0.05862   0.02673   0.09215   0.04754   0.06551   0.09067   0.00881   0.20553   0.13772   4.57195   1.45641   0.95787   1.71593   0.62982  
 18 21.7376   1998.742588  x:  0.11928   0.03867   0.15698   0.04587   0.03885   0.03645   0.09440   0.03339   0.04613   0.07298   0.04740   0.16549   0.02068   0.29145   0.05646   0.05856   0.02696   0.09066   0.04651   0.06237   0.09173   0.00879   0.20016   0.13790   4.58756   1.48316   0.94983   1.70071   0.63310  
 19 29.7244   1998.458100  x:  0.11818   0.03918   0.15401   0.04394   0.03762   0.03619   0.08925   0.03716   0.04340   0.07673   0.05026   0.16923   0.01990   0.29004   0.05731   0.06501   0.02668   0.09435   0.04415   0.06560   0.08976   0.00866   0.19984   0.13680   4.60754   1.52242   0.93915   1.67792   0.63930  
 20 43.1325   1998.312463  x:  0.11751   0.04155   0.15335   0.04498   0.03726   0.03643   0.08613   0.03530   0.04764   0.07763   0.04686   0.16344   0.01646   0.28873   0.05479   0.06185   0.02624   0.09589   0.04504   0.06444   0.08880   0.00873   0.20468   0.13613   4.61792   1.54325   0.93537   1.66547   0.64324  
 21 33.4689   1998.244591  x:  0.11759   0.04245   0.15421   0.04428   0.03776   0.03638   0.08888   0.03610   0.04461   0.07531   0.04880   0.15726   0.01569   0.28771   0.05453   0.05974   0.02619   0.09515   0.04554   0.06379   0.08942   0.00875   0.20862   0.13621   4.62290   1.55222   0.93578   1.65995   0.64533  
 22 19.1171   1998.197761  x:  0.11789   0.04095   0.15586   0.04459   0.03741   0.03619   0.09199   0.03573   0.04647   0.07552   0.04790   0.15370   0.01790   0.28672   0.05553   0.06263   0.02635   0.09391   0.04479   0.06610   0.09016   0.00869   0.21060   0.13651   4.62670   1.55640   0.93998   1.65734   0.64691  
 23  7.7583   1997.948945  x:  0.11680   0.03384   0.16120   0.04473   0.03808   0.03649   0.08852   0.03581   0.04477   0.08098   0.04819   0.15244   0.02821   0.28486   0.05411   0.06131   0.02668   0.09591   0.04419   0.06065   0.08910   0.00887   0.21200   0.13542   4.64815   1.56980   0.97446   1.64984   0.65544  
 24  9.2663   1997.544845  x:  0.11463   0.03567   0.16130   0.04473   0.03791   0.03660   0.08627   0.03602   0.04472   0.07257   0.04643   0.15741   0.02192   0.28608   0.05903   0.05882   0.02569   0.10005   0.04661   0.06820   0.08856   0.00853   0.20719   0.13325   4.68279   1.58788   1.02518   1.64423   0.66865  
 25 32.5738   1997.215753  x:  0.11657   0.04227   0.15567   0.04411   0.03711   0.03612   0.09186   0.03578   0.04575   0.07640   0.04815   0.16100   0.01101   0.28860   0.05408   0.06308   0.02591   0.09510   0.04364   0.06433   0.09118   0.00855   0.20284   0.13519   4.71005   1.60041   1.05458   1.64667   0.67819  
 26 37.9224   1995.837944  x:  0.14447   0.03414   0.13026   0.04416   0.03593   0.03524   0.08780   0.03502   0.04397   0.07445   0.04572   0.15159   0.01239   0.29069   0.05807   0.06181   0.02545   0.09511   0.04362   0.06413   0.07906   0.00798   0.19432   0.16309   4.83019   1.64559   1.08421   1.71457   0.71008  
 27 18.8400   1990.122030  x:  0.13465   0.01121   0.14814   0.04072   0.03326   0.03331   0.08187   0.03303   0.03904   0.07399   0.03790   0.14045   0.01141   0.29214   0.05597   0.06095   0.01836   0.11817   0.03694   0.06321   0.13151   0.00535   0.18133   0.15327   5.36161   1.83380   1.14380   2.04477   0.84483  
 28 113.3473   1987.034601  x:  0.10982   0.00622   0.17097   0.03924   0.03073   0.03029   0.09192   0.03156   0.03879   0.07345   0.03819   0.14157   0.00932   0.29428   0.05370   0.06051   0.01951   0.10067   0.03459   0.06307   0.08388   0.00482   0.17944   0.12844   5.60948   1.91505   1.16460   2.19346   0.90722  
 29 242.0093   1984.628959  x:  0.11180   0.00000   0.17148   0.03880   0.03031   0.02976   0.09209   0.03132   0.03803   0.07375   0.03732   0.14099   0.00995   0.29702   0.05421   0.06050   0.01849   0.10128   0.03366   0.06344   0.08536   0.00423   0.17624   0.13042   5.75475   1.78848   1.09297   2.06100   0.93510  
 30  8.1119   1980.715980  x:  0.11245   0.00567   0.16515   0.03547   0.03071   0.02981   0.09180   0.03176   0.03856   0.07439   0.03890   0.14841   0.00000   0.28965   0.05414   0.05863   0.01758   0.09715   0.03355   0.06484   0.08752   0.00388   0.18657   0.13106   6.09035   1.62247   1.00194   1.88325   0.97068  
 31  1.9861   1977.238730  x:  0.11358   0.00000   0.15793   0.03221   0.03149   0.02989   0.09213   0.03233   0.04084   0.07651   0.04282   0.15834   0.00561   0.27600   0.05428   0.05648   0.01802   0.09115   0.03411   0.06592   0.08881   0.00398   0.20470   0.13220   6.56192   1.55752   0.97347   1.79648   0.99696  
 32  1.9499   1974.372447  x:  0.11548   0.00000   0.15149   0.02931   0.03205   0.03037   0.09089   0.03223   0.04246   0.07683   0.04442   0.16493   0.00000   0.26608   0.05570   0.05471   0.01862   0.08590   0.03551   0.06696   0.08955   0.00399   0.21455   0.13408   7.24017   1.56175   0.98328   1.78075   1.02546  
 33  1.9577   1969.690784  x:  0.11134   0.00000   0.14475   0.02314   0.03576   0.03344   0.08114   0.03324   0.04544   0.07428   0.04692   0.16748   0.00882   0.22675   0.05185   0.05662   0.02213   0.07123   0.03807   0.06641   0.09474   0.00525   0.22165   0.12993  10.17468   1.47519   0.92703   1.63973   1.09558  
 34  1.9059   1968.235418  x:  0.11724   0.00000   0.14019   0.02843   0.03373   0.03168   0.08544   0.03149   0.04646   0.07515   0.04978   0.17349   0.00000   0.23175   0.05415   0.05469   0.02117   0.08208   0.04015   0.06738   0.09350   0.00507   0.23256   0.13583  11.05964   1.60338   1.00604   1.80502   1.08089  
 35  0.8985   1968.235418  x:  0.11724   0.00000   0.14019   0.02843   0.03373   0.03168   0.08544   0.03149   0.04646   0.07515   0.04978   0.17349   0.00000   0.23175   0.05415   0.05469   0.02117   0.08208   0.04015   0.06738   0.09350   0.00507   0.23256   0.13583  11.05964   1.60338   1.00604   1.80502   1.08089  
 36  0.7561   1968.093260  x:  0.11728   0.00000   0.14229   0.02961   0.03266   0.03048   0.08663   0.03269   0.04319   0.07567   0.04590   0.17201   0.00171   0.23465   0.05507   0.05533   0.02015   0.08289   0.03772   0.06677   0.09255   0.00838   0.23030   0.13586  11.05981   1.60314   1.00568   1.80509   1.08003  
 37 32.1593   1968.007683  x:  0.11725   0.00000   0.14469   0.03029   0.03225   0.03007   0.08777   0.03319   0.04104   0.07615   0.04296   0.17016   0.00258   0.23783   0.05518   0.05605   0.02095   0.08379   0.03620   0.06590   0.09138   0.00559   0.22734   0.13583  11.06004   1.60282   1.00522   1.80519   1.07888  
 38 37.6889   1967.914154  x:  0.11695   0.00000   0.14963   0.02985   0.03350   0.03155   0.08919   0.03210   0.04237   0.07663   0.04310   0.16577   0.00032   0.24519   0.05569   0.05715   0.02089   0.08529   0.03700   0.06471   0.08972   0.00593   0.21984   0.13554  11.06068   1.60192   1.00400   1.80545   1.07574  
 39 22.4669   1967.883791  x:  0.11679   0.00000   0.15114   0.02956   0.03312   0.03102   0.08900   0.03220   0.04329   0.07650   0.04480   0.16417   0.00254   0.24853   0.05557   0.05698   0.02074   0.08530   0.03750   0.06489   0.08970   0.00583   0.21687   0.13537  11.06107   1.60136   1.00330   1.80558   1.07387  
 40 22.2389   1967.870980  x:  0.11656   0.00000   0.15109   0.02961   0.03239   0.03019   0.08807   0.03281   0.04288   0.07608   0.04549   0.16366   0.00172   0.25015   0.05529   0.05619   0.02066   0.08449   0.03721   0.06579   0.09060   0.00563   0.21524   0.13514  11.06150   1.60073   1.00263   1.80569   1.07188  
 41  9.5304   1967.860535  x:  0.11632   0.00000   0.15019   0.02964   0.03312   0.03112   0.08709   0.03245   0.04246   0.07574   0.04480   0.16373   0.00203   0.25157   0.05525   0.05555   0.02067   0.08346   0.03730   0.06665   0.09183   0.00559   0.21417   0.13491  11.06224   1.59966   1.00154   1.80584   1.06861  
 42  8.1804   1967.842093  x:  0.11614   0.00000   0.14787   0.02981   0.03275   0.03013   0.08730   0.03217   0.04345   0.07620   0.04359   0.16482   0.00186   0.25309   0.05591   0.05622   0.02011   0.08320   0.03836   0.06613   0.09249   0.00531   0.21372   0.13472  11.06444   1.59653   0.99844   1.80618   1.05914  
 43  7.7481   1967.811219  x:  0.11618   0.00000   0.14529   0.02993   0.03254   0.03103   0.08853   0.03303   0.04319   0.07678   0.04487   0.16649   0.00162   0.25450   0.05622   0.05683   0.02144   0.08401   0.03730   0.06543   0.09195   0.00562   0.21416   0.13477  11.06866   1.59061   0.99273   1.80669   1.04139  
 44 24.3908   1967.792097  x:  0.11644   0.00000   0.14558   0.02945   0.03314   0.03081   0.08869   0.03231   0.04243   0.07644   0.04549   0.16684   0.00151   0.25425   0.05545   0.05634   0.01996   0.08459   0.03674   0.06544   0.09093   0.00535   0.21509   0.13502  11.07153   1.58670   0.98922   1.80682   1.02989  
 45 27.3436   1967.772780  x:  0.11683   0.00000   0.14799   0.02944   0.03306   0.03032   0.08796   0.03211   0.04256   0.07567   0.04478   0.16622   0.00150   0.25278   0.05476   0.05573   0.02107   0.08472   0.03775   0.06624   0.09020   0.00583   0.21654   0.13541  11.07483   1.58242   0.98574   1.80664   1.01767  
 46 23.9570   1967.766967  x:  0.11686   0.00000   0.14912   0.02980   0.03274   0.03092   0.08768   0.03279   0.04302   0.07576   0.04465   0.16563   0.00154   0.25184   0.05510   0.05589   0.02057   0.08426   0.03770   0.06623   0.09054   0.00564   0.21692   0.13544  11.07604   1.58102   0.98486   1.80635   1.01392  
 47 12.8603   1967.764443  x:  0.11673   0.00000   0.14961   0.02963   0.03290   0.03069   0.08770   0.03246   0.04292   0.07614   0.04485   0.16509   0.00161   0.25109   0.05560   0.05622   0.02071   0.08383   0.03736   0.06601   0.09120   0.00564   0.21687   0.13532  11.07686   1.58027   0.98471   1.80589   1.01229  
 48  5.3367   1967.762878  x:  0.11646   0.00000   0.14942   0.02954   0.03288   0.03075   0.08807   0.03262   0.04259   0.07631   0.04487   0.16460   0.00173   0.25031   0.05528   0.05612   0.02068   0.08399   0.03776   0.06581   0.09153   0.00571   0.21631   0.13505  11.07804   1.57951   0.98514   1.80482   1.01138  
 49  2.1451   1967.761089  x:  0.11628   0.00000   0.14905   0.02983   0.03290   0.03070   0.08821   0.03247   0.04301   0.07619   0.04473   0.16428   0.00186   0.24952   0.05508   0.05596   0.02073   0.08424   0.03737   0.06596   0.09140   0.00578   0.21552   0.13486  11.07989   1.57845   0.98591   1.80309   1.01045  
 50  3.9104   1967.758828  x:  0.11644   0.00000   0.14882   0.02936   0.03283   0.03076   0.08784   0.03261   0.04291   0.07591   0.04469   0.16447   0.00194   0.24910   0.05555   0.05628   0.02072   0.08422   0.03740   0.06616   0.09080   0.00576   0.21483   0.13502  11.08286   1.57693   0.98703   1.80034   1.00950  
 51  4.3680   1967.756638  x:  0.11677   0.00000   0.14895   0.03000   0.03301   0.03070   0.08760   0.03254   0.04263   0.07601   0.04494   0.16496   0.00191   0.24925   0.05567   0.05642   0.02072   0.08405   0.03766   0.06603   0.09061   0.00574   0.21467   0.13535  11.08620   1.57537   0.98803   1.79738   1.00875  
 52  6.8759   1967.752504  x:  0.11729   0.00000   0.14953   0.02964   0.03286   0.03078   0.08777   0.03254   0.04292   0.07653   0.04480   0.16591   0.00178   0.25027   0.05512   0.05608   0.02078   0.08385   0.03746   0.06568   0.09116   0.00578   0.21524   0.13587  11.09302   1.57240   0.98949   1.79163   1.00768  
 53  9.3574   1967.749239  x:  0.11692   0.00000   0.14970   0.02968   0.03312   0.03068   0.08836   0.03271   0.04294   0.07606   0.04486   0.16570   0.00163   0.25135   0.05553   0.05624   0.02066   0.08441   0.03754   0.06640   0.09172   0.00561   0.21650   0.13550  11.09919   1.57008   0.98960   1.78712   1.00735  
 54  6.2014   1967.746951  x:  0.11650   0.00000   0.14949   0.02976   0.03255   0.03094   0.08815   0.03225   0.04282   0.07603   0.04491   0.16510   0.00156   0.25190   0.05559   0.05626   0.02067   0.08437   0.03758   0.06628   0.09151   0.00559   0.21729   0.13508  11.10402   1.56850   0.98877   1.78414   1.00750  
 55  6.6526   1967.743161  x:  0.11606   0.00000   0.14906   0.02969   0.03308   0.03073   0.08754   0.03268   0.04294   0.07630   0.04486   0.16412   0.00150   0.25243   0.05539   0.05619   0.02076   0.08399   0.03751   0.06575   0.09090   0.00565   0.21814   0.13464  11.11254   1.56592   0.98655   1.77943   1.00811  
 56 12.2524   1967.724625  x:  0.11770   0.00000   0.14869   0.02972   0.03297   0.03080   0.08822   0.03257   0.04291   0.07694   0.04487   0.16364   0.00155   0.25159   0.05518   0.05660   0.02060   0.08390   0.03763   0.06695   0.09118   0.00555   0.21722   0.13628  11.15676   1.55369   0.97115   1.75857   1.01297  
 57 10.7681   1967.719798  x:  0.11733   0.00000   0.14923   0.02973   0.03298   0.03078   0.08807   0.03259   0.04292   0.07597   0.04489   0.16462   0.00160   0.25121   0.05572   0.05598   0.02068   0.08431   0.03757   0.06594   0.09157   0.00553   0.21665   0.13591  11.16869   1.55043   0.96734   1.75379   1.01432  
 58 16.7289   1967.717459  x:  0.11647   0.00000   0.14983   0.02972   0.03299   0.03079   0.08785   0.03260   0.04291   0.07627   0.04490   0.16567   0.00164   0.25104   0.05531   0.05653   0.02065   0.08433   0.03753   0.06623   0.09148   0.00557   0.21633   0.13505  11.17521   1.54869   0.96610   1.75251   1.01503  
 59  5.8170   1967.711754  x:  0.11606   0.00000   0.15008   0.02971   0.03299   0.03079   0.08856   0.03259   0.04292   0.07714   0.04490   0.16605   0.00166   0.25101   0.05613   0.05530   0.02065   0.08374   0.03779   0.06677   0.09079   0.00545   0.21627   0.13465  11.19356   1.54417   0.96571   1.75314   1.01673  
 60  4.1711   1967.685239  x:  0.11684   0.00000   0.14983   0.02974   0.03299   0.03081   0.08882   0.03259   0.04295   0.07571   0.04493   0.16522   0.00162   0.25137   0.05538   0.05642   0.02066   0.08328   0.03762   0.06622   0.09122   0.00549   0.21665   0.13543  11.28040   1.52402   0.96555   1.75824   1.02433  
 61 27.7333   1967.679974  x:  0.11707   0.00000   0.14973   0.02972   0.03302   0.03082   0.08756   0.03261   0.04293   0.07664   0.04492   0.16500   0.00161   0.25140   0.05569   0.05623   0.02061   0.08490   0.03756   0.06629   0.09170   0.00542   0.21673   0.13566  11.29826   1.52175   0.96565   1.75909   1.02533  
 62 18.4311   1967.175433  x:  0.11720   0.00000   0.15028   0.02942   0.03302   0.03086   0.08797   0.03244   0.04291   0.07599   0.04505   0.16523   0.00101   0.25075   0.05553   0.05618   0.02064   0.08416   0.03760   0.06613   0.09119   0.00497   0.21795   0.13577  13.23311   1.59163   0.99069   1.80136   1.04082  
 63 12.4306   1967.166741  x:  0.11718   0.00000   0.14970   0.02960   0.03297   0.03075   0.08802   0.03254   0.04288   0.07624   0.04491   0.16536   0.00111   0.25211   0.05579   0.05621   0.02053   0.08424   0.03754   0.06625   0.09142   0.00531   0.21758   0.13576  13.32085   1.57576   0.98366   1.79150   1.03488  
 64  0.0836   1967.166581  x:  0.11719   0.00000   0.14978   0.02959   0.03298   0.03076   0.08800   0.03254   0.04289   0.07622   0.04492   0.16533   0.00112   0.25202   0.05577   0.05622   0.02056   0.08425   0.03755   0.06624   0.09143   0.00520   0.21757   0.13577  13.34619   1.57503   0.98361   1.79113   1.03546  
 65  0.0237   1967.166575  x:  0.11719   0.00000   0.14979   0.02959   0.03298   0.03076   0.08800   0.03254   0.04289   0.07622   0.04493   0.16534   0.00111   0.25200   0.05577   0.05621   0.02055   0.08425   0.03755   0.06624   0.09143   0.00521   0.21759   0.13577  13.35152   1.57528   0.98371   1.79130   1.03559  
 66  0.0049   1967.166575  x:  0.11719   0.00000   0.14978   0.02959   0.03298   0.03076   0.08800   0.03254   0.04289   0.07622   0.04493   0.16534   0.00111   0.25201   0.05577   0.05621   0.02055   0.08425   0.03755   0.06624   0.09143   0.00521   0.21759   0.13577  13.35175   1.57529   0.98371   1.79130   1.03557  
 67  0.0002   1967.166575  x:  0.11719   0.00000   0.14978   0.02959   0.03298   0.03076   0.08800   0.03254   0.04289   0.07622   0.04493   0.16534   0.00111   0.25201   0.05577   0.05621   0.02055   0.08425   0.03755   0.06624   0.09143   0.00521   0.21759   0.13577  13.35174   1.57529   0.98371   1.79130   1.03557  
 68  0.0000   1967.166575  x:  0.11719   0.00000   0.14978   0.02959   0.03298   0.03076   0.08800   0.03254   0.04289   0.07622   0.04493   0.16534   0.00111   0.25201   0.05577   0.05621   0.02055   0.08425   0.03755   0.06624   0.09143   0.00521   0.21759   0.13577  13.35174   1.57529   0.98371   1.79130   1.03557  