

TREE # 1

  0  0.0000   2080.211160  x:  0.01972   0.20925   0.02571   0.03211   0.02495   0.05815   0.02188   0.05666   0.08536   0.02661   0.17168   0.01972   0.20925   0.02571   0.03211   0.02495   0.05815   0.02188   0.05666   0.08536   0.02661   0.17168   0.21568   8.40433   1.49179   1.29453   1.56138   1.00000  
  1 99.0000   2055.974317  x:  0.00370   0.20212   0.01431   0.03309   0.03156   0.07290   0.05423   0.06962   0.08669   0.01354   0.17136   0.00000   0.20469   0.00636   0.03199   0.06392   0.05933   0.02246   0.07299   0.11873   0.03140   0.18123   0.21568   8.40426   1.49124   1.29273   1.56397   0.99977  
  2 510.6437   2053.953804  x:  0.00087   0.20018   0.01413   0.03343   0.03116   0.07454   0.05204   0.07107   0.08696   0.01309   0.17141   0.00000   0.20328   0.00000   0.03148   0.06234   0.05954   0.02196   0.07460   0.12340   0.03156   0.18369   0.21574   8.40424   1.49107   1.29220   1.56476   0.99971  
  3 257.3829   2051.438766  x:  0.02940   0.17821   0.01766   0.03116   0.03277   0.08332   0.04448   0.07852   0.08902   0.02233   0.17663   0.00000   0.18511   0.00000   0.02983   0.05608   0.06192   0.02370   0.08420   0.15605   0.03315   0.21039   0.21703   8.40392   1.48841   1.28508   1.57599   0.99906  
  4 140.8668   2050.589960  x:  0.03511   0.16361   0.01144   0.03084   0.03120   0.08082   0.04474   0.07617   0.08910   0.01229   0.17923   0.00000   0.17383   0.00000   0.03061   0.05386   0.06164   0.02113   0.08156   0.15714   0.02982   0.22261   0.21727   8.40367   1.48638   1.27971   1.58447   0.99843  
  5 76.7773   2049.777789  x:  0.03159   0.13958   0.02007   0.03351   0.03014   0.07594   0.04904   0.07185   0.08868   0.01231   0.18296   0.00000   0.15590   0.00000   0.03094   0.05636   0.06063   0.02082   0.07633   0.15170   0.02905   0.23960   0.21722   8.40318   1.48256   1.26957   1.60050   0.99710  
  6 95.9966   2049.461412  x:  0.02873   0.13046   0.01488   0.03266   0.03128   0.07509   0.04919   0.07123   0.08835   0.01806   0.18511   0.00000   0.14884   0.00000   0.03100   0.05758   0.06041   0.02304   0.07548   0.14695   0.03188   0.24561   0.21728   8.40288   1.48035   1.26373   1.60987   0.99628  
  7 82.6891   2049.197889  x:  0.02841   0.12848   0.01635   0.02938   0.03405   0.07965   0.04606   0.07567   0.08803   0.01529   0.18954   0.00000   0.14540   0.00000   0.03281   0.05911   0.06081   0.02383   0.08009   0.13959   0.03538   0.24725   0.21802   8.40225   1.47610   1.25250   1.62840   0.99449  
  8 31.9591   2048.801743  x:  0.02844   0.13194   0.01521   0.03452   0.03020   0.08365   0.04738   0.07909   0.08798   0.01769   0.19663   0.00000   0.14397   0.00000   0.03297   0.05914   0.06086   0.01983   0.08333   0.13595   0.03050   0.24627   0.21966   8.40089   1.46760   1.22998   1.66624   0.99070  
  9 53.6186   2048.284979  x:  0.02703   0.13855   0.01553   0.03332   0.02912   0.08048   0.05028   0.07543   0.08815   0.01596   0.20309   0.00000   0.14590   0.00000   0.02822   0.05648   0.06094   0.02677   0.08022   0.14097   0.03113   0.24248   0.22158   8.39877   1.45523   1.19738   1.72238   0.98479  
 10 100.4917   2048.087533  x:  0.02643   0.14001   0.01567   0.03104   0.03243   0.07728   0.04935   0.07263   0.08812   0.01673   0.20260   0.00000   0.14809   0.00000   0.03142   0.05731   0.06041   0.02245   0.07745   0.14482   0.03272   0.24030   0.22176   8.39785   1.45063   1.18542   1.74448   0.98224  
 11 84.1847   2048.012750  x:  0.02748   0.13734   0.01547   0.03267   0.03132   0.07643   0.04632   0.07302   0.08782   0.01636   0.19545   0.00000   0.15082   0.00000   0.03251   0.06007   0.06006   0.02381   0.07713   0.14560   0.03240   0.23817   0.22040   8.39716   1.44936   1.18251   1.75456   0.98046  
 12 18.5239   2047.953032  x:  0.02823   0.13437   0.01555   0.03135   0.03132   0.07753   0.04798   0.07402   0.08768   0.01654   0.18689   0.00000   0.15300   0.00000   0.03065   0.05848   0.05981   0.02272   0.07773   0.14525   0.03214   0.23628   0.21864   8.39635   1.44891   1.18173   1.76349   0.97849  
 13 22.7813   2047.938212  x:  0.02820   0.13478   0.01549   0.03238   0.03234   0.07801   0.04872   0.07340   0.08794   0.01641   0.18515   0.00000   0.15251   0.00000   0.03188   0.05745   0.06063   0.02336   0.07827   0.14517   0.03214   0.23643   0.21807   8.39584   1.44963   1.18352   1.76649   0.97739  
 14  7.0282   2047.873762  x:  0.02793   0.13917   0.01556   0.03123   0.02991   0.07835   0.04864   0.07137   0.08892   0.01652   0.18118   0.00000   0.14835   0.00000   0.03242   0.05834   0.06193   0.02293   0.07918   0.14504   0.03325   0.23848   0.21597   8.39279   1.45524   1.19665   1.78111   0.97115  
 15 11.6490   2047.784543  x:  0.02756   0.14313   0.01543   0.03202   0.03300   0.07738   0.04750   0.07291   0.08882   0.01645   0.17893   0.00000   0.14492   0.00000   0.02974   0.05974   0.06025   0.02269   0.07802   0.14505   0.03188   0.24062   0.21412   8.38818   1.46434   1.21665   1.80198   0.96214  
 16 41.1471   2047.616249  x:  0.02651   0.14162   0.01545   0.03122   0.03119   0.07615   0.04974   0.07793   0.08616   0.01654   0.18221   0.00000   0.14788   0.00000   0.03344   0.05831   0.05702   0.02402   0.07572   0.14642   0.03255   0.24130   0.21406   8.37875   1.48445   1.25634   1.84198   0.94533  
 17 44.9889   2047.454930  x:  0.02601   0.13558   0.01529   0.03244   0.03174   0.07817   0.04921   0.07351   0.08626   0.01626   0.18815   0.00000   0.15399   0.00000   0.03072   0.05943   0.06038   0.02266   0.07749   0.14722   0.03335   0.23907   0.21640   8.36945   1.50566   1.29285   1.87906   0.93090  
 18 66.1401   2047.433280  x:  0.02559   0.13475   0.01537   0.03106   0.03200   0.07797   0.04907   0.07300   0.08749   0.01660   0.18857   0.00000   0.15390   0.00000   0.03117   0.05970   0.06043   0.02324   0.07843   0.14748   0.03123   0.23805   0.21735   8.36802   1.50974   1.29647   1.88340   0.93025  
 19 17.4543   2047.360389  x:  0.02557   0.13313   0.01526   0.03208   0.03175   0.07617   0.04948   0.07386   0.09250   0.01628   0.18824   0.00000   0.15039   0.00000   0.03112   0.05939   0.05850   0.02290   0.08005   0.14850   0.03282   0.23286   0.22218   8.36229   1.52864   1.30378   1.89599   0.93320  
 20 14.6456   2047.206743  x:  0.02480   0.13255   0.01521   0.03152   0.03177   0.07983   0.04943   0.07496   0.08792   0.01625   0.18622   0.00000   0.14501   0.00000   0.03145   0.06035   0.06169   0.02301   0.07562   0.15059   0.03247   0.22761   0.22870   8.34947   1.57176   1.31416   1.92008   0.94440  
 21 29.5213   2047.024728  x:  0.02361   0.13417   0.01513   0.03180   0.03203   0.07774   0.05011   0.07228   0.08176   0.01623   0.18470   0.00000   0.14812   0.00000   0.03117   0.06083   0.05799   0.02307   0.08121   0.15080   0.03249   0.23299   0.22733   8.33359   1.62283   1.32328   1.94672   0.96107  
 22 39.0863   2046.895967  x:  0.02254   0.13538   0.01506   0.03164   0.03209   0.07762   0.05065   0.07456   0.08768   0.01628   0.18484   0.00000   0.15395   0.00000   0.03100   0.06172   0.06069   0.02301   0.07892   0.15011   0.03258   0.24003   0.22111   8.32188   1.65692   1.32890   1.96449   0.97406  
 23 44.2994   2046.857824  x:  0.02241   0.13470   0.01502   0.03171   0.03208   0.08069   0.05055   0.07305   0.08871   0.01620   0.18623   0.00000   0.15332   0.00000   0.03137   0.06189   0.05776   0.02332   0.07779   0.15085   0.03261   0.23842   0.21596   8.31784   1.65999   1.33048   1.96712   0.97846  
 24  5.8232   2046.753979  x:  0.02175   0.13264   0.01496   0.03171   0.03204   0.07799   0.05087   0.07470   0.08705   0.01604   0.18965   0.00000   0.15007   0.00000   0.03097   0.06194   0.06060   0.02286   0.07988   0.15296   0.03255   0.23270   0.20478   8.30621   1.65998   1.33465   1.97123   0.99045  
 25 10.8239   2045.407485  x:  0.00912   0.13239   0.01405   0.03208   0.03279   0.08226   0.05563   0.07700   0.08809   0.01521   0.18753   0.00000   0.15161   0.00000   0.03052   0.06893   0.06045   0.02270   0.08302   0.16224   0.03292   0.24153   0.22284   8.14520   1.58676   1.38421   1.99740   1.13689  
 26 12.1210   2043.721324  x:  0.00000   0.13142   0.01318   0.03232   0.03306   0.08523   0.05933   0.07977   0.08826   0.01449   0.18821   0.00000   0.14915   0.00000   0.03035   0.07409   0.06068   0.02251   0.08642   0.17068   0.03318   0.24586   0.22179   8.01589   1.57019   1.34193   1.95463   1.07639  
 27  7.4882   2042.185243  x:  0.00000   0.13806   0.01313   0.03371   0.03115   0.09299   0.05610   0.08659   0.08930   0.01147   0.19109   0.00000   0.14924   0.00000   0.02768   0.07433   0.06140   0.01970   0.09429   0.19883   0.03223   0.25921   0.22117   7.74587   1.51128   1.23763   1.82873   0.93216  
 28  0.3559   2042.001189  x:  0.00000   0.12985   0.01190   0.03399   0.03043   0.09447   0.05179   0.08769   0.08951   0.01172   0.18315   0.00000   0.14903   0.00000   0.02780   0.07008   0.06124   0.01995   0.09538   0.20813   0.03178   0.26163   0.21968   7.74936   1.50965   1.24348   1.83071   0.96182  
 29  0.0328   2041.999689  x:  0.00041   0.12975   0.01188   0.03399   0.03042   0.09449   0.05174   0.08770   0.08952   0.01173   0.18305   0.00000   0.14903   0.00000   0.02780   0.07003   0.06124   0.01996   0.09540   0.20825   0.03177   0.26166   0.21966   7.74941   1.50963   1.24356   1.83074   0.96220  
 30 11.4770   2041.984996  x:  0.00035   0.13027   0.01278   0.03383   0.03091   0.09461   0.05194   0.08775   0.08952   0.01192   0.18391   0.00000   0.14875   0.00000   0.02805   0.06946   0.06129   0.02035   0.09566   0.21244   0.03193   0.26149   0.21962   7.78380   1.51379   1.24492   1.83333   0.95870  
 31  0.0308   2041.983063  x:  0.00030   0.13062   0.01238   0.03376   0.03099   0.09445   0.05220   0.08761   0.08948   0.01185   0.18448   0.00000   0.14873   0.00000   0.02798   0.06952   0.06131   0.02029   0.09558   0.21361   0.03200   0.26143   0.21978   7.79798   1.51363   1.24539   1.83396   0.95870  
 32  0.0162   2041.982950  x:  0.00031   0.13061   0.01242   0.03376   0.03092   0.09434   0.05221   0.08753   0.08947   0.01183   0.18438   0.00000   0.14883   0.00000   0.02794   0.06955   0.06130   0.02022   0.09546   0.21375   0.03198   0.26137   0.21982   7.80038   1.51321   1.24548   1.83387   0.95942  
 33  0.0025   2041.982943  x:  0.00031   0.13060   0.01241   0.03376   0.03091   0.09430   0.05220   0.08750   0.08948   0.01184   0.18437   0.00000   0.14883   0.00000   0.02796   0.06956   0.06129   0.02024   0.09542   0.21376   0.03197   0.26136   0.21981   7.80022   1.51327   1.24544   1.83384   0.95935  
 34  0.0002   2041.982942  x:  0.00031   0.13060   0.01241   0.03376   0.03091   0.09430   0.05220   0.08750   0.08948   0.01184   0.18437   0.00000   0.14883   0.00000   0.02796   0.06956   0.06129   0.02024   0.09541   0.21376   0.03197   0.26136   0.21981   7.79996   1.51330   1.24544   1.83385   0.95933  
 35  0.0003   2041.982942  x:  0.00031   0.13060   0.01241   0.03376   0.03091   0.09430   0.05220   0.08750   0.08948   0.01184   0.18437   0.00000   0.14883   0.00000   0.02796   0.06956   0.06129   0.02024   0.09541   0.21376   0.03198   0.26136   0.21981   7.79984   1.51329   1.24544   1.83384   0.95932  
 36  0.0001   2041.982942  x:  0.00031   0.13060   0.01241   0.03376   0.03091   0.09430   0.05220   0.08750   0.08948   0.01184   0.18437   0.00000   0.14883   0.00000   0.02796   0.06956   0.06129   0.02024   0.09541   0.21376   0.03198   0.26136   0.21981   7.79981   1.51329   1.24544   1.83384   0.95932  
 37  0.0000   2041.982942  x:  0.00031   0.13060   0.01241   0.03376   0.03091   0.09430   0.05220   0.08750   0.08948   0.01184   0.18437   0.00000   0.14883   0.00000   0.02796   0.06956   0.06129   0.02024   0.09541   0.21376   0.03198   0.26136   0.21981   7.79981   1.51329   1.24544   1.83384   0.95932  
 38  0.0000   2041.982942  x:  0.00031   0.13060   0.01241   0.03376   0.03091   0.09430   0.05220   0.08750   0.08948   0.01184   0.18437   0.00000   0.14883   0.00000   0.02796   0.06956   0.06129   0.02024   0.09541   0.21376   0.03198   0.26136   0.21981   7.79981   1.51329   1.24544   1.83384   0.95932  
 39  0.0000   2041.982942  x:  0.00031   0.13060   0.01241   0.03376   0.03091   0.09430   0.05220   0.08750   0.08948   0.01184   0.18437   0.00000   0.14883   0.00000   0.02796   0.06956   0.06129   0.02024   0.09541   0.21376   0.03198   0.26136   0.21981   7.79981   1.51329   1.24544   1.83384   0.95932  
check convergence!


TREE # 2

  0  0.0000   2495.739150  x:  0.00031   0.13060   0.01241   0.03376   0.03091   0.09430   0.05220   0.08750   0.08948   0.01184   0.18437   0.00000   0.14883   0.00000   0.02796   0.06956   0.06129   0.02024   0.09541   0.21376   0.03198   0.26136   0.21981   7.79981   1.48343   1.13120   1.66784   0.95932  
  1 99.0000   2227.290203  x:  0.17274   0.13183   0.05946   0.04242   0.03401   0.09199   0.05814   0.08710   0.09014   0.02615   0.18287   0.09945   0.15250   0.46202   0.05309   0.06764   0.05971   0.02900   0.09384   0.21223   0.03110   0.25975   0.21786   7.79981   1.48338   1.13124   1.66792   0.95933  
  2 28709.9648   2115.542346  x:  0.19092   0.07166   0.31478   0.15190   0.09956   0.02784   0.19896   0.07349   0.09529   0.10898   0.13577   0.05146   0.09599   0.43973   0.09096   0.00611   0.00507   0.17607   0.05014   0.17026   0.00909   0.21596   0.16484   7.79996   1.47998   1.13529   1.66925   0.95877  
  3 837.8667   2097.029499  x:  0.19934   0.04726   0.33369   0.15575   0.09062   0.00000   0.21048   0.06162   0.09478   0.10731   0.11838   0.03641   0.07244   0.43855   0.09588   0.02368   0.02541   0.17635   0.04116   0.15565   0.02818   0.20039   0.14570   7.80002   1.47840   1.13716   1.66976   0.95856  
  4 458.0935   2071.462445  x:  0.21496   0.00000   0.34798   0.15310   0.06468   0.00000   0.22040   0.03841   0.09393   0.09565   0.08743   0.01341   0.02651   0.43772   0.10160   0.01609   0.01959   0.16186   0.02655   0.12919   0.03769   0.17058   0.10887   7.80012   1.47541   1.14078   1.67081   0.95830  
  5 814.3570   2063.690219  x:  0.22191   0.00000   0.35623   0.15342   0.05204   0.00000   0.22626   0.03040   0.09472   0.09146   0.07521   0.02760   0.00000   0.43181   0.10555   0.01701   0.01854   0.15441   0.03111   0.11642   0.03696   0.15391   0.08878   7.80017   1.47375   1.14274   1.67177   0.95818  
  6 551.8062   2061.202177  x:  0.23492   0.00000   0.36318   0.15636   0.04356   0.00000   0.23146   0.05179   0.09703   0.08919   0.07737   0.02040   0.00000   0.42771   0.11768   0.02123   0.02156   0.13921   0.04732   0.10705   0.02414   0.12961   0.06649   7.80025   1.47117   1.14603   1.67478   0.95822  
  7 132.4266   2060.351475  x:  0.24491   0.00000   0.36603   0.15885   0.04990   0.00000   0.23328   0.06000   0.09754   0.08898   0.08641   0.02322   0.00000   0.42275   0.12560   0.01641   0.01885   0.12515   0.04427   0.10598   0.03655   0.11216   0.06210   7.80035   1.46855   1.14945   1.67868   0.95829  
  8 64.4853   2059.938533  x:  0.25334   0.00000   0.36855   0.16014   0.05439   0.00000   0.23387   0.05621   0.09655   0.08912   0.08948   0.02398   0.00000   0.41895   0.12874   0.01978   0.01956   0.11540   0.03604   0.10664   0.03004   0.10273   0.06576   7.80046   1.46571   1.15335   1.68327   0.95841  
  9 39.6000   2059.382101  x:  0.26992   0.00000   0.37480   0.16167   0.05304   0.00000   0.23429   0.04426   0.09501   0.09025   0.08834   0.01918   0.00000   0.41275   0.12925   0.01494   0.02337   0.10559   0.04474   0.10923   0.02975   0.10010   0.07317   7.80079   1.45868   1.16340   1.69577   0.95869  
 10 25.5402   2058.624524  x:  0.28921   0.00000   0.38085   0.16126   0.04376   0.00000   0.23364   0.04110   0.09595   0.08982   0.08534   0.01548   0.00000   0.40508   0.12702   0.02223   0.01351   0.10209   0.04375   0.10986   0.03360   0.10542   0.07306   7.80134   1.44828   1.17901   1.71587   0.95917  
 11 43.1035   2057.581690  x:  0.31060   0.00000   0.38517   0.15711   0.03339   0.00000   0.23159   0.04397   0.09804   0.08595   0.07923   0.01504   0.00000   0.39579   0.12178   0.01525   0.01961   0.10394   0.03101   0.10666   0.03381   0.11351   0.06445   7.80219   1.43416   1.20129   1.74534   0.95983  
 12 88.2850   2056.987516  x:  0.31522   0.00000   0.38270   0.14959   0.04522   0.00000   0.23000   0.04116   0.09739   0.07962   0.07118   0.01219   0.00000   0.39431   0.11750   0.01525   0.01924   0.10870   0.03062   0.09903   0.03374   0.11211   0.05413   7.80283   1.42740   1.21431   1.76388   0.96016  
 13 52.8042   2056.601317  x:  0.30330   0.00000   0.38150   0.14161   0.04054   0.00000   0.23327   0.04087   0.09362   0.07983   0.06729   0.01044   0.00000   0.39852   0.11795   0.01482   0.01856   0.11445   0.03038   0.09051   0.03504   0.09836   0.05981   7.80345   1.42770   1.22077   1.77603   0.96019  
 14 24.9683   2056.443161  x:  0.28979   0.00000   0.38352   0.14138   0.03811   0.00000   0.23795   0.03664   0.09417   0.08077   0.06879   0.00914   0.00000   0.40319   0.12090   0.01474   0.01869   0.10856   0.02960   0.09387   0.03505   0.09750   0.05453   7.80396   1.43268   1.22184   1.78127   0.95998  
 15 15.8623   2056.398515  x:  0.28580   0.00000   0.38515   0.14310   0.03852   0.00000   0.23968   0.03809   0.09444   0.07869   0.06517   0.00933   0.00000   0.40441   0.12200   0.01453   0.01860   0.10406   0.02926   0.09274   0.03529   0.09917   0.05580   7.80426   1.43641   1.22187   1.78285   0.95980  
 16 12.1116   2056.368036  x:  0.28588   0.00000   0.38606   0.14556   0.03800   0.00000   0.23870   0.03717   0.09372   0.07610   0.06756   0.00914   0.00000   0.40437   0.12114   0.01452   0.01861   0.10355   0.02926   0.08931   0.03523   0.09989   0.05582   7.80496   1.44522   1.22152   1.78419   0.95931  
 17  4.6092   2056.253464  x:  0.29097   0.00000   0.38568   0.14850   0.03734   0.00000   0.23260   0.03668   0.09367   0.07846   0.06367   0.00900   0.00000   0.40238   0.11874   0.01441   0.01841   0.10421   0.02867   0.09054   0.03555   0.09682   0.05414   7.80830   1.48524   1.22135   1.79015   0.95709  
 18 12.0021   2056.175789  x:  0.29537   0.00000   0.38655   0.13933   0.03745   0.00000   0.23700   0.03603   0.09496   0.07626   0.06398   0.00931   0.00000   0.40046   0.12265   0.01428   0.01828   0.10505   0.02853   0.09088   0.03543   0.09844   0.05460   7.81105   1.50908   1.22655   1.79633   0.95587  
 19 11.8389   2056.082859  x:  0.29602   0.00000   0.38507   0.13544   0.03786   0.00000   0.24391   0.03693   0.09133   0.08023   0.06483   0.00980   0.00000   0.40055   0.11513   0.01431   0.01816   0.10183   0.02857   0.08882   0.03538   0.09925   0.05367   7.81511   1.52722   1.24320   1.80840   0.95534  
 20  8.1123   2055.864125  x:  0.29238   0.00000   0.38055   0.13943   0.03683   0.00000   0.24937   0.03579   0.09846   0.07394   0.06491   0.01071   0.00000   0.40250   0.10847   0.01448   0.01788   0.10355   0.02945   0.09260   0.03525   0.09409   0.05415   7.82538   1.56052   1.28852   1.84160   0.95529  
 21 21.2996   2055.582006  x:  0.28540   0.00000   0.37372   0.14580   0.03627   0.00000   0.24253   0.03231   0.09502   0.07760   0.06344   0.01256   0.00000   0.40444   0.12151   0.01430   0.01740   0.10556   0.02979   0.08838   0.03497   0.09527   0.05245   7.83921   1.59822   1.34635   1.88770   0.95625  
 22 41.1821   2055.469453  x:  0.28076   0.00000   0.38571   0.13809   0.03632   0.00000   0.23001   0.03323   0.09274   0.07533   0.06395   0.01347   0.00000   0.40533   0.11806   0.01443   0.01717   0.10320   0.03022   0.08978   0.03496   0.09382   0.05169   7.84554   1.60200   1.34935   1.90862   0.95958  
 23  5.9438   2055.394958  x:  0.27977   0.00000   0.38616   0.13606   0.03662   0.00000   0.22788   0.03221   0.09954   0.07877   0.06448   0.01360   0.00000   0.40561   0.11673   0.01439   0.01715   0.10159   0.03038   0.08585   0.03484   0.09385   0.05199   7.85024   1.60063   1.34201   1.92253   0.96265  
 24  8.0961   2055.082332  x:  0.28146   0.00000   0.37540   0.13944   0.03508   0.00000   0.23675   0.02979   0.09480   0.07586   0.06282   0.01541   0.00000   0.40533   0.11605   0.01431   0.01637   0.10318   0.03068   0.08688   0.03460   0.09176   0.05013   7.87061   1.58828   1.29733   1.97650   0.97611  
 25 17.2404   2054.102076  x:  0.28066   0.00000   0.36392   0.13709   0.03085   0.00000   0.23524   0.02154   0.09643   0.07236   0.05870   0.01903   0.00000   0.40422   0.11395   0.01304   0.01371   0.09815   0.03052   0.08247   0.03451   0.08691   0.04576   7.94659   1.48864   1.22284   1.80788   0.95447  
 26  3.0577   2052.371835  x:  0.28812   0.00000   0.29865   0.13074   0.03239   0.00000   0.21962   0.03301   0.09525   0.07046   0.05736   0.02318   0.00000   0.39855   0.11311   0.00995   0.00929   0.09035   0.03503   0.08492   0.03240   0.09403   0.05240   8.17154   1.48233   1.22947   1.78618   1.00101  
 27  0.1908   2052.289423  x:  0.28797   0.00000   0.29573   0.13038   0.03254   0.00000   0.21853   0.03351   0.09510   0.07034   0.05750   0.02338   0.00000   0.39830   0.11297   0.00995   0.00923   0.09002   0.03522   0.08525   0.03213   0.09443   0.05291   8.18030   1.47948   1.22654   1.79591   0.95183  
 28  2.3435   2051.634683  x:  0.28605   0.00000   0.27280   0.12766   0.03342   0.00000   0.20817   0.02792   0.09361   0.06999   0.05945   0.02420   0.00000   0.39019   0.11227   0.01357   0.01558   0.08642   0.03488   0.08946   0.02977   0.09815   0.05717   8.15543   1.51331   1.25918   1.84065   0.96873  
 29  0.1112   2050.541861  x:  0.26684   0.00000   0.27054   0.12669   0.02775   0.00000   0.20075   0.03088   0.09718   0.06483   0.06581   0.02479   0.00000   0.36940   0.12253   0.01665   0.01709   0.08515   0.02762   0.08559   0.03880   0.08889   0.04399   7.78009   1.52969   1.26398   1.86638   0.95392  
 30  0.1504   2047.205308  x:  0.24637   0.00000   0.27625   0.12977   0.03275   0.00000   0.19758   0.01335   0.09428   0.06597   0.06251   0.02023   0.00000   0.28741   0.12392   0.01544   0.01728   0.08389   0.03287   0.08571   0.05361   0.09282   0.05075   7.09637   1.55517   1.27439   1.91401   0.93604  
 31  0.2406   2044.083838  x:  0.23135   0.00000   0.26173   0.14010   0.03510   0.00000   0.20634   0.02757   0.09285   0.06866   0.05693   0.01770   0.00000   0.19540   0.12801   0.01496   0.01911   0.08621   0.03760   0.08282   0.05976   0.09260   0.05225   6.96812   1.51440   1.23150   1.85236   0.92516  
 32  0.2189   2044.082313  x:  0.23131   0.00000   0.26169   0.14013   0.03511   0.00000   0.20637   0.02761   0.09285   0.06867   0.05691   0.01769   0.00040   0.19516   0.12802   0.01496   0.01912   0.08622   0.03761   0.08281   0.05977   0.09260   0.05225   6.96782   1.51429   1.23139   1.85219   0.92514  
 33 11.5283   2042.367775  x:  0.21493   0.00000   0.24800   0.15416   0.03093   0.00000   0.21760   0.02835   0.09557   0.07133   0.06417   0.01904   0.00000   0.19007   0.13057   0.01177   0.01257   0.09074   0.03093   0.09085   0.04147   0.09616   0.05496   8.03443   1.50303   1.24144   1.80789   0.97202  
 34  0.8277   2042.047031  x:  0.22435   0.00000   0.26355   0.14906   0.03117   0.00000   0.21435   0.02887   0.09596   0.06911   0.06214   0.01939   0.00012   0.18582   0.12954   0.01199   0.01155   0.08916   0.03292   0.08904   0.03181   0.09570   0.05233   8.10083   1.50774   1.24749   1.82249   0.97066  
 35  0.0894   2041.992691  x:  0.21851   0.00000   0.26152   0.14878   0.03214   0.00000   0.21374   0.02852   0.09559   0.06925   0.06127   0.01981   0.00023   0.18444   0.13114   0.01145   0.01278   0.08945   0.03389   0.08725   0.03064   0.09382   0.05163   7.91299   1.51161   1.24483   1.83234   0.96162  
 36  0.2153   2041.984534  x:  0.21933   0.00000   0.26079   0.14873   0.03200   0.00000   0.21356   0.02815   0.09538   0.06955   0.06119   0.01996   0.00030   0.18374   0.13093   0.01209   0.01242   0.08953   0.03377   0.08720   0.03095   0.09396   0.05202   7.82109   1.51375   1.24522   1.83560   0.95910  
 37  0.1250   2041.983169  x:  0.22000   0.00000   0.26119   0.14874   0.03193   0.00000   0.21360   0.02804   0.09536   0.06960   0.06130   0.02006   0.00031   0.18452   0.13061   0.01183   0.01245   0.08944   0.03371   0.08745   0.03093   0.09423   0.05220   7.79611   1.51373   1.24532   1.83484   0.95893  
 38  0.0335   2041.982989  x:  0.21974   0.00000   0.26132   0.14884   0.03198   0.00000   0.21375   0.02797   0.09542   0.06953   0.06131   0.02015   0.00031   0.18438   0.13059   0.01184   0.01239   0.08944   0.03375   0.08753   0.03088   0.09433   0.05219   7.79673   1.51316   1.24529   1.83342   0.95932  
 39  0.0016   2041.982949  x:  0.21984   0.00000   0.26134   0.14882   0.03197   0.00000   0.21377   0.02794   0.09542   0.06955   0.06129   0.02022   0.00031   0.18433   0.13060   0.01183   0.01241   0.08950   0.03378   0.08750   0.03092   0.09430   0.05220   7.79958   1.51312   1.24538   1.83356   0.95938  
 40  0.0022   2041.982943  x:  0.21981   0.00000   0.26136   0.14882   0.03197   0.00000   0.21376   0.02795   0.09541   0.06956   0.06129   0.02023   0.00031   0.18440   0.13060   0.01184   0.01241   0.08948   0.03377   0.08750   0.03091   0.09429   0.05220   7.80006   1.51322   1.24541   1.83376   0.95934  
 41  0.0007   2041.982942  x:  0.21981   0.00000   0.26136   0.14883   0.03198   0.00000   0.21376   0.02795   0.09541   0.06956   0.06130   0.02024   0.00031   0.18437   0.13060   0.01184   0.01241   0.08947   0.03376   0.08750   0.03091   0.09430   0.05220   7.79992   1.51329   1.24545   1.83386   0.95932  
 42  0.0002   2041.982942  x:  0.21981   0.00000   0.26136   0.14883   0.03197   0.00000   0.21376   0.02796   0.09541   0.06956   0.06129   0.02024   0.00031   0.18437   0.13060   0.01184   0.01241   0.08948   0.03376   0.08750   0.03091   0.09430   0.05220   7.79983   1.51330   1.24545   1.83386   0.95932  
 43  0.0001   2041.982942  x:  0.21981   0.00000   0.26136   0.14883   0.03198   0.00000   0.21376   0.02796   0.09541   0.06956   0.06129   0.02024   0.00031   0.18437   0.13060   0.01184   0.01241   0.08948   0.03376   0.08750   0.03091   0.09430   0.05220   7.79981   1.51329   1.24544   1.83384   0.95932  
 44  0.0000   2041.982942  x:  0.21981   0.00000   0.26136   0.14883   0.03198   0.00000   0.21376   0.02796   0.09541   0.06956   0.06129   0.02024   0.00031   0.18437   0.13060   0.01184   0.01241   0.08948   0.03376   0.08750   0.03091   0.09430   0.05220   7.79981   1.51329   1.24544   1.83384   0.95932  