

TREE # 1

  0  0.0000   2208.442753  x:  0.01972   0.20925   0.02571   0.03211   0.02495   0.05815   0.02188   0.05666   0.08536   0.02661   0.17168   0.01972   0.20925   0.02571   0.03211   0.02495   0.05815   0.02188   0.05666   0.08536   0.02661   0.17168   0.21568   8.40433   1.48092   1.24049   1.22360   1.00000  
  1 99.0000   2175.342942  x:  0.00000   0.21669   0.02679   0.03292   0.12305   0.06112   0.01880   0.06906   0.10666   0.01619   0.17661   0.00228   0.21100   0.06442   0.05443   0.05835   0.04618   0.03426   0.04271   0.10608   0.03819   0.17296   0.22099   8.40435   1.48045   1.23612   1.22801   0.99798  
  2 708.2155   2174.487741  x:  0.00000   0.21804   0.02759   0.03256   0.12231   0.06145   0.01837   0.06973   0.10889   0.01568   0.17754   0.00000   0.21127   0.06445   0.05463   0.05831   0.04446   0.03366   0.04002   0.10815   0.03805   0.17335   0.22204   8.40436   1.48038   1.23526   1.22888   0.99755  
  3 163.4635   2173.275391  x:  0.00000   0.22825   0.01595   0.03304   0.11878   0.06188   0.02653   0.07071   0.11529   0.02461   0.18475   0.00000   0.21626   0.06523   0.05468   0.06013   0.04297   0.03839   0.03103   0.11365   0.03965   0.17998   0.23127   8.40443   1.47978   1.22593   1.23809   0.99226  
  4 103.5807   2172.209136  x:  0.00000   0.24497   0.02659   0.03631   0.11565   0.05970   0.02867   0.07103   0.11687   0.03028   0.19616   0.00000   0.22663   0.06700   0.05411   0.06424   0.04975   0.04528   0.03194   0.11227   0.04263   0.19308   0.24755   8.40462   1.47857   1.20527   1.25836   0.97997  
  5 85.2062   2170.986028  x:  0.00000   0.26172   0.01978   0.03477   0.11510   0.05813   0.01838   0.06973   0.11396   0.01945   0.20669   0.00000   0.23783   0.06736   0.05395   0.06518   0.05372   0.04224   0.03731   0.10788   0.04168   0.20623   0.26479   8.40493   1.47681   1.17635   1.28658   0.96198  
  6 118.4966   2170.351748  x:  0.00000   0.26483   0.02124   0.03216   0.11941   0.06155   0.02788   0.06943   0.10884   0.01625   0.20626   0.00000   0.24129   0.06555   0.05443   0.06037   0.04925   0.03326   0.03929   0.10497   0.03756   0.20834   0.26947   8.40526   1.47510   1.15162   1.31032   0.94500  
  7 69.8772   2169.392134  x:  0.00000   0.25923   0.02200   0.03285   0.12395   0.06299   0.02020   0.06907   0.10326   0.02756   0.19668   0.00000   0.24090   0.06238   0.05430   0.05315   0.03964   0.03341   0.03829   0.10470   0.03601   0.20266   0.26726   8.40597   1.47144   1.10545   1.35413   0.91085  
  8 90.4511   2168.421637  x:  0.00000   0.24720   0.02132   0.03503   0.11938   0.06069   0.02348   0.06876   0.10678   0.01925   0.18408   0.00000   0.23585   0.06185   0.05316   0.05781   0.04337   0.04259   0.03483   0.10841   0.04143   0.19158   0.25784   8.40685   1.46685   1.05655   1.40049   0.87153  
  9 117.7355   2168.274881  x:  0.00000   0.24482   0.02100   0.03332   0.11779   0.05960   0.02292   0.06932   0.11047   0.02194   0.18497   0.00000   0.23333   0.06457   0.05422   0.06181   0.04789   0.03752   0.03495   0.10801   0.04006   0.18997   0.25403   8.40708   1.46556   1.04981   1.40734   0.86304  
 10 35.5520   2168.194022  x:  0.00000   0.24394   0.02080   0.03532   0.11765   0.06075   0.02295   0.07041   0.11221   0.02140   0.19305   0.00000   0.22866   0.06687   0.05373   0.06003   0.04716   0.03865   0.03512   0.10548   0.03834   0.19145   0.24801   8.40749   1.46316   1.04958   1.40952   0.85189  
 11 11.8055   2168.142680  x:  0.00000   0.24374   0.02114   0.03240   0.11809   0.05987   0.02304   0.06936   0.11063   0.02148   0.19753   0.00000   0.22569   0.06541   0.05394   0.06040   0.04632   0.03880   0.03507   0.10660   0.04090   0.19344   0.24498   8.40789   1.46084   1.05139   1.40985   0.84199  
 12 15.7124   2168.095400  x:  0.00000   0.24375   0.02109   0.03523   0.11896   0.05951   0.02289   0.06905   0.10913   0.02140   0.19785   0.00000   0.22415   0.06266   0.05430   0.06188   0.04684   0.03762   0.03445   0.10900   0.04028   0.19553   0.24502   8.40844   1.45786   1.05505   1.40895   0.83013  
 13 13.8208   2167.996615  x:  0.00000   0.24391   0.02125   0.03311   0.11918   0.06134   0.02259   0.07006   0.11076   0.02126   0.19232   0.00000   0.22421   0.06467   0.05392   0.06051   0.04755   0.03874   0.03448   0.10930   0.03883   0.19806   0.24991   8.40980   1.45080   1.06465   1.40548   0.80336  
 14 18.5063   2167.974256  x:  0.00000   0.24417   0.02115   0.03422   0.11891   0.05993   0.02281   0.06988   0.11163   0.02122   0.19168   0.00000   0.22541   0.06559   0.05418   0.06047   0.04602   0.03772   0.03466   0.10791   0.04073   0.19687   0.25111   8.41018   1.44919   1.06650   1.40447   0.79803  
 15 11.8195   2167.943705  x:  0.00000   0.24505   0.02131   0.03354   0.11932   0.05928   0.02285   0.06933   0.11177   0.02113   0.19321   0.00000   0.22900   0.06441   0.05449   0.06216   0.04504   0.03853   0.03397   0.10639   0.03917   0.19182   0.25181   8.41087   1.44720   1.06746   1.40282   0.79380  
 16  5.5350   2167.900075  x:  0.00000   0.24658   0.02127   0.03390   0.12008   0.06163   0.02246   0.07007   0.11098   0.02117   0.19541   0.00000   0.23341   0.06475   0.05409   0.06076   0.04690   0.03786   0.03392   0.10846   0.04062   0.18598   0.25156   8.41199   1.44464   1.06723   1.40046   0.79067  
 17  7.9505   2167.731274  x:  0.00000   0.25130   0.02139   0.03356   0.12190   0.05560   0.02313   0.07062   0.11205   0.02057   0.19516   0.00000   0.23877   0.06806   0.05492   0.05772   0.04574   0.03842   0.03716   0.11585   0.03718   0.18446   0.24699   8.41671   1.43607   1.06040   1.39187   0.78986  
 18  4.9287   2166.848556  x:  0.00000   0.26913   0.02259   0.03325   0.13120   0.06514   0.02046   0.06936   0.12034   0.01813   0.18737   0.00000   0.25103   0.07106   0.05482   0.06682   0.03584   0.03672   0.03342   0.11976   0.03845   0.19335   0.22880   8.44175   1.39249   1.02078   1.34765   0.79416  
 19 27.6840   2166.391204  x:  0.00000   0.27139   0.02324   0.03201   0.13981   0.06122   0.01919   0.07339   0.12308   0.01635   0.18752   0.00000   0.24786   0.06899   0.05756   0.06271   0.03934   0.03564   0.02225   0.11674   0.03967   0.19475   0.23099   8.45395   1.37218   1.00192   1.32766   0.79794  
 20 52.1157   2165.771242  x:  0.00000   0.26542   0.02333   0.03089   0.14921   0.06271   0.01855   0.07919   0.13331   0.01549   0.19605   0.00000   0.22828   0.06404   0.06008   0.06365   0.03528   0.03577   0.02786   0.12199   0.04105   0.18879   0.25328   8.47205   1.34399   0.97562   1.30188   0.80572  
 21 47.1557   2165.626346  x:  0.00000   0.26190   0.02396   0.03149   0.15006   0.06303   0.01820   0.07315   0.13057   0.01496   0.19906   0.00000   0.22312   0.07016   0.05723   0.06524   0.03383   0.03523   0.02506   0.12466   0.03964   0.18707   0.26028   8.47623   1.33881   0.97166   1.29850   0.80807  
 22 25.0083   2165.564109  x:  0.00000   0.25806   0.02402   0.03149   0.14839   0.06398   0.01802   0.07523   0.12853   0.01457   0.20037   0.00000   0.22472   0.07216   0.06251   0.06634   0.03254   0.03571   0.02423   0.12560   0.03947   0.18811   0.26116   8.47828   1.34233   0.97897   1.30780   0.81073  
 23  5.2725   2165.299614  x:  0.00000   0.24710   0.02424   0.03065   0.15204   0.06306   0.01745   0.07767   0.13456   0.01407   0.20381   0.00000   0.23155   0.07032   0.05631   0.06692   0.03102   0.03455   0.02309   0.12837   0.03993   0.19171   0.26130   8.48711   1.36400   1.01789   1.35650   0.82291  
 24 22.5420   2165.159395  x:  0.00000   0.25213   0.02453   0.03110   0.15385   0.06440   0.01714   0.07102   0.13954   0.01380   0.20261   0.00000   0.22782   0.06877   0.06058   0.06436   0.03217   0.03478   0.02314   0.12895   0.04007   0.18902   0.26042   8.49189   1.38000   1.03905   1.38260   0.82852  
 25 30.0086   2165.025680  x:  0.00000   0.26399   0.02439   0.03074   0.15377   0.06378   0.01704   0.07541   0.13734   0.01360   0.19955   0.00000   0.21901   0.07025   0.05891   0.06654   0.03112   0.03466   0.02238   0.12881   0.04014   0.18333   0.25939   8.49661   1.40056   1.05861   1.40620   0.83260  
 26 29.8640   2164.885840  x:  0.00000   0.26234   0.02462   0.03055   0.15338   0.06398   0.01674   0.07537   0.13967   0.01311   0.20086   0.00000   0.21997   0.06992   0.05913   0.06641   0.03024   0.03433   0.02148   0.13042   0.04005   0.18406   0.26027   8.50255   1.45783   1.06469   1.40995   0.82522  
 27  5.6918   2164.200977  x:  0.00000   0.26845   0.02560   0.02936   0.12371   0.06515   0.01594   0.07694   0.14648   0.01213   0.20287   0.00000   0.21978   0.06473   0.05830   0.06181   0.02777   0.03050   0.01860   0.13708   0.03839   0.18222   0.26160   8.54589   1.43110   1.05107   1.39487   0.82629  
 28  0.2687   2164.051460  x:  0.00000   0.26982   0.02729   0.02931   0.12076   0.06534   0.01669   0.07934   0.14977   0.01445   0.20500   0.00000   0.22012   0.06730   0.05801   0.06218   0.03248   0.03071   0.02015   0.14264   0.03764   0.18379   0.26410   8.57599   1.43694   1.05798   1.39929   0.83035  
 29  0.0495   2164.029460  x:  0.00000   0.27104   0.02842   0.02949   0.12250   0.06461   0.01679   0.07959   0.15192   0.01330   0.20491   0.00000   0.22038   0.06823   0.05781   0.06204   0.03194   0.03168   0.02057   0.14516   0.03789   0.18429   0.26423   8.59241   1.43308   1.05688   1.39824   0.83006  
 30  0.0186   2164.027429  x:  0.00000   0.27114   0.02871   0.02949   0.12279   0.06445   0.01666   0.07949   0.15234   0.01367   0.20479   0.00000   0.22030   0.06825   0.05790   0.06208   0.03154   0.03148   0.02029   0.14559   0.03796   0.18418   0.26419   8.59505   1.43230   1.05627   1.39770   0.82972  
 31  0.0048   2164.027165  x:  0.00000   0.27108   0.02882   0.02943   0.12257   0.06442   0.01661   0.07945   0.15237   0.01356   0.20467   0.00000   0.22027   0.06820   0.05791   0.06217   0.03158   0.03130   0.02026   0.14571   0.03794   0.18406   0.26407   8.59532   1.43212   1.05580   1.39739   0.82942  
 32  0.0011   2164.027142  x:  0.00000   0.27105   0.02888   0.02942   0.12252   0.06443   0.01665   0.07943   0.15233   0.01356   0.20464   0.00000   0.22028   0.06815   0.05790   0.06217   0.03157   0.03134   0.02026   0.14569   0.03794   0.18404   0.26402   8.59492   1.43214   1.05574   1.39728   0.82938  
 33  0.0004   2164.027138  x:  0.00000   0.27105   0.02890   0.02942   0.12256   0.06444   0.01663   0.07942   0.15230   0.01356   0.20464   0.00000   0.22029   0.06815   0.05790   0.06217   0.03158   0.03134   0.02027   0.14567   0.03794   0.18405   0.26402   8.59470   1.43217   1.05577   1.39731   0.82939  
 34  0.0002   2164.027138  x:  0.00000   0.27105   0.02890   0.02942   0.12256   0.06444   0.01663   0.07942   0.15229   0.01356   0.20464   0.00000   0.22029   0.06815   0.05790   0.06217   0.03158   0.03134   0.02027   0.14567   0.03794   0.18405   0.26402   8.59466   1.43217   1.05578   1.39733   0.82940  
 35  0.0001   2164.027138  x:  0.00000   0.27105   0.02890   0.02942   0.12256   0.06444   0.01663   0.07943   0.15229   0.01356   0.20464   0.00000   0.22029   0.06815   0.05790   0.06217   0.03158   0.03134   0.02027   0.14567   0.03794   0.18405   0.26403   8.59466   1.43217   1.05579   1.39734   0.82940  
 36  0.0000   2164.027138  x:  0.00000   0.27105   0.02890   0.02942   0.12256   0.06444   0.01663   0.07943   0.15229   0.01356   0.20464   0.00000   0.22029   0.06815   0.05790   0.06217   0.03158   0.03134   0.02027   0.14567   0.03794   0.18405   0.26403   8.59467   1.43217   1.05578   1.39734   0.82940  
 37  0.0000   2164.027138  x:  0.00000   0.27105   0.02890   0.02942   0.12256   0.06444   0.01663   0.07943   0.15229   0.01356   0.20464   0.00000   0.22029   0.06815   0.05790   0.06217   0.03158   0.03134   0.02027   0.14567   0.03794   0.18405   0.26403   8.59467   1.43217   1.05578   1.39734   0.82940  
 38  0.0000   2164.027138  x:  0.00000   0.27105   0.02890   0.02942   0.12256   0.06444   0.01663   0.07943   0.15229   0.01356   0.20464   0.00000   0.22029   0.06815   0.05790   0.06217   0.03158   0.03134   0.02027   0.14567   0.03794   0.18405   0.26403   8.59467   1.43217   1.05578   1.39734   0.82940  

TREE # 2

  0  0.0000   2538.327093  x:  0.00000   0.27105   0.02890   0.02942   0.12256   0.06444   0.01663   0.07943   0.15229   0.01356   0.20464   0.00000   0.22029   0.06815   0.05790   0.06217   0.03158   0.03134   0.02027   0.14567   0.03794   0.18405   0.26403   8.59467   1.40742   0.97020   1.28557   0.82940  
  1 99.0000   2433.285304  x:  0.13434   0.27081   0.05511   0.06587   0.11932   0.06680   0.05630   0.07954   0.14805   0.03894   0.20066   0.47763   0.22131   0.07910   0.07678   0.05921   0.03148   0.05188   0.02565   0.14318   0.04674   0.18095   0.25917   8.59467   1.40716   0.97053   1.28590   0.82944  
  2 13179.8870   2297.220782  x:  0.20123   0.19046   0.26289   0.30585   0.05479   0.07278   0.21865   0.05474   0.05929   0.03541   0.12452   0.42463   0.14685   0.23225   0.31248   0.00000   0.02346   0.24492   0.06695   0.09894   0.16406   0.12285   0.16957   8.59493   1.40131   0.97855   1.29029   0.82912  
  3 815.3947   2292.279083  x:  0.21026   0.17938   0.29004   0.33732   0.04609   0.07351   0.23986   0.05149   0.04724   0.03508   0.11410   0.41762   0.13657   0.25230   0.34348   0.01187   0.02274   0.27012   0.07208   0.09299   0.17934   0.11488   0.15722   8.59497   1.40048   0.97968   1.29087   0.82908  
  4 11283.8141   2258.767182  x:  0.24332   0.10658   0.28443   0.34505   0.01983   0.06724   0.23454   0.05539   0.00000   0.05502   0.05669   0.40953   0.06740   0.25194   0.35810   0.01147   0.02722   0.26087   0.03528   0.07536   0.16735   0.07083   0.07715   8.59528   1.39300   0.99011   1.29277   0.82894  
  5 322.7792   2242.726308  x:  0.26486   0.05908   0.28174   0.35109   0.00415   0.06363   0.23179   0.05829   0.00270   0.06823   0.01968   0.40404   0.02227   0.25239   0.36854   0.01134   0.03002   0.25576   0.01231   0.06413   0.16021   0.04265   0.02512   8.59548   1.38818   0.99681   1.29405   0.82886  
  6 2885.7153   2238.085053  x:  0.27262   0.04092   0.28081   0.35338   0.01365   0.06422   0.23074   0.05915   0.00267   0.07232   0.01002   0.40205   0.00496   0.25261   0.37227   0.01133   0.03113   0.25389   0.00999   0.06160   0.15786   0.03596   0.00787   8.59556   1.38651   0.99915   1.29456   0.82883  
  7 1153.0771   2236.674014  x:  0.27470   0.03574   0.28042   0.35376   0.01340   0.06424   0.23030   0.05933   0.00266   0.07340   0.01052   0.40155   0.00000   0.25257   0.37310   0.01132   0.03144   0.25323   0.01125   0.06137   0.15720   0.03575   0.00701   8.59558   1.38606   0.99978   1.29472   0.82882  
  8 446.9310   2231.567177  x:  0.28908   0.00000   0.27827   0.35688   0.01428   0.06469   0.22766   0.06045   0.00262   0.08003   0.00981   0.39803   0.00000   0.25274   0.37922   0.01130   0.03279   0.24903   0.01239   0.05968   0.15310   0.03519   0.00969   8.59572   1.38302   1.00405   1.29582   0.82873  
  9 1527.7156   2230.855006  x:  0.30692   0.00000   0.27637   0.36120   0.01518   0.06551   0.22451   0.06133   0.00256   0.08526   0.01442   0.39369   0.00000   0.25342   0.38689   0.01131   0.03235   0.24391   0.00765   0.05984   0.14871   0.03958   0.00893   8.59590   1.37929   1.00936   1.29730   0.82849  
 10 278.4181   2230.176953  x:  0.32681   0.00000   0.27411   0.36527   0.01381   0.06637   0.21989   0.06130   0.00257   0.08219   0.00999   0.38923   0.00000   0.25390   0.39405   0.01135   0.02851   0.23679   0.00843   0.06580   0.14496   0.05004   0.00757   8.59615   1.37500   1.01561   1.29930   0.82789  
 11 135.3849   2229.453906  x:  0.35070   0.00000   0.27161   0.36999   0.01395   0.06674   0.21311   0.05912   0.00289   0.06486   0.01241   0.38442   0.00000   0.25419   0.40115   0.01139   0.02337   0.22644   0.00860   0.07467   0.14427   0.04279   0.00872   8.59659   1.36923   1.02434   1.30257   0.82647  
 12 76.4515   2229.271115  x:  0.35661   0.00000   0.27118   0.37115   0.01394   0.06647   0.21088   0.05698   0.00306   0.05867   0.01265   0.38319   0.00000   0.25398   0.40189   0.01126   0.03047   0.22297   0.00832   0.07275   0.14694   0.04365   0.00853   8.59685   1.36731   1.02767   1.30422   0.82545  
 13 34.2315   2228.903054  x:  0.36381   0.00000   0.27091   0.37229   0.01437   0.06578   0.20650   0.05259   0.00331   0.05630   0.01313   0.38097   0.00000   0.25260   0.39919   0.01129   0.02649   0.21582   0.00974   0.06150   0.15865   0.04543   0.00788   8.59772   1.36327   1.03598   1.30920   0.82168  
 14 21.3033   2227.804378  x:  0.37747   0.00000   0.27387   0.37672   0.01483   0.06851   0.19805   0.05772   0.00338   0.07041   0.01374   0.37369   0.00000   0.24959   0.38777   0.01122   0.03015   0.19929   0.01099   0.07241   0.19256   0.04361   0.00565   8.60116   1.35178   1.06311   1.32763   0.80726  
 15 32.5020   2225.941625  x:  0.38723   0.00000   0.27087   0.38080   0.01725   0.06251   0.20502   0.07237   0.00410   0.06752   0.01703   0.36440   0.00000   0.24732   0.37966   0.01117   0.03058   0.20772   0.01609   0.06581   0.15471   0.04378   0.00239   8.60779   1.34504   1.09590   1.35600   0.78628  
 16 18.4401   2225.608589  x:  0.38818   0.00000   0.26789   0.38084   0.01733   0.06463   0.20564   0.05760   0.00442   0.07066   0.01728   0.36291   0.00000   0.24641   0.38067   0.01114   0.03097   0.20984   0.01663   0.06868   0.14667   0.04288   0.00182   8.60926   1.34721   1.09864   1.36020   0.78376  
 17 29.1018   2224.920077  x:  0.38700   0.00000   0.24060   0.38139   0.01651   0.07936   0.19633   0.06138   0.00466   0.06842   0.01816   0.36235   0.00000   0.23785   0.40645   0.01107   0.03093   0.21153   0.01756   0.06769   0.15177   0.04360   0.00092   8.61549   1.38375   1.07707   1.35971   0.79092  
 18  8.6864   2224.320909  x:  0.38501   0.00000   0.22444   0.38485   0.01922   0.05971   0.19114   0.06104   0.00506   0.06896   0.01916   0.36202   0.00000   0.23061   0.42313   0.01102   0.03090   0.20916   0.01843   0.07095   0.15599   0.04511   0.00076   8.62120   1.41185   1.06271   1.35887   0.79728  
 19 38.9296   2221.285777  x:  0.36263   0.00000   0.25366   0.40569   0.02277   0.06987   0.20828   0.05752   0.00688   0.06566   0.02305   0.36143   0.00000   0.20324   0.41484   0.01098   0.03032   0.15373   0.02340   0.07367   0.13438   0.05130   0.00243   8.65710   1.49827   1.06371   1.35730   0.82940  
 20 10.8905   2215.632099  x:  0.36500   0.00000   0.23883   0.36430   0.03205   0.08274   0.16939   0.04784   0.01066   0.05755   0.03093   0.35539   0.00000   0.23767   0.34075   0.01088   0.02936   0.23937   0.03052   0.08724   0.13144   0.06514   0.00575   8.73327   1.60267   1.12574   1.36928   0.89144  
 21 29.5525   2214.506179  x:  0.35841   0.00000   0.22042   0.31053   0.03437   0.08289   0.20873   0.04620   0.01137   0.05454   0.03244   0.35585   0.00000   0.25604   0.36010   0.01079   0.02886   0.23672   0.03159   0.09070   0.13903   0.06835   0.00596   8.74821   1.59047   1.13371   1.38775   0.89114  
 22 23.1099   2213.959678  x:  0.34124   0.00000   0.23610   0.28381   0.03562   0.08244   0.18647   0.04599   0.01162   0.05437   0.03295   0.36137   0.00000   0.25638   0.38924   0.01074   0.02867   0.23649   0.03213   0.09148   0.13516   0.06962   0.00620   8.75622   1.55705   1.11698   1.40870   0.87546  
 23 14.7551   2213.248106  x:  0.33060   0.00000   0.21178   0.30665   0.03620   0.08558   0.18695   0.04477   0.01195   0.05301   0.03349   0.36229   0.00000   0.24333   0.38488   0.01072   0.02823   0.24011   0.03239   0.09299   0.13413   0.07144   0.00687   8.76831   1.47640   1.05201   1.43273   0.83312  
 24 11.7094   2212.489182  x:  0.35662   0.00000   0.22733   0.28412   0.03768   0.08405   0.18945   0.04585   0.01230   0.05411   0.03414   0.35268   0.00000   0.25658   0.36278   0.01064   0.02875   0.23694   0.03365   0.09222   0.13457   0.07114   0.00673   8.78278   1.40750   0.95710   1.37113   0.80970  
 25  9.9804   2211.331755  x:  0.34033   0.00000   0.21085   0.28306   0.03944   0.08442   0.18345   0.04658   0.01294   0.05290   0.03519   0.35286   0.00000   0.24457   0.37356   0.01052   0.02866   0.23253   0.03453   0.09370   0.13503   0.07293   0.00668   8.80557   1.28393   0.91565   1.22610   0.81340  
 26 15.9512   2206.820811  x:  0.33694   0.00000   0.19059   0.26529   0.04526   0.07736   0.15949   0.05484   0.01434   0.05871   0.03497   0.33252   0.00000   0.28207   0.31223   0.01000   0.02820   0.18323   0.03685   0.08926   0.12568   0.07147   0.00603   8.90794   1.21232   0.89749   1.30530   1.02293  
 27  2.2896   2204.047581  x:  0.36423   0.00000   0.20063   0.22818   0.04876   0.07366   0.17025   0.05784   0.01521   0.05903   0.03496   0.31231   0.00000   0.20211   0.28484   0.00972   0.02781   0.19945   0.03710   0.08960   0.13296   0.07117   0.00592   8.96611   1.20791   0.91347   1.34073   1.06064  
 28 27.9631   2196.533465  x:  0.37659   0.00000   0.16497   0.17621   0.05792   0.06638   0.14145   0.06636   0.01750   0.06607   0.03418   0.27822   0.00000   0.21514   0.21918   0.00886   0.02819   0.15207   0.03910   0.08382   0.12014   0.06830   0.00742   9.12933   1.32786   1.03884   1.37188   0.84097  
 29 22.7169   2191.629665  x:  0.37041   0.00000   0.16455   0.23484   0.06022   0.06555   0.12237   0.06220   0.01886   0.07379   0.03116   0.23759   0.00000   0.15762   0.27290   0.00890   0.03124   0.11519   0.03852   0.07573   0.10711   0.05841   0.00889   8.97759   1.43955   1.09466   1.39587   0.80086  
 30  0.1944   2173.887760  x:  0.27713   0.00000   0.23298   0.26779   0.08209   0.06393   0.20148   0.04469   0.02983   0.08158   0.02641   0.05609   0.00000   0.18973   0.25115   0.01000   0.03678   0.13574   0.03954   0.07071   0.12168   0.04630   0.01297   8.12507   1.70403   1.19138   1.46002   0.83743  
 31  0.3388   2171.513259  x:  0.28228   0.00000   0.21946   0.25547   0.08515   0.06450   0.18976   0.04807   0.03142   0.07953   0.02669   0.02510   0.00000   0.19165   0.26988   0.01002   0.03628   0.14370   0.04011   0.07114   0.12227   0.04736   0.01395   8.13420   1.68494   1.17705   1.46382   0.83362  
 32  0.1827   2167.718415  x:  0.26587   0.00000   0.18514   0.22157   0.08293   0.06693   0.14625   0.06017   0.03115   0.06762   0.02938   0.04041   0.00000   0.20669   0.30721   0.00997   0.03200   0.16388   0.03959   0.07763   0.12930   0.05873   0.01435   8.41911   1.53894   1.10432   1.44807   0.81047  
 33  0.7523   2166.548906  x:  0.27281   0.00000   0.18297   0.22485   0.07958   0.06685   0.13702   0.05987   0.03108   0.05876   0.02986   0.03320   0.00000   0.20809   0.26975   0.00996   0.02839   0.15087   0.03799   0.08020   0.12568   0.06329   0.01378   8.64155   1.42040   1.05149   1.41522   0.82913  
 34  0.3103   2165.736118  x:  0.27636   0.00000   0.17679   0.22036   0.06619   0.06761   0.16210   0.05695   0.02851   0.06403   0.02800   0.03237   0.00000   0.20103   0.27061   0.01021   0.02881   0.15263   0.03257   0.07591   0.10987   0.06288   0.01379   8.75110   1.37714   1.03886   1.37281   0.84166  
 35  0.0678   2164.797469  x:  0.26203   0.00000   0.19285   0.22165   0.04776   0.06837   0.16015   0.05455   0.02547   0.06666   0.02622   0.03054   0.00000   0.20293   0.26730   0.01072   0.02942   0.15150   0.02420   0.07593   0.12876   0.06401   0.01342   8.76066   1.38419   1.04691   1.34749   0.83617  
 36  0.0394   2164.321876  x:  0.27140   0.00000   0.18534   0.22208   0.03763   0.06883   0.14469   0.05723   0.02378   0.06235   0.02841   0.03194   0.00000   0.20675   0.27496   0.01095   0.02967   0.15856   0.02331   0.07760   0.12304   0.06353   0.01408   8.66502   1.42008   1.05015   1.36972   0.83605  
 37  0.0988   2164.179083  x:  0.26007   0.00000   0.18339   0.22061   0.03910   0.06809   0.14406   0.05906   0.02432   0.06006   0.03082   0.03149   0.00000   0.20670   0.27384   0.01100   0.02936   0.15354   0.02631   0.08028   0.12178   0.06489   0.01446   8.59038   1.43659   1.05353   1.39572   0.82356  
 38  0.0925   2164.130685  x:  0.26630   0.00000   0.18231   0.21957   0.03723   0.06827   0.14592   0.05790   0.02388   0.06181   0.03194   0.03164   0.00000   0.20391   0.27142   0.01111   0.02929   0.15052   0.02777   0.08037   0.12355   0.06495   0.01466   8.57774   1.43844   1.05420   1.40329   0.83119  
 39  0.0167   2164.110149  x:  0.26434   0.00000   0.18512   0.22123   0.03621   0.06811   0.14610   0.05773   0.02360   0.06278   0.03242   0.03131   0.00000   0.20383   0.26988   0.01129   0.02915   0.15281   0.02882   0.07954   0.12150   0.06471   0.01502   8.58270   1.43395   1.05602   1.40083   0.82677  
 40  0.0079   2164.093582  x:  0.26350   0.00000   0.18373   0.22062   0.03693   0.06807   0.14616   0.05753   0.02348   0.06234   0.03251   0.03118   0.00000   0.20542   0.27351   0.01150   0.02900   0.15290   0.03019   0.07869   0.12275   0.06391   0.01549   8.60117   1.42955   1.05711   1.39529   0.83107  
 41  0.0118   2164.075592  x:  0.26488   0.00000   0.18373   0.22142   0.03637   0.06805   0.14669   0.05874   0.02279   0.06090   0.03178   0.03179   0.00000   0.20488   0.27080   0.01191   0.02903   0.15213   0.03059   0.07898   0.12408   0.06352   0.01611   8.61794   1.42725   1.05527   1.39233   0.82503  
 42  0.0068   2164.055691  x:  0.26356   0.00000   0.18510   0.21939   0.03669   0.06796   0.14499   0.05813   0.02207   0.06148   0.03051   0.03140   0.00000   0.20397   0.26989   0.01240   0.02924   0.15196   0.03054   0.07940   0.12272   0.06358   0.01687   8.61206   1.43151   1.05330   1.39530   0.83277  
 43  0.0063   2164.045971  x:  0.26424   0.00000   0.18335   0.22094   0.03725   0.06820   0.14610   0.05747   0.02168   0.06231   0.03021   0.03124   0.00000   0.20483   0.27140   0.01270   0.02906   0.15232   0.03019   0.07963   0.12231   0.06430   0.01722   8.59295   1.43244   1.05468   1.39740   0.82744  
 44  0.0137   2164.037534  x:  0.26433   0.00000   0.18474   0.22023   0.03748   0.06792   0.14655   0.05814   0.02119   0.06193   0.03098   0.03166   0.00000   0.20490   0.27213   0.01303   0.02869   0.15225   0.02966   0.07962   0.12225   0.06531   0.01739   8.58085   1.43295   1.05791   1.39826   0.83038  
 45  0.0058   2164.033094  x:  0.26431   0.00000   0.18382   0.22053   0.03777   0.06815   0.14527   0.05798   0.02091   0.06207   0.03159   0.03129   0.00000   0.20427   0.27078   0.01321   0.02891   0.15248   0.02931   0.07928   0.12281   0.06508   0.01749   8.59012   1.43146   1.05633   1.39702   0.82987  
 46  0.0061   2164.031455  x:  0.26427   0.00000   0.18435   0.22010   0.03782   0.06813   0.14566   0.05781   0.02075   0.06216   0.03174   0.03138   0.00000   0.20500   0.27094   0.01328   0.02903   0.15183   0.02915   0.07921   0.12249   0.06443   0.01745   8.59799   1.43158   1.05529   1.39625   0.82901  
 47  0.0056   2164.030423  x:  0.26394   0.00000   0.18407   0.22065   0.03795   0.06808   0.14611   0.05795   0.02066   0.06216   0.03176   0.03145   0.00000   0.20439   0.27109   0.01333   0.02894   0.15244   0.02914   0.07945   0.12248   0.06404   0.01732   8.59968   1.43265   1.05541   1.39679   0.83026  
 48  0.0015   2164.028457  x:  0.26438   0.00000   0.18419   0.21994   0.03793   0.06805   0.14558   0.05802   0.02041   0.06218   0.03168   0.03121   0.00000   0.20453   0.27144   0.01345   0.02869   0.15255   0.02926   0.07988   0.12255   0.06404   0.01694   8.59300   1.43112   1.05566   1.39777   0.82881  
 49  0.0022   2164.027297  x:  0.26393   0.00000   0.18402   0.22045   0.03790   0.06818   0.14554   0.05793   0.02025   0.06225   0.03158   0.03137   0.00000   0.20489   0.27090   0.01352   0.02886   0.15221   0.02939   0.07963   0.12258   0.06435   0.01667   8.59094   1.43209   1.05633   1.39776   0.82970  
 50  0.0018   2164.027150  x:  0.26404   0.00000   0.18407   0.22025   0.03796   0.06816   0.14568   0.05789   0.02025   0.06217   0.03157   0.03134   0.00000   0.20463   0.27101   0.01353   0.02892   0.15230   0.02943   0.07944   0.12256   0.06443   0.01664   8.59341   1.43221   1.05598   1.39739   0.82936  
 51  0.0024   2164.027144  x:  0.26401   0.00000   0.18404   0.22028   0.03794   0.06815   0.14567   0.05791   0.02024   0.06217   0.03158   0.03133   0.00000   0.20464   0.27106   0.01353   0.02891   0.15229   0.02942   0.07942   0.12256   0.06444   0.01664   8.59434   1.43216   1.05579   1.39734   0.82940  
 52  0.0009   2164.027144  x:  0.26403   0.00000   0.18406   0.22029   0.03795   0.06815   0.14566   0.05791   0.02024   0.06217   0.03158   0.03134   0.00000   0.20465   0.27106   0.01353   0.02890   0.15229   0.02943   0.07942   0.12256   0.06444   0.01663   8.59465   1.43218   1.05577   1.39734   0.82940  
 53  0.0003   2164.027142  x:  0.26401   0.00000   0.18406   0.22028   0.03794   0.06816   0.14567   0.05790   0.02025   0.06217   0.03158   0.03134   0.00000   0.20463   0.27106   0.01354   0.02890   0.15229   0.02943   0.07944   0.12256   0.06445   0.01663   8.59544   1.43218   1.05577   1.39731   0.82939  
 54  0.0001   2164.027139  x:  0.26404   0.00000   0.18405   0.22029   0.03794   0.06815   0.14567   0.05791   0.02026   0.06217   0.03158   0.03133   0.00000   0.20465   0.27105   0.01356   0.02891   0.15229   0.02943   0.07943   0.12255   0.06444   0.01663   8.59555   1.43219   1.05580   1.39731   0.82942  
 55  0.0000   2164.027138  x:  0.26403   0.00000   0.18405   0.22028   0.03794   0.06815   0.14567   0.05790   0.02027   0.06217   0.03158   0.03134   0.00000   0.20464   0.27106   0.01356   0.02890   0.15229   0.02942   0.07943   0.12256   0.06444   0.01663   8.59485   1.43216   1.05578   1.39734   0.82940  
 56  0.0006   2164.027138  x:  0.26403   0.00000   0.18405   0.22029   0.03794   0.06815   0.14567   0.05790   0.02027   0.06217   0.03158   0.03134   0.00000   0.20464   0.27105   0.01356   0.02890   0.15229   0.02942   0.07943   0.12256   0.06444   0.01663   8.59468   1.43217   1.05579   1.39734   0.82940  
 57  0.0002   2164.027138  x:  0.26403   0.00000   0.18405   0.22029   0.03794   0.06815   0.14567   0.05790   0.02027   0.06217   0.03158   0.03134   0.00000   0.20464   0.27105   0.01356   0.02890   0.15229   0.02942   0.07943   0.12256   0.06444   0.01663   8.59467   1.43217   1.05578   1.39734   0.82940  
 58  0.0000   2164.027138  x:  0.26403   0.00000   0.18405   0.22029   0.03794   0.06815   0.14567   0.05790   0.02027   0.06217   0.03158   0.03134   0.00000   0.20464   0.27105   0.01356   0.02890   0.15229   0.02942   0.07943   0.12256   0.06444   0.01663   8.59467   1.43217   1.05578   1.39734   0.82940  
 59  0.0000   2164.027138  x:  0.26403   0.00000   0.18405   0.22029   0.03794   0.06815   0.14567   0.05790   0.02027   0.06217   0.03158   0.03134   0.00000   0.20464   0.27105   0.01356   0.02890   0.15229   0.02942   0.07943   0.12256   0.06444   0.01663   8.59467   1.43217   1.05578   1.39734   0.82940  