

TREE # 1

  0  0.0000   1988.488694  x:  0.20925   0.02571   0.03211   0.02495   0.05815   0.02188   0.05666   0.08536   0.02661   0.17168   0.20925   0.02571   0.03211   0.02495   0.05815   0.02188   0.05666   0.08536   0.02661   0.17168   0.21568   8.40433   1.38389   0.86685   1.22512   1.00000  
  1 99.0000   1975.578915  x:  0.20962   0.02775   0.02109   0.04768   0.05688   0.00000   0.05234   0.08671   0.02915   0.17566   0.21608   0.01829   0.03841   0.02511   0.05497   0.00490   0.05712   0.11735   0.03080   0.17532   0.21617   8.40453   1.38427   0.86623   1.22656   0.99900  
  2 345.1945   1973.568461  x:  0.20982   0.02805   0.01267   0.04183   0.05655   0.00000   0.04573   0.08910   0.03064   0.18220   0.22740   0.01208   0.03973   0.02563   0.05179   0.02279   0.05740   0.14507   0.03248   0.18129   0.21676   8.40492   1.38508   0.86499   1.22919   0.99704  
  3 164.8532   1972.590858  x:  0.20963   0.02765   0.02061   0.02994   0.05682   0.00000   0.04287   0.09134   0.03086   0.18864   0.23891   0.01523   0.03741   0.02508   0.05050   0.01870   0.05734   0.15961   0.03192   0.18716   0.21715   8.40541   1.38610   0.86362   1.23225   0.99462  
  4 104.9755   1972.140243  x:  0.20911   0.02581   0.01711   0.02997   0.05783   0.00000   0.04539   0.09246   0.02718   0.19711   0.25505   0.01618   0.03039   0.02538   0.05213   0.01715   0.05684   0.15912   0.02553   0.19483   0.21743   8.40635   1.38792   0.86145   1.23783   0.99007  
  5 45.9631   1971.850998  x:  0.20847   0.02892   0.01893   0.03356   0.05805   0.00000   0.04613   0.09270   0.03040   0.20471   0.27111   0.01805   0.03285   0.02549   0.05283   0.01890   0.05658   0.15466   0.02718   0.20161   0.21758   8.40758   1.39020   0.85905   1.24485   0.98427  
  6 54.5247   1971.742086  x:  0.20806   0.02768   0.01738   0.03170   0.05741   0.00000   0.04496   0.09202   0.03016   0.20673   0.27726   0.01449   0.03605   0.02513   0.05204   0.01723   0.05680   0.15153   0.02966   0.20329   0.21744   8.40849   1.39178   0.85788   1.24961   0.98016  
  7 35.1018   1971.656466  x:  0.20712   0.02603   0.01922   0.03327   0.05630   0.00000   0.04257   0.09061   0.02836   0.20490   0.27971   0.01384   0.03406   0.02577   0.04999   0.01784   0.05747   0.15108   0.03143   0.20119   0.21654   8.41073   1.39550   0.85638   1.25984   0.97066  
  8 14.9596   1971.386439  x:  0.20450   0.02988   0.01627   0.03169   0.05512   0.00000   0.04240   0.08710   0.02968   0.19683   0.28385   0.01641   0.03272   0.02492   0.04832   0.01690   0.05823   0.15207   0.03006   0.19250   0.21352   8.41917   1.40951   0.85181   1.29722   0.93541  
  9 56.1835   1971.246630  x:  0.20427   0.02783   0.01832   0.03215   0.05654   0.00000   0.04503   0.08820   0.03019   0.19350   0.28428   0.01475   0.03524   0.02532   0.05109   0.01754   0.05730   0.15350   0.02704   0.18914   0.21288   8.42404   1.41759   0.85036   1.31734   0.91604  
 10 82.4051   1971.186027  x:  0.20573   0.02609   0.01732   0.03211   0.05775   0.00000   0.04543   0.09099   0.02974   0.19374   0.28236   0.01660   0.03548   0.02524   0.05277   0.01754   0.05627   0.15374   0.02925   0.18979   0.21401   8.42675   1.42206   0.85135   1.32644   0.90681  
 11 35.0200   1971.103896  x:  0.20916   0.02813   0.01752   0.03207   0.05821   0.00000   0.04414   0.09509   0.03036   0.19622   0.27737   0.01456   0.03371   0.02507   0.05275   0.01711   0.05571   0.15308   0.02973   0.19318   0.21705   8.43112   1.42918   0.85505   1.33853   0.89395  
 12 37.7836   1971.048023  x:  0.21131   0.02756   0.01743   0.03224   0.05661   0.00000   0.04382   0.09442   0.02976   0.19925   0.27323   0.01587   0.03550   0.02553   0.05038   0.01722   0.05707   0.15295   0.02785   0.19678   0.21935   8.43483   1.43511   0.85994   1.34635   0.88518  
 13 29.2101   1971.011522  x:  0.21132   0.02690   0.01775   0.03220   0.05634   0.00000   0.04538   0.09038   0.03056   0.20147   0.27096   0.01537   0.03465   0.02447   0.05109   0.01733   0.05730   0.15351   0.02884   0.19901   0.22012   8.43816   1.44023   0.86587   1.35080   0.87996  
 14 17.5033   1970.987659  x:  0.21001   0.02766   0.01773   0.03202   0.05726   0.00000   0.04479   0.08860   0.02982   0.20246   0.27032   0.01530   0.03484   0.02643   0.05221   0.01717   0.05661   0.15370   0.02908   0.19971   0.21969   8.44111   1.44460   0.87161   1.35325   0.87711  
 15 16.5000   1970.942343  x:  0.20629   0.02800   0.01783   0.03239   0.05845   0.00000   0.04306   0.08904   0.02888   0.20322   0.27059   0.01551   0.03548   0.02430   0.05246   0.01724   0.05564   0.15368   0.02841   0.19971   0.21763   8.44760   1.45398   0.88420   1.35715   0.87295  
 16 22.7236   1970.891838  x:  0.20255   0.02710   0.01749   0.03228   0.05756   0.00000   0.04438   0.09187   0.03074   0.20317   0.27185   0.01527   0.03485   0.02544   0.05101   0.01702   0.05648   0.15366   0.02873   0.19895   0.21508   8.45575   1.46552   0.89897   1.36145   0.86929  
 17 36.6063   1970.872368  x:  0.20397   0.02813   0.01775   0.03227   0.05613   0.00000   0.04553   0.09253   0.02910   0.20205   0.27317   0.01511   0.03509   0.02524   0.05173   0.01714   0.05757   0.15398   0.02930   0.19823   0.21520   8.45993   1.47094   0.90351   1.36339   0.86978  
 18 10.7314   1970.806638  x:  0.21337   0.02720   0.01750   0.03241   0.05600   0.00000   0.04370   0.09166   0.03060   0.19695   0.27833   0.01563   0.03484   0.02534   0.05287   0.01683   0.05771   0.15418   0.02824   0.19540   0.21773   8.47644   1.49118   0.91603   1.37095   0.87538  
 19 18.4262   1970.780252  x:  0.21534   0.02754   0.01764   0.03243   0.05798   0.00000   0.04514   0.09129   0.02996   0.19600   0.27941   0.01551   0.03498   0.02533   0.05042   0.01683   0.05617   0.15443   0.02850   0.19451   0.21896   8.48384   1.49930   0.91914   1.37467   0.87896  
 20 19.5996   1970.588579  x:  0.20677   0.02728   0.01728   0.03269   0.05683   0.00000   0.04459   0.09183   0.03044   0.20149   0.27546   0.01550   0.03512   0.02526   0.05153   0.01604   0.05666   0.15587   0.02827   0.19206   0.22584   8.54653   1.55774   0.92454   1.40919   0.91705  
 21 15.6398   1970.518557  x:  0.20785   0.02735   0.01724   0.03281   0.05748   0.00000   0.04459   0.09181   0.03034   0.19893   0.27273   0.01529   0.03520   0.02522   0.05150   0.01572   0.05736   0.15645   0.02848   0.19981   0.21532   8.57251   1.57062   0.92582   1.42126   0.92934  
 22 12.9765   1970.484037  x:  0.20889   0.02731   0.01725   0.03286   0.05468   0.00000   0.04471   0.09182   0.03037   0.20007   0.27243   0.01534   0.03522   0.02531   0.05149   0.01560   0.05375   0.15682   0.02831   0.19942   0.21338   8.58772   1.56959   0.92764   1.42531   0.93259  
 23  7.8341   1970.138622  x:  0.21748   0.02745   0.01710   0.03367   0.05757   0.00000   0.04466   0.09218   0.03030   0.21352   0.27233   0.01522   0.03538   0.02526   0.05145   0.01384   0.05733   0.16039   0.02827   0.18815   0.20621   8.75127   1.54425   0.94835   1.46190   0.95946  
 24 36.2700   1969.659441  x:  0.20974   0.02741   0.01669   0.03478   0.05704   0.00000   0.04475   0.09260   0.03060   0.19761   0.27673   0.01526   0.03561   0.02532   0.05147   0.01142   0.05680   0.16562   0.02775   0.19976   0.22374   8.98124   1.51066   0.97087   1.49657   0.98502  
 25 63.5690   1967.671691  x:  0.21034   0.02778   0.01478   0.03860   0.05646   0.00000   0.04412   0.09245   0.03060   0.20207   0.28081   0.01326   0.03675   0.02535   0.05064   0.00282   0.05694   0.18249   0.02911   0.19978   0.22087   9.76109   1.50890   0.93670   1.43491   0.95529  
 26 31.5958   1966.548203  x:  0.21031   0.02847   0.01465   0.04605   0.05568   0.00000   0.04453   0.09178   0.03051   0.20473   0.28327   0.01235   0.03816   0.02531   0.05016   0.00847   0.05715   0.20212   0.03058   0.19944   0.21848  10.62036   1.49577   0.89365   1.35320   0.91583  
 27  1.8954   1966.332369  x:  0.21023   0.02883   0.01536   0.05047   0.05584   0.00000   0.04447   0.09221   0.03108   0.20377   0.28508   0.01272   0.03895   0.02529   0.05030   0.00666   0.05702   0.21617   0.03070   0.20082   0.21952  11.18256   1.49919   0.90791   1.38013   0.93420  
 28  0.3895   1966.324004  x:  0.21050   0.02870   0.01466   0.05058   0.05590   0.00000   0.04443   0.09224   0.03101   0.20435   0.28476   0.01231   0.03888   0.02532   0.05033   0.00606   0.05705   0.21603   0.03062   0.20050   0.21937  11.19868   1.49906   0.90580   1.37531   0.93178  
 29  0.0160   1966.323319  x:  0.21048   0.02867   0.01485   0.05041   0.05588   0.00000   0.04443   0.09221   0.03097   0.20432   0.28467   0.01240   0.03879   0.02532   0.05029   0.00595   0.05706   0.21526   0.03058   0.20042   0.21935  11.17725   1.49968   0.90630   1.37616   0.93194  
 30  0.0179   1966.323295  x:  0.21046   0.02868   0.01482   0.05040   0.05588   0.00000   0.04444   0.09221   0.03098   0.20427   0.28466   0.01242   0.03879   0.02531   0.05031   0.00597   0.05705   0.21508   0.03058   0.20044   0.21936  11.17614   1.49956   0.90632   1.37631   0.93203  
 31  0.0010   1966.323288  x:  0.21046   0.02869   0.01483   0.05043   0.05588   0.00000   0.04444   0.09221   0.03098   0.20427   0.28467   0.01241   0.03880   0.02531   0.05031   0.00596   0.05705   0.21501   0.03059   0.20045   0.21936  11.18036   1.49950   0.90623   1.37620   0.93202  
 32  0.0022   1966.323287  x:  0.21047   0.02868   0.01483   0.05043   0.05588   0.00000   0.04444   0.09221   0.03098   0.20427   0.28467   0.01242   0.03880   0.02531   0.05031   0.00596   0.05705   0.21501   0.03059   0.20044   0.21936  11.18119   1.49957   0.90628   1.37625   0.93204  
 33  0.0007   1966.323287  x:  0.21047   0.02868   0.01483   0.05043   0.05588   0.00000   0.04444   0.09221   0.03098   0.20427   0.28466   0.01241   0.03880   0.02531   0.05031   0.00596   0.05705   0.21501   0.03059   0.20044   0.21936  11.18140   1.49956   0.90628   1.37625   0.93203  
 34  0.0001   1966.323287  x:  0.21047   0.02868   0.01483   0.05043   0.05588   0.00000   0.04444   0.09221   0.03098   0.20427   0.28467   0.01241   0.03880   0.02531   0.05031   0.00596   0.05705   0.21501   0.03059   0.20044   0.21936  11.18153   1.49956   0.90628   1.37625   0.93204  
 35  0.0001   1966.323287  x:  0.21047   0.02868   0.01483   0.05043   0.05588   0.00000   0.04444   0.09221   0.03098   0.20427   0.28467   0.01241   0.03880   0.02531   0.05031   0.00596   0.05705   0.21501   0.03059   0.20044   0.21936  11.18152   1.49956   0.90628   1.37625   0.93204  
 36  0.0000   1966.323287  x:  0.21047   0.02868   0.01483   0.05043   0.05588   0.00000   0.04444   0.09221   0.03098   0.20427   0.28467   0.01241   0.03880   0.02531   0.05031   0.00596   0.05705   0.21501   0.03059   0.20044   0.21936  11.18152   1.49956   0.90628   1.37625   0.93204  