

TREE # 1

  0  0.0000   2145.047088  x:  0.08284   0.00000   0.14109   0.01224   0.06723   0.05917   0.07738   0.02922   0.06351   0.05726   0.04775   0.16978   0.00552   0.09888   0.01443   0.02907   0.08372   0.06984   0.06880   0.09217   0.10701   0.05002   0.11629   0.10146   2.00000   1.37843   0.90787   1.29616   0.40000  
  1 99.0000   2122.496713  x:  0.09392   0.07788   0.15919   0.01210   0.06190   0.04929   0.08886   0.00000   0.04820   0.06103   0.02855   0.17986   0.00983   0.11993   0.03221   0.04665   0.06926   0.09431   0.05291   0.11506   0.09757   0.02550   0.12451   0.11254   2.00799   1.37764   0.90735   1.29828   0.42176  
  2 596.5718   2110.526067  x:  0.10203   0.06784   0.17245   0.01309   0.05824   0.04171   0.09678   0.00000   0.03496   0.06283   0.01199   0.18750   0.00000   0.13513   0.02818   0.05007   0.05482   0.10921   0.03740   0.13069   0.08834   0.00020   0.13126   0.12065   2.01711   1.37664   0.90717   1.30040   0.44323  
  3 370.2405   2110.526067  x:  0.10203   0.06784   0.17245   0.01309   0.05824   0.04171   0.09678   0.00000   0.03496   0.06283   0.01199   0.18750   0.00000   0.13513   0.02818   0.05007   0.05482   0.10921   0.03740   0.13069   0.08834   0.00020   0.13126   0.12065   2.01711   1.37664   0.90717   1.30040   0.44323  
  4 814.2011   2109.216212  x:  0.10233   0.06648   0.17298   0.01316   0.05818   0.04159   0.09700   0.00000   0.03466   0.06281   0.01225   0.18782   0.00113   0.13575   0.02830   0.05003   0.05425   0.10962   0.03689   0.13118   0.08795   0.00915   0.13155   0.12095   2.01765   1.37658   0.90717   1.30052   0.44430  
  5 742.7942   2099.338045  x:  0.11639   0.00000   0.19825   0.01583   0.05573   0.03610   0.10757   0.00000   0.02103   0.06205   0.02300   0.20293   0.03123   0.16218   0.01908   0.04791   0.02730   0.12938   0.01315   0.15458   0.06943   0.00728   0.14464   0.13501   2.04369   1.37387   0.90683   1.30632   0.49658  
  6 207.7433   2099.338045  x:  0.11639   0.00000   0.19825   0.01583   0.05573   0.03610   0.10757   0.00000   0.02103   0.06205   0.02300   0.20293   0.03123   0.16218   0.01908   0.04791   0.02730   0.12938   0.01315   0.15458   0.06943   0.00728   0.14464   0.13501   2.04369   1.37387   0.90683   1.30632   0.49658  
  7 197.8438   2095.494743  x:  0.11682   0.01821   0.20195   0.01304   0.05581   0.03866   0.10752   0.00000   0.02964   0.06195   0.01430   0.20556   0.01657   0.16351   0.02627   0.04939   0.03621   0.13024   0.03544   0.15584   0.06977   0.00318   0.14495   0.13544   2.04999   1.37337   0.90687   1.30760   0.50575  
  8 262.3822   2094.107461  x:  0.11716   0.01620   0.20478   0.01283   0.05603   0.03965   0.10747   0.00000   0.03198   0.06193   0.01114   0.20740   0.00288   0.16487   0.02827   0.04972   0.03930   0.13079   0.03789   0.15709   0.06999   0.01162   0.14525   0.13578   2.05650   1.37281   0.90702   1.30883   0.51471  
  9 186.0604   2093.628292  x:  0.11733   0.01464   0.20598   0.01302   0.05613   0.03985   0.10745   0.00000   0.03232   0.06192   0.01142   0.20818   0.00000   0.16551   0.02826   0.04974   0.03997   0.13100   0.03774   0.15763   0.07006   0.00987   0.14546   0.13595   2.05953   1.37255   0.90710   1.30940   0.51874  
 10 168.3368   2089.416237  x:  0.11996   0.00000   0.22361   0.01343   0.05737   0.04307   0.10710   0.00000   0.03861   0.06174   0.00771   0.21962   0.00288   0.17577   0.03131   0.05033   0.05068   0.13400   0.04017   0.16524   0.07106   0.00658   0.14967   0.13858   2.10422   1.36872   0.90812   1.31791   0.57797  
 11 265.2570   2084.500472  x:  0.12470   0.01001   0.26146   0.01486   0.05895   0.04421   0.10626   0.00000   0.03927   0.06117   0.03420   0.24466   0.00441   0.19595   0.02970   0.04941   0.05934   0.13910   0.03121   0.17983   0.07219   0.01125   0.15748   0.14332   2.20932   1.36002   0.91092   1.33738   0.70998  
 12 619.6630   2080.991581  x:  0.12406   0.01947   0.27143   0.00504   0.05574   0.03728   0.10585   0.00000   0.02522   0.06157   0.01898   0.25080   0.00273   0.19873   0.02206   0.04734   0.04340   0.13824   0.02411   0.18063   0.07057   0.00942   0.15728   0.14268   2.27072   1.35569   0.91364   1.34726   0.77211  
 13 282.8202   2079.769853  x:  0.12303   0.02375   0.27338   0.01424   0.05427   0.03397   0.10568   0.00000   0.02066   0.06201   0.01135   0.25165   0.00220   0.19800   0.02016   0.04668   0.03344   0.13704   0.02268   0.17925   0.06954   0.00878   0.15616   0.14165   2.30150   1.35378   0.91519   1.35184   0.79946  
 14 525.4720   2077.798421  x:  0.11859   0.02240   0.26338   0.01283   0.05256   0.03458   0.10556   0.00000   0.02773   0.06120   0.01373   0.24355   0.00252   0.18808   0.02574   0.04757   0.01724   0.13196   0.02569   0.16975   0.06732   0.00899   0.15021   0.13721   2.35522   1.35163   0.91874   1.35808   0.83098  
 15 184.5918   2071.975035  x:  0.10125   0.02343   0.21235   0.01347   0.04812   0.03282   0.10535   0.00000   0.02415   0.05992   0.01749   0.20437   0.00427   0.14388   0.02464   0.05161   0.03001   0.11223   0.02572   0.13028   0.06041   0.00965   0.12603   0.11987   2.54963   1.34571   0.93247   1.37830   0.92227  
 16 394.6646   2069.603610  x:  0.10846   0.02858   0.18373   0.01376   0.06232   0.04607   0.10561   0.00000   0.03060   0.06297   0.01343   0.18665   0.00378   0.13998   0.01669   0.04428   0.02979   0.12171   0.01995   0.13574   0.07449   0.00930   0.13169   0.12708   2.65743   1.34756   0.93932   1.38551   0.93574  
 17 137.3187   2067.240253  x:  0.11784   0.02708   0.15995   0.01347   0.06684   0.04164   0.10587   0.00000   0.01821   0.06428   0.01621   0.17328   0.00322   0.14408   0.03079   0.04304   0.02935   0.13334   0.02400   0.14746   0.08238   0.00912   0.14130   0.13647   2.77741   1.35162   0.94661   1.39191   0.93626  
 18 305.3141   2063.460723  x:  0.12650   0.02569   0.14588   0.01309   0.05345   0.02029   0.10604   0.00000   0.02946   0.06133   0.01777   0.16680   0.00256   0.15585   0.02271   0.05170   0.03098   0.14299   0.02628   0.16245   0.07571   0.00987   0.15266   0.14512   2.96540   1.36066   0.95756   1.39974   0.91739  
 19 329.5345   2057.584227  x:  0.13132   0.02426   0.15018   0.01436   0.02719   0.04268   0.10609   0.00000   0.02712   0.05788   0.01813   0.17125   0.00167   0.17383   0.01839   0.06382   0.03120   0.14679   0.02738   0.17704   0.05262   0.00988   0.16305   0.14994   3.29233   1.37849   0.97575   1.41179   0.86934  
 20 642.9582   2046.580793  x:  0.12238   0.02155   0.20250   0.01357   0.07009   0.04459   0.10593   0.00000   0.02980   0.05670   0.01424   0.20460   0.00061   0.19921   0.02751   0.07235   0.03465   0.13167   0.02143   0.18242   0.02845   0.00774   0.16464   0.14100   3.98453   1.41930   1.01164   1.43577   0.75012  
 21 937.2768   2039.826765  x:  0.11145   0.01376   0.25090   0.01331   0.06957   0.04276   0.10600   0.00000   0.02780   0.05755   0.01715   0.23524   0.00063   0.21146   0.02546   0.06931   0.03556   0.11664   0.02957   0.17698   0.07484   0.00813   0.15832   0.13007   4.47642   1.44974   1.03451   1.45248   0.66204  
 22 1485.5283   2038.756196  x:  0.11552   0.01313   0.26000   0.01315   0.06266   0.03934   0.10686   0.00000   0.03106   0.06379   0.01705   0.24165   0.00088   0.20366   0.02998   0.04571   0.03805   0.12572   0.02787   0.17123   0.07288   0.00774   0.15369   0.13414   4.53434   1.45599   1.03116   1.45414   0.65139  
 23 120.9165   2038.513605  x:  0.12053   0.01089   0.26401   0.01314   0.06439   0.03923   0.10731   0.00000   0.02874   0.06284   0.01882   0.24497   0.00121   0.19466   0.02572   0.04664   0.03681   0.13344   0.03288   0.16798   0.07174   0.00862   0.15129   0.13915   4.54920   1.46063   1.02305   1.45420   0.64928  
 24 35.7395   2038.359613  x:  0.12406   0.01195   0.26656   0.01314   0.06358   0.03922   0.10741   0.00000   0.02981   0.06108   0.01750   0.24747   0.00128   0.18687   0.02846   0.05160   0.03721   0.13784   0.02924   0.16656   0.07313   0.00810   0.15026   0.14268   4.55897   1.46568   1.01289   1.45385   0.64823  
 25 37.4947   2038.063346  x:  0.12195   0.01146   0.26520   0.01307   0.06325   0.03897   0.10569   0.00000   0.02960   0.06223   0.01772   0.24881   0.00123   0.17943   0.02790   0.04940   0.03705   0.12969   0.03012   0.17407   0.07248   0.00824   0.15649   0.14057   4.57940   1.48537   0.96830   1.45033   0.64901  
 26 17.0771   2037.956642  x:  0.11980   0.01169   0.26337   0.01312   0.06364   0.03922   0.10798   0.00000   0.02949   0.05977   0.01753   0.24670   0.00112   0.18858   0.02791   0.04907   0.03706   0.13348   0.02979   0.16946   0.07263   0.00814   0.15152   0.13842   4.58759   1.49240   0.94966   1.44661   0.65011  
 27 14.3391   2037.932967  x:  0.12063   0.01170   0.26350   0.01301   0.06362   0.03920   0.10654   0.00000   0.02955   0.06357   0.01760   0.24573   0.00110   0.19057   0.02786   0.05023   0.03699   0.13320   0.02975   0.16776   0.07265   0.00814   0.15040   0.13925   4.58986   1.49269   0.94669   1.44431   0.65065  
 28  6.7613   2037.830130  x:  0.12554   0.01179   0.26572   0.01309   0.06368   0.03918   0.10087   0.00000   0.02947   0.06016   0.01743   0.24137   0.00100   0.19310   0.02793   0.04881   0.03706   0.12823   0.02974   0.16400   0.07279   0.00809   0.14976   0.14416   4.60061   1.48784   0.94131   1.42969   0.65382  
 29  5.9339   2037.165238  x:  0.12795   0.01174   0.27694   0.01293   0.06336   0.03868   0.11866   0.00000   0.02928   0.06232   0.01727   0.22534   0.00101   0.18867   0.02778   0.04875   0.03684   0.12463   0.02974   0.16375   0.07337   0.00775   0.15291   0.14657   4.67274   1.44536   0.91671   1.33195   0.67548  
 30 21.8276   2036.573113  x:  0.11834   0.01142   0.27535   0.01288   0.06336   0.03862   0.10382   0.00000   0.02914   0.06204   0.01715   0.22886   0.00129   0.18272   0.02762   0.04892   0.03669   0.13643   0.02962   0.16936   0.07378   0.00735   0.15124   0.13696   4.73582   1.40349   0.89601   1.25739   0.69312  
 31 62.3905   2035.928911  x:  0.12291   0.01054   0.25258   0.01288   0.06364   0.03913   0.10921   0.00000   0.02921   0.06243   0.01684   0.26310   0.00124   0.18323   0.02748   0.04806   0.03672   0.12824   0.02972   0.16560   0.07387   0.00695   0.14525   0.14153   4.80622   1.34521   0.86935   1.21985   0.70832  
 32 26.8795   2034.555820  x:  0.11938   0.00942   0.25988   0.01259   0.06308   0.03865   0.10743   0.00000   0.02920   0.06276   0.01629   0.25277   0.00024   0.18075   0.02748   0.04757   0.03681   0.13332   0.02950   0.15006   0.07468   0.00608   0.16573   0.13800   4.94878   1.22298   0.81256   1.23743   0.73015  
 33 25.2239   2033.991024  x:  0.12113   0.00906   0.26536   0.01248   0.06279   0.03846   0.10726   0.00000   0.02915   0.06274   0.01616   0.24181   0.00074   0.17781   0.02734   0.04691   0.03677   0.13047   0.02966   0.16762   0.07485   0.00575   0.14223   0.13975   5.00702   1.19163   0.79906   1.25204   0.74084  
 34 37.7792   2027.174162  x:  0.11587   0.00524   0.25495   0.01199   0.06118   0.03772   0.10545   0.00000   0.02760   0.06326   0.01417   0.23987   0.00000   0.16547   0.02604   0.04355   0.03565   0.12990   0.02881   0.15441   0.07738   0.00249   0.13535   0.13449   5.51500   1.36002   0.90405   1.40078   0.89278  
 35 16.6251   2027.174162  x:  0.11587   0.00524   0.25495   0.01199   0.06118   0.03772   0.10545   0.00000   0.02760   0.06326   0.01417   0.23987   0.00000   0.16547   0.02604   0.04355   0.03565   0.12990   0.02881   0.15441   0.07738   0.00249   0.13535   0.13449   5.51500   1.36002   0.90405   1.40078   0.89278  
 36  1.2636   2026.895164  x:  0.11604   0.00359   0.25450   0.01242   0.06077   0.03787   0.10548   0.00000   0.02795   0.06312   0.01389   0.23954   0.00003   0.16587   0.02605   0.04420   0.03592   0.12997   0.02847   0.15470   0.07686   0.00707   0.13586   0.13466   5.51519   1.36014   0.90419   1.40076   0.89293  
 37 149.9637   2026.641564  x:  0.11645   0.00000   0.25345   0.01320   0.05982   0.03819   0.10557   0.00000   0.02865   0.06278   0.01334   0.23875   0.00014   0.16679   0.02556   0.04563   0.03651   0.13016   0.02775   0.15539   0.07565   0.00684   0.13708   0.13507   5.51566   1.36044   0.90453   1.40071   0.89333  
 38 71.5289   2026.523245  x:  0.11761   0.00000   0.25090   0.01020   0.05805   0.03843   0.10579   0.00000   0.02753   0.06191   0.01521   0.23726   0.00125   0.16966   0.02593   0.04690   0.03661   0.13078   0.02768   0.15739   0.07291   0.00662   0.14067   0.13622   5.51752   1.36166   0.90575   1.40061   0.89496  
 39 42.4587   2026.469267  x:  0.11809   0.00000   0.24976   0.01050   0.05780   0.03818   0.10587   0.00000   0.02686   0.06181   0.01587   0.23674   0.00000   0.17097   0.02642   0.04638   0.03616   0.13108   0.02821   0.15830   0.07216   0.00651   0.14217   0.13671   5.51868   1.36242   0.90649   1.40056   0.89598  
 40 37.5380   2026.412474  x:  0.11891   0.00000   0.24745   0.00960   0.05856   0.03785   0.10596   0.00000   0.02716   0.06213   0.01380   0.23607   0.00000   0.17402   0.02668   0.04401   0.03521   0.13157   0.02907   0.16000   0.07224   0.00636   0.14525   0.13753   5.52224   1.36473   0.90858   1.40056   0.89909  
 41 33.1994   2026.335651  x:  0.11905   0.00000   0.24567   0.01082   0.06140   0.03807   0.10582   0.00000   0.02932   0.06325   0.01490   0.23651   0.00000   0.17693   0.02550   0.04196   0.03567   0.13155   0.02850   0.16086   0.07557   0.00629   0.14714   0.13766   5.52861   1.36874   0.91204   1.40077   0.90456  
 42 25.9838   2026.230650  x:  0.11830   0.00000   0.24396   0.01237   0.06324   0.03753   0.10549   0.00000   0.02625   0.06430   0.01292   0.23792   0.00000   0.17886   0.02676   0.04439   0.03672   0.13097   0.02847   0.16067   0.07967   0.00605   0.14660   0.13691   5.54116   1.37641   0.91854   1.40138   0.91492  
 43 30.5223   2025.794746  x:  0.11551   0.00000   0.23581   0.01041   0.05898   0.03789   0.10476   0.00000   0.02969   0.06226   0.01487   0.24220   0.00000   0.18266   0.02733   0.04888   0.03208   0.12921   0.03090   0.15920   0.08160   0.00501   0.14097   0.13413   5.60943   1.41714   0.95280   1.40529   0.96940  
 44 58.1638   2025.523720  x:  0.11510   0.00000   0.23469   0.01008   0.05725   0.03813   0.10493   0.00000   0.02668   0.06159   0.01484   0.24381   0.00000   0.18061   0.02405   0.04408   0.03687   0.12903   0.02708   0.15776   0.07672   0.00467   0.13800   0.13371   5.65352   1.44221   0.97279   1.40915   1.00244  
 45 127.6016   2025.367095  x:  0.11639   0.00000   0.23998   0.01127   0.05948   0.03887   0.10552   0.00000   0.02917   0.06237   0.01363   0.24329   0.00000   0.17413   0.02809   0.04332   0.03826   0.12991   0.02764   0.15624   0.07175   0.00434   0.13791   0.13500   5.68145   1.45599   0.98171   1.41396   1.01990  
 46 64.5464   2025.236474  x:  0.11851   0.00000   0.24636   0.01188   0.06121   0.03790   0.10602   0.00000   0.02841   0.06311   0.01306   0.24058   0.00000   0.16836   0.02412   0.04513   0.03506   0.13120   0.02872   0.15626   0.07054   0.00450   0.14098   0.13713   5.70732   1.46683   0.98694   1.42026   1.03288  
 47 60.5207   2025.088146  x:  0.12087   0.00000   0.25273   0.01063   0.05910   0.03805   0.10599   0.00000   0.02807   0.06227   0.01435   0.23413   0.00000   0.16605   0.02604   0.04583   0.03577   0.13251   0.02579   0.15900   0.07507   0.00438   0.14759   0.13948   5.74382   1.47927   0.99044   1.43139   1.04649  
 48 49.3772   2024.959160  x:  0.11995   0.00000   0.25684   0.01078   0.05663   0.03938   0.10528   0.00000   0.02824   0.06113   0.01438   0.22922   0.00000   0.16775   0.02496   0.04548   0.03951   0.13195   0.03083   0.16016   0.07649   0.00460   0.14836   0.13856   5.77973   1.48804   0.98982   1.44461   1.05431  
 49 48.9279   2024.478998  x:  0.11314   0.00000   0.26513   0.01293   0.05466   0.03858   0.10296   0.00000   0.02789   0.05954   0.01298   0.21648   0.00000   0.17858   0.02556   0.04343   0.03476   0.12738   0.02725   0.16118   0.07268   0.00546   0.14171   0.13175   5.91395   1.51516   0.98248   1.49625   1.07441  
 50 103.8570   2024.109143  x:  0.11567   0.00000   0.25677   0.00994   0.06305   0.03637   0.10507   0.00000   0.02785   0.06365   0.01542   0.21581   0.00000   0.18474   0.02548   0.04750   0.03762   0.12869   0.02714   0.16137   0.06766   0.00606   0.14056   0.13428   6.02756   1.53548   0.97920   1.53623   1.08669  
 51 109.6408   2023.528232  x:  0.12363   0.00000   0.23787   0.01189   0.05781   0.04314   0.10824   0.00000   0.02664   0.06240   0.01420   0.22958   0.00000   0.17777   0.02535   0.04585   0.03535   0.13352   0.02662   0.15569   0.07022   0.00733   0.13915   0.14224   6.20807   1.56044   0.97545   1.59541   1.09376  
 52 139.4314   2023.340958  x:  0.12331   0.00000   0.23280   0.01226   0.05553   0.03532   0.10653   0.00000   0.02840   0.06001   0.01381   0.23416   0.00000   0.17323   0.02541   0.04537   0.03668   0.13322   0.02678   0.15527   0.07101   0.00771   0.14102   0.14193   6.26523   1.56616   0.97768   1.61011   1.09206  
 53 111.1578   2022.906704  x:  0.11430   0.00000   0.22446   0.01195   0.05830   0.03917   0.09767   0.00000   0.02751   0.06017   0.01419   0.24003   0.00000   0.16332   0.02543   0.04592   0.03648   0.12738   0.02678   0.16148   0.06868   0.00831   0.15299   0.13291   6.41270   1.57534   0.99763   1.63211   1.07719  
 54 79.9295   2021.652901  x:  0.11109   0.00000   0.23072   0.01201   0.05273   0.03781   0.12226   0.00000   0.02864   0.07041   0.01427   0.23880   0.00000   0.16650   0.02563   0.04631   0.03663   0.12779   0.02685   0.16725   0.06993   0.00950   0.15337   0.12970   6.87423   1.59186   1.08012   1.66665   1.00683  
 55 111.1064   2020.896315  x:  0.11947   0.00000   0.23651   0.01256   0.05959   0.03924   0.11355   0.00000   0.02788   0.05536   0.01386   0.23424   0.00000   0.17466   0.02568   0.04718   0.03665   0.13229   0.02661   0.16400   0.07060   0.00994   0.14717   0.13809   7.13993   1.60121   1.12454   1.67877   0.96564  
 56 267.8134   2020.691822  x:  0.12319   0.00000   0.23803   0.01230   0.05639   0.03852   0.10319   0.00000   0.02830   0.06295   0.01412   0.23225   0.00000   0.17726   0.02578   0.04713   0.03660   0.13366   0.02659   0.16045   0.07052   0.00991   0.14505   0.14180   7.21529   1.60419   1.13127   1.67716   0.95500  
 57 103.6400   2019.394610  x:  0.11975   0.00000   0.23336   0.01219   0.05775   0.03858   0.10852   0.00000   0.02752   0.06186   0.01450   0.22219   0.00000   0.17786   0.02612   0.04646   0.03616   0.12612   0.02739   0.13779   0.07141   0.00691   0.15441   0.13836   7.72154   1.63022   1.05737   1.57814   0.91594  
 58 36.3563   2018.691936  x:  0.11962   0.00000   0.23701   0.01245   0.05758   0.03877   0.10709   0.00000   0.02841   0.06208   0.01372   0.22921   0.00000   0.17629   0.02556   0.04728   0.03623   0.13381   0.02717   0.16284   0.07186   0.00515   0.14455   0.13823   8.00895   1.63462   1.01101   1.52035   0.90082  
 59 191.6710   2018.076282  x:  0.12446   0.00000   0.24999   0.01315   0.05519   0.03907   0.10726   0.00000   0.02845   0.06120   0.01390   0.24708   0.00000   0.18798   0.02543   0.04890   0.03661   0.11964   0.02698   0.16379   0.06801   0.00351   0.15265   0.14307   8.26563   1.56295   0.97935   1.47589   0.93323  
 60 35.0947   2017.282652  x:  0.11837   0.00000   0.24653   0.01306   0.05618   0.03887   0.10659   0.00000   0.02818   0.06159   0.01408   0.23781   0.00000   0.18620   0.02560   0.04851   0.03639   0.13863   0.02718   0.15786   0.06915   0.00191   0.15297   0.13698   8.59503   1.45324   0.94127   1.41675   0.98305  
 61 138.1903   2017.078884  x:  0.12178   0.00000   0.23984   0.01276   0.05741   0.03869   0.10737   0.00000   0.02818   0.06236   0.01396   0.22676   0.00000   0.17933   0.02568   0.04724   0.03617   0.12914   0.02786   0.16139   0.07134   0.00218   0.14667   0.14039   8.67913   1.42421   0.93136   1.39630   0.99745  
 62 60.6372   2016.938227  x:  0.12117   0.00000   0.24114   0.01289   0.05693   0.03883   0.10726   0.00000   0.02830   0.06213   0.01396   0.22837   0.00000   0.18129   0.02564   0.04776   0.03642   0.13279   0.02755   0.16092   0.07041   0.00412   0.14888   0.13978   8.74577   1.40685   0.92210   1.36560   1.01340  
 63 13.8459   2015.949991  x:  0.12258   0.00000   0.23456   0.01392   0.05617   0.03865   0.10397   0.00000   0.02941   0.06019   0.01261   0.22540   0.00000   0.17945   0.02436   0.05014   0.03734   0.13487   0.02593   0.16523   0.06993   0.00563   0.14688   0.14118   9.82890   1.48674   0.99238   1.51922   1.06039  
 64  0.8155   2015.692235  x:  0.12258   0.00000   0.23625   0.01394   0.05613   0.03901   0.10683   0.00000   0.02933   0.06122   0.01315   0.22732   0.00000   0.18009   0.02488   0.05041   0.03757   0.13101   0.02626   0.16453   0.06952   0.00557   0.14979   0.14119  10.62982   1.49490   0.97411   1.46864   1.06121  
 65  0.5082   2015.670809  x:  0.12183   0.00000   0.23726   0.01378   0.05625   0.03890   0.10629   0.00000   0.02915   0.06126   0.01317   0.22825   0.00000   0.18032   0.02485   0.04992   0.03725   0.13214   0.02645   0.16362   0.06987   0.00558   0.14937   0.14043  10.79132   1.47855   0.97391   1.47112   1.05381  
 66  0.1512   2015.669529  x:  0.12197   0.00000   0.23704   0.01367   0.05629   0.03888   0.10609   0.00000   0.02910   0.06120   0.01313   0.22769   0.00000   0.18009   0.02485   0.04968   0.03719   0.13252   0.02643   0.16353   0.06991   0.00556   0.14891   0.14057  10.83456   1.48274   0.97435   1.47376   1.05443  
 67  0.0398   2015.669478  x:  0.12203   0.00000   0.23710   0.01364   0.05630   0.03888   0.10617   0.00000   0.02910   0.06122   0.01315   0.22783   0.00000   0.18017   0.02486   0.04967   0.03720   0.13241   0.02643   0.16359   0.06991   0.00553   0.14895   0.14063  10.84094   1.48292   0.97458   1.47399   1.05436  
 68  0.0050   2015.669470  x:  0.12200   0.00000   0.23709   0.01364   0.05630   0.03888   0.10615   0.00000   0.02910   0.06121   0.01314   0.22780   0.00000   0.18015   0.02486   0.04967   0.03720   0.13242   0.02643   0.16358   0.06991   0.00551   0.14896   0.14061  10.83974   1.48286   0.97455   1.47396   1.05444  
 69  0.0006   2015.669469  x:  0.12201   0.00000   0.23709   0.01364   0.05630   0.03888   0.10616   0.00000   0.02910   0.06122   0.01314   0.22781   0.00000   0.18015   0.02486   0.04967   0.03720   0.13242   0.02643   0.16358   0.06991   0.00551   0.14896   0.14061  10.83964   1.48287   0.97456   1.47397   1.05444  
 70  0.0001   2015.669469  x:  0.12201   0.00000   0.23709   0.01364   0.05630   0.03888   0.10616   0.00000   0.02910   0.06122   0.01314   0.22781   0.00000   0.18015   0.02486   0.04967   0.03720   0.13242   0.02643   0.16358   0.06991   0.00551   0.14896   0.14061  10.83971   1.48287   0.97456   1.47397   1.05444  
 71  0.0001   2015.669469  x:  0.12201   0.00000   0.23709   0.01364   0.05630   0.03888   0.10616   0.00000   0.02910   0.06122   0.01314   0.22781   0.00000   0.18015   0.02486   0.04967   0.03720   0.13242   0.02643   0.16358   0.06991   0.00551   0.14896   0.14061  10.83972   1.48287   0.97456   1.47397   1.05444  
 72  0.0000   2015.669469  x:  0.12201   0.00000   0.23709   0.01364   0.05630   0.03888   0.10616   0.00000   0.02910   0.06122   0.01314   0.22781   0.00000   0.18015   0.02486   0.04967   0.03720   0.13242   0.02643   0.16358   0.06991   0.00551   0.14896   0.14061  10.83972   1.48287   0.97456   1.47397   1.05444  
 73  0.0000   2015.669469  x:  0.12201   0.00000   0.23709   0.01364   0.05630   0.03888   0.10616   0.00000   0.02910   0.06122   0.01314   0.22781   0.00000   0.18015   0.02486   0.04967   0.03720   0.13242   0.02643   0.16358   0.06991   0.00551   0.14896   0.14061  10.83972   1.48287   0.97456   1.47397   1.05444  
 74  0.0000   2015.669469  x:  0.12201   0.00000   0.23709   0.01364   0.05630   0.03888   0.10616   0.00000   0.02910   0.06122   0.01314   0.22781   0.00000   0.18015   0.02486   0.04967   0.03720   0.13242   0.02643   0.16358   0.06991   0.00551   0.14896   0.14061  10.83972   1.48287   0.97456   1.47397   1.05444  