

TREE # 1

  0  0.0000   2169.809776  x:  0.01972   0.20925   0.02571   0.03211   0.02495   0.05815   0.02188   0.05666   0.08536   0.02661   0.17168   0.01972   0.20925   0.02571   0.03211   0.02495   0.05815   0.02188   0.05666   0.08536   0.02661   0.17168   0.21568   8.40433   2.06442   1.29687   1.58573   1.00000  
  1 99.0000   2145.063371  x:  0.00703   0.21071   0.02565   0.02874   0.04725   0.05609   0.02296   0.11299   0.09544   0.02842   0.17833   0.01445   0.21109   0.02722   0.05310   0.03719   0.06254   0.00000   0.06154   0.09761   0.01409   0.16843   0.21806   8.40416   2.06359   1.29371   1.58829   0.99903  
  2 524.2592   2143.573664  x:  0.00000   0.21154   0.02539   0.02775   0.04279   0.05566   0.02168   0.11457   0.09899   0.02919   0.18224   0.01390   0.21244   0.02720   0.05189   0.03499   0.06363   0.00000   0.06267   0.10184   0.00967   0.16670   0.21967   8.40404   2.06297   1.29173   1.58998   0.99833  
  3 140.3509   2142.350541  x:  0.00000   0.21752   0.02390   0.02945   0.03965   0.05526   0.02741   0.11518   0.11052   0.03211   0.20580   0.02020   0.22185   0.03023   0.04727   0.03519   0.06580   0.00000   0.06569   0.11806   0.02184   0.15752   0.23043   8.40320   2.05829   1.27813   1.60185   0.99311  
  4 88.3453   2141.579527  x:  0.00000   0.22345   0.02470   0.02994   0.04711   0.05523   0.02118   0.10882   0.11136   0.02591   0.22399   0.01606   0.22921   0.02362   0.04967   0.03788   0.06372   0.00000   0.06377   0.12031   0.02083   0.14908   0.24019   8.40209   2.05200   1.26116   1.61673   0.98610  
  5 66.0385   2140.914945  x:  0.00000   0.22920   0.02695   0.02769   0.04851   0.05554   0.02931   0.10688   0.10391   0.02903   0.23700   0.01247   0.23537   0.02831   0.05365   0.03617   0.06116   0.00000   0.06076   0.11158   0.01453   0.14323   0.24898   8.40039   2.04217   1.23631   1.63849   0.97522  
  6 67.2224   2140.169377  x:  0.00000   0.23303   0.02240   0.02923   0.04425   0.05470   0.02240   0.11359   0.09491   0.03047   0.24205   0.01962   0.23959   0.03027   0.05064   0.03641   0.06243   0.00000   0.06124   0.09912   0.01405   0.14324   0.25484   8.39781   2.02723   1.20103   1.66929   0.95891  
  7 81.0890   2138.986981  x:  0.00000   0.23150   0.03069   0.02983   0.03978   0.05623   0.02421   0.11894   0.09712   0.02921   0.22961   0.01063   0.23720   0.02230   0.04524   0.03727   0.06603   0.00000   0.06497   0.09762   0.02018   0.15101   0.25318   8.39251   1.99693   1.13483   1.72684   0.92644  
  8 86.4084   2138.009578  x:  0.00000   0.22720   0.02445   0.02704   0.04355   0.05615   0.02364   0.11476   0.10403   0.02482   0.21452   0.01158   0.23234   0.02882   0.05147   0.03498   0.06462   0.00000   0.06445   0.10595   0.01982   0.15815   0.24762   8.38758   1.96916   1.07815   1.77631   0.89712  
  9 180.5049   2137.862535  x:  0.00000   0.22551   0.02469   0.02854   0.04509   0.05486   0.02438   0.11362   0.10489   0.02894   0.21263   0.01532   0.23047   0.02614   0.05143   0.03701   0.06251   0.00000   0.06216   0.10831   0.01722   0.15726   0.24496   8.38650   1.96360   1.07068   1.78332   0.89175  
 10 47.8076   2137.709848  x:  0.00000   0.22076   0.02395   0.02946   0.04564   0.05343   0.02392   0.11565   0.10183   0.02866   0.21407   0.01393   0.22534   0.02771   0.04798   0.03714   0.06052   0.00000   0.05931   0.11078   0.01759   0.14831   0.23741   8.38420   1.95339   1.06839   1.78773   0.88360  
 11 17.0259   2137.569096  x:  0.00000   0.21662   0.02576   0.02742   0.04468   0.05514   0.02386   0.11595   0.10051   0.02804   0.21682   0.01668   0.22104   0.02631   0.05171   0.03652   0.06292   0.00000   0.06218   0.11038   0.01839   0.14113   0.23074   8.38131   1.94152   1.06917   1.79008   0.87482  
 12 27.8423   2137.365771  x:  0.00000   0.21539   0.02146   0.03118   0.04612   0.05670   0.02477   0.11636   0.10558   0.03014   0.22087   0.01399   0.21871   0.02594   0.05250   0.03716   0.06489   0.00000   0.06560   0.10604   0.01746   0.14141   0.22782   8.37567   1.92096   1.07524   1.78949   0.86108  
 13 19.6116   2136.928710  x:  0.00000   0.21641   0.02778   0.02937   0.04922   0.05530   0.02178   0.12017   0.11301   0.03033   0.22747   0.01428   0.21808   0.03054   0.05129   0.03756   0.06311   0.00000   0.06413   0.10230   0.01664   0.14985   0.22786   8.36222   1.87412   1.09069   1.78531   0.83113  
 14 63.1948   2136.558797  x:  0.00000   0.21893   0.02449   0.02528   0.04778   0.05404   0.02582   0.12500   0.11073   0.02619   0.22949   0.01475   0.22034   0.02615   0.05180   0.03837   0.06184   0.00000   0.06072   0.10529   0.01614   0.15698   0.23163   8.35065   1.83637   1.10278   1.78011   0.80840  
 15 92.5624   2136.292276  x:  0.00000   0.22224   0.02517   0.03015   0.04673   0.05434   0.02389   0.12718   0.10336   0.02888   0.22639   0.01225   0.22444   0.02658   0.05645   0.03785   0.06320   0.00000   0.06154   0.11277   0.01659   0.15884   0.23744   8.34139   1.81027   1.10933   1.77411   0.79505  
 16 56.8352   2136.092986  x:  0.00000   0.22424   0.02443   0.02614   0.05155   0.05671   0.02325   0.12824   0.10147   0.03173   0.22002   0.01216   0.22928   0.02717   0.05249   0.03859   0.06504   0.00000   0.06633   0.11529   0.01501   0.15407   0.24306   8.33350   1.79512   1.10904   1.76641   0.79193  
 17 25.2447   2135.714131  x:  0.00000   0.22538   0.02647   0.03086   0.05236   0.05657   0.02596   0.13370   0.10784   0.02606   0.20880   0.01562   0.23787   0.02744   0.05286   0.03785   0.06434   0.00000   0.06608   0.11260   0.01293   0.14163   0.25133   8.31696   1.77300   1.10032   1.74712   0.79623  
 18 30.3032   2135.316496  x:  0.00000   0.22554   0.02469   0.02651   0.04927   0.05312   0.02334   0.13868   0.11400   0.03005   0.20370   0.01252   0.24273   0.02670   0.05860   0.04075   0.06285   0.00000   0.06167   0.10951   0.01690   0.13398   0.25514   8.29872   1.75383   1.08650   1.72446   0.80589  
 19 56.7588   2132.794281  x:  0.00000   0.21962   0.02579   0.02675   0.06317   0.05637   0.02448   0.16965   0.11124   0.03119   0.22969   0.01089   0.23892   0.02568   0.06411   0.04010   0.06964   0.00000   0.06101   0.11711   0.01195   0.15000   0.24236   8.17594   1.65545   0.97050   1.56636   0.89347  
 20 60.8015   2132.700983  x:  0.00000   0.22098   0.02606   0.02680   0.06174   0.05486   0.02489   0.17046   0.11073   0.02999   0.23061   0.01070   0.23681   0.02659   0.06464   0.04384   0.06505   0.00000   0.06584   0.11763   0.01130   0.15039   0.24232   8.17102   1.65416   0.96665   1.56102   0.89537  
 21 26.6899   2132.626991  x:  0.00000   0.22730   0.02579   0.02664   0.06270   0.05459   0.02471   0.17230   0.11138   0.03055   0.23031   0.01119   0.22961   0.02521   0.06512   0.04014   0.06235   0.00000   0.06697   0.11768   0.01234   0.14918   0.24420   8.16553   1.66205   0.96569   1.55907   0.89137  
 22  8.5975   2132.530760  x:  0.00000   0.23478   0.02604   0.02657   0.06229   0.05514   0.02498   0.17313   0.11220   0.02961   0.22975   0.01173   0.22086   0.02634   0.06511   0.04333   0.06603   0.00000   0.06498   0.11820   0.01163   0.14751   0.24666   8.15737   1.67687   0.96560   1.55792   0.88362  
 23 23.6924   2132.149737  x:  0.00000   0.22533   0.02602   0.02632   0.06457   0.05211   0.02510   0.17888   0.11260   0.02990   0.23071   0.01072   0.23176   0.02593   0.06655   0.04280   0.06646   0.00000   0.06605   0.11912   0.01103   0.14816   0.24384   8.11785   1.76391   0.97618   1.56770   0.84004  
 24 14.0169   2132.121434  x:  0.00000   0.22471   0.02593   0.02631   0.06400   0.05620   0.02466   0.17978   0.11287   0.03009   0.23078   0.01069   0.23243   0.02607   0.06670   0.04335   0.06474   0.00000   0.06523   0.11939   0.01103   0.14825   0.24364   8.11426   1.77034   0.97826   1.57058   0.83857  
 25 16.2185   2131.637378  x:  0.00000   0.22312   0.02566   0.02587   0.06633   0.05502   0.02442   0.18792   0.11383   0.03032   0.22990   0.01063   0.22944   0.02610   0.06851   0.04375   0.06495   0.00000   0.06587   0.12308   0.00972   0.14932   0.24223   8.03150   1.86826   1.06041   1.69843   0.88449  
 26  9.4923   2131.620577  x:  0.00000   0.22814   0.02564   0.02582   0.06618   0.05498   0.02443   0.18808   0.11407   0.03011   0.22948   0.01062   0.23250   0.02612   0.06846   0.04377   0.06503   0.00000   0.06583   0.12323   0.00953   0.14902   0.23724   8.01897   1.86814   1.06074   1.69873   0.88426  
 27  1.2946   2130.626143  x:  0.00000   0.22526   0.02421   0.02420   0.05907   0.05428   0.02121   0.19579   0.12023   0.02942   0.23005   0.01151   0.23134   0.02669   0.06711   0.04056   0.06579   0.00000   0.06645   0.12860   0.00260   0.14625   0.24036   7.29069   1.83088   1.05334   1.67204   0.85565  
 28  6.6818   2130.264614  x:  0.00000   0.22373   0.02369   0.02329   0.05286   0.05385   0.01951   0.20179   0.12455   0.02830   0.23004   0.01157   0.23004   0.02696   0.06636   0.03877   0.06706   0.00000   0.06744   0.13217   0.00676   0.14507   0.24107   6.87664   1.81300   1.05088   1.65996   0.84126  
 29  1.3763   2130.175317  x:  0.00000   0.22259   0.02455   0.02453   0.04743   0.05362   0.02168   0.20739   0.12571   0.02806   0.22961   0.01068   0.23038   0.02689   0.06470   0.03800   0.06807   0.00000   0.06812   0.13405   0.00630   0.14513   0.24132   6.97425   1.80465   1.04687   1.65471   0.84260  
 30  0.0810   2130.164474  x:  0.00000   0.22269   0.02449   0.02423   0.04777   0.05353   0.02080   0.21030   0.12535   0.02855   0.22996   0.01110   0.23068   0.02688   0.06417   0.03793   0.06828   0.00000   0.06809   0.13429   0.00607   0.14535   0.24128   7.04730   1.80859   1.04706   1.65804   0.84613  
 31  0.0641   2130.163379  x:  0.00000   0.22290   0.02446   0.02419   0.04802   0.05352   0.02089   0.21138   0.12518   0.02854   0.23004   0.01088   0.23068   0.02691   0.06403   0.03807   0.06820   0.00000   0.06801   0.13401   0.00599   0.14533   0.24128   7.02860   1.80817   1.04735   1.65771   0.84549  
 32  0.0153   2130.163291  x:  0.00000   0.22286   0.02446   0.02422   0.04799   0.05353   0.02090   0.21150   0.12511   0.02851   0.22995   0.01098   0.23068   0.02692   0.06401   0.03808   0.06815   0.00000   0.06799   0.13383   0.00601   0.14531   0.24131   7.02855   1.80743   1.04717   1.65723   0.84521  
 33  0.0009   2130.163285  x:  0.00000   0.22283   0.02446   0.02422   0.04799   0.05353   0.02090   0.21150   0.12508   0.02852   0.22992   0.01096   0.23067   0.02692   0.06401   0.03807   0.06816   0.00000   0.06799   0.13378   0.00602   0.14532   0.24130   7.02945   1.80735   1.04713   1.65725   0.84524  
 34  0.0009   2130.163284  x:  0.00000   0.22284   0.02446   0.02422   0.04798   0.05353   0.02090   0.21150   0.12508   0.02852   0.22993   0.01096   0.23067   0.02692   0.06401   0.03807   0.06816   0.00000   0.06799   0.13377   0.00602   0.14532   0.24130   7.02917   1.80740   1.04715   1.65728   0.84527  
 35  0.0003   2130.163284  x:  0.00000   0.22284   0.02446   0.02422   0.04798   0.05353   0.02090   0.21150   0.12508   0.02852   0.22993   0.01096   0.23067   0.02692   0.06401   0.03807   0.06816   0.00000   0.06799   0.13377   0.00602   0.14532   0.24130   7.02918   1.80741   1.04715   1.65728   0.84527  
 36  0.0000   2130.163284  x:  0.00000   0.22284   0.02446   0.02422   0.04798   0.05353   0.02090   0.21150   0.12508   0.02852   0.22993   0.01096   0.23067   0.02692   0.06401   0.03807   0.06816   0.00000   0.06799   0.13377   0.00602   0.14532   0.24130   7.02918   1.80741   1.04715   1.65728   0.84527  

TREE # 2

  0  0.0000   2493.928338  x:  0.00000   0.22284   0.02446   0.02422   0.04798   0.05353   0.02090   0.21150   0.12508   0.02852   0.22993   0.01096   0.23067   0.02692   0.06401   0.03807   0.06816   0.00000   0.06799   0.13377   0.00602   0.14532   0.24130   7.02918   1.77225   0.95236   1.50923   0.84527  
  1 99.0000   2333.340449  x:  0.16446   0.22328   0.04559   0.05396   0.04882   0.05232   0.03420   0.20938   0.12293   0.02945   0.22654   0.00621   0.23125   0.05635   0.07552   0.04025   0.07240   0.43404   0.07319   0.13628   0.02899   0.14287   0.23726   7.02917   1.77221   0.95228   1.50954   0.84530  
  2 14787.7527   2309.701521  x:  0.16646   0.21853   0.05780   0.06843   0.04867   0.05011   0.04387   0.20643   0.12022   0.03041   0.22215   0.00000   0.22662   0.07286   0.08770   0.03882   0.06834   0.43165   0.06911   0.13954   0.03156   0.13891   0.23170   7.02919   1.77196   0.95269   1.50970   0.84526  
  3 811.3468   2259.480604  x:  0.20515   0.14366   0.03721   0.07096   0.01940   0.00916   0.04292   0.15507   0.08226   0.03751   0.15445   0.00000   0.15302   0.06226   0.13297   0.00872   0.01088   0.42138   0.01177   0.17800   0.03994   0.07898   0.14471   7.02939   1.76728   0.96056   1.51216   0.84474  
  4 408.8486   2227.485558  x:  0.24206   0.06122   0.03980   0.06802   0.01197   0.02880   0.05084   0.10025   0.04897   0.03947   0.08343   0.00000   0.07146   0.04672   0.14976   0.03827   0.01191   0.40960   0.00198   0.20959   0.04174   0.02101   0.04925   7.02955   1.76292   0.96779   1.51518   0.84451  
  5 876.2687   2222.373307  x:  0.25156   0.03967   0.03925   0.06733   0.01013   0.02746   0.05100   0.08613   0.04234   0.04012   0.06586   0.00000   0.04984   0.04625   0.15264   0.03836   0.01203   0.40626   0.01474   0.21745   0.04240   0.01348   0.02476   7.02960   1.76181   0.96961   1.51603   0.84447  
  6 1667.8320   2218.035767  x:  0.25874   0.02353   0.03980   0.06617   0.01087   0.02730   0.05037   0.07565   0.04057   0.04023   0.05424   0.00000   0.03245   0.04846   0.15049   0.03751   0.01442   0.40388   0.01403   0.22225   0.04149   0.02310   0.00886   7.02962   1.76101   0.97093   1.51677   0.84448  
  7 785.7278   2215.308744  x:  0.26676   0.00971   0.04104   0.06524   0.01151   0.02674   0.04941   0.06550   0.04222   0.04012   0.04565   0.00000   0.01300   0.05242   0.14437   0.03514   0.01637   0.40117   0.01350   0.22666   0.03986   0.02322   0.01542   7.02964   1.76013   0.97232   1.51774   0.84452  
  8 316.5586   2214.246029  x:  0.27276   0.01392   0.04237   0.06563   0.01094   0.02692   0.04971   0.06017   0.04440   0.03988   0.04415   0.00000   0.00194   0.05435   0.13842   0.03290   0.01668   0.39897   0.01297   0.22926   0.03882   0.02173   0.01440   7.02965   1.75946   0.97336   1.51856   0.84453  
  9 184.9195   2213.277577  x:  0.29298   0.01451   0.04369   0.06872   0.00683   0.02854   0.05382   0.04665   0.04643   0.03938   0.04271   0.00000   0.00678   0.05639   0.12425   0.02917   0.01649   0.39122   0.01252   0.23814   0.03798   0.02059   0.01368   7.02969   1.75709   0.97709   1.52139   0.84443  
 10 85.0793   2212.698868  x:  0.31319   0.01380   0.04251   0.07377   0.00776   0.02825   0.05815   0.04606   0.04435   0.03952   0.04876   0.00000   0.00515   0.05213   0.12003   0.03049   0.01548   0.38353   0.01355   0.24649   0.03985   0.02297   0.01488   7.02973   1.75447   0.98126   1.52455   0.84432  
 11 90.1159   2212.070370  x:  0.33986   0.01350   0.04217   0.07135   0.00470   0.02702   0.05576   0.05289   0.04392   0.03963   0.05327   0.00000   0.00464   0.05609   0.11855   0.03364   0.01847   0.37345   0.01359   0.25607   0.04093   0.02358   0.01500   7.02978   1.75069   0.98730   1.52919   0.84418  
 12 120.8688   2211.729017  x:  0.35853   0.01414   0.04301   0.06861   0.01043   0.02627   0.05293   0.05725   0.04502   0.03961   0.05373   0.00000   0.00563   0.05838   0.11853   0.03453   0.01877   0.36648   0.01352   0.26201   0.04077   0.02314   0.01487   7.02982   1.74787   0.99183   1.53271   0.84408  
 13 227.7110   2211.563786  x:  0.36685   0.01509   0.04569   0.06804   0.00989   0.02806   0.05206   0.05991   0.04736   0.03935   0.05084   0.00000   0.00588   0.05634   0.12046   0.03416   0.01719   0.36347   0.01428   0.26267   0.03940   0.02441   0.01575   7.02984   1.74623   0.99446   1.53495   0.84403  
 14 64.3662   2211.469699  x:  0.37158   0.01530   0.04294   0.06933   0.00992   0.02972   0.05310   0.06132   0.04947   0.03895   0.04918   0.00000   0.00590   0.05640   0.12207   0.03294   0.01809   0.36177   0.01432   0.25951   0.03771   0.02434   0.01580   7.02987   1.74468   0.99699   1.53742   0.84400  
 15 31.3424   2211.191008  x:  0.38420   0.01319   0.04520   0.06916   0.00988   0.02941   0.05349   0.06107   0.04947   0.03804   0.05175   0.00000   0.00560   0.05533   0.12367   0.02982   0.01964   0.35714   0.01376   0.23913   0.03599   0.02277   0.01457   7.02996   1.73818   1.00769   1.54858   0.84393  
 16 31.6437   2210.973952  x:  0.39324   0.01457   0.04409   0.06847   0.00967   0.02937   0.05318   0.05860   0.04623   0.03849   0.05026   0.00000   0.00537   0.05679   0.12525   0.03213   0.01757   0.35366   0.01434   0.22331   0.03808   0.02392   0.01564   7.03005   1.73276   1.01675   1.55828   0.84389  
 17 89.7036   2210.880435  x:  0.39341   0.01458   0.04423   0.07047   0.00959   0.02681   0.05235   0.05888   0.04878   0.04067   0.04882   0.00000   0.00560   0.05604   0.12429   0.03400   0.01840   0.35340   0.01403   0.22093   0.04074   0.02365   0.01540   7.03010   1.73024   1.02146   1.56440   0.84393  
 18 16.8723   2210.429988  x:  0.38609   0.01256   0.04425   0.06838   0.00949   0.02732   0.05738   0.06214   0.05312   0.04252   0.04985   0.00000   0.00513   0.05817   0.12023   0.03551   0.01352   0.35607   0.01455   0.22238   0.04252   0.02331   0.01419   7.03038   1.71865   1.04479   1.59693   0.84428  
 19 30.8887   2208.685333  x:  0.35443   0.01628   0.04717   0.06924   0.00956   0.02643   0.06260   0.06264   0.04722   0.04022   0.04857   0.00000   0.00550   0.05868   0.11955   0.03097   0.02121   0.36756   0.01443   0.23862   0.04103   0.02527   0.01680   7.03155   1.67251   1.14028   1.73153   0.84582  
 20 222.2992   2208.266604  x:  0.34761   0.01548   0.04668   0.07445   0.00923   0.03004   0.05491   0.06025   0.04852   0.03833   0.05272   0.00000   0.00544   0.06023   0.12042   0.03179   0.01878   0.37006   0.01499   0.24207   0.03871   0.02549   0.01643   7.03182   1.66480   1.15977   1.76111   0.84634  
 21 157.3731   2207.855920  x:  0.34604   0.01634   0.04629   0.07068   0.00883   0.02904   0.05643   0.05215   0.05513   0.04041   0.05817   0.00000   0.00545   0.06014   0.12880   0.03463   0.01997   0.37072   0.01560   0.24326   0.03741   0.02660   0.01706   7.03209   1.67657   1.16352   1.78190   0.84798  
 22 19.7027   2194.392354  x:  0.31529   0.01942   0.05850   0.09165   0.00972   0.02896   0.07041   0.06246   0.05964   0.01893   0.06188   0.00000   0.00547   0.07511   0.13542   0.02810   0.02242   0.37787   0.01653   0.20715   0.04801   0.03046   0.01913   7.04181   2.26880   1.15405   2.42351   0.91481  
 23 65.4926   2192.813667  x:  0.31125   0.02000   0.06056   0.09551   0.00998   0.03250   0.07071   0.06500   0.05433   0.03932   0.06313   0.00000   0.00549   0.07785   0.13494   0.02465   0.02266   0.37919   0.01698   0.20230   0.04017   0.03112   0.01973   7.04318   2.34810   1.15490   2.50566   0.92274  
 24 641.0721   2192.438725  x:  0.30984   0.02041   0.06100   0.09735   0.00978   0.02679   0.07227   0.06566   0.05376   0.03832   0.06247   0.00000   0.00576   0.07844   0.13351   0.02975   0.02138   0.37998   0.01739   0.20119   0.03103   0.03143   0.01979   7.04373   2.36304   1.16523   2.50660   0.91995  
 25 31.8969   2185.011731  x:  0.27093   0.02341   0.06879   0.10883   0.00901   0.03352   0.08126   0.06723   0.06245   0.03897   0.07230   0.00000   0.00470   0.08912   0.13647   0.02389   0.02548   0.39228   0.01977   0.18578   0.03872   0.03572   0.02325   7.05914   2.69510   1.49824   2.37973   0.81425  
 26 67.3546   2177.294205  x:  0.25367   0.02589   0.07756   0.12168   0.00803   0.03256   0.09528   0.06939   0.07348   0.03728   0.08049   0.00000   0.00520   0.10121   0.14376   0.02420   0.02770   0.39610   0.02222   0.16436   0.04107   0.03992   0.02646   7.06788   2.26799   1.34167   1.81528   1.18380  
 27  9.5519   2169.147481  x:  0.25191   0.02707   0.08571   0.13189   0.00798   0.02988   0.10744   0.07177   0.08251   0.03489   0.08570   0.00000   0.00418   0.11214   0.15119   0.02578   0.02922   0.39438   0.02421   0.14436   0.04207   0.04360   0.02875   7.08441   1.73111   0.97749   1.35848   0.92862  
 28 27.4953   2158.110748  x:  0.29724   0.02448   0.09538   0.14825   0.00689   0.02724   0.11667   0.06643   0.07954   0.03637   0.07955   0.00000   0.00000   0.12592   0.17809   0.02747   0.02808   0.37297   0.02530   0.19028   0.04464   0.04670   0.02772   7.04101   1.72748   0.97674   1.47040   0.84615  
 29  0.4121   2147.527849  x:  0.35911   0.01685   0.13102   0.20948   0.00432   0.02605   0.14564   0.05682   0.06543   0.04124   0.06366   0.00000   0.00000   0.17977   0.24731   0.01790   0.02513   0.33085   0.02873   0.21002   0.04771   0.05615   0.02528   7.01729   1.86234   1.11698   1.80884   0.83270  
 30  0.2666   2145.339386  x:  0.32066   0.01310   0.14258   0.22827   0.00761   0.02540   0.15122   0.06615   0.06733   0.04044   0.06619   0.00000   0.00000   0.20021   0.25375   0.02921   0.02387   0.33576   0.02922   0.24438   0.04928   0.05829   0.02367   7.19727   1.75145   1.04334   1.59987   0.85318  
 31  0.2218   2143.820815  x:  0.29837   0.00873   0.15500   0.24825   0.00796   0.02778   0.15210   0.06843   0.06935   0.03798   0.07089   0.00000   0.00000   0.22415   0.24593   0.02320   0.02411   0.32964   0.02806   0.21085   0.04586   0.05815   0.02222   7.25678   1.75714   0.98999   1.61475   0.77513  
 32  0.0615   2142.532057  x:  0.31391   0.00422   0.16522   0.26585   0.00645   0.02852   0.14952   0.06525   0.06924   0.03595   0.07177   0.00000   0.00000   0.24580   0.23640   0.01907   0.02407   0.30771   0.02607   0.19199   0.04444   0.05658   0.02061   7.23198   1.78999   1.05166   1.60478   0.87489  
 33  0.1255   2141.049809  x:  0.30367   0.00457   0.17192   0.27794   0.00342   0.02298   0.13944   0.05968   0.06886   0.03597   0.06818   0.00000   0.00000   0.26634   0.21438   0.03421   0.02320   0.28579   0.02223   0.20682   0.04962   0.05234   0.02016   7.07338   1.77373   1.09670   1.62587   0.84278  
 34  0.0668   2139.292770  x:  0.30225   0.00736   0.17382   0.27796   0.00819   0.03215   0.11834   0.06701   0.06645   0.03875   0.06602   0.00000   0.00000   0.28409   0.18930   0.03060   0.02490   0.25034   0.01756   0.22724   0.05084   0.04558   0.02217   7.17549   1.76301   1.04520   1.65734   0.84324  
 35  0.0607   2136.550083  x:  0.31922   0.01167   0.16371   0.25818   0.00573   0.03044   0.10983   0.06385   0.06696   0.04035   0.06784   0.00000   0.00000   0.28165   0.21417   0.01342   0.02709   0.20130   0.01845   0.22410   0.04715   0.04307   0.02649   7.14204   1.83734   1.03164   1.61501   0.78887  
 36  0.0347   2133.129300  x:  0.27506   0.01430   0.14768   0.22989   0.00222   0.02246   0.10378   0.06069   0.06990   0.04132   0.07072   0.00000   0.00000   0.27753   0.24779   0.02590   0.02680   0.15119   0.02160   0.20692   0.04601   0.04236   0.02913   7.13489   1.82649   1.00545   1.67667   0.85356  
 37  0.0790   2131.840222  x:  0.23598   0.01237   0.14194   0.21888   0.00756   0.02673   0.11078   0.06550   0.06972   0.03988   0.07066   0.00000   0.00000   0.27253   0.25800   0.02817   0.02635   0.14725   0.02461   0.21108   0.04597   0.04582   0.02768   7.03198   1.79709   1.05432   1.65229   0.84504  
 38  0.1151   2131.226356  x:  0.26253   0.01031   0.14158   0.21837   0.00785   0.02799   0.12101   0.06507   0.06884   0.03781   0.06737   0.00000   0.00000   0.27092   0.24890   0.02913   0.02532   0.12626   0.02586   0.20817   0.04709   0.04902   0.02447   7.03025   1.77958   1.05960   1.62122   0.83738  
 39  0.0375   2130.660516  x:  0.24908   0.00925   0.13985   0.21719   0.00639   0.02714   0.13666   0.06324   0.06784   0.03570   0.06540   0.00000   0.00000   0.25901   0.23043   0.02714   0.02393   0.13689   0.02693   0.20880   0.04798   0.05338   0.02005   7.07100   1.78180   1.04170   1.63151   0.85378  
 40  0.0514   2130.494034  x:  0.24022   0.01145   0.13848   0.21516   0.00595   0.02665   0.13614   0.06368   0.06770   0.03687   0.06679   0.00000   0.00000   0.25703   0.22100   0.02738   0.02413   0.12598   0.02615   0.21143   0.04841   0.05304   0.01992   7.04375   1.81908   1.04759   1.66141   0.84606  
 41  0.0536   2130.393368  x:  0.24761   0.01340   0.13892   0.21737   0.00601   0.02653   0.13633   0.06491   0.06781   0.03901   0.06938   0.00000   0.00000   0.24835   0.21713   0.02938   0.02454   0.12970   0.02532   0.21280   0.04840   0.05331   0.02069   7.00448   1.81234   1.05031   1.66677   0.83722  
 42  0.0200   2130.254261  x:  0.24027   0.01242   0.14227   0.22569   0.00584   0.02655   0.13700   0.06455   0.06745   0.04015   0.07078   0.00000   0.00000   0.23951   0.22121   0.02969   0.02470   0.12402   0.02402   0.21266   0.04728   0.05417   0.02129   7.01219   1.77633   1.04037   1.64306   0.85384  
 43  0.0177   2130.188276  x:  0.24067   0.01098   0.14386   0.22994   0.00596   0.02674   0.13680   0.06396   0.06723   0.03938   0.06908   0.00000   0.00000   0.23255   0.22312   0.02962   0.02442   0.12519   0.02343   0.21078   0.04742   0.05459   0.02107   7.04193   1.81753   1.05445   1.65562   0.84881  
 44  0.0395   2130.169662  x:  0.24187   0.01076   0.14416   0.23045   0.00610   0.02701   0.13503   0.06386   0.06770   0.03837   0.06784   0.00000   0.00000   0.23064   0.22320   0.02845   0.02437   0.12524   0.02325   0.21105   0.04787   0.05415   0.02107   7.03302   1.80693   1.04541   1.65904   0.84455  
 45  0.0139   2130.166071  x:  0.24102   0.01105   0.14441   0.23055   0.00602   0.02696   0.13388   0.06404   0.06822   0.03793   0.06812   0.00000   0.00000   0.23054   0.22309   0.02834   0.02438   0.12526   0.02345   0.21204   0.04806   0.05380   0.02106   7.02517   1.80677   1.04753   1.65581   0.84432  
 46  0.0050   2130.164189  x:  0.24151   0.01112   0.14473   0.23067   0.00603   0.02690   0.13368   0.06413   0.06822   0.03787   0.06835   0.00000   0.00000   0.22990   0.22301   0.02855   0.02441   0.12497   0.02392   0.21126   0.04806   0.05377   0.02084   7.03205   1.80845   1.04768   1.65829   0.84671  
 47  0.0034   2130.163474  x:  0.24124   0.01098   0.14509   0.23093   0.00600   0.02693   0.13366   0.06397   0.06797   0.03800   0.06818   0.00000   0.00000   0.23005   0.22288   0.02860   0.02445   0.12514   0.02418   0.21150   0.04801   0.05373   0.02078   7.02825   1.80712   1.04695   1.65711   0.84503  
 48  0.0026   2130.163355  x:  0.24130   0.01099   0.14511   0.23079   0.00602   0.02692   0.13360   0.06401   0.06795   0.03811   0.06815   0.00000   0.00000   0.22993   0.22292   0.02852   0.02448   0.12504   0.02423   0.21158   0.04797   0.05365   0.02088   7.02946   1.80743   1.04711   1.65734   0.84528  
 49  0.0007   2130.163312  x:  0.24130   0.01096   0.14520   0.23080   0.00602   0.02691   0.13371   0.06403   0.06800   0.03808   0.06815   0.00000   0.00000   0.22996   0.22274   0.02848   0.02447   0.12510   0.02424   0.21145   0.04798   0.05359   0.02090   7.02917   1.80746   1.04725   1.65729   0.84530  
 50  0.0002   2130.163291  x:  0.24129   0.01096   0.14525   0.23073   0.00603   0.02691   0.13379   0.06402   0.06801   0.03806   0.06816   0.00000   0.00000   0.22991   0.22285   0.02852   0.02445   0.12509   0.02424   0.21151   0.04799   0.05354   0.02091   7.02893   1.80734   1.04711   1.65717   0.84525  
 51  0.0002   2130.163287  x:  0.24130   0.01096   0.14528   0.23073   0.00602   0.02692   0.13378   0.06401   0.06799   0.03807   0.06816   0.00000   0.00000   0.22994   0.22283   0.02852   0.02446   0.12507   0.02422   0.21150   0.04799   0.05352   0.02090   7.02933   1.80743   1.04717   1.65734   0.84527  
 52  0.0003   2130.163286  x:  0.24129   0.01096   0.14528   0.23070   0.00602   0.02692   0.13378   0.06401   0.06799   0.03807   0.06816   0.00000   0.00000   0.22992   0.22284   0.02851   0.02446   0.12509   0.02422   0.21150   0.04798   0.05352   0.02089   7.02915   1.80741   1.04716   1.65728   0.84527  
 53  0.0001   2130.163285  x:  0.24130   0.01096   0.14531   0.23068   0.00602   0.02692   0.13377   0.06402   0.06799   0.03807   0.06816   0.00000   0.00000   0.22993   0.22284   0.02851   0.02446   0.12508   0.02422   0.21150   0.04798   0.05353   0.02089   7.02914   1.80739   1.04713   1.65722   0.84526  
 54  0.0000   2130.163284  x:  0.24129   0.01096   0.14532   0.23067   0.00602   0.02692   0.13377   0.06402   0.06800   0.03807   0.06816   0.00000   0.00000   0.22993   0.22284   0.02852   0.02446   0.12508   0.02422   0.21150   0.04798   0.05353   0.02089   7.02920   1.80741   1.04716   1.65729   0.84526  
 55  0.0001   2130.163284  x:  0.24130   0.01096   0.14532   0.23067   0.00602   0.02692   0.13377   0.06401   0.06799   0.03807   0.06816   0.00000   0.00000   0.22993   0.22284   0.02852   0.02446   0.12508   0.02422   0.21150   0.04798   0.05353   0.02090   7.02917   1.80741   1.04716   1.65728   0.84527  
 56  0.0000   2130.163284  x:  0.24130   0.01096   0.14532   0.23067   0.00602   0.02692   0.13377   0.06401   0.06799   0.03807   0.06816   0.00000   0.00000   0.22993   0.22284   0.02852   0.02446   0.12508   0.02422   0.21150   0.04798   0.05353   0.02090   7.02918   1.80741   1.04715   1.65728   0.84526  
 57  0.0000   2130.163284  x:  0.24130   0.01096   0.14532   0.23067   0.00602   0.02692   0.13377   0.06401   0.06799   0.03807   0.06816   0.00000   0.00000   0.22993   0.22284   0.02852   0.02446   0.12508   0.02422   0.21150   0.04798   0.05353   0.02090   7.02918   1.80741   1.04715   1.65728   0.84527  
 58  0.0000   2130.163284  x:  0.24130   0.01096   0.14532   0.23067   0.00602   0.02692   0.13377   0.06401   0.06799   0.03807   0.06816   0.00000   0.00000   0.22993   0.22284   0.02852   0.02446   0.12508   0.02422   0.21150   0.04798   0.05353   0.02090   7.02918   1.80741   1.04715   1.65728   0.84527  