

TREE # 1

  0  0.0000   2200.054357  x:  0.01972   0.20925   0.02571   0.03211   0.02495   0.05815   0.02188   0.05666   0.08536   0.02661   0.17168   0.01972   0.20925   0.02571   0.03211   0.02495   0.05815   0.02188   0.05666   0.08536   0.02661   0.17168   0.21568   8.40433   1.63962   1.13494   1.51496   1.00000  
  1 99.0000   2124.618618  x:  0.01012   0.21901   0.03082   0.01763   0.05403   0.07590   0.04511   0.05611   0.10149   0.00000   0.16242   0.00081   0.20393   0.02936   0.24837   0.04896   0.05778   0.02651   0.04533   0.10407   0.05472   0.17301   0.21139   8.40422   1.63955   1.13287   1.51777   1.00078  
  2 1247.3159   2124.202964  x:  0.00982   0.22002   0.03092   0.01683   0.05376   0.07668   0.04459   0.05606   0.10261   0.00000   0.16148   0.00000   0.20360   0.02846   0.24850   0.04852   0.05773   0.02632   0.04435   0.10483   0.05378   0.17324   0.21097   8.40420   1.63954   1.13267   1.51807   1.00086  
  3 140.7432   2122.719542  x:  0.02294   0.24195   0.03060   0.03672   0.05296   0.08178   0.04182   0.05840   0.11343   0.00000   0.14140   0.00000   0.19969   0.02479   0.24951   0.04893   0.05772   0.03152   0.03846   0.11574   0.04546   0.18178   0.20175   8.40388   1.63895   1.12669   1.52664   1.00337  
  4 100.4062   2121.951443  x:  0.02064   0.26128   0.02821   0.03470   0.05372   0.07672   0.04747   0.05647   0.11190   0.00000   0.11970   0.00000   0.19723   0.03043   0.24733   0.05175   0.05764   0.02468   0.04463   0.11853   0.04936   0.18916   0.19055   8.40338   1.63807   1.11820   1.53911   1.00708  
  5 54.6728   2121.771703  x:  0.01955   0.26664   0.03138   0.03210   0.05408   0.07527   0.04683   0.05618   0.10870   0.00000   0.11509   0.00000   0.19674   0.03029   0.24687   0.05143   0.05785   0.03116   0.04504   0.11660   0.05173   0.19092   0.18674   8.40307   1.63756   1.11346   1.54632   1.00926  
  6 40.5557   2121.535968  x:  0.02237   0.27206   0.02821   0.03088   0.05461   0.07633   0.04245   0.05775   0.10204   0.00000   0.11679   0.00000   0.19673   0.02697   0.24813   0.04928   0.05761   0.02952   0.04219   0.11016   0.05438   0.19199   0.18190   8.40220   1.63620   1.10099   1.56593   1.01531  
  7 27.2311   2121.251096  x:  0.02270   0.27430   0.03520   0.03143   0.05361   0.07812   0.04504   0.05785   0.10281   0.00000   0.12362   0.00000   0.19746   0.02821   0.24858   0.05000   0.05742   0.02605   0.04202   0.10729   0.05195   0.19088   0.17854   8.40063   1.63403   1.08067   1.59921   1.02564  
  8 42.7613   2120.965952  x:  0.02006   0.27312   0.02951   0.03100   0.05289   0.07766   0.04750   0.05642   0.10722   0.00000   0.12903   0.00000   0.19837   0.03095   0.24884   0.05135   0.05748   0.02987   0.04347   0.10867   0.04824   0.18853   0.17792   8.39890   1.63192   1.06036   1.63429   1.03662  
  9 83.7101   2120.835612  x:  0.01894   0.26709   0.03040   0.03229   0.05462   0.07375   0.04300   0.05589   0.10816   0.00000   0.12489   0.00000   0.19866   0.02983   0.24936   0.04988   0.05729   0.02884   0.04368   0.11341   0.05009   0.18659   0.18293   8.39773   1.63139   1.05303   1.65274   1.04265  
 10 26.5400   2120.769543  x:  0.02084   0.26199   0.03020   0.03161   0.05372   0.07632   0.04606   0.05655   0.10682   0.00000   0.11999   0.00000   0.19788   0.02784   0.24908   0.04979   0.05731   0.02899   0.04284   0.11488   0.05171   0.18598   0.18704   8.39683   1.63173   1.05197   1.66327   1.04626  
 11 19.5008   2120.712639  x:  0.02163   0.25845   0.03030   0.03091   0.05247   0.07811   0.04345   0.05604   0.10702   0.00000   0.11708   0.00000   0.19462   0.03075   0.25001   0.05242   0.05732   0.02889   0.04264   0.11207   0.04975   0.18744   0.18767   8.39522   1.63422   1.05946   1.67380   1.05015  
 12  7.6706   2120.571615  x:  0.02078   0.25466   0.03015   0.03150   0.05567   0.07480   0.04598   0.05736   0.10897   0.00000   0.11596   0.00000   0.18850   0.02982   0.25217   0.04902   0.05724   0.02887   0.04178   0.10809   0.04651   0.19099   0.18578   8.39048   1.64308   1.08466   1.70052   1.06019  
 13 20.9804   2120.296739  x:  0.01984   0.25701   0.03013   0.03154   0.05137   0.07671   0.04508   0.05451   0.10957   0.00000   0.12193   0.00000   0.18697   0.02659   0.25500   0.04866   0.05736   0.02902   0.04456   0.11558   0.05346   0.19323   0.18197   8.38031   1.66530   1.13748   1.75273   1.07945  
 14 40.9055   2120.184453  x:  0.01983   0.26098   0.03019   0.02972   0.05564   0.07753   0.04496   0.05804   0.10768   0.00000   0.12306   0.00000   0.19125   0.02893   0.25530   0.05171   0.05717   0.02914   0.04139   0.11889   0.05289   0.18985   0.18358   8.37585   1.67792   1.15690   1.77223   1.08586  
 15 35.0075   2120.046065  x:  0.02000   0.26722   0.03020   0.02996   0.05296   0.07567   0.04539   0.05542   0.10699   0.00000   0.12028   0.00000   0.20056   0.02796   0.25911   0.05106   0.05735   0.02893   0.04188   0.11458   0.04816   0.18139   0.18915   8.36988   1.70022   1.17470   1.79183   1.09037  
 16 22.5347   2119.932649  x:  0.01854   0.26772   0.03008   0.03045   0.05441   0.07979   0.04430   0.05765   0.11169   0.00000   0.11851   0.00000   0.20436   0.02955   0.26078   0.04755   0.05688   0.02907   0.04412   0.11113   0.05097   0.18011   0.18965   8.36431   1.72572   1.18189   1.80357   1.09023  
 17 16.6812   2119.439054  x:  0.02235   0.26095   0.03017   0.02593   0.05478   0.07577   0.04472   0.05583   0.11591   0.00000   0.11812   0.00000   0.20523   0.02485   0.26905   0.05346   0.05766   0.02867   0.04029   0.11291   0.05180   0.18843   0.18335   8.33874   1.84687   1.20086   1.84713   1.08265  
 18 39.2550   2119.279222  x:  0.01800   0.25971   0.03012   0.02806   0.05288   0.07772   0.04490   0.05585   0.10942   0.00000   0.11830   0.00000   0.20065   0.02707   0.27292   0.04980   0.05666   0.02861   0.03947   0.11727   0.04817   0.18926   0.18204   8.33051   1.88305   1.20570   1.85968   1.07909  
 19 55.8680   2119.217674  x:  0.01915   0.26257   0.03026   0.02696   0.05471   0.07851   0.04436   0.05616   0.10863   0.00000   0.11951   0.00000   0.19294   0.02586   0.27401   0.04993   0.05735   0.02873   0.04317   0.11835   0.04752   0.18598   0.18489   8.32691   1.89183   1.20638   1.86292   1.07589  
 20 10.9963   2119.155583  x:  0.01841   0.26581   0.03014   0.02740   0.05331   0.07723   0.04505   0.05598   0.11008   0.00000   0.12049   0.00000   0.18573   0.02702   0.27474   0.05028   0.05681   0.02874   0.03989   0.11769   0.05081   0.18238   0.18813   8.32303   1.89570   1.20636   1.86480   1.07139  
 21 11.6396   2118.844374  x:  0.00993   0.26856   0.02995   0.03034   0.05579   0.08029   0.04498   0.05492   0.11056   0.00000   0.11989   0.00000   0.18541   0.02087   0.28084   0.05614   0.05711   0.02827   0.03874   0.11576   0.05088   0.18483   0.19065   8.30248   1.87986   1.20234   1.86503   1.04297  
 22  5.4821   2117.562693  x:  0.01361   0.27671   0.03073   0.01891   0.05599   0.08273   0.04379   0.05284   0.11478   0.00000   0.11939   0.00000   0.19183   0.02296   0.31165   0.04875   0.05616   0.02810   0.03629   0.11980   0.04676   0.19691   0.19572   8.21623   1.80682   1.18473   1.86313   0.92508  
 23 92.6927   2117.407929  x:  0.01348   0.27506   0.03077   0.01780   0.05141   0.08091   0.04311   0.06055   0.11585   0.00000   0.11754   0.00000   0.19202   0.02142   0.31626   0.04985   0.05751   0.02795   0.03753   0.12073   0.04596   0.19149   0.18964   8.20498   1.79705   1.18170   1.85966   0.91665  
 24 26.6640   2117.170871  x:  0.01558   0.27028   0.03082   0.01755   0.05450   0.08300   0.04316   0.05629   0.11681   0.00000   0.11354   0.00000   0.19149   0.02067   0.32124   0.04986   0.05695   0.02767   0.03582   0.12205   0.04606   0.17687   0.17469   8.18789   1.78226   1.17572   1.84882   0.91648  
 25 23.6832   2115.993574  x:  0.01325   0.28011   0.03138   0.00949   0.05390   0.08602   0.04189   0.05745   0.12113   0.00000   0.11242   0.00000   0.19050   0.01875   0.34984   0.04817   0.05428   0.02723   0.03340   0.12372   0.04243   0.18347   0.17795   8.09891   1.71101   1.12794   1.74921   1.02697  
 26 15.0684   2115.978993  x:  0.01309   0.28024   0.03138   0.00951   0.05397   0.08620   0.04189   0.05722   0.12115   0.00000   0.11240   0.00000   0.19051   0.01905   0.35016   0.04783   0.05733   0.02711   0.03298   0.12375   0.04250   0.18358   0.17801   8.09775   1.71015   1.12734   1.74798   1.02836  
 27 11.2186   2115.525281  x:  0.00940   0.28785   0.03205   0.01486   0.05152   0.09053   0.03873   0.05627   0.12889   0.00000   0.11225   0.00000   0.18559   0.01428   0.34265   0.04461   0.05611   0.02513   0.02972   0.12900   0.03855   0.18364   0.17932   7.97129   1.71137   1.12604   1.73970   1.04454  
 28  0.1995   2115.409062  x:  0.00825   0.29036   0.03218   0.01171   0.05081   0.09298   0.03758   0.05533   0.13254   0.00000   0.11228   0.00000   0.18290   0.01363   0.33026   0.04381   0.05633   0.02478   0.03005   0.13232   0.03879   0.18253   0.17936   7.91994   1.73140   1.13799   1.75998   1.03420  
 29  0.1214   2115.389465  x:  0.00915   0.29092   0.03227   0.01178   0.05092   0.09424   0.03822   0.05528   0.13499   0.00000   0.11277   0.00000   0.18341   0.01468   0.32889   0.04452   0.05640   0.02499   0.03117   0.13344   0.03971   0.18246   0.17938   7.90675   1.72196   1.13374   1.75027   1.03712  
 30  0.0249   2115.388526  x:  0.00913   0.29078   0.03228   0.01169   0.05099   0.09440   0.03842   0.05545   0.13548   0.00000   0.11277   0.00000   0.18390   0.01454   0.32896   0.04456   0.05638   0.02512   0.03076   0.13351   0.03957   0.18254   0.17942   7.90804   1.72038   1.13286   1.74866   1.03734  
 31  0.0036   2115.388467  x:  0.00906   0.29069   0.03227   0.01170   0.05100   0.09442   0.03838   0.05547   0.13563   0.00000   0.11271   0.00000   0.18392   0.01453   0.32911   0.04451   0.05639   0.02511   0.03083   0.13352   0.03953   0.18258   0.17941   7.90982   1.72042   1.13277   1.74854   1.03756  
 32  0.0021   2115.388461  x:  0.00909   0.29065   0.03228   0.01171   0.05100   0.09442   0.03837   0.05547   0.13567   0.00000   0.11270   0.00000   0.18389   0.01452   0.32912   0.04451   0.05639   0.02510   0.03082   0.13351   0.03954   0.18258   0.17941   7.91061   1.72061   1.13286   1.74871   1.03757  
 33  0.0010   2115.388461  x:  0.00908   0.29065   0.03228   0.01171   0.05100   0.09441   0.03837   0.05546   0.13568   0.00000   0.11270   0.00000   0.18388   0.01452   0.32913   0.04451   0.05639   0.02511   0.03081   0.13350   0.03954   0.18258   0.17941   7.91080   1.72064   1.13289   1.74876   1.03755  
 34  0.0003   2115.388461  x:  0.00908   0.29065   0.03228   0.01170   0.05100   0.09441   0.03837   0.05546   0.13568   0.00000   0.11270   0.00000   0.18388   0.01452   0.32913   0.04451   0.05639   0.02511   0.03081   0.13350   0.03954   0.18258   0.17941   7.91083   1.72063   1.13289   1.74877   1.03755  
 35  0.0000   2115.388461  x:  0.00908   0.29065   0.03228   0.01170   0.05100   0.09441   0.03837   0.05546   0.13568   0.00000   0.11270   0.00000   0.18388   0.01452   0.32913   0.04451   0.05639   0.02511   0.03081   0.13350   0.03954   0.18258   0.17941   7.91082   1.72063   1.13289   1.74876   1.03754  
 36  0.0000   2115.388461  x:  0.00908   0.29065   0.03228   0.01170   0.05100   0.09441   0.03837   0.05546   0.13568   0.00000   0.11270   0.00000   0.18388   0.01452   0.32912   0.04451   0.05639   0.02511   0.03081   0.13350   0.03954   0.18258   0.17941   7.91081   1.72063   1.13289   1.74876   1.03755  
 37  0.0000   2115.388461  x:  0.00908   0.29065   0.03228   0.01170   0.05100   0.09441   0.03837   0.05546   0.13568   0.00000   0.11270   0.00000   0.18388   0.01452   0.32912   0.04451   0.05639   0.02511   0.03081   0.13350   0.03954   0.18258   0.17941   7.91081   1.72063   1.13289   1.74876   1.03755  

TREE # 2

  0  0.0000   2409.481419  x:  0.00908   0.29065   0.03228   0.01170   0.05100   0.09441   0.03837   0.05546   0.13568   0.00000   0.11270   0.00000   0.18388   0.01452   0.32912   0.04451   0.05639   0.02511   0.03081   0.13350   0.03954   0.18258   0.17941   7.91081   1.68662   1.02881   1.59021   1.03755  
  1 99.0000   2378.570695  x:  0.00938   0.29062   0.03251   0.01215   0.05104   0.09438   0.03854   0.05571   0.13567   0.00309   0.11269   0.06382   0.18388   0.01469   0.32912   0.04446   0.05636   0.02532   0.03079   0.13347   0.03954   0.18255   0.17937   7.91081   1.68662   1.02881   1.59022   1.03755  
  2 193671.7460   2218.197529  x:  0.16220   0.27409   0.15300   0.23940   0.07398   0.07951   0.12702   0.15777   0.11704   0.17169   0.10166   0.05637   0.17880   0.10035   0.32912   0.01981   0.04440   0.13649   0.02050   0.11750   0.04208   0.17044   0.15954   7.91084   1.68581   1.03001   1.59109   1.03802  
  3 2276.6577   2201.572998  x:  0.16228   0.25783   0.15590   0.23987   0.06714   0.06711   0.12968   0.17585   0.10316   0.16180   0.09261   0.05679   0.16529   0.10033   0.32760   0.00000   0.03815   0.13840   0.01283   0.10659   0.04345   0.16196   0.14503   7.91087   1.68467   1.03218   1.59130   1.03793  
  4 371.8852   2155.893123  x:  0.17353   0.14340   0.17562   0.25280   0.03577   0.00000   0.13456   0.23573   0.01664   0.10230   0.05269   0.05934   0.07412   0.10561   0.31739   0.00000   0.06196   0.15140   0.08587   0.05400   0.05171   0.11471   0.05157   7.91095   1.67854   1.04267   1.59422   1.03763  
  5 912.0083   2145.072932  x:  0.18068   0.07796   0.18375   0.25814   0.03818   0.03274   0.13830   0.25928   0.01204   0.07400   0.04644   0.06055   0.02528   0.10835   0.31213   0.00000   0.06324   0.15493   0.10269   0.04102   0.05300   0.09511   0.01682   7.91097   1.67584   1.04715   1.59628   1.03724  
  6 452.2844   2138.558659  x:  0.18551   0.03979   0.18812   0.26051   0.03768   0.03278   0.13861   0.26978   0.02186   0.06085   0.04655   0.06111   0.00000   0.11035   0.30923   0.00000   0.06244   0.15638   0.10940   0.03989   0.05390   0.08708   0.02195   7.91097   1.67435   1.04952   1.59762   1.03711  
  7 506.8294   2134.354704  x:  0.19161   0.00000   0.19175   0.26014   0.03943   0.03386   0.13721   0.27502   0.01651   0.05099   0.05194   0.06153   0.00329   0.11506   0.30703   0.00000   0.05905   0.15587   0.11152   0.04605   0.05339   0.08437   0.02580   7.91096   1.67300   1.05166   1.59931   1.03694  
  8 270.7950   2134.077357  x:  0.19598   0.00000   0.19476   0.25867   0.03982   0.03218   0.13536   0.27797   0.02012   0.04591   0.05433   0.06175   0.00802   0.11896   0.30489   0.00000   0.05658   0.15468   0.11331   0.04807   0.05266   0.08360   0.02272   7.91096   1.67177   1.05348   1.60099   1.03684  
  9 78.9226   2133.770954  x:  0.20631   0.00000   0.20182   0.24882   0.04072   0.03212   0.12783   0.27817   0.01830   0.04974   0.05455   0.06158   0.00686   0.12645   0.29662   0.00000   0.04991   0.14771   0.11525   0.04540   0.05016   0.09075   0.02226   7.91092   1.66733   1.05954   1.60785   1.03667  
 10 27.8777   2133.674917  x:  0.21060   0.00000   0.20483   0.24318   0.03909   0.03304   0.12811   0.27778   0.01812   0.05224   0.05107   0.06147   0.00792   0.12680   0.29222   0.00000   0.05214   0.14683   0.11424   0.04771   0.05415   0.08894   0.02264   7.91089   1.66396   1.06421   1.61377   1.03654  
 11 18.0352   2133.571024  x:  0.21487   0.00000   0.20736   0.23734   0.04049   0.03191   0.13185   0.27514   0.01767   0.05384   0.05503   0.06141   0.00803   0.12388   0.28722   0.00000   0.05698   0.14910   0.11056   0.04667   0.05239   0.08666   0.02190   7.91081   1.65828   1.07220   1.62507   1.03632  
 12 18.0561   2133.496490  x:  0.21604   0.00000   0.20778   0.23713   0.04258   0.03178   0.13497   0.27230   0.01771   0.05120   0.05152   0.06152   0.00922   0.12237   0.28579   0.00000   0.05721   0.15215   0.10977   0.04531   0.05055   0.08897   0.02282   7.91072   1.65337   1.07952   1.63690   1.03606  
 13 16.2767   2133.405924  x:  0.21513   0.00000   0.20645   0.23900   0.04254   0.03064   0.13676   0.26854   0.01750   0.05035   0.05174   0.06156   0.00765   0.12154   0.28613   0.00000   0.05407   0.15452   0.10905   0.04863   0.05201   0.09191   0.02089   7.91058   1.64748   1.08894   1.65364   1.03566  
 14 27.3095   2133.267223  x:  0.21088   0.00000   0.20329   0.24319   0.03928   0.03185   0.13598   0.26703   0.01762   0.05120   0.05434   0.06153   0.00912   0.12289   0.28910   0.00000   0.05028   0.15475   0.11036   0.04511   0.05504   0.09010   0.02221   7.91032   1.63943   1.10355   1.68135   1.03485  
 15 34.8461   2133.150750  x:  0.20654   0.00000   0.20061   0.24664   0.04127   0.03178   0.13141   0.27008   0.01778   0.05380   0.05289   0.06141   0.00904   0.12466   0.29281   0.00000   0.05189   0.15131   0.10987   0.04768   0.05085   0.08677   0.02239   7.91007   1.63552   1.11428   1.70496   1.03402  
 16 29.9223   2133.058793  x:  0.20683   0.00000   0.20132   0.24869   0.04145   0.03209   0.12869   0.27466   0.01826   0.05174   0.05421   0.06150   0.00834   0.12482   0.29544   0.00000   0.05817   0.14744   0.10728   0.04727   0.05326   0.09174   0.02255   7.90980   1.63955   1.11851   1.72261   1.03315  
 17 13.2055   2132.794981  x:  0.21421   0.00000   0.20591   0.24646   0.03352   0.03373   0.12937   0.27518   0.01962   0.04843   0.05378   0.06164   0.00589   0.12166   0.29703   0.00000   0.05672   0.14359   0.10662   0.04837   0.04840   0.08977   0.02338   7.90896   1.66810   1.12045   1.76481   1.03025  
 18 13.9679   2132.460020  x:  0.22046   0.00000   0.20946   0.24066   0.04212   0.03200   0.12907   0.27544   0.02104   0.04637   0.05349   0.06173   0.00314   0.11933   0.29642   0.00000   0.05080   0.14238   0.10684   0.04657   0.05287   0.08335   0.02397   7.90782   1.70959   1.12264   1.81794   1.02638  
 19 72.9326   2131.981755  x:  0.21103   0.00000   0.20337   0.22953   0.04216   0.03255   0.13326   0.28389   0.02199   0.05007   0.05525   0.06156   0.00295   0.13108   0.28502   0.00000   0.05048   0.15823   0.10631   0.04901   0.05145   0.08820   0.02536   7.90621   1.77580   1.13279   1.87933   1.02098  
 20 31.3610   2130.588727  x:  0.20452   0.00000   0.19537   0.25627   0.04217   0.02710   0.12697   0.25711   0.01812   0.05319   0.05474   0.06144   0.01078   0.12154   0.26552   0.00000   0.05306   0.14526   0.07562   0.04928   0.05126   0.08934   0.02406   7.90164   1.97184   1.19728   2.00561   1.00938  
 21 30.0576   2129.904213  x:  0.21183   0.00000   0.19974   0.24148   0.04483   0.02530   0.13494   0.25292   0.01800   0.05946   0.05523   0.06117   0.01177   0.11948   0.30836   0.00000   0.05156   0.14638   0.06826   0.05052   0.05073   0.09386   0.02411   7.89933   2.05064   1.25058   2.03693   1.01189  
 22 24.4920   2129.034787  x:  0.21633   0.00000   0.19969   0.24042   0.04313   0.02551   0.12295   0.23805   0.02073   0.05246   0.05508   0.06148   0.00476   0.13759   0.30768   0.00000   0.05665   0.15507   0.05106   0.05010   0.05104   0.08918   0.02519   7.89667   2.10343   1.32856   2.02717   1.02960  
 23 13.6102   2128.005806  x:  0.21184   0.00000   0.19882   0.24146   0.04543   0.02707   0.13213   0.25178   0.02609   0.05524   0.05924   0.06134   0.00475   0.12106   0.28662   0.00000   0.04903   0.14346   0.05391   0.05500   0.05002   0.09501   0.02910   7.89354   2.14906   1.41441   2.00749   1.05400  
 24 39.5083   2124.492157  x:  0.21010   0.00000   0.21049   0.23791   0.04567   0.02553   0.10936   0.24217   0.02876   0.05974   0.06376   0.06114   0.00947   0.09802   0.28474   0.00000   0.04399   0.16013   0.01486   0.06138   0.04873   0.10200   0.03313   7.88471   2.05594   1.32502   1.97051   1.12978  
 25  4.8272   2123.999566  x:  0.21078   0.00000   0.20612   0.23732   0.04719   0.02381   0.12034   0.23762   0.02902   0.05945   0.06402   0.06116   0.00856   0.10615   0.28435   0.00000   0.04471   0.15113   0.00777   0.06191   0.04851   0.10201   0.03352   7.88340   2.04030   1.30946   1.96453   1.13880  
 26 50.4849   2123.922367  x:  0.21923   0.00000   0.19415   0.23707   0.04689   0.02370   0.11883   0.23960   0.02939   0.06009   0.06368   0.06113   0.00866   0.10451   0.28437   0.00000   0.04462   0.15226   0.00741   0.06153   0.04859   0.10234   0.03339   7.88351   2.03555   1.30713   1.96131   1.12737  
 27  5.6205   2123.464418  x:  0.21467   0.00000   0.20185   0.23486   0.04709   0.02299   0.11775   0.24073   0.03045   0.05995   0.06417   0.06113   0.00813   0.10327   0.28460   0.00000   0.04309   0.15358   0.00602   0.06217   0.04863   0.10290   0.03418   7.88556   2.00019   1.29496   1.93409   1.00913  
 28  7.3219   2119.538907  x:  0.20736   0.00000   0.18957   0.21252   0.04744   0.01372   0.14196   0.27777   0.03284   0.05616   0.06194   0.06125   0.00772   0.12412   0.28807   0.00000   0.02604   0.13880   0.01739   0.06090   0.05014   0.09917   0.03758   7.89302   1.71177   1.11654   1.75960   0.97322  
 29  1.2967   2117.905579  x:  0.18863   0.00000   0.19476   0.19553   0.04105   0.01053   0.13608   0.33017   0.03199   0.04957   0.05695   0.06146   0.00849   0.12146   0.29207   0.00000   0.03769   0.14431   0.01222   0.05638   0.05222   0.09417   0.03810   7.88101   1.68099   1.11883   1.72407   1.05042  
 30  0.1668   2117.686746  x:  0.18351   0.00000   0.19047   0.19448   0.03821   0.01309   0.13527   0.34106   0.03170   0.04722   0.05498   0.06153   0.00893   0.11630   0.29169   0.00000   0.03015   0.14173   0.01106   0.05513   0.05179   0.09340   0.03867   7.90694   1.73445   1.15282   1.75094   1.05538  
 31  0.0964   2117.607529  x:  0.18439   0.00000   0.18574   0.19367   0.03848   0.01470   0.13755   0.34196   0.03157   0.04666   0.05489   0.06152   0.00865   0.11430   0.29105   0.00000   0.03278   0.13679   0.01178   0.05506   0.05092   0.09410   0.03897   7.93617   1.71957   1.13873   1.74100   1.03348  
 32  0.0538   2117.559191  x:  0.18360   0.00000   0.18474   0.18786   0.04001   0.01381   0.13536   0.33924   0.03099   0.04656   0.05570   0.06147   0.00854   0.11281   0.29083   0.00000   0.03172   0.13743   0.01140   0.05542   0.05052   0.09490   0.03878   7.94885   1.69621   1.11679   1.72984   1.03134  
 33  0.0247   2117.511852  x:  0.17995   0.00000   0.18279   0.18337   0.04071   0.01315   0.13410   0.33311   0.03005   0.04566   0.05615   0.06140   0.00846   0.11363   0.29077   0.00000   0.03225   0.13600   0.01193   0.05542   0.05104   0.09475   0.03804   7.93400   1.72282   1.13512   1.74652   1.03040  
 34  0.0244   2117.495840  x:  0.17829   0.00000   0.18221   0.18343   0.03946   0.01475   0.13331   0.32916   0.03018   0.04520   0.05590   0.06135   0.00910   0.11248   0.29057   0.00000   0.03229   0.13547   0.01170   0.05564   0.05123   0.09450   0.03819   7.91608   1.71665   1.13329   1.74377   1.03976  
 35  0.0189   2117.487352  x:  0.18067   0.00000   0.18203   0.18199   0.03935   0.01447   0.13341   0.32723   0.03105   0.04533   0.05513   0.06122   0.00954   0.11216   0.29080   0.00000   0.03231   0.13529   0.01171   0.05534   0.05064   0.09413   0.03838   7.89440   1.71630   1.13471   1.74421   1.03676  
 36  0.0068   2117.458733  x:  0.17612   0.00000   0.18189   0.18540   0.03961   0.01349   0.13298   0.32539   0.03320   0.04453   0.05505   0.06066   0.00947   0.11269   0.29131   0.00000   0.03244   0.13504   0.01164   0.05503   0.05033   0.09446   0.03910   7.88456   1.71501   1.13117   1.74601   1.03069  
 37  0.0030   2117.329776  x:  0.17868   0.00000   0.18355   0.17372   0.03955   0.01606   0.13249   0.32984   0.03886   0.04396   0.05871   0.05656   0.00683   0.11550   0.29140   0.00000   0.03262   0.13655   0.01175   0.05551   0.05376   0.09677   0.04245   7.99136   1.74031   1.13726   1.75243   1.05015  
 38  0.0141   2116.754480  x:  0.17869   0.00000   0.17477   0.19504   0.03906   0.01105   0.13193   0.33053   0.03526   0.04300   0.05403   0.04945   0.01169   0.10445   0.28844   0.00000   0.03173   0.12880   0.01224   0.05553   0.04880   0.09130   0.04075   7.90163   1.72477   1.13311   1.75852   1.05126  
 39  0.0193   2115.532014  x:  0.17568   0.00000   0.18147   0.19320   0.03843   0.01371   0.12967   0.32987   0.03292   0.04411   0.05390   0.02538   0.01194   0.10948   0.29097   0.00000   0.03301   0.13759   0.01326   0.05688   0.04840   0.09062   0.04157   7.87674   1.70924   1.13104   1.74693   1.03219  
 40  0.0180   2115.396242  x:  0.17969   0.00000   0.18278   0.18366   0.03973   0.01436   0.13317   0.32955   0.03027   0.04447   0.05656   0.02495   0.00944   0.11307   0.29073   0.00000   0.03234   0.13486   0.01208   0.05577   0.05154   0.09441   0.03990   7.91351   1.72055   1.13281   1.74831   1.03974  
 41  0.0381   2115.390798  x:  0.17946   0.00000   0.18244   0.18356   0.03945   0.01447   0.13352   0.32897   0.03041   0.04461   0.05640   0.02548   0.00899   0.11275   0.29068   0.00000   0.03231   0.13609   0.01169   0.05542   0.05097   0.09455   0.03921   7.90964   1.72128   1.13334   1.74894   1.03705  
 42  0.0045   2115.389260  x:  0.17940   0.00000   0.18247   0.18387   0.03946   0.01447   0.13361   0.32879   0.03067   0.04460   0.05634   0.02493   0.00895   0.11261   0.29063   0.00000   0.03227   0.13591   0.01161   0.05533   0.05086   0.09448   0.03882   7.90920   1.72134   1.13326   1.74931   1.03705  
 43  0.0011   2115.388528  x:  0.17942   0.00000   0.18268   0.18406   0.03956   0.01450   0.13355   0.32891   0.03083   0.04451   0.05634   0.02513   0.00906   0.11269   0.29065   0.00000   0.03226   0.13554   0.01168   0.05540   0.05097   0.09437   0.03843   7.91038   1.72058   1.13289   1.74888   1.03753  
 44  0.0014   2115.388462  x:  0.17941   0.00000   0.18257   0.18390   0.03955   0.01452   0.13350   0.32910   0.03081   0.04451   0.05638   0.02510   0.00909   0.11271   0.29066   0.00000   0.03228   0.13570   0.01171   0.05545   0.05100   0.09440   0.03837   7.91093   1.72059   1.13287   1.74875   1.03751  
 45  0.0006   2115.388461  x:  0.17941   0.00000   0.18258   0.18388   0.03954   0.01452   0.13350   0.32912   0.03081   0.04451   0.05639   0.02511   0.00908   0.11270   0.29065   0.00000   0.03228   0.13568   0.01171   0.05546   0.05100   0.09441   0.03837   7.91089   1.72063   1.13289   1.74876   1.03755  
 46  0.0001   2115.388461  x:  0.17941   0.00000   0.18258   0.18388   0.03954   0.01452   0.13350   0.32913   0.03081   0.04451   0.05639   0.02511   0.00908   0.11270   0.29065   0.00000   0.03228   0.13568   0.01170   0.05546   0.05100   0.09441   0.03837   7.91082   1.72063   1.13289   1.74876   1.03755  
 47  0.0001   2115.388461  x:  0.17941   0.00000   0.18258   0.18388   0.03954   0.01452   0.13350   0.32912   0.03081   0.04451   0.05639   0.02511   0.00908   0.11270   0.29065   0.00000   0.03228   0.13568   0.01170   0.05546   0.05100   0.09441   0.03837   7.91081   1.72063   1.13289   1.74876   1.03755  
 48  0.0000   2115.388461  x:  0.17941   0.00000   0.18258   0.18388   0.03954   0.01452   0.13350   0.32912   0.03081   0.04451   0.05639   0.02511   0.00908   0.11270   0.29065   0.00000   0.03228   0.13568   0.01170   0.05546   0.05100   0.09441   0.03837   7.91081   1.72063   1.13289   1.74876   1.03755  
 49  0.0000   2115.388461  x:  0.17941   0.00000   0.18258   0.18388   0.03954   0.01452   0.13350   0.32912   0.03081   0.04451   0.05639   0.02511   0.00908   0.11270   0.29065   0.00000   0.03228   0.13568   0.01170   0.05546   0.05100   0.09441   0.03837   7.91081   1.72063   1.13289   1.74876   1.03755  