

TREE # 1

  0  0.0000   2329.874250  x:  0.05544   0.00000   0.10217   0.02711   0.07667   0.08475   0.05179   0.04669   0.08698   0.06094   0.07235   0.11657   0.01414   0.04426   0.02523   0.07538   0.05582   0.06163   0.07398   0.06314   0.11935   0.06224   0.11789   0.07406   2.00000   1.42463   0.98918   1.24029   0.40000  
  1 99.0000   2329.871686  x:  0.05544   0.00000   0.10217   0.02711   0.07667   0.08475   0.05179   0.04669   0.08698   0.06095   0.07235   0.11657   0.01414   0.04427   0.02523   0.07538   0.05582   0.06163   0.07398   0.06314   0.11935   0.06224   0.11789   0.07406   2.00000   1.42463   0.98918   1.24029   0.40000  
  2 631.1519   2312.967275  x:  0.07693   0.00000   0.14549   0.03005   0.05995   0.06453   0.05522   0.02462   0.07402   0.08486   0.04557   0.14505   0.00990   0.02424   0.01516   0.06765   0.02955   0.09139   0.06658   0.06720   0.12032   0.04404   0.15612   0.09551   2.01436   1.42502   0.98836   1.24494   0.43429  
  3 397.8581   2310.367340  x:  0.07639   0.00000   0.15044   0.01553   0.05475   0.05811   0.05540   0.02431   0.07048   0.08116   0.03622   0.15140   0.01292   0.02588   0.01879   0.06561   0.02400   0.08571   0.06412   0.06793   0.12065   0.04100   0.16279   0.09495   2.02228   1.42536   0.98815   1.24742   0.44904  
  4 204.7969   2307.401556  x:  0.07100   0.00000   0.15433   0.02341   0.04698   0.04728   0.05506   0.02875   0.06466   0.06912   0.02308   0.16158   0.01414   0.02883   0.01424   0.06192   0.02032   0.06737   0.06010   0.06890   0.12112   0.03817   0.17163   0.08948   2.04180   1.42630   0.98769   1.25350   0.48187  
  5 222.8043   2306.502288  x:  0.06908   0.00000   0.15514   0.02649   0.04590   0.04499   0.05484   0.02949   0.06336   0.06618   0.02310   0.16505   0.01232   0.02546   0.02129   0.06110   0.02271   0.06385   0.05945   0.06921   0.12140   0.03876   0.17443   0.08753   2.05206   1.42684   0.98745   1.25668   0.49717  
  6 235.5620   2302.737141  x:  0.06287   0.00000   0.15355   0.02186   0.05037   0.04534   0.05359   0.02828   0.06294   0.06193   0.04287   0.17783   0.00545   0.02840   0.01618   0.05851   0.04236   0.06667   0.06085   0.06977   0.12218   0.04699   0.18263   0.08110   2.11254   1.43037   0.98615   1.27508   0.57840  
  7 241.8053   2301.282083  x:  0.06155   0.00000   0.14935   0.02306   0.05421   0.04924   0.05315   0.02844   0.06489   0.06362   0.04999   0.18085   0.02155   0.02675   0.01556   0.05853   0.04684   0.06977   0.06259   0.06940   0.12243   0.05050   0.18298   0.07965   2.14926   1.43259   0.98579   1.28587   0.62159  
  8 438.5957   2296.740929  x:  0.06842   0.00000   0.12254   0.02458   0.06403   0.06878   0.05380   0.03310   0.07729   0.07954   0.04121   0.16623   0.01520   0.02664   0.01768   0.06526   0.02310   0.07412   0.06861   0.06545   0.12185   0.04750   0.16201   0.08612   2.25360   1.43955   0.98735   1.31408   0.71114  
  9 219.6570   2294.494041  x:  0.07596   0.00000   0.12391   0.02513   0.05808   0.06501   0.05464   0.01988   0.07588   0.07381   0.03005   0.14249   0.01557   0.02797   0.01786   0.06877   0.03636   0.07905   0.06643   0.06667   0.12022   0.03922   0.14364   0.09335   2.33389   1.44639   0.99233   1.33177   0.73238  
 10 114.8210   2291.184279  x:  0.07975   0.00000   0.14735   0.02424   0.04891   0.05222   0.05584   0.04306   0.06868   0.07145   0.03856   0.11142   0.01590   0.02822   0.01785   0.06983   0.03403   0.08712   0.06117   0.06862   0.11753   0.03798   0.12959   0.09651   2.49318   1.46174   1.00447   1.36380   0.73926  
 11 198.0601   2281.202513  x:  0.06256   0.00000   0.17870   0.02544   0.05886   0.05069   0.05164   0.01504   0.06655   0.07985   0.05083   0.10233   0.01536   0.03030   0.01856   0.06761   0.01300   0.07111   0.06150   0.06673   0.11460   0.05197   0.13292   0.07752   2.93032   1.50693   1.04129   1.44657   0.70717  
 12 325.9728   2267.541130  x:  0.05843   0.00000   0.19163   0.02236   0.07514   0.07274   0.05226   0.03469   0.07745   0.10196   0.01976   0.14623   0.01353   0.03046   0.01749   0.06531   0.04515   0.05919   0.07182   0.06291   0.11555   0.04867   0.16184   0.07019   3.70428   1.58897   1.10778   1.58952   0.63123  
 13 1116.9037   2259.535345  x:  0.07890   0.00000   0.14943   0.02459   0.06188   0.06716   0.05603   0.03531   0.07509   0.06257   0.03990   0.18974   0.01472   0.02986   0.01893   0.06253   0.03322   0.07388   0.06990   0.06695   0.12274   0.03339   0.18145   0.08888   4.11297   1.63506   1.14387   1.65958   0.58524  
 14 662.1241   2258.631009  x:  0.07930   0.00000   0.13344   0.02454   0.05234   0.05534   0.05472   0.03499   0.06936   0.06985   0.03836   0.19401   0.01477   0.02905   0.01835   0.06287   0.03407   0.07795   0.06479   0.06903   0.12445   0.04611   0.18305   0.08903   4.15975   1.64268   1.14777   1.66341   0.57988  
 15 128.6262   2258.499285  x:  0.07735   0.00000   0.13004   0.02456   0.05297   0.05197   0.05447   0.03492   0.06783   0.07373   0.04005   0.19304   0.01501   0.02936   0.01851   0.06199   0.03473   0.07799   0.06330   0.06872   0.12536   0.04029   0.18438   0.08695   4.16645   1.64728   1.14782   1.65740   0.57996  
 16 20.2238   2257.296391  x:  0.07934   0.00000   0.12696   0.02505   0.06032   0.05529   0.05670   0.03549   0.06672   0.06881   0.03576   0.18044   0.01481   0.02933   0.01880   0.06002   0.03497   0.08164   0.06210   0.06638   0.13198   0.04447   0.20112   0.08693   4.22833   1.72142   1.14151   1.54270   0.58986  
 17 22.8781   2256.824663  x:  0.08282   0.00000   0.13072   0.02498   0.05189   0.05652   0.05374   0.03487   0.07133   0.07305   0.04035   0.18623   0.01507   0.02974   0.01891   0.06361   0.03557   0.07552   0.06583   0.07032   0.12926   0.04325   0.19474   0.08952   4.25200   1.74832   1.13719   1.49721   0.59383  
 18 74.3783   2256.593639  x:  0.07993   0.00000   0.13376   0.02535   0.05320   0.05450   0.05585   0.03517   0.07090   0.07172   0.03863   0.19515   0.01497   0.03004   0.01934   0.06343   0.03437   0.08077   0.06521   0.06905   0.12452   0.04292   0.18312   0.08608   4.26271   1.75672   1.13271   1.47740   0.59535  
 19 32.5958   2256.383979  x:  0.08450   0.00000   0.13502   0.02521   0.05932   0.05416   0.05369   0.03535   0.06561   0.07292   0.03957   0.19846   0.01503   0.03017   0.01956   0.06042   0.03480   0.07747   0.05989   0.06705   0.12355   0.04392   0.17866   0.08990   4.27018   1.75200   1.12322   1.46780   0.59580  
 20 10.5190   2251.061885  x:  0.09495   0.00000   0.14207   0.02804   0.05357   0.06356   0.05897   0.03446   0.04663   0.07842   0.03678   0.19720   0.01452   0.03528   0.02304   0.05016   0.03405   0.08455   0.07238   0.07802   0.13783   0.04274   0.18623   0.08096   4.42987   1.55667   0.86981   1.30175   0.60057  
 21 29.1079   2249.404157  x:  0.10011   0.00000   0.14550   0.02904   0.05601   0.05312   0.05369   0.03451   0.06991   0.07797   0.03591   0.19597   0.01450   0.03695   0.02396   0.05732   0.03444   0.08783   0.06007   0.06975   0.13552   0.04346   0.19452   0.07926   4.48455   1.48504   0.79385   1.24421   0.60319  
 22 234.4759   2247.218477  x:  0.10726   0.00000   0.14532   0.03014   0.05310   0.05512   0.05989   0.03402   0.06019   0.08084   0.03787   0.19207   0.01460   0.03944   0.02512   0.07350   0.03574   0.08823   0.06397   0.05206   0.10211   0.04324   0.21023   0.07777   4.54243   1.38444   0.79650   1.17517   0.61343  
 23 45.9868   2244.370596  x:  0.11398   0.00000   0.14961   0.03208   0.06223   0.05656   0.05226   0.03515   0.06360   0.08265   0.03448   0.19021   0.01412   0.04291   0.02718   0.06994   0.03504   0.09555   0.05881   0.08223   0.09515   0.04413   0.21808   0.07220   4.61991   1.24335   0.83166   1.08203   0.62995  
 24 149.7266   2242.782550  x:  0.11935   0.00000   0.15659   0.03302   0.05714   0.05514   0.05858   0.03437   0.06914   0.08657   0.03559   0.19286   0.01403   0.04486   0.02805   0.05941   0.03576   0.09613   0.06232   0.06782   0.12463   0.04640   0.21300   0.07077   4.65875   1.17528   0.85875   1.03927   0.63941  
 25 116.1262   2241.950499  x:  0.11924   0.00000   0.16032   0.03373   0.05595   0.05882   0.04280   0.03498   0.06271   0.08540   0.03376   0.19493   0.01383   0.04604   0.02837   0.07244   0.03501   0.10143   0.06099   0.06346   0.13468   0.04471   0.21288   0.06714   4.66652   1.18251   0.87042   1.05103   0.64321  
 26 13.2403   2235.971467  x:  0.13865   0.00000   0.18135   0.03783   0.06415   0.06021   0.07697   0.03287   0.05656   0.09643   0.03434   0.20201   0.01383   0.05556   0.03193   0.12300   0.03465   0.10480   0.03797   0.07790   0.15952   0.04300   0.21958   0.05778   4.71262   1.30282   0.95865   1.19633   0.67226  
 27 60.7414   2227.077681  x:  0.17454   0.00000   0.20059   0.04379   0.08118   0.02521   0.06748   0.03243   0.06962   0.10702   0.02743   0.19993   0.01356   0.06790   0.03958   0.10367   0.03394   0.11665   0.08025   0.07644   0.14909   0.04562   0.23172   0.05321   4.77403   1.48522   1.08120   1.41075   0.71202  
 28 264.2019   2220.600268  x:  0.18895   0.00000   0.21186   0.04871   0.05440   0.04523   0.05327   0.03052   0.08392   0.11568   0.02472   0.19440   0.01276   0.07655   0.04626   0.05059   0.03435   0.13228   0.06390   0.06513   0.12519   0.04370   0.24249   0.04035   4.81498   1.61114   1.16376   1.55729   0.73866  
 29 360.8483   2213.018821  x:  0.23308   0.00000   0.22617   0.05900   0.03610   0.05964   0.06441   0.02084   0.05928   0.12086   0.02651   0.22356   0.00932   0.10504   0.05802   0.08899   0.02036   0.14640   0.06690   0.07780   0.12688   0.02824   0.25494   0.01281   5.81314   1.64926   1.12070   1.51108   0.81117  
 30  0.6126   2210.031107  x:  0.24511   0.00000   0.23030   0.06216   0.05050   0.05189   0.05835   0.02212   0.05891   0.11947   0.02774   0.22251   0.00875   0.11752   0.06281   0.07407   0.02115   0.14877   0.06021   0.07546   0.11878   0.02956   0.25782   0.00000   6.25000   1.63006   1.10134   1.49218   0.82310  
 31  0.5263   2209.924449  x:  0.22586   0.00000   0.23030   0.06217   0.05050   0.05185   0.05832   0.02213   0.05893   0.11945   0.02774   0.22248   0.00874   0.11760   0.06283   0.07398   0.02117   0.14876   0.06017   0.07544   0.11876   0.02957   0.25780   0.00000   6.25303   1.62983   1.10121   1.49208   0.82313  
 32  5.0702   2207.708133  x:  0.22536   0.00000   0.23143   0.06666   0.04707   0.04193   0.05340   0.02478   0.06430   0.11423   0.02562   0.21204   0.00689   0.14267   0.07047   0.05161   0.02584   0.14614   0.05277   0.06811   0.11463   0.03326   0.25449   0.00000   7.08752   1.56950   1.07039   1.47195   0.83453  
 33  0.7737   2206.698586  x:  0.22480   0.00000   0.23236   0.06779   0.05765   0.04917   0.05741   0.02658   0.06471   0.11120   0.02423   0.20286   0.00517   0.15795   0.07299   0.06605   0.02691   0.13863   0.06390   0.06890   0.12249   0.03365   0.24887   0.00000   7.56469   1.53932   1.05581   1.44778   0.83637  
 34  0.4936   2206.692140  x:  0.22481   0.00000   0.23229   0.06777   0.05752   0.04917   0.05741   0.02654   0.06475   0.11116   0.02427   0.20278   0.00517   0.15811   0.07300   0.06608   0.02687   0.13852   0.06385   0.06893   0.12247   0.03359   0.24878   0.00471   7.56875   1.53978   1.05605   1.44787   0.83621  
 35  0.2497   2206.251125  x:  0.22472   0.00000   0.22620   0.06570   0.04671   0.04905   0.05721   0.02353   0.06750   0.10810   0.02789   0.19632   0.00461   0.17145   0.07349   0.06791   0.02352   0.12935   0.05949   0.07128   0.12100   0.02856   0.24138   0.00000   7.90499   1.57780   1.07656   1.45510   0.82291  
 36  2.3638   2206.080750  x:  0.22383   0.00000   0.22553   0.06249   0.05004   0.04973   0.05670   0.02476   0.06431   0.11030   0.02414   0.19507   0.00510   0.17167   0.07091   0.06546   0.02462   0.12880   0.06226   0.07107   0.11991   0.03252   0.24016   0.00109   7.82731   1.57468   1.08319   1.48388   0.81400  
 37  0.0428   2205.923892  x:  0.22323   0.00000   0.22464   0.05540   0.04992   0.04922   0.05659   0.02458   0.06302   0.11412   0.02779   0.19520   0.00582   0.17652   0.06551   0.06617   0.02471   0.12670   0.06093   0.06983   0.11993   0.03085   0.23849   0.00079   7.76820   1.60254   1.09497   1.49792   0.80407  
 38  0.0243   2205.842899  x:  0.22304   0.00000   0.22540   0.05318   0.04994   0.04888   0.05692   0.02433   0.06534   0.11417   0.02546   0.19741   0.00450   0.18136   0.06287   0.06713   0.02326   0.13029   0.05978   0.07107   0.11988   0.03019   0.24043   0.00090   7.77070   1.58941   1.08410   1.48106   0.81451  
 39  0.0124   2205.805903  x:  0.22272   0.00000   0.22736   0.05360   0.04986   0.04921   0.05694   0.02393   0.06557   0.11325   0.02712   0.19740   0.00403   0.18422   0.06192   0.06681   0.02477   0.13205   0.06101   0.07104   0.11996   0.03180   0.24336   0.00110   7.76619   1.57242   1.07690   1.46998   0.82004  
 40  0.0163   2205.779739  x:  0.22249   0.00000   0.22685   0.05469   0.04935   0.04954   0.05661   0.02544   0.06435   0.11127   0.02680   0.19699   0.00330   0.18763   0.06060   0.06584   0.02421   0.13214   0.06177   0.07007   0.12058   0.03150   0.24419   0.00136   7.71945   1.57430   1.08142   1.47205   0.81687  
 41  0.0175   2205.761439  x:  0.22228   0.00000   0.22633   0.05622   0.04952   0.04938   0.05684   0.02411   0.06446   0.11040   0.02615   0.19735   0.00316   0.18938   0.05972   0.06642   0.02477   0.13150   0.06097   0.07044   0.12028   0.03133   0.24441   0.00136   7.64390   1.58139   1.08548   1.47611   0.81172  
 42  0.0418   2205.756074  x:  0.22216   0.00000   0.22641   0.05709   0.04988   0.04920   0.05700   0.02450   0.06500   0.11105   0.02658   0.19779   0.00326   0.18962   0.05977   0.06680   0.02431   0.13108   0.06079   0.07093   0.11990   0.03152   0.24405   0.00136   7.60695   1.57925   1.08259   1.47552   0.81173  
 43  0.0230   2205.754148  x:  0.22205   0.00000   0.22637   0.05718   0.04974   0.04915   0.05684   0.02445   0.06485   0.11195   0.02628   0.19737   0.00339   0.19031   0.05985   0.06656   0.02446   0.13066   0.06103   0.07061   0.12007   0.03144   0.24347   0.00148   7.59476   1.57746   1.08043   1.47313   0.81242  
 44  0.0064   2205.753632  x:  0.22204   0.00000   0.22623   0.05707   0.04950   0.04926   0.05680   0.02442   0.06486   0.11205   0.02639   0.19731   0.00344   0.19060   0.06011   0.06666   0.02435   0.13061   0.06090   0.07066   0.12008   0.03142   0.24350   0.00145   7.58886   1.57675   1.08175   1.47285   0.81292  
 45  0.0021   2205.753175  x:  0.22203   0.00000   0.22616   0.05689   0.04982   0.04928   0.05684   0.02444   0.06482   0.11192   0.02637   0.19743   0.00342   0.19076   0.06040   0.06659   0.02442   0.13072   0.06098   0.07071   0.12011   0.03136   0.24361   0.00149   7.57462   1.57723   1.08201   1.47247   0.81288  
 46  0.0052   2205.753039  x:  0.22202   0.00000   0.22612   0.05680   0.04971   0.04921   0.05686   0.02444   0.06483   0.11181   0.02637   0.19747   0.00339   0.19086   0.06052   0.06661   0.02443   0.13070   0.06095   0.07066   0.12005   0.03140   0.24356   0.00150   7.57272   1.57709   1.08132   1.47292   0.81241  
 47  0.0013   2205.753033  x:  0.22202   0.00000   0.22616   0.05680   0.04970   0.04921   0.05684   0.02444   0.06485   0.11181   0.02638   0.19744   0.00338   0.19088   0.06053   0.06661   0.02442   0.13070   0.06096   0.07066   0.12007   0.03137   0.24358   0.00149   7.57293   1.57718   1.08125   1.47283   0.81234  
 48  0.0002   2205.753032  x:  0.22202   0.00000   0.22618   0.05680   0.04970   0.04922   0.05684   0.02444   0.06485   0.11182   0.02638   0.19744   0.00338   0.19088   0.06053   0.06662   0.02442   0.13071   0.06096   0.07066   0.12007   0.03138   0.24359   0.00150   7.57268   1.57713   1.08126   1.47282   0.81227  
 49  0.0002   2205.753032  x:  0.22202   0.00000   0.22618   0.05680   0.04970   0.04922   0.05684   0.02444   0.06485   0.11182   0.02638   0.19744   0.00338   0.19088   0.06053   0.06661   0.02442   0.13071   0.06096   0.07066   0.12007   0.03138   0.24359   0.00149   7.57276   1.57712   1.08125   1.47281   0.81227  
 50  0.0001   2205.753032  x:  0.22202   0.00000   0.22618   0.05680   0.04970   0.04922   0.05684   0.02444   0.06485   0.11182   0.02638   0.19744   0.00338   0.19088   0.06053   0.06661   0.02442   0.13071   0.06096   0.07066   0.12007   0.03138   0.24359   0.00149   7.57276   1.57712   1.08125   1.47281   0.81226  
 51  0.0000   2205.753032  x:  0.22202   0.00000   0.22618   0.05680   0.04970   0.04922   0.05684   0.02444   0.06485   0.11182   0.02638   0.19744   0.00338   0.19088   0.06053   0.06661   0.02442   0.13071   0.06096   0.07066   0.12007   0.03138   0.24359   0.00149   7.57277   1.57712   1.08125   1.47281   0.81226  