

TREE # 1

  0  0.0000   2127.033375  x:  0.06045   0.00000   0.11372   0.02173   0.05364   0.07485   0.08222   0.05629   0.08352   0.07028   0.06099   0.10356   0.02232   0.06889   0.02125   0.06654   0.06601   0.04684   0.04748   0.06376   0.09712   0.05200   0.10572   0.07907   2.00000   1.77838   1.03050   1.54619   0.40000  
  1 99.0000   2117.215716  x:  0.06262   0.05002   0.11651   0.02250   0.05146   0.07382   0.08396   0.05630   0.08282   0.07156   0.05952   0.10556   0.02206   0.07422   0.02301   0.06625   0.06625   0.04697   0.04606   0.06357   0.09592   0.05003   0.10722   0.08124   2.00069   1.77827   1.03044   1.54644   0.40235  
  2 2302.5490   2086.356557  x:  0.10050   0.04722   0.15821   0.03716   0.00848   0.05388   0.11689   0.05632   0.06948   0.09550   0.02998   0.13013   0.00269   0.16823   0.05174   0.06036   0.07077   0.04956   0.01875   0.05992   0.07239   0.01090   0.13602   0.11912   2.01430   1.77589   1.02997   1.55098   0.44664  
  3 377.6659   2083.344451  x:  0.10851   0.04614   0.17135   0.03525   0.01513   0.04906   0.12494   0.05477   0.06770   0.10043   0.02201   0.13617   0.03128   0.18729   0.04924   0.05786   0.07176   0.05043   0.02497   0.05877   0.06539   0.00895   0.14366   0.12713   2.02206   1.77457   1.03009   1.55332   0.46705  
  4 274.2929   2079.659850  x:  0.10951   0.04581   0.19392   0.02049   0.01799   0.04844   0.13141   0.05030   0.07221   0.10068   0.03300   0.14092   0.02093   0.19433   0.02605   0.05391   0.07133   0.04967   0.04127   0.05855   0.05942   0.01879   0.14682   0.12813   2.04861   1.77024   1.03148   1.56054   0.52392  
  5 118.6844   2074.732001  x:  0.09616   0.04543   0.22712   0.05533   0.02659   0.05677   0.13010   0.04991   0.08016   0.09096   0.02643   0.14065   0.01598   0.17231   0.03126   0.05550   0.06837   0.04499   0.03908   0.06216   0.06566   0.02345   0.14564   0.11478   2.12585   1.75812   1.03685   1.58003   0.66052  
  6 158.2161   2071.356027  x:  0.08973   0.04546   0.22952   0.03754   0.01192   0.05449   0.12286   0.05334   0.07717   0.08770   0.01808   0.13518   0.02419   0.15076   0.03762   0.05817   0.06865   0.04823   0.02531   0.06162   0.06940   0.00981   0.14143   0.10835   2.18101   1.75035   1.04127   1.59269   0.73440  
  7 203.3337   2070.052462  x:  0.09363   0.04551   0.21598   0.02991   0.01823   0.04869   0.11860   0.05486   0.07037   0.09275   0.02881   0.13133   0.02457   0.14723   0.05298   0.05953   0.07056   0.05108   0.01961   0.05898   0.06924   0.01226   0.13885   0.11225   2.22086   1.74603   1.04418   1.60074   0.76629  
  8 127.4274   2068.502964  x:  0.10032   0.04587   0.18412   0.03162   0.01659   0.04619   0.11286   0.05589   0.06233   0.09943   0.02769   0.12637   0.02221   0.14642   0.05984   0.06034   0.07270   0.05247   0.03649   0.05604   0.06798   0.00711   0.13490   0.11894   2.28396   1.74040   1.04860   1.61239   0.79790  
  9 157.9827   2067.013577  x:  0.10571   0.04620   0.15085   0.03413   0.01255   0.04963   0.11108   0.05533   0.06217   0.10288   0.02030   0.12478   0.02262   0.15208   0.05272   0.05818   0.07265   0.04968   0.03144   0.05706   0.06603   0.01850   0.13264   0.12433   2.35477   1.73522   1.05322   1.62454   0.82002  
 10 194.0206   2065.869712  x:  0.10722   0.04639   0.13256   0.03699   0.01836   0.05228   0.11217   0.05441   0.06604   0.10260   0.02315   0.12577   0.02266   0.15684   0.04271   0.05733   0.07167   0.04789   0.02402   0.05891   0.06528   0.00974   0.13284   0.12584   2.41224   1.73181   1.05674   1.63379   0.82915  
 11 217.9455   2061.571701  x:  0.09736   0.04605   0.12753   0.03918   0.00505   0.05168   0.12293   0.05557   0.07917   0.08716   0.03968   0.13889   0.03068   0.16912   0.04692   0.06201   0.06705   0.05390   0.02822   0.06273   0.07352   0.01023   0.14090   0.11598   2.66588   1.72175   1.07055   1.67097   0.81892  
 12 143.7106   2055.421307  x:  0.08157   0.04572   0.13566   0.02419   0.02137   0.05025   0.13637   0.05891   0.08805   0.06752   0.02231   0.15769   0.02127   0.18415   0.05782   0.06737   0.06323   0.06146   0.03468   0.06439   0.08374   0.01227   0.15185   0.10019   3.11737   1.70532   1.09476   1.73591   0.79221  
 13 1138.5370   2045.008438  x:  0.08479   0.04524   0.19805   0.03764   0.01964   0.04658   0.12599   0.04996   0.05835   0.11003   0.02100   0.15565   0.02118   0.15879   0.03632   0.05358   0.07825   0.04171   0.02626   0.04897   0.06899   0.01388   0.14976   0.10341   3.85791   1.68675   1.13089   1.83628   0.73138  
 14 645.5466   2043.518575  x:  0.10083   0.04520   0.21270   0.03798   0.01993   0.05535   0.11855   0.05407   0.06915   0.10983   0.02020   0.14060   0.02098   0.15254   0.03658   0.05614   0.07361   0.05075   0.02650   0.06442   0.06024   0.01385   0.14378   0.11945   3.96664   1.69193   1.13187   1.84595   0.72252  
 15 194.6195   2043.046011  x:  0.10696   0.04527   0.21732   0.03774   0.01980   0.05180   0.11687   0.05181   0.07217   0.10030   0.01995   0.12647   0.02142   0.15517   0.03637   0.05669   0.06891   0.04271   0.02644   0.05904   0.06420   0.01348   0.13885   0.12558   4.00070   1.70442   1.12637   1.84174   0.72138  
 16 54.2313   2042.649624  x:  0.10565   0.04536   0.21913   0.04008   0.01994   0.05146   0.11834   0.05152   0.06717   0.09525   0.02003   0.11612   0.02165   0.15948   0.03330   0.05394   0.07209   0.05215   0.02503   0.05543   0.06496   0.01370   0.13391   0.12427   4.03316   1.73119   1.11329   1.82779   0.72276  
 17 40.2215   2041.667277  x:  0.09898   0.04531   0.21970   0.03713   0.01971   0.05764   0.12119   0.05356   0.06514   0.10037   0.02091   0.11201   0.02262   0.16445   0.03707   0.05632   0.07790   0.04341   0.02616   0.06382   0.05974   0.01240   0.12748   0.11760   4.11528   1.81429   1.07249   1.78162   0.72882  
 18 80.8066   2041.060545  x:  0.10166   0.04515   0.21892   0.03767   0.01994   0.05107   0.11727   0.05119   0.07203   0.10710   0.01880   0.12416   0.02172   0.15775   0.03663   0.05520   0.07082   0.04725   0.02583   0.06004   0.06367   0.01253   0.13066   0.12028   4.16711   1.86987   1.04704   1.74893   0.73301  
 19 99.7641   2040.996214  x:  0.10384   0.04512   0.21864   0.03784   0.01996   0.05274   0.11709   0.05350   0.06889   0.10315   0.01930   0.12707   0.02150   0.15508   0.03599   0.05574   0.07127   0.04653   0.02561   0.05893   0.06265   0.01276   0.13507   0.12246   4.17296   1.87602   1.04704   1.74366   0.73363  
 20 17.2574   2040.971207  x:  0.10423   0.04513   0.21838   0.03778   0.01991   0.05228   0.11739   0.05044   0.06854   0.10202   0.01918   0.12692   0.02135   0.15411   0.03635   0.05518   0.07259   0.04647   0.02563   0.06030   0.06232   0.01274   0.13720   0.12285   4.17567   1.87824   1.05114   1.73943   0.73406  
 21  7.2335   2040.874501  x:  0.10375   0.04517   0.21835   0.03777   0.02001   0.05125   0.11896   0.05352   0.07090   0.10438   0.01912   0.12420   0.02111   0.15417   0.03621   0.05445   0.07352   0.04636   0.02595   0.05999   0.06328   0.01297   0.14043   0.12237   4.18741   1.88625   1.07608   1.71841   0.73636  
 22 12.5954   2040.834137  x:  0.10365   0.04513   0.21879   0.03763   0.02000   0.05312   0.11808   0.05208   0.06938   0.10450   0.01937   0.12575   0.02133   0.15548   0.03622   0.05656   0.07097   0.04683   0.02584   0.05929   0.06300   0.01289   0.13760   0.12227   4.19249   1.88915   1.08638   1.71001   0.73740  
 23 18.1029   2040.817859  x:  0.10398   0.04508   0.21900   0.03774   0.02000   0.05225   0.11715   0.05266   0.06922   0.10322   0.01945   0.12777   0.02144   0.15592   0.03628   0.05499   0.07183   0.04648   0.02587   0.06006   0.06290   0.01277   0.13462   0.12260   4.19475   1.88978   1.08914   1.70781   0.73783  
 24  5.9622   2040.742505  x:  0.10549   0.04501   0.21910   0.03748   0.01994   0.05331   0.11870   0.05197   0.07183   0.10307   0.01926   0.12964   0.02140   0.15570   0.03627   0.05844   0.07768   0.04681   0.02569   0.05742   0.06411   0.01277   0.13202   0.12410   4.20698   1.88910   1.08968   1.70713   0.74005  
 25  2.0760   2036.498129  x:  0.11756   0.04257   0.20994   0.02743   0.01734   0.04548   0.17973   0.05211   0.06385   0.10431   0.02251   0.13665   0.01401   0.15989   0.04220   0.05200   0.06375   0.04850   0.02573   0.05980   0.06421   0.00918   0.12290   0.13617   4.93532   1.83310   1.06670   1.70988   0.87031  
 26 23.0050   2032.982530  x:  0.11196   0.04056   0.20782   0.02086   0.01553   0.03778   0.13039   0.05388   0.06890   0.10033   0.02729   0.13706   0.00866   0.20003   0.04220   0.05893   0.07203   0.05071   0.02501   0.05647   0.05661   0.00763   0.14854   0.13057   5.49666   1.79074   1.04813   1.71406   0.97169  
 27 310.4192   2032.881133  x:  0.11263   0.04047   0.20822   0.01967   0.01549   0.04196   0.12819   0.05347   0.06833   0.10137   0.02791   0.13727   0.00875   0.20211   0.04289   0.05585   0.07269   0.05061   0.02528   0.05682   0.06199   0.00718   0.14990   0.13124   5.51330   1.78985   1.04771   1.71460   0.97479  
 28 55.9270   2032.876280  x:  0.11277   0.04047   0.20830   0.01978   0.01553   0.04140   0.12809   0.05368   0.06772   0.10153   0.02790   0.13728   0.00874   0.20226   0.04242   0.05662   0.07279   0.05060   0.02524   0.05771   0.06307   0.00727   0.14996   0.13137   5.51414   1.79047   1.04806   1.71529   0.97494  
 29  3.8263   2032.467989  x:  0.11255   0.04002   0.20764   0.02186   0.01518   0.04318   0.12758   0.05286   0.06919   0.10114   0.02815   0.13918   0.00885   0.20395   0.04302   0.05532   0.07184   0.05043   0.02537   0.05592   0.06161   0.00800   0.15079   0.13115   5.59684   1.93081   1.13075   1.86503   0.98643  
 30  2.8078   2031.256902  x:  0.11025   0.03801   0.20927   0.03669   0.01428   0.05126   0.12686   0.05194   0.07245   0.09910   0.02945   0.13989   0.01146   0.21066   0.04049   0.05457   0.07199   0.05037   0.02669   0.05769   0.06327   0.01398   0.15163   0.12885   6.05967   1.83293   1.07597   1.75929   1.02258  
 31  0.9922   2030.402823  x:  0.10869   0.03493   0.21096   0.03431   0.01063   0.05147   0.13370   0.05253   0.07170   0.10069   0.01962   0.13933   0.01257   0.20159   0.03533   0.05852   0.07080   0.04809   0.02456   0.06012   0.06079   0.01339   0.14397   0.12728   6.64391   1.89063   1.11005   1.80977   1.05696  
 32  0.4430   2029.924004  x:  0.10877   0.03113   0.20903   0.03272   0.01206   0.04633   0.13065   0.05188   0.07271   0.10031   0.02437   0.13909   0.01411   0.19202   0.04122   0.05644   0.07036   0.04963   0.02814   0.05885   0.06548   0.01004   0.14281   0.12736   7.17510   1.89926   1.10507   1.81469   1.06474  
 33  0.3044   2029.743215  x:  0.10786   0.02791   0.20670   0.03030   0.01366   0.04827   0.12789   0.05284   0.07034   0.09920   0.02288   0.14004   0.01313   0.19019   0.03865   0.05703   0.07161   0.04958   0.02626   0.05940   0.06336   0.01245   0.14568   0.12645   7.43526   1.86608   1.08870   1.79629   1.04321  
 34  0.1392   2029.674815  x:  0.10780   0.02567   0.20573   0.03114   0.01379   0.04897   0.13129   0.05211   0.07196   0.09927   0.02413   0.14055   0.01401   0.19345   0.03747   0.05687   0.07113   0.04915   0.02555   0.05937   0.06352   0.01117   0.14581   0.12639   7.45578   1.87758   1.09593   1.80751   1.01629  
 35  0.0204   2029.631429  x:  0.10856   0.02384   0.20539   0.03156   0.01309   0.04851   0.12933   0.05240   0.07171   0.09956   0.02329   0.13966   0.01337   0.19573   0.03964   0.05660   0.07090   0.04952   0.02660   0.05851   0.06391   0.01167   0.14468   0.12715   7.38505   1.88610   1.10040   1.81289   1.00098  
 36  0.0422   2029.599935  x:  0.10840   0.02234   0.20568   0.03179   0.01206   0.04811   0.12838   0.05262   0.07126   0.09998   0.02354   0.13995   0.01316   0.19411   0.03883   0.05725   0.07137   0.04948   0.02583   0.05952   0.06356   0.01146   0.14461   0.12699   7.25269   1.87441   1.09250   1.80185   1.00635  
 37  0.0513   2029.585461  x:  0.10823   0.02094   0.20573   0.03142   0.01277   0.04832   0.13046   0.05247   0.07142   0.09944   0.02358   0.14072   0.01327   0.19265   0.03871   0.05684   0.07110   0.04936   0.02603   0.05926   0.06370   0.01170   0.14524   0.12682   7.23283   1.87785   1.09516   1.80522   1.01430  
 38  0.0110   2029.583556  x:  0.10810   0.02087   0.20634   0.03141   0.01294   0.04838   0.12931   0.05242   0.07152   0.09949   0.02354   0.14063   0.01360   0.19328   0.03877   0.05685   0.07106   0.04939   0.02614   0.05908   0.06365   0.01160   0.14508   0.12669   7.22543   1.87982   1.09629   1.80645   1.01673  
 39  0.0079   2029.583457  x:  0.10818   0.02087   0.20658   0.03141   0.01295   0.04840   0.12945   0.05242   0.07150   0.09958   0.02350   0.14057   0.01359   0.19348   0.03877   0.05685   0.07114   0.04941   0.02621   0.05909   0.06367   0.01162   0.14497   0.12677   7.22394   1.87915   1.09581   1.80576   1.01677  
 40  0.0016   2029.583451  x:  0.10819   0.02085   0.20665   0.03140   0.01294   0.04839   0.12946   0.05242   0.07149   0.09958   0.02351   0.14057   0.01360   0.19351   0.03876   0.05685   0.07112   0.04941   0.02620   0.05909   0.06366   0.01161   0.14498   0.12678   7.22532   1.87911   1.09577   1.80572   1.01675  
 41  0.0011   2029.583451  x:  0.10819   0.02085   0.20666   0.03140   0.01294   0.04839   0.12946   0.05242   0.07149   0.09958   0.02351   0.14058   0.01359   0.19351   0.03876   0.05685   0.07112   0.04941   0.02620   0.05909   0.06365   0.01161   0.14499   0.12678   7.22542   1.87914   1.09580   1.80574   1.01679  
 42  0.0001   2029.583451  x:  0.10819   0.02085   0.20666   0.03140   0.01294   0.04839   0.12946   0.05242   0.07149   0.09958   0.02351   0.14058   0.01359   0.19351   0.03877   0.05685   0.07113   0.04941   0.02620   0.05909   0.06365   0.01161   0.14499   0.12678   7.22543   1.87914   1.09580   1.80574   1.01679  
 43  0.0000   2029.583451  x:  0.10819   0.02085   0.20666   0.03140   0.01294   0.04839   0.12946   0.05242   0.07149   0.09958   0.02351   0.14058   0.01359   0.19351   0.03877   0.05685   0.07113   0.04941   0.02620   0.05909   0.06365   0.01161   0.14499   0.12678   7.22544   1.87914   1.09580   1.80574   1.01679  
 44  0.0000   2029.583451  x:  0.10819   0.02085   0.20666   0.03140   0.01294   0.04839   0.12946   0.05242   0.07149   0.09958   0.02351   0.14058   0.01359   0.19351   0.03877   0.05685   0.07113   0.04941   0.02620   0.05909   0.06365   0.01161   0.14499   0.12678   7.22544   1.87914   1.09580   1.80574   1.01679  