

TREE # 1

  0  0.0000   2250.591106  x:  0.06924   0.00628   0.11771   0.00000   0.08408   0.05622   0.04272   0.06389   0.08715   0.07198   0.09366   0.12526   0.01148   0.08935   0.02153   0.05490   0.03846   0.06041   0.07065   0.07522   0.12295   0.05522   0.12473   0.08786   2.00000   1.50458   1.27770   1.37385   0.40000  
  1 99.0000   2239.718330  x:  0.07138   0.01929   0.12283   0.06709   0.08373   0.05306   0.04198   0.06440   0.08533   0.07721   0.09465   0.12668   0.01621   0.10047   0.02469   0.05398   0.03410   0.06283   0.07063   0.07579   0.12270   0.05155   0.12641   0.09000   2.00191   1.50460   1.27760   1.37406   0.40635  
  2 1547.2733   2217.458213  x:  0.08501   0.02740   0.15159   0.06104   0.07590   0.02749   0.03680   0.06796   0.07413   0.10382   0.09236   0.13662   0.02921   0.16989   0.04059   0.04715   0.00276   0.07868   0.07036   0.07990   0.12105   0.02437   0.13804   0.10363   2.01623   1.50499   1.27702   1.37524   0.45148  
  3 339.4852   2211.901313  x:  0.09221   0.02928   0.16919   0.05854   0.07007   0.01553   0.03447   0.07001   0.06761   0.11891   0.09005   0.14248   0.03145   0.20750   0.04580   0.04366   0.02569   0.08677   0.07041   0.08250   0.12024   0.01034   0.14490   0.11083   2.02674   1.50529   1.27670   1.37597   0.48169  
  4 680.5258   2205.874023  x:  0.09750   0.01947   0.19569   0.05873   0.05705   0.04527   0.03628   0.07227   0.06190   0.13648   0.08200   0.15025   0.01339   0.24912   0.04139   0.04147   0.03407   0.09004   0.06985   0.08368   0.11904   0.04112   0.15403   0.11612   2.05214   1.50608   1.27654   1.37698   0.54024  
  5 264.1397   2202.403228  x:  0.09221   0.01130   0.20606   0.06093   0.04912   0.04284   0.03863   0.07037   0.06680   0.13622   0.07240   0.15046   0.00374   0.24595   0.01924   0.04808   0.03066   0.07855   0.06924   0.07998   0.11842   0.03281   0.15495   0.11083   2.08256   1.50672   1.27779   1.37714   0.58715  
  6 134.0797   2198.850812  x:  0.08209   0.01400   0.21919   0.06000   0.04068   0.04417   0.04129   0.06708   0.07526   0.13089   0.05836   0.14969   0.02717   0.22758   0.01427   0.05571   0.03028   0.05953   0.06895   0.07510   0.11875   0.03250   0.15603   0.10071   2.14027   1.50806   1.28023   1.37730   0.66654  
  7 295.9297   2194.733917  x:  0.07174   0.01472   0.23012   0.06054   0.04220   0.03671   0.04082   0.06430   0.08281   0.12157   0.05128   0.14623   0.01822   0.19244   0.04469   0.05900   0.02804   0.05053   0.06963   0.07277   0.12040   0.02873   0.15229   0.09036   2.22285   1.51013   1.28387   1.37722   0.76694  
  8 374.9637   2190.238326  x:  0.07490   0.02565   0.22811   0.05881   0.06050   0.03303   0.03587   0.06712   0.08001   0.11162   0.06977   0.14267   0.01944   0.15019   0.03859   0.04471   0.02537   0.08353   0.07032   0.07717   0.12072   0.02920   0.14659   0.09353   2.32550   1.51343   1.28816   1.37676   0.86535  
  9 260.3579   2187.469019  x:  0.08994   0.00870   0.19374   0.06165   0.06657   0.03220   0.04043   0.07165   0.06402   0.10770   0.08302   0.13790   0.02524   0.14791   0.04003   0.04316   0.02482   0.07264   0.06917   0.08359   0.12074   0.02833   0.14063   0.10856   2.41734   1.51777   1.29173   1.37572   0.89745  
 10 102.7511   2185.184002  x:  0.09885   0.02878   0.15449   0.05871   0.06825   0.03393   0.04054   0.07227   0.05624   0.10544   0.08934   0.13630   0.01849   0.15530   0.03791   0.04723   0.02524   0.05908   0.06867   0.08572   0.12067   0.02857   0.13550   0.11747   2.52335   1.52315   1.29555   1.37473   0.91784  
 11 253.7751   2181.070662  x:  0.08796   0.02238   0.10923   0.06007   0.06520   0.03560   0.03106   0.06381   0.08187   0.10725   0.08688   0.13725   0.01988   0.17735   0.03979   0.05008   0.02675   0.07482   0.07123   0.07773   0.12126   0.02919   0.13757   0.10658   2.72855   1.53419   1.30223   1.37385   0.91891  
 12 189.3470   2168.300804  x:  0.05668   0.02381   0.14432   0.05861   0.06262   0.03212   0.09646   0.07580   0.08716   0.10933   0.10107   0.15119   0.01596   0.20702   0.03891   0.02842   0.02826   0.07936   0.06857   0.07161   0.12083   0.02976   0.15808   0.07530   3.52637   1.57832   1.32468   1.37432   0.83406  
 13 294.6305   2156.868442  x:  0.08401   0.01919   0.22590   0.05786   0.05786   0.03996   0.06511   0.05911   0.08502   0.11703   0.08678   0.16038   0.01553   0.20406   0.03834   0.09578   0.02903   0.09265   0.07069   0.08027   0.12119   0.02960   0.17435   0.10263   4.33229   1.62063   1.34440   1.38071   0.73131  
 14 777.1524   2153.349323  x:  0.08830   0.01715   0.24433   0.05831   0.05298   0.03727   0.02744   0.06381   0.07763   0.12345   0.06891   0.15823   0.01436   0.20006   0.03497   0.07286   0.02882   0.08218   0.07076   0.08027   0.12131   0.03322   0.17071   0.10692   4.50054   1.62678   1.34724   1.38610   0.70749  
 15 343.1886   2153.031819  x:  0.09349   0.01776   0.24546   0.05829   0.05197   0.04026   0.03132   0.06271   0.08067   0.12832   0.05799   0.15467   0.01433   0.19772   0.03534   0.06732   0.02873   0.08415   0.07235   0.07983   0.12171   0.03043   0.16417   0.11211   4.51889   1.62414   1.34565   1.39178   0.70472  
 16 45.9647   2152.821233  x:  0.09430   0.01804   0.24847   0.05795   0.04883   0.03846   0.03152   0.06138   0.08558   0.13480   0.06377   0.14854   0.01489   0.19839   0.03495   0.06705   0.02895   0.08257   0.07172   0.07858   0.12217   0.03252   0.15120   0.11292   4.53212   1.61309   1.33953   1.40949   0.70338  
 17 18.5219   2152.545954  x:  0.09015   0.01764   0.24879   0.05789   0.05434   0.04179   0.03010   0.06636   0.08106   0.13287   0.06115   0.14582   0.01548   0.20151   0.03473   0.07075   0.02896   0.08396   0.07148   0.08111   0.12143   0.03009   0.14570   0.10877   4.55046   1.58860   1.32643   1.44670   0.70232  
 18 23.9654   2152.312205  x:  0.09095   0.01746   0.24754   0.05808   0.05165   0.03779   0.03127   0.06045   0.07740   0.12754   0.05939   0.14828   0.01487   0.20138   0.03446   0.06925   0.02882   0.08517   0.07204   0.07997   0.12106   0.03301   0.15150   0.10957   4.56607   1.56552   1.31434   1.48081   0.70152  
 19 45.0886   2152.238495  x:  0.09295   0.01754   0.24722   0.05804   0.05110   0.03984   0.03082   0.06241   0.08111   0.12769   0.06170   0.15100   0.01447   0.20003   0.03494   0.06768   0.02874   0.08342   0.07179   0.07865   0.12113   0.03094   0.15714   0.11157   4.57120   1.55786   1.31051   1.49143   0.70140  
 20 22.8899   2152.217331  x:  0.09294   0.01750   0.24663   0.05801   0.05269   0.03833   0.03111   0.06298   0.08198   0.13073   0.06118   0.15206   0.01438   0.19914   0.03461   0.06798   0.02871   0.08277   0.07148   0.08018   0.12118   0.03219   0.15880   0.11156   4.57288   1.55622   1.30999   1.49250   0.70163  
 21  4.3733   2152.113125  x:  0.09080   0.01743   0.24467   0.05785   0.04926   0.04068   0.03092   0.06075   0.07744   0.13921   0.06242   0.15419   0.01447   0.19582   0.03504   0.06803   0.02834   0.08345   0.07180   0.08220   0.12138   0.02959   0.16078   0.10942   4.58183   1.55051   1.30958   1.49065   0.70345  
 22  3.9904   2151.276856  x:  0.09192   0.01722   0.24140   0.05731   0.04378   0.03521   0.03214   0.07388   0.06780   0.14684   0.06091   0.15702   0.01430   0.19377   0.03541   0.07049   0.02761   0.08783   0.07322   0.06617   0.12196   0.03204   0.15974   0.11054   4.65347   1.51138   1.30787   1.46511   0.72020  
 23 14.3035   2146.359528  x:  0.09984   0.01647   0.24335   0.05370   0.06169   0.03254   0.03278   0.06454   0.06060   0.13797   0.06821   0.15847   0.01252   0.21441   0.03282   0.04574   0.02402   0.07914   0.06905   0.07439   0.11949   0.02454   0.14748   0.11846   5.06991   1.29380   1.29307   1.31357   0.81975  
 24 151.8307   2145.809789  x:  0.10063   0.01742   0.24194   0.05345   0.04964   0.02929   0.03345   0.07361   0.06255   0.13324   0.06817   0.15161   0.01178   0.21539   0.03268   0.04417   0.02317   0.08164   0.07193   0.08931   0.12087   0.02531   0.14936   0.11925   5.11816   1.28211   1.28142   1.30093   0.83154  
 25 69.5891   2144.020022  x:  0.10132   0.01868   0.23883   0.05185   0.05527   0.02752   0.03392   0.07238   0.05461   0.13739   0.07160   0.11978   0.01025   0.21936   0.03165   0.03698   0.02146   0.07963   0.06894   0.08520   0.12847   0.02203   0.16495   0.11994   5.26735   1.32229   1.19185   1.29041   0.87116  
 26 40.3156   2142.872900  x:  0.10272   0.01691   0.23577   0.05140   0.05550   0.02515   0.03420   0.07370   0.05218   0.13503   0.07302   0.14737   0.01033   0.21995   0.03170   0.03163   0.02008   0.07800   0.07232   0.08719   0.11980   0.02001   0.15023   0.12133   5.36746   1.36349   1.12924   1.29141   0.89803  
 27 84.7556   2142.776957  x:  0.10299   0.01689   0.23526   0.05137   0.05431   0.02505   0.03437   0.07405   0.05198   0.13448   0.07232   0.14878   0.01029   0.21988   0.03192   0.03138   0.02001   0.07889   0.06386   0.08769   0.12082   0.01973   0.14944   0.12160   5.37533   1.37153   1.13594   1.29848   0.90019  
 28 10.4607   2141.410165  x:  0.10470   0.01660   0.23305   0.05022   0.05740   0.02303   0.03547   0.07470   0.04863   0.13262   0.07571   0.15195   0.00947   0.22460   0.03084   0.02638   0.01855   0.07686   0.07172   0.08997   0.13308   0.01806   0.14888   0.12331   5.49767   1.52202   1.30712   1.44762   0.93488  
 29 30.5763   2141.280238  x:  0.10491   0.01676   0.23270   0.05007   0.05711   0.02277   0.03566   0.07486   0.04859   0.13318   0.07599   0.14890   0.00934   0.22456   0.03127   0.02609   0.01852   0.07690   0.07109   0.08974   0.11910   0.01805   0.15037   0.12352   5.50865   1.53488   1.32207   1.46036   0.93786  
 30 29.4802   2137.473809  x:  0.09998   0.01433   0.22874   0.04398   0.06341   0.02127   0.04305   0.07678   0.06364   0.13300   0.08708   0.15442   0.01020   0.24528   0.03353   0.06139   0.01408   0.08354   0.07112   0.08920   0.11840   0.01540   0.15375   0.11858   6.15670   1.67599   1.37260   1.54388   1.04870  
 31  0.9168   2134.123993  x:  0.09713   0.01354   0.23638   0.03308   0.05653   0.03268   0.03156   0.07115   0.08052   0.14615   0.07618   0.14991   0.01443   0.27275   0.03436   0.04710   0.01230   0.08214   0.06717   0.07935   0.12584   0.02859   0.16301   0.11572   7.25048   1.60384   1.31830   1.47420   1.11223  
 32  0.6750   2132.819975  x:  0.09072   0.01558   0.22713   0.02587   0.05258   0.03234   0.03837   0.07059   0.06282   0.14095   0.07443   0.15304   0.01082   0.27576   0.03316   0.04487   0.00830   0.07929   0.07017   0.08279   0.12043   0.02195   0.16249   0.10932   7.96087   1.53898   1.30157   1.44254   1.12386  
 33  0.4605   2132.192614  x:  0.09527   0.01588   0.22420   0.02123   0.05573   0.02549   0.03765   0.07036   0.06364   0.13583   0.07403   0.15428   0.00855   0.26454   0.03273   0.04357   0.01345   0.07770   0.07171   0.08204   0.12000   0.02451   0.15713   0.11386   8.45677   1.56676   1.32485   1.48146   1.09358  
 34  0.2349   2132.010915  x:  0.09580   0.01502   0.22262   0.01967   0.05622   0.03044   0.03690   0.07111   0.06588   0.13713   0.07618   0.15388   0.00968   0.25791   0.03350   0.04353   0.01427   0.07918   0.07113   0.08251   0.12130   0.02028   0.15943   0.11439   8.66630   1.58008   1.32540   1.48543   1.07851  
 35  0.2066   2131.946945  x:  0.09454   0.01409   0.22166   0.01934   0.05708   0.02874   0.03633   0.07102   0.06566   0.13906   0.07860   0.15319   0.01093   0.25335   0.03351   0.04521   0.01347   0.08077   0.06981   0.08262   0.12242   0.02187   0.16144   0.11312   8.80285   1.58052   1.31842   1.47870   1.06650  
 36  0.1041   2131.926919  x:  0.09433   0.01480   0.22264   0.01997   0.05697   0.02903   0.03647   0.07084   0.06629   0.13748   0.07880   0.15258   0.01069   0.25279   0.03379   0.04487   0.01239   0.08101   0.07033   0.08276   0.12128   0.02182   0.15923   0.11292   8.86167   1.57160   1.31519   1.47635   1.05702  
 37  0.0312   2131.921496  x:  0.09467   0.01496   0.22220   0.02065   0.05710   0.02950   0.03670   0.07114   0.06548   0.13775   0.07842   0.15323   0.01073   0.25427   0.03403   0.04493   0.01235   0.08096   0.07043   0.08285   0.12185   0.02202   0.16012   0.11326   8.88666   1.57518   1.31876   1.47969   1.05451  
 38  0.0128   2131.918854  x:  0.09489   0.01486   0.22195   0.02101   0.05697   0.02906   0.03646   0.07102   0.06616   0.13814   0.07800   0.15316   0.01061   0.25498   0.03404   0.04469   0.01237   0.08081   0.07030   0.08269   0.12197   0.02177   0.16031   0.11348   8.92916   1.57688   1.31893   1.47988   1.05496  
 39  0.0250   2131.917879  x:  0.09467   0.01489   0.22180   0.02117   0.05689   0.02903   0.03652   0.07092   0.06592   0.13793   0.07814   0.15300   0.01063   0.25522   0.03395   0.04490   0.01256   0.08089   0.07031   0.08279   0.12158   0.02179   0.15990   0.11326   8.95207   1.57644   1.31807   1.47942   1.05647  
 40  0.0140   2131.917669  x:  0.09465   0.01494   0.22191   0.02126   0.05690   0.02907   0.03654   0.07097   0.06603   0.13791   0.07820   0.15302   0.01065   0.25492   0.03391   0.04487   0.01256   0.08089   0.07034   0.08274   0.12179   0.02182   0.16005   0.11324   8.95731   1.57516   1.31758   1.47890   1.05774  
 41  0.0031   2131.917644  x:  0.09467   0.01492   0.22197   0.02127   0.05690   0.02908   0.03652   0.07099   0.06599   0.13793   0.07816   0.15305   0.01065   0.25475   0.03392   0.04487   0.01255   0.08088   0.07033   0.08275   0.12173   0.02181   0.16004   0.11326   8.95882   1.57551   1.31794   1.47900   1.05805  
 42  0.0012   2131.917642  x:  0.09467   0.01491   0.22199   0.02127   0.05690   0.02908   0.03654   0.07098   0.06599   0.13792   0.07815   0.15305   0.01065   0.25475   0.03393   0.04486   0.01255   0.08087   0.07033   0.08275   0.12173   0.02182   0.16003   0.11326   8.95902   1.57559   1.31792   1.47905   1.05809  
 43  0.0002   2131.917642  x:  0.09467   0.01491   0.22201   0.02127   0.05690   0.02908   0.03654   0.07098   0.06599   0.13793   0.07815   0.15305   0.01065   0.25475   0.03393   0.04486   0.01255   0.08087   0.07033   0.08275   0.12173   0.02181   0.16003   0.11326   8.95910   1.57559   1.31791   1.47905   1.05808  
 44  0.0001   2131.917642  x:  0.09467   0.01491   0.22201   0.02127   0.05690   0.02908   0.03654   0.07098   0.06599   0.13793   0.07815   0.15305   0.01065   0.25475   0.03393   0.04486   0.01255   0.08087   0.07033   0.08275   0.12173   0.02181   0.16003   0.11326   8.95909   1.57559   1.31791   1.47905   1.05807  
 45  0.0000   2131.917642  x:  0.09467   0.01491   0.22201   0.02127   0.05690   0.02908   0.03654   0.07098   0.06599   0.13793   0.07815   0.15305   0.01065   0.25475   0.03393   0.04486   0.01255   0.08087   0.07033   0.08275   0.12173   0.02181   0.16003   0.11326   8.95910   1.57559   1.31791   1.47905   1.05807  
 46  0.0000   2131.917642  x:  0.09467   0.01491   0.22201   0.02127   0.05690   0.02908   0.03654   0.07098   0.06599   0.13793   0.07815   0.15305   0.01065   0.25475   0.03393   0.04486   0.01255   0.08087   0.07033   0.08275   0.12173   0.02181   0.16003   0.11326   8.95910   1.57559   1.31791   1.47905   1.05807  
 47  0.0000   2131.917642  x:  0.09467   0.01491   0.22201   0.02127   0.05690   0.02908   0.03654   0.07098   0.06599   0.13793   0.07815   0.15305   0.01065   0.25475   0.03393   0.04486   0.01255   0.08087   0.07033   0.08275   0.12173   0.02181   0.16003   0.11326   8.95910   1.57559   1.31791   1.47905   1.05807  