

TREE # 1

  0  0.0000   2348.208996  x:  0.01972   0.20925   0.02571   0.03211   0.02495   0.05815   0.02188   0.05666   0.08536   0.02661   0.17168   0.01972   0.20925   0.02571   0.03211   0.02495   0.05815   0.02188   0.05666   0.08536   0.02661   0.17168   0.21568   8.40433   1.53392   0.94943   1.46591   1.00000  
  1 99.0000   2293.234719  x:  0.00380   0.20492   0.02516   0.01941   0.03092   0.06766   0.04469   0.07204   0.08789   0.03092   0.17079   0.00000   0.20148   0.02999   0.02222   0.10199   0.06063   0.03903   0.10413   0.14164   0.06969   0.17493   0.22498   8.40395   1.53471   0.94795   1.46742   0.99884  
  2 871.8520   2291.326808  x:  0.00000   0.20361   0.02504   0.01725   0.03068   0.06904   0.04298   0.07399   0.08847   0.03100   0.17073   0.00000   0.19865   0.03140   0.02006   0.09898   0.06095   0.03749   0.10602   0.14697   0.06911   0.17594   0.22772   8.40382   1.53497   0.94749   1.46792   0.99847  
  3 213.2244   2286.046447  x:  0.00000   0.18390   0.02938   0.04509   0.03628   0.07248   0.04969   0.07860   0.09310   0.02951   0.17349   0.00000   0.15259   0.00000   0.01397   0.06774   0.06272   0.04627   0.13554   0.19520   0.04671   0.19617   0.26958   8.40151   1.53911   0.94070   1.47720   0.99216  
  4 194.2854   2285.035866  x:  0.00000   0.17883   0.02995   0.05490   0.03752   0.07174   0.05306   0.07748   0.09371   0.02945   0.17452   0.00000   0.14107   0.00495   0.01657   0.06073   0.06278   0.04996   0.14284   0.20396   0.04246   0.20150   0.27993   8.40086   1.54018   0.93901   1.47977   0.99044  
  5 343.8679   2284.171181  x:  0.00000   0.17007   0.02397   0.05758   0.03116   0.06750   0.05059   0.07158   0.09195   0.03160   0.17658   0.00000   0.12616   0.00319   0.02486   0.05545   0.06141   0.04650   0.14826   0.20357   0.05439   0.20903   0.29305   8.39939   1.54206   0.93668   1.48489   0.98674  
  6 79.9239   2283.549361  x:  0.00000   0.15726   0.02572   0.05361   0.03247   0.06624   0.04582   0.06997   0.08924   0.03258   0.18087   0.00000   0.10915   0.00373   0.02604   0.06587   0.06065   0.04068   0.14730   0.19303   0.05071   0.21853   0.30955   8.39656   1.54550   0.93290   1.49430   0.97983  
  7 50.9253   2283.266966  x:  0.00000   0.15008   0.02592   0.04908   0.03427   0.06830   0.05037   0.07289   0.08895   0.02975   0.18474   0.00000   0.10416   0.00418   0.02151   0.06563   0.06121   0.04598   0.14367   0.18542   0.05464   0.22401   0.31838   8.39387   1.54881   0.92979   1.50286   0.97347  
  8 41.1942   2283.093470  x:  0.00000   0.14737   0.02569   0.04518   0.03131   0.06855   0.05350   0.07309   0.09073   0.03528   0.18896   0.00000   0.10813   0.00390   0.02321   0.06597   0.06160   0.04889   0.14183   0.18521   0.05292   0.22747   0.32314   8.38999   1.55362   0.92620   1.51428   0.96481  
  9 23.4233   2282.737822  x:  0.00000   0.14643   0.02398   0.04246   0.03359   0.06632   0.05351   0.06986   0.09266   0.02866   0.19668   0.00000   0.11873   0.00356   0.02681   0.06742   0.06104   0.04779   0.14124   0.18859   0.05212   0.23213   0.32891   8.37973   1.56612   0.91849   1.54311   0.94276  
 10 43.2414   2282.322450  x:  0.00000   0.15083   0.03136   0.04757   0.03633   0.06561   0.05003   0.06957   0.09032   0.03198   0.20024   0.00000   0.12357   0.00402   0.02247   0.06749   0.06000   0.04475   0.14354   0.18894   0.05756   0.23272   0.32871   8.36496   1.58345   0.91127   1.58183   0.91299  
 11 62.5684   2281.727150  x:  0.00000   0.15828   0.02276   0.05354   0.03080   0.06869   0.04832   0.07415   0.08559   0.03223   0.19742   0.00000   0.12004   0.00478   0.01731   0.07087   0.06044   0.04450   0.14748   0.18772   0.05643   0.22793   0.32157   8.34320   1.60813   0.90572   1.63493   0.87231  
 12 99.6175   2281.190558  x:  0.00000   0.16069   0.02670   0.04643   0.03253   0.07030   0.05252   0.07515   0.08770   0.03051   0.18569   0.00000   0.10800   0.00384   0.02697   0.07100   0.06185   0.04680   0.14829   0.18990   0.05630   0.21757   0.30875   8.31985   1.63322   0.90832   1.68474   0.83565  
 13 77.5623   2280.983638  x:  0.00000   0.15652   0.02473   0.04429   0.03461   0.06517   0.05381   0.06894   0.09046   0.03220   0.18026   0.00000   0.10583   0.00422   0.02238   0.07164   0.05991   0.04849   0.14762   0.19226   0.05596   0.21458   0.30448   8.30922   1.64341   0.91649   1.70110   0.82682  
 14 36.8593   2280.542480  x:  0.00000   0.14184   0.02892   0.04800   0.02721   0.06528   0.05306   0.07022   0.09180   0.02872   0.17311   0.00000   0.11077   0.00470   0.02070   0.07429   0.05905   0.04849   0.14848   0.19554   0.05684   0.21395   0.30066   8.28194   1.66733   0.94935   1.73055   0.82090  
 15 33.0476   2280.004521  x:  0.00000   0.13047   0.02415   0.05110   0.03517   0.06982   0.05206   0.07542   0.09013   0.03269   0.16901   0.00000   0.11683   0.00436   0.02386   0.07560   0.06063   0.04669   0.15109   0.19792   0.05909   0.21545   0.29850   8.24514   1.69897   0.99488   1.76665   0.81846  
 16 117.8878   2278.436397  x:  0.00000   0.15743   0.02651   0.03830   0.03407   0.06935   0.05924   0.07043   0.08137   0.03133   0.18516   0.00000   0.11376   0.00440   0.02282   0.08061   0.06561   0.04966   0.16408   0.20302   0.05970   0.22572   0.30660   8.12942   1.79607   1.13182   1.86692   0.83309  
 17 89.4181   2278.151489  x:  0.00000   0.16364   0.02567   0.03943   0.03419   0.06750   0.05697   0.07594   0.09223   0.03139   0.18798   0.00000   0.11152   0.00443   0.02382   0.08324   0.05799   0.05117   0.16303   0.20341   0.06151   0.22449   0.30949   8.10701   1.81416   1.14788   1.88298   0.84194  
 18 52.0430   2277.631515  x:  0.00000   0.16576   0.02468   0.04347   0.03348   0.07454   0.05581   0.07062   0.09989   0.03183   0.18639   0.00000   0.10969   0.00474   0.02302   0.08916   0.06771   0.05109   0.15602   0.20818   0.06592   0.21216   0.31532   8.05876   1.85040   1.14659   1.90608   0.87825  
 19 27.6251   2276.724855  x:  0.00000   0.16236   0.02479   0.03986   0.03367   0.06582   0.06262   0.07660   0.08533   0.03222   0.17930   0.00000   0.11134   0.00448   0.02412   0.09340   0.06136   0.05068   0.15787   0.21447   0.06757   0.19542   0.31828   7.97295   1.91164   1.13087   1.93971   0.94593  
 20 84.3433   2276.313170  x:  0.00000   0.15935   0.02543   0.03470   0.03396   0.07256   0.06009   0.07195   0.08691   0.03180   0.17532   0.00000   0.11256   0.00430   0.02361   0.09332   0.05629   0.05502   0.17287   0.21078   0.06645   0.20395   0.30773   7.93050   1.93636   1.11876   1.94859   0.97466  
 21 48.6298   2276.123455  x:  0.00000   0.15807   0.02542   0.03371   0.03399   0.06712   0.06067   0.07513   0.09064   0.03165   0.17508   0.00000   0.11160   0.00435   0.02287   0.09379   0.06301   0.05406   0.17746   0.21000   0.06666   0.21289   0.29917   7.90912   1.94459   1.11227   1.94822   0.98455  
 22 37.8754   2275.863724  x:  0.00000   0.15700   0.02504   0.03542   0.03348   0.06989   0.06627   0.07480   0.08909   0.03194   0.17975   0.00000   0.10697   0.00458   0.02261   0.09671   0.05958   0.04945   0.16911   0.21730   0.06865   0.22538   0.28714   7.87545   1.94548   1.10360   1.93489   0.98651  
 23 19.4235   2275.307546  x:  0.00000   0.15536   0.02518   0.03428   0.03399   0.06785   0.05383   0.07577   0.08248   0.03240   0.18639   0.00000   0.10423   0.00448   0.02501   0.10213   0.06058   0.06419   0.16336   0.22710   0.07156   0.22939   0.28122   7.79620   1.93179   1.08659   1.88947   0.97417  
 24 31.2306   2271.808596  x:  0.00000   0.15228   0.02409   0.02503   0.03381   0.07079   0.06852   0.07716   0.09023   0.03393   0.19982   0.00000   0.11262   0.00457   0.02032   0.12123   0.06215   0.06042   0.19318   0.23967   0.08179   0.20658   0.29589   7.30867   1.82054   0.98723   1.59654   0.87708  
 25 117.9204   2271.210741  x:  0.00000   0.16453   0.02400   0.02361   0.03404   0.07096   0.06967   0.07786   0.08903   0.03393   0.17055   0.00000   0.11975   0.00473   0.02055   0.12664   0.06195   0.06188   0.18940   0.24406   0.08461   0.22139   0.30972   7.21854   1.76971   0.97096   1.56705   0.87035  
 26 39.4544   2269.643198  x:  0.00000   0.15980   0.02385   0.01825   0.03409   0.07205   0.07221   0.07919   0.08986   0.03432   0.17962   0.00000   0.11967   0.00455   0.01954   0.13342   0.06258   0.06308   0.20063   0.25482   0.08802   0.21519   0.30393   6.97347   1.55496   0.93672   1.55485   0.88572  
 27 37.5362   2267.240688  x:  0.00000   0.15530   0.02465   0.00508   0.03371   0.07409   0.06622   0.08190   0.09152   0.03331   0.17988   0.00000   0.11465   0.00542   0.01499   0.12875   0.06270   0.05663   0.19746   0.26131   0.08535   0.21600   0.31271   6.29089   1.61572   0.96147   1.60705   0.87141  
 28  3.0073   2264.809735  x:  0.00000   0.14617   0.02532   0.01285   0.03311   0.07820   0.05567   0.08752   0.09427   0.03248   0.18094   0.00000   0.10718   0.00673   0.00636   0.12124   0.06341   0.04608   0.19936   0.27986   0.08066   0.21810   0.33033   5.29676   1.66020   0.98273   1.66426   0.84945  
 29  6.4561   2263.619689  x:  0.00000   0.14251   0.02446   0.01338   0.03172   0.08226   0.04128   0.09367   0.09537   0.03165   0.17907   0.00000   0.10424   0.00746   0.01009   0.11165   0.06378   0.03395   0.19816   0.29818   0.07696   0.21710   0.33588   5.80496   1.67025   0.98834   1.68340   0.84090  
 30  0.5967   2263.227460  x:  0.00000   0.14322   0.02394   0.01215   0.03148   0.08352   0.04315   0.09737   0.09379   0.03261   0.17663   0.00000   0.10832   0.00906   0.00652   0.10822   0.06316   0.03932   0.20338   0.32606   0.07664   0.21791   0.33311   5.88107   1.62631   0.97030   1.63689   0.84871  
 31  0.0702   2263.143905  x:  0.00000   0.14494   0.02387   0.01186   0.03141   0.08362   0.04460   0.09804   0.09370   0.03258   0.17621   0.00000   0.10917   0.00958   0.01002   0.10634   0.06314   0.03774   0.20375   0.33357   0.07724   0.21681   0.33092   5.78954   1.63121   0.97352   1.63737   0.85087  
 32  0.1378   2263.103625  x:  0.00000   0.14591   0.02443   0.01164   0.03180   0.08275   0.04436   0.09687   0.09436   0.03230   0.17650   0.00000   0.10909   0.01076   0.00868   0.10347   0.06333   0.03581   0.20237   0.33596   0.07742   0.21570   0.32970   5.78542   1.64952   0.98248   1.65114   0.84913  
 33  0.0226   2263.080282  x:  0.00000   0.14547   0.02439   0.01189   0.03177   0.08202   0.04319   0.09533   0.09466   0.03221   0.17704   0.00000   0.10798   0.01179   0.00902   0.10278   0.06349   0.03811   0.20157   0.33507   0.07813   0.21594   0.33043   5.80232   1.65380   0.98367   1.65614   0.84817  
 34  0.0147   2263.063150  x:  0.00000   0.14454   0.02409   0.01208   0.03149   0.08179   0.04487   0.09436   0.09442   0.03231   0.17700   0.00000   0.10771   0.01295   0.00870   0.10368   0.06338   0.03752   0.20185   0.33236   0.07900   0.21669   0.33142   5.81188   1.64210   0.97746   1.64823   0.84816  
 35  0.0139   2263.057299  x:  0.00000   0.14487   0.02429   0.01197   0.03154   0.08230   0.04385   0.09507   0.09424   0.03231   0.17659   0.00000   0.10806   0.01362   0.00873   0.10410   0.06329   0.03716   0.20217   0.33117   0.07884   0.21675   0.33129   5.78226   1.64037   0.97747   1.64591   0.84863  
 36  0.0220   2263.055462  x:  0.00000   0.14497   0.02437   0.01197   0.03164   0.08252   0.04418   0.09564   0.09422   0.03228   0.17677   0.00000   0.10783   0.01394   0.00874   0.10432   0.06328   0.03729   0.20217   0.33069   0.07838   0.21677   0.33138   5.79853   1.64535   0.97979   1.64979   0.84909  
 37  0.0142   2263.055270  x:  0.00000   0.14486   0.02427   0.01194   0.03163   0.08245   0.04417   0.09571   0.09429   0.03227   0.17685   0.00000   0.10786   0.01401   0.00867   0.10447   0.06333   0.03732   0.20202   0.33080   0.07818   0.21668   0.33125   5.79703   1.64437   0.97896   1.64917   0.84858  
 38  0.0016   2263.055248  x:  0.00000   0.14487   0.02432   0.01195   0.03163   0.08241   0.04417   0.09568   0.09430   0.03227   0.17681   0.00000   0.10788   0.01402   0.00867   0.10452   0.06333   0.03732   0.20195   0.33087   0.07812   0.21670   0.33125   5.79708   1.64422   0.97902   1.64912   0.84870  
 39  0.0002   2263.055245  x:  0.00000   0.14488   0.02431   0.01195   0.03163   0.08241   0.04417   0.09565   0.09429   0.03227   0.17681   0.00000   0.10788   0.01402   0.00867   0.10453   0.06332   0.03731   0.20196   0.33089   0.07810   0.21670   0.33125   5.79706   1.64435   0.97909   1.64918   0.84874  
 40  0.0001   2263.055245  x:  0.00000   0.14488   0.02431   0.01195   0.03163   0.08241   0.04417   0.09565   0.09429   0.03227   0.17681   0.00000   0.10787   0.01402   0.00867   0.10454   0.06332   0.03731   0.20197   0.33089   0.07810   0.21669   0.33126   5.79707   1.64435   0.97907   1.64917   0.84872  
 41  0.0000   2263.055245  x:  0.00000   0.14488   0.02431   0.01195   0.03163   0.08241   0.04417   0.09565   0.09429   0.03227   0.17681   0.00000   0.10788   0.01402   0.00867   0.10454   0.06332   0.03731   0.20197   0.33089   0.07810   0.21669   0.33126   5.79707   1.64435   0.97908   1.64917   0.84872  
 42  0.0000   2263.055245  x:  0.00000   0.14488   0.02431   0.01195   0.03163   0.08241   0.04417   0.09565   0.09429   0.03227   0.17681   0.00000   0.10788   0.01402   0.00867   0.10454   0.06332   0.03731   0.20197   0.33089   0.07810   0.21669   0.33126   5.79707   1.64435   0.97907   1.64917   0.84872  
 43  0.0000   2263.055245  x:  0.00000   0.14488   0.02431   0.01195   0.03163   0.08241   0.04417   0.09565   0.09429   0.03227   0.17681   0.00000   0.10788   0.01402   0.00867   0.10454   0.06332   0.03731   0.20197   0.33089   0.07810   0.21669   0.33126   5.79707   1.64435   0.97907   1.64917   0.84872  

TREE # 2

  0  0.0000   2773.350795  x:  0.00000   0.14488   0.02431   0.01195   0.03163   0.08241   0.04417   0.09565   0.09429   0.03227   0.17681   0.00000   0.10788   0.01402   0.00867   0.10454   0.06332   0.03731   0.20197   0.33089   0.07810   0.21669   0.33126   5.79707   1.61372   0.89396   1.50770   0.84872  
  1 99.0000   2511.875404  x:  0.53743   0.14870   0.04772   0.03594   0.04571   0.08185   0.05832   0.09470   0.09600   0.05174   0.17515   0.22233   0.11502   0.05304   0.06515   0.10289   0.06264   0.04182   0.19876   0.32830   0.07549   0.21434   0.32808   5.79707   1.61369   0.89401   1.50792   0.84858  
  2 23265.6399   2367.086388  x:  0.52367   0.06201   0.32941   0.16082   0.22055   0.07502   0.30731   0.05472   0.12322   0.22652   0.12567   0.16177   0.03639   0.24411   0.19009   0.04530   0.01606   0.13359   0.11816   0.26456   0.01183   0.15680   0.24986   5.79760   1.61068   0.90196   1.51041   0.84737  
  3 926.0869   2336.724487  x:  0.53448   0.02094   0.33386   0.15278   0.21108   0.06217   0.31699   0.02950   0.13021   0.22601   0.10307   0.13919   0.00000   0.24715   0.19013   0.03303   0.02185   0.12788   0.08232   0.23757   0.01745   0.13682   0.21498   5.79788   1.60807   0.90745   1.51094   0.84733  
  4 377.4231   2325.971778  x:  0.53950   0.00000   0.33596   0.14992   0.20451   0.05864   0.32232   0.02293   0.13565   0.22326   0.09661   0.12899   0.00000   0.24864   0.18915   0.03997   0.01437   0.12588   0.06508   0.22503   0.01649   0.12994   0.19777   5.79798   1.60724   0.90904   1.51159   0.84739  
  5 1372.5417   2307.712815  x:  0.55836   0.00000   0.35156   0.14668   0.17241   0.05277   0.35479   0.02693   0.16557   0.20369   0.09315   0.08885   0.00000   0.26041   0.18327   0.08281   0.04236   0.12546   0.00000   0.17407   0.02990   0.11686   0.12206   5.79823   1.60588   0.90997   1.51641   0.84796  
  6 719.3928   2297.774709  x:  0.57717   0.00000   0.36655   0.14164   0.14014   0.04279   0.38682   0.02505   0.19327   0.18385   0.08687   0.04794   0.00000   0.27138   0.17715   0.11229   0.05684   0.12458   0.01342   0.12287   0.04252   0.10201   0.04499   5.79852   1.60417   0.91173   1.52116   0.84859  
  7 536.6354   2293.415598  x:  0.58184   0.00000   0.37991   0.13634   0.10593   0.01820   0.42151   0.03433   0.20967   0.14792   0.10633   0.04220   0.00000   0.27916   0.16201   0.08526   0.05246   0.12613   0.01114   0.09532   0.02259   0.10987   0.02672   5.79867   1.60378   0.90947   1.52810   0.84919  
  8 115.6316   2291.319401  x:  0.58557   0.00000   0.39124   0.13183   0.08464   0.00411   0.44926   0.03631   0.22416   0.12256   0.11238   0.03642   0.00000   0.28585   0.15175   0.07423   0.04457   0.12643   0.00975   0.07910   0.03448   0.11018   0.03576   5.79881   1.60315   0.90856   1.53339   0.84959  
  9 201.3463   2290.049576  x:  0.58624   0.00000   0.39999   0.12231   0.07128   0.02072   0.47952   0.03356   0.24070   0.09431   0.10692   0.03935   0.00000   0.29049   0.13759   0.06299   0.04120   0.12269   0.00908   0.08228   0.03677   0.10421   0.03628   5.79902   1.60158   0.90912   1.53975   0.85003  
 10 96.5819   2289.244460  x:  0.58569   0.00000   0.40463   0.11169   0.06823   0.01122   0.50328   0.02706   0.25347   0.08015   0.09869   0.04466   0.00000   0.29251   0.12301   0.06701   0.04525   0.11836   0.00996   0.09671   0.03240   0.10034   0.03665   5.79918   1.60006   0.91024   1.54595   0.85014  
 11 70.8384   2288.803405  x:  0.58916   0.00000   0.40042   0.09298   0.07161   0.01086   0.52329   0.03377   0.26059   0.09168   0.09402   0.04183   0.00000   0.29052   0.10101   0.06479   0.04477   0.11306   0.01010   0.09780   0.03145   0.10616   0.03823   5.79936   1.59765   0.91306   1.55506   0.84990  
 12 26.8451   2288.654124  x:  0.58770   0.00000   0.39820   0.08032   0.07607   0.01061   0.52902   0.03212   0.25696   0.09240   0.09785   0.04612   0.00000   0.29291   0.09785   0.06497   0.04351   0.11562   0.00978   0.09633   0.03488   0.10725   0.03526   5.79946   1.59628   0.91458   1.56161   0.84953  
 13 16.7155   2288.501122  x:  0.58881   0.00000   0.39650   0.06786   0.07793   0.01222   0.53246   0.02927   0.25033   0.09187   0.10073   0.04334   0.00000   0.29842   0.09634   0.06730   0.04554   0.11852   0.01024   0.09406   0.03170   0.10555   0.03861   5.79959   1.59459   0.91646   1.57034   0.84903  
 14 24.4078   2288.077096  x:  0.59044   0.00000   0.39812   0.05700   0.07217   0.01258   0.52921   0.02994   0.22612   0.09333   0.10162   0.03771   0.00000   0.32337   0.08061   0.06666   0.04381   0.11966   0.00963   0.10217   0.03458   0.10058   0.03604   5.80001   1.59023   0.92107   1.60036   0.84723  
 15 18.0400   2287.536641  x:  0.58489   0.00000   0.40729   0.04654   0.07048   0.01380   0.51288   0.02910   0.21355   0.09433   0.09160   0.04775   0.00000   0.35355   0.06120   0.06886   0.04575   0.11289   0.01043   0.09156   0.03236   0.09865   0.03835   5.80050   1.58639   0.92696   1.63846   0.84470  
 16 36.0823   2285.959604  x:  0.58214   0.00000   0.44257   0.00533   0.07847   0.01402   0.45612   0.02862   0.22213   0.09066   0.07917   0.04347   0.00000   0.41157   0.04023   0.06077   0.04316   0.10113   0.01008   0.09282   0.03313   0.11156   0.03701   5.80118   1.58393   0.93811   1.71791   0.83872  
 17 57.1449   2285.607223  x:  0.58204   0.00000   0.45079   0.00000   0.08015   0.01502   0.44332   0.02421   0.22677   0.09211   0.08210   0.04285   0.00000   0.41922   0.02980   0.05908   0.04299   0.10498   0.01003   0.09276   0.03297   0.10917   0.03728   5.80121   1.58458   0.94182   1.73158   0.83756  
 18 63.4807   2283.879554  x:  0.57929   0.00000   0.42825   0.00000   0.09289   0.01644   0.44377   0.00639   0.24597   0.09172   0.08936   0.03635   0.00000   0.39218   0.04481   0.04900   0.04073   0.10681   0.00948   0.09136   0.03269   0.10826   0.03691   5.80083   1.58429   0.98566   1.78672   0.83226  
 19 13.7287   2283.201160  x:  0.57694   0.00000   0.42467   0.00000   0.09953   0.01320   0.43762   0.01646   0.25388   0.08989   0.08491   0.03608   0.00000   0.37726   0.05087   0.04188   0.03867   0.11706   0.00911   0.09059   0.03171   0.09054   0.03681   5.80061   1.58780   1.00796   1.81004   0.83000  
 20 61.9488   2281.972798  x:  0.57123   0.00000   0.45857   0.00000   0.08138   0.01591   0.42881   0.01053   0.23767   0.09895   0.06852   0.04044   0.00000   0.33912   0.05421   0.03752   0.03817   0.12988   0.00893   0.09088   0.03137   0.09128   0.03653   5.79950   1.62273   1.03825   1.81301   0.83012  
 21 19.6107   2281.601506  x:  0.56989   0.00000   0.46976   0.01320   0.07976   0.01646   0.42646   0.00922   0.23049   0.09965   0.06546   0.04060   0.00000   0.32685   0.05391   0.03597   0.03788   0.12868   0.00887   0.09023   0.03141   0.08961   0.03632   5.79906   1.63655   1.04806   1.80973   0.83069  
 22 93.3874   2280.936436  x:  0.56823   0.00000   0.48313   0.00920   0.08577   0.01648   0.42470   0.00849   0.21909   0.09910   0.07202   0.03908   0.00000   0.31479   0.05187   0.03293   0.03717   0.10737   0.00888   0.08833   0.03180   0.07679   0.03600   5.79842   1.66420   1.05738   1.79253   0.83310  
 23 38.8311   2280.287511  x:  0.56698   0.00000   0.46340   0.00483   0.09649   0.01532   0.42792   0.00758   0.21468   0.09135   0.06093   0.03529   0.00000   0.33053   0.04640   0.02813   0.03529   0.11197   0.00849   0.08534   0.03161   0.07976   0.03523   5.79788   1.69677   1.05824   1.74440   0.84015  
 24 20.3549   2279.982305  x:  0.56300   0.00000   0.45153   0.00782   0.08805   0.01563   0.42719   0.00533   0.22203   0.09975   0.06209   0.03883   0.00000   0.34795   0.04911   0.02513   0.03478   0.11127   0.00859   0.08730   0.03112   0.07428   0.03580   5.79785   1.70703   1.06052   1.72091   0.84436  
 25 29.0603   2279.634804  x:  0.56103   0.00000   0.45553   0.00394   0.08860   0.01537   0.42114   0.00683   0.21908   0.09682   0.06394   0.03901   0.00000   0.35869   0.04389   0.02472   0.03442   0.10756   0.00885   0.08829   0.03117   0.07922   0.03655   5.80174   1.63424   1.08019   1.66218   0.85783  
 26  5.8782   2279.133750  x:  0.55886   0.00000   0.44977   0.00604   0.08896   0.01479   0.42567   0.00500   0.21509   0.09973   0.06031   0.03893   0.00000   0.34609   0.04730   0.02234   0.03284   0.10793   0.00884   0.08770   0.03105   0.07537   0.03657   5.80942   1.51457   0.99066   1.59232   0.86038  
 27  9.4275   2278.907967  x:  0.55759   0.00000   0.44609   0.00686   0.08814   0.01486   0.42509   0.00538   0.21450   0.10012   0.06056   0.03920   0.00000   0.34529   0.04728   0.02294   0.03224   0.10738   0.00912   0.08847   0.03102   0.07609   0.03711   5.82004   1.49840   0.98097   1.56786   0.79930  
 28  2.1334   2275.312661  x:  0.53762   0.00000   0.37016   0.02716   0.08533   0.01253   0.40514   0.00768   0.21243   0.11982   0.06584   0.04228   0.00000   0.27732   0.07402   0.03674   0.02109   0.10947   0.01238   0.10338   0.03196   0.08297   0.04696   5.99439   1.52903   0.86298   1.41142   0.87008  
 29  1.2805   2271.219652  x:  0.50087   0.00000   0.27872   0.04855   0.07317   0.01178   0.36799   0.00984   0.22873   0.12330   0.06405   0.04109   0.00000   0.20400   0.09315   0.03222   0.00994   0.09083   0.01549   0.11066   0.03069   0.09323   0.05444   5.74127   1.64210   0.92322   1.58085   0.85751  
 30  0.4091   2269.288045  x:  0.47557   0.00000   0.22615   0.06085   0.06906   0.01266   0.33947   0.00695   0.24010   0.12788   0.05237   0.03837   0.00000   0.18286   0.10482   0.04488   0.01709   0.08443   0.01623   0.10802   0.03080   0.08198   0.05478   5.65869   1.65327   0.95507   1.60738   0.86352  
 31  0.7017   2267.491698  x:  0.44644   0.00000   0.20075   0.08231   0.07012   0.01459   0.29909   0.00715   0.22110   0.12464   0.06539   0.04132   0.00000   0.15064   0.13094   0.03887   0.01966   0.09667   0.01680   0.10706   0.02848   0.08532   0.05607   5.79292   1.69654   0.95361   1.64735   0.85659  
 32  0.3966   2265.666085  x:  0.42416   0.00000   0.22041   0.08319   0.07066   0.01594   0.28146   0.00837   0.20251   0.10155   0.07199   0.04220   0.00000   0.19551   0.12660   0.03375   0.02385   0.09780   0.01552   0.09849   0.02954   0.08404   0.05147   5.82902   1.68000   0.98377   1.67588   0.84331  
 33  0.1989   2264.169743  x:  0.38980   0.00000   0.20593   0.09815   0.07656   0.01530   0.32714   0.01139   0.17789   0.10153   0.06688   0.04235   0.00000   0.18214   0.13999   0.02937   0.02634   0.09198   0.01300   0.08967   0.03371   0.08067   0.04330   5.94767   1.65761   0.98430   1.67814   0.83924  
 34  0.1764   2263.514568  x:  0.36252   0.00000   0.22297   0.10621   0.07982   0.01489   0.31852   0.00906   0.19350   0.10390   0.05933   0.03879   0.00000   0.16926   0.14745   0.03133   0.02642   0.09058   0.01146   0.09076   0.03578   0.07782   0.03996   5.87457   1.63250   0.98529   1.65351   0.84406  
 35  0.1126   2263.185881  x:  0.34247   0.00000   0.20737   0.11110   0.07895   0.01325   0.32703   0.00795   0.20582   0.10487   0.06071   0.03712   0.00000   0.17612   0.14943   0.03105   0.02625   0.09368   0.01127   0.09520   0.03325   0.08233   0.04169   5.76408   1.63386   0.98702   1.64417   0.84845  
 36  0.1513   2263.096972  x:  0.33756   0.00000   0.21827   0.11007   0.07698   0.01343   0.33241   0.00819   0.20461   0.10358   0.06322   0.03719   0.00000   0.17611   0.14639   0.03101   0.02659   0.09403   0.01161   0.09662   0.03100   0.08370   0.04396   5.77936   1.63946   0.98456   1.64631   0.85039  
 37  0.0263   2263.067273  x:  0.33315   0.00000   0.21677   0.11020   0.07779   0.01425   0.33150   0.00841   0.20253   0.10335   0.06330   0.03751   0.00000   0.17727   0.14620   0.03278   0.02519   0.09484   0.01184   0.09616   0.03135   0.08149   0.04474   5.79770   1.63953   0.97960   1.64271   0.85085  
 38  0.0256   2263.058213  x:  0.33154   0.00000   0.21641   0.10942   0.07801   0.01390   0.33110   0.00896   0.20235   0.10370   0.06337   0.03736   0.00000   0.17686   0.14529   0.03230   0.02451   0.09368   0.01196   0.09551   0.03171   0.08235   0.04447   5.80084   1.64335   0.97693   1.64624   0.84821  
 39  0.0061   2263.056034  x:  0.33168   0.00000   0.21669   0.10856   0.07826   0.01389   0.33144   0.00867   0.20201   0.10414   0.06342   0.03732   0.00000   0.17667   0.14450   0.03230   0.02425   0.09442   0.01197   0.09549   0.03180   0.08251   0.04425   5.79541   1.64416   0.97884   1.64791   0.84818  
 40  0.0075   2263.055492  x:  0.33148   0.00000   0.21673   0.10836   0.07794   0.01402   0.33100   0.00864   0.20194   0.10463   0.06329   0.03727   0.00000   0.17681   0.14463   0.03225   0.02423   0.09432   0.01197   0.09565   0.03165   0.08243   0.04416   5.79679   1.64429   0.97914   1.64908   0.84882  
 41  0.0018   2263.055345  x:  0.33132   0.00000   0.21670   0.10810   0.07817   0.01403   0.33082   0.00866   0.20203   0.10454   0.06332   0.03733   0.00000   0.17679   0.14465   0.03223   0.02428   0.09425   0.01197   0.09569   0.03158   0.08239   0.04415   5.79723   1.64423   0.97927   1.64953   0.84894  
 42  0.0007   2263.055258  x:  0.33123   0.00000   0.21670   0.10792   0.07811   0.01400   0.33081   0.00867   0.20193   0.10456   0.06333   0.03733   0.00000   0.17682   0.14482   0.03229   0.02432   0.09429   0.01194   0.09563   0.03162   0.08240   0.04414   5.79677   1.64444   0.97911   1.64929   0.84866  
 43  0.0004   2263.055247  x:  0.33126   0.00000   0.21669   0.10788   0.07811   0.01403   0.33086   0.00867   0.20196   0.10455   0.06333   0.03731   0.00000   0.17681   0.14485   0.03227   0.02432   0.09430   0.01195   0.09564   0.03163   0.08242   0.04416   5.79737   1.64442   0.97906   1.64919   0.84869  
 44  0.0007   2263.055245  x:  0.33125   0.00000   0.21669   0.10787   0.07810   0.01402   0.33089   0.00867   0.20196   0.10454   0.06332   0.03731   0.00000   0.17681   0.14487   0.03227   0.02432   0.09429   0.01195   0.09565   0.03163   0.08241   0.04417   5.79697   1.64435   0.97905   1.64916   0.84873  
 45  0.0003   2263.055245  x:  0.33125   0.00000   0.21669   0.10787   0.07810   0.01402   0.33089   0.00867   0.20197   0.10454   0.06332   0.03731   0.00000   0.17681   0.14487   0.03227   0.02431   0.09429   0.01195   0.09564   0.03163   0.08241   0.04417   5.79717   1.64434   0.97907   1.64917   0.84873  
 46  0.0002   2263.055245  x:  0.33126   0.00000   0.21670   0.10787   0.07810   0.01402   0.33089   0.00867   0.20197   0.10454   0.06332   0.03731   0.00000   0.17681   0.14488   0.03227   0.02431   0.09429   0.01195   0.09564   0.03163   0.08241   0.04417   5.79703   1.64434   0.97907   1.64917   0.84872  
 47  0.0001   2263.055245  x:  0.33126   0.00000   0.21669   0.10788   0.07810   0.01402   0.33089   0.00867   0.20197   0.10454   0.06332   0.03731   0.00000   0.17681   0.14488   0.03227   0.02431   0.09429   0.01195   0.09565   0.03163   0.08241   0.04417   5.79708   1.64435   0.97908   1.64917   0.84872  
 48  0.0000   2263.055245  x:  0.33126   0.00000   0.21669   0.10788   0.07810   0.01402   0.33089   0.00867   0.20197   0.10454   0.06332   0.03731   0.00000   0.17681   0.14488   0.03227   0.02431   0.09429   0.01195   0.09565   0.03163   0.08241   0.04417   5.79707   1.64435   0.97908   1.64917   0.84872  