

TREE # 1

  0  0.0000   2123.273329  x:  0.09211   0.04543   0.14321   0.04396   0.02563   0.03285   0.05141   0.03824   0.03940   0.06086   0.03701   0.15524   0.00000   0.20548   0.00211   0.01242   0.03921   0.07259   0.04625   0.12014   0.15653   0.07454   0.17079   0.11073   2.00000   1.47791   1.07014   1.22580   0.40000  
  1 99.0000   2111.947522  x:  0.09401   0.04571   0.14551   0.03790   0.02186   0.03017   0.05180   0.03721   0.03815   0.06245   0.04420   0.15585   0.05128   0.20843   0.02930   0.03305   0.05498   0.07235   0.04864   0.11503   0.15342   0.07032   0.17231   0.11263   2.00303   1.47749   1.06964   1.22712   0.40648  
  2 865.1140   2101.612594  x:  0.09973   0.03924   0.15572   0.01073   0.00891   0.02069   0.05319   0.03373   0.03382   0.06888   0.06669   0.15746   0.05076   0.21686   0.00857   0.04738   0.09729   0.07094   0.05620   0.09052   0.13739   0.04520   0.17296   0.11835   2.01796   1.47514   1.06814   1.23335   0.43587  
  3 238.3947   2097.879337  x:  0.10456   0.03501   0.16513   0.01341   0.03329   0.02482   0.05312   0.03465   0.03466   0.07247   0.07685   0.15835   0.04365   0.22585   0.01300   0.05102   0.11800   0.06961   0.05833   0.06811   0.12146   0.02629   0.17275   0.12318   2.03473   1.47256   1.06659   1.24031   0.46496  
  4 255.8158   2094.035454  x:  0.11049   0.03504   0.17875   0.02052   0.01921   0.03040   0.05449   0.03429   0.03472   0.07163   0.07115   0.15883   0.03407   0.24294   0.02884   0.04553   0.12232   0.06815   0.05284   0.04272   0.09505   0.03796   0.17116   0.12911   2.07217   1.46706   1.06366   1.25513   0.51826  
  5 146.0432   2089.041843  x:  0.11545   0.03884   0.19556   0.01509   0.02119   0.02079   0.05166   0.03918   0.03984   0.06637   0.04928   0.15809   0.04278   0.27127   0.02026   0.04062   0.10522   0.06882   0.04643   0.06736   0.07037   0.03149   0.16809   0.13407   2.15743   1.45580   1.05765   1.28673   0.61645  
  6 158.0108   2085.175643  x:  0.11360   0.03567   0.20022   0.02283   0.01836   0.03881   0.05139   0.03428   0.03407   0.06634   0.05998   0.15545   0.04876   0.28846   0.00811   0.04816   0.08490   0.07066   0.05455   0.07858   0.09583   0.03359   0.16487   0.13222   2.25004   1.44543   1.05228   1.31821   0.69957  
  7 210.2762   2082.926731  x:  0.10848   0.03286   0.19486   0.01211   0.01932   0.02782   0.05237   0.03361   0.03375   0.06849   0.06810   0.15310   0.04003   0.29106   0.02295   0.04773   0.07558   0.07131   0.05919   0.08359   0.12152   0.03460   0.16273   0.12710   2.32136   1.43911   1.04945   1.33971   0.74596  
  8 244.4561   2081.228043  x:  0.10324   0.03689   0.18270   0.02103   0.02009   0.01447   0.05359   0.03719   0.03776   0.06959   0.06639   0.15179   0.04270   0.28216   0.01937   0.04420   0.08126   0.07045   0.05549   0.07859   0.13407   0.03778   0.16268   0.12186   2.38208   1.43592   1.04872   1.35440   0.76507  
  9 152.9105   2078.042290  x:  0.09226   0.04626   0.15123   0.01349   0.02188   0.02457   0.05441   0.04481   0.04589   0.07022   0.05121   0.14999   0.04743   0.25362   0.01684   0.03314   0.09698   0.06823   0.04369   0.07139   0.14864   0.03835   0.16417   0.11088   2.52110   1.43075   1.04854   1.38470   0.79174  
 10 334.5506   2073.078417  x:  0.09137   0.04637   0.11834   0.02219   0.01851   0.02534   0.04671   0.02920   0.02941   0.06440   0.04620   0.15289   0.04019   0.19825   0.02213   0.04753   0.09871   0.07003   0.05434   0.07778   0.12704   0.03201   0.17141   0.10999   2.76073   1.42845   1.05188   1.42753   0.79782  
 11 227.3335   2068.060174  x:  0.09919   0.04191   0.12493   0.01552   0.02353   0.02625   0.05662   0.04316   0.04269   0.06620   0.07554   0.16043   0.04425   0.15626   0.01717   0.04860   0.08231   0.07169   0.05929   0.07716   0.10038   0.04580   0.18148   0.11781   3.04547   1.43196   1.05809   1.47080   0.77614  
 12 347.5351   2058.540232  x:  0.10936   0.04206   0.18482   0.01618   0.01658   0.02440   0.05325   0.02789   0.02981   0.07709   0.07578   0.17106   0.05224   0.17223   0.01846   0.02538   0.07299   0.06951   0.04618   0.06374   0.10126   0.02140   0.19239   0.12798   3.56424   1.44970   1.07409   1.53479   0.69147  
 13 371.4445   2051.811220  x:  0.11391   0.03815   0.22905   0.01137   0.02575   0.02483   0.04568   0.03140   0.02957   0.07678   0.05385   0.17428   0.04056   0.21724   0.01560   0.05739   0.09142   0.06878   0.04809   0.06247   0.10495   0.04043   0.19403   0.13253   4.00625   1.46958   1.08944   1.58279   0.61268  
 14 860.7520   2050.110797  x:  0.11210   0.03394   0.22637   0.01972   0.01714   0.02890   0.05296   0.03897   0.04103   0.06819   0.05693   0.16881   0.03601   0.23952   0.02097   0.05759   0.10010   0.07057   0.05733   0.07099   0.10053   0.03249   0.18678   0.13072   4.11190   1.47865   1.09504   1.58734   0.59327  
 15 257.2234   2048.763145  x:  0.10993   0.03312   0.20512   0.01564   0.02235   0.02774   0.05359   0.03530   0.03410   0.05990   0.06927   0.15678   0.04035   0.26890   0.01829   0.04843   0.09888   0.07195   0.06021   0.06938   0.08858   0.03842   0.17055   0.12855   4.19492   1.49363   1.10302   1.57787   0.58022  
 16 118.2184   2048.227624  x:  0.11406   0.03526   0.19208   0.01485   0.02073   0.02738   0.05183   0.03642   0.03788   0.07157   0.07071   0.15167   0.04000   0.27948   0.01738   0.05423   0.09023   0.07101   0.05672   0.06495   0.08528   0.03420   0.16211   0.13268   4.23047   1.50662   1.10916   1.56266   0.57824  
 17 64.1912   2047.472673  x:  0.12902   0.03218   0.18698   0.01483   0.02083   0.02686   0.05746   0.04289   0.03200   0.06649   0.06717   0.15367   0.04002   0.27932   0.01752   0.05325   0.09097   0.07023   0.05460   0.06527   0.09265   0.03395   0.16048   0.14764   4.28560   1.54474   1.12547   1.50746   0.58953  
 18 36.6254   2046.977927  x:  0.13220   0.03351   0.18818   0.01477   0.02169   0.02710   0.05422   0.03413   0.04010   0.06509   0.06708   0.15563   0.04024   0.27752   0.01757   0.05071   0.09374   0.07096   0.05654   0.06731   0.09546   0.03685   0.16163   0.15082   4.32215   1.57177   1.13672   1.46673   0.59884  
 19 112.4567   2046.538489  x:  0.12089   0.03594   0.19480   0.01621   0.02084   0.02788   0.04901   0.03872   0.03659   0.07006   0.06877   0.15638   0.03978   0.27463   0.01845   0.05003   0.09480   0.07222   0.05851   0.06979   0.09308   0.03760   0.16504   0.13951   4.35543   1.59707   1.14658   1.42599   0.60850  
 20 67.1101   2046.434208  x:  0.11592   0.03407   0.19675   0.01576   0.02118   0.02750   0.05389   0.03699   0.03666   0.06875   0.06748   0.15601   0.03986   0.27374   0.01784   0.05252   0.09254   0.07164   0.05711   0.06801   0.09212   0.03652   0.16621   0.13454   4.36371   1.60279   1.14828   1.41563   0.61082  
 21 36.8040   2046.419438  x:  0.11563   0.03451   0.19690   0.01550   0.02093   0.02737   0.05240   0.03762   0.03717   0.06659   0.06761   0.15570   0.03986   0.27366   0.01771   0.05316   0.09154   0.07105   0.05700   0.06685   0.09232   0.03577   0.16643   0.13425   4.36549   1.60218   1.14632   1.41391   0.61100  
 22  3.8316   2045.926201  x:  0.11707   0.03601   0.19629   0.01575   0.02091   0.02747   0.05381   0.03704   0.03660   0.06799   0.06790   0.14494   0.03909   0.27513   0.01777   0.05232   0.09304   0.06651   0.05700   0.06776   0.09304   0.03648   0.17067   0.13569   4.43326   1.55855   1.04933   1.35598   0.61702  
 23  7.0246   2045.782968  x:  0.11665   0.03277   0.19528   0.01558   0.02078   0.02720   0.05273   0.03751   0.03710   0.06790   0.06686   0.15058   0.03956   0.27583   0.01735   0.05202   0.09266   0.07532   0.05648   0.06617   0.09353   0.03616   0.16705   0.13527   4.45436   1.54176   1.02618   1.33872   0.61897  
 24 40.0300   2045.595726  x:  0.11579   0.03704   0.19435   0.01569   0.02083   0.02739   0.05463   0.03711   0.03651   0.06739   0.06825   0.16397   0.03888   0.27733   0.01763   0.05270   0.09314   0.07125   0.05603   0.06701   0.09382   0.03615   0.15891   0.13441   4.48213   1.51388   1.01060   1.31761   0.62191  
 25 28.2444   2045.351177  x:  0.11556   0.02861   0.19296   0.01601   0.02056   0.02724   0.05173   0.03763   0.03735   0.06895   0.06722   0.16680   0.03993   0.27884   0.01710   0.05086   0.09346   0.06464   0.05696   0.06698   0.09434   0.03689   0.15750   0.13418   4.51669   1.47525   1.00437   1.29332   0.62597  
 26 37.9902   2044.676094  x:  0.11785   0.03503   0.19191   0.01518   0.02082   0.02705   0.05448   0.03798   0.03713   0.06903   0.06682   0.15668   0.03925   0.28351   0.01670   0.05055   0.09375   0.07052   0.05956   0.06528   0.09690   0.03674   0.16514   0.13647   4.61401   1.36532   0.99918   1.22842   0.63771  
 27 89.3620   2044.614413  x:  0.11791   0.03451   0.19233   0.01586   0.02046   0.02736   0.05367   0.03746   0.03706   0.06821   0.06918   0.15509   0.03832   0.28335   0.01724   0.05170   0.09507   0.07128   0.05391   0.06729   0.09706   0.03683   0.16457   0.13653   4.62266   1.35991   0.99938   1.22591   0.63901  
 28 16.3094   2043.228246  x:  0.11576   0.03567   0.20633   0.01553   0.01984   0.02708   0.05332   0.03716   0.03678   0.06786   0.06481   0.13229   0.03898   0.27066   0.01616   0.05056   0.09930   0.07218   0.05675   0.06583   0.10295   0.03684   0.12628   0.13438   4.80367   1.37559   1.01432   1.26668   0.66945  
 29  9.1830   2035.836100  x:  0.09683   0.04055   0.16949   0.01450   0.01511   0.02467   0.05352   0.03723   0.03796   0.07247   0.07047   0.15349   0.03395   0.30758   0.00996   0.04287   0.10643   0.07126   0.05141   0.05996   0.12394   0.03592   0.17176   0.11545   5.88931   1.51932   1.09988   1.54570   0.84995  
 30 135.5913   2031.450625  x:  0.12622   0.03917   0.20184   0.01663   0.01394   0.02564   0.05186   0.03193   0.03349   0.06714   0.05535   0.15607   0.02198   0.26229   0.01596   0.04442   0.10976   0.06967   0.05387   0.06720   0.10551   0.03309   0.17204   0.14483   7.28136   1.57956   1.12342   1.52489   0.88197  
 31  0.7794   2029.458488  x:  0.11177   0.04045   0.18800   0.01529   0.02216   0.02499   0.05144   0.03731   0.03492   0.07090   0.06539   0.15545   0.02664   0.25893   0.00902   0.03634   0.09884   0.07055   0.05041   0.06247   0.09840   0.03587   0.16701   0.13038   8.42157   1.53303   1.08758   1.48631   0.87265  
 32  0.6261   2028.920373  x:  0.10748   0.04110   0.18038   0.01489   0.01818   0.02569   0.05295   0.03710   0.03699   0.07143   0.06653   0.15626   0.02097   0.26288   0.01497   0.04047   0.09587   0.07119   0.05178   0.06422   0.10023   0.03283   0.17040   0.12608   9.03476   1.51877   1.08285   1.49634   0.85913  
 33  0.4965   2028.669686  x:  0.11234   0.04048   0.18167   0.01709   0.01593   0.02598   0.05371   0.03513   0.03709   0.06992   0.06263   0.15644   0.02371   0.26119   0.01240   0.04084   0.09568   0.07119   0.05319   0.06348   0.10542   0.03438   0.17304   0.13094   9.54338   1.53132   1.09421   1.51314   0.84130  
 34  0.3525   2028.626881  x:  0.11170   0.04029   0.18306   0.01549   0.01743   0.02578   0.05278   0.03541   0.03578   0.06984   0.06410   0.15636   0.02426   0.26115   0.01201   0.04104   0.09877   0.07102   0.05288   0.06507   0.10552   0.03434   0.17230   0.13030   9.70766   1.53680   1.09531   1.51410   0.83647  
 35  0.1412   2028.618285  x:  0.11124   0.04031   0.18277   0.01578   0.01690   0.02586   0.05250   0.03591   0.03578   0.07002   0.06467   0.15623   0.02514   0.26257   0.01239   0.04139   0.09881   0.07106   0.05271   0.06465   0.10451   0.03474   0.17126   0.12985   9.78908   1.53433   1.09249   1.51333   0.83763  
 36  0.0456   2028.615552  x:  0.11163   0.04025   0.18317   0.01567   0.01715   0.02573   0.05282   0.03563   0.03606   0.07005   0.06437   0.15611   0.02572   0.26264   0.01252   0.04182   0.09916   0.07108   0.05287   0.06446   0.10449   0.03448   0.17124   0.13023   9.80196   1.53470   1.09343   1.51332   0.84077  
 37  0.0084   2028.615355  x:  0.11158   0.04025   0.18321   0.01570   0.01712   0.02573   0.05275   0.03567   0.03597   0.07002   0.06436   0.15615   0.02586   0.26240   0.01257   0.04169   0.09920   0.07106   0.05282   0.06458   0.10460   0.03450   0.17137   0.13018   9.79577   1.53478   1.09357   1.51305   0.84144  
 38  0.0051   2028.615342  x:  0.11156   0.04025   0.18313   0.01570   0.01712   0.02573   0.05274   0.03567   0.03596   0.07001   0.06438   0.15617   0.02589   0.26234   0.01255   0.04173   0.09918   0.07106   0.05280   0.06458   0.10461   0.03447   0.17139   0.13016   9.79452   1.53460   1.09343   1.51293   0.84141  
 39  0.0010   2028.615341  x:  0.11156   0.04025   0.18311   0.01570   0.01712   0.02574   0.05275   0.03567   0.03596   0.07002   0.06438   0.15617   0.02590   0.26232   0.01256   0.04173   0.09918   0.07106   0.05282   0.06458   0.10461   0.03448   0.17139   0.13016   9.79393   1.53460   1.09343   1.51291   0.84135  
 40  0.0004   2028.615341  x:  0.11156   0.04025   0.18311   0.01570   0.01712   0.02574   0.05275   0.03567   0.03596   0.07002   0.06438   0.15617   0.02590   0.26231   0.01256   0.04173   0.09919   0.07106   0.05282   0.06458   0.10461   0.03448   0.17139   0.13016   9.79377   1.53461   1.09344   1.51293   0.84133  
 41  0.0001   2028.615341  x:  0.11156   0.04025   0.18311   0.01570   0.01712   0.02574   0.05275   0.03567   0.03596   0.07002   0.06438   0.15617   0.02590   0.26231   0.01256   0.04173   0.09919   0.07106   0.05282   0.06458   0.10461   0.03448   0.17139   0.13016   9.79371   1.53461   1.09344   1.51294   0.84133  
 42  0.0000   2028.615341  x:  0.11156   0.04025   0.18311   0.01570   0.01712   0.02574   0.05275   0.03567   0.03596   0.07002   0.06438   0.15617   0.02590   0.26231   0.01256   0.04173   0.09919   0.07106   0.05282   0.06458   0.10461   0.03448   0.17139   0.13016   9.79371   1.53461   1.09344   1.51294   0.84133  
 43  0.0000   2028.615341  x:  0.11156   0.04025   0.18311   0.01570   0.01712   0.02574   0.05275   0.03567   0.03596   0.07002   0.06438   0.15617   0.02590   0.26231   0.01256   0.04173   0.09919   0.07106   0.05282   0.06458   0.10461   0.03448   0.17139   0.13016   9.79371   1.53461   1.09344   1.51294   0.84133  