

TREE # 1

  0  0.0000   2108.361061  x:  0.06376   0.00000   0.07445   0.00198   0.07976   0.08265   0.05151   0.04039   0.07357   0.11281   0.13872   0.14495   0.00198   0.06354   0.01803   0.05116   0.04796   0.03574   0.04651   0.05774   0.10386   0.04788   0.11810   0.08238   2.00000   1.79596   1.22551   1.54724   0.40000  
  1 99.0000   2095.814867  x:  0.06482   0.00008   0.07563   0.02308   0.08178   0.08104   0.05182   0.03897   0.07382   0.11344   0.13892   0.14567   0.00000   0.06778   0.01722   0.04961   0.04587   0.03518   0.04518   0.05829   0.10362   0.04713   0.11887   0.08344   2.00056   1.79583   1.22543   1.54745   0.40205  
  2 1467.4346   2065.733366  x:  0.08637   0.00141   0.09015   0.01981   0.11809   0.04578   0.05841   0.00837   0.07882   0.12238   0.13721   0.16044   0.00000   0.15299   0.00097   0.01576   0.00000   0.02354   0.01677   0.06975   0.09852   0.03116   0.13489   0.10499   2.01269   1.79296   1.22407   1.55175   0.44542  
  3 453.6832   2064.329636  x:  0.08837   0.00151   0.09152   0.01951   0.12146   0.04247   0.05903   0.00567   0.07928   0.12320   0.13703   0.16182   0.00000   0.16083   0.00036   0.01272   0.00095   0.02250   0.01423   0.07082   0.09805   0.02973   0.13638   0.10699   2.01385   1.79268   1.22394   1.55216   0.44950  
  4 2289.1447   2062.222833  x:  0.09102   0.00157   0.09340   0.01913   0.12604   0.03792   0.05986   0.00286   0.07989   0.12427   0.13675   0.16371   0.00000   0.17125   0.00438   0.00892   0.00131   0.02124   0.01125   0.07224   0.09742   0.02799   0.13840   0.10964   2.01549   1.79230   1.22376   1.55273   0.45521  
  5 3902.8618   2057.914332  x:  0.09843   0.00044   0.09953   0.01809   0.13972   0.02390   0.06246   0.02130   0.08154   0.12700   0.13529   0.16957   0.00000   0.19953   0.00820   0.00382   0.00212   0.01961   0.01175   0.07602   0.09554   0.02424   0.14454   0.11705   2.02146   1.79090   1.22316   1.55476   0.47459  
  6 797.8688   2056.383410  x:  0.09969   0.00000   0.10080   0.01790   0.14231   0.02141   0.06282   0.02228   0.08183   0.12737   0.13485   0.17073   0.00000   0.20440   0.00857   0.00750   0.00218   0.01982   0.01353   0.07662   0.09521   0.02410   0.14571   0.11831   2.02290   1.79057   1.22304   1.55522   0.47887  
  7 658.6246   2054.283673  x:  0.10095   0.00000   0.10598   0.01755   0.14918   0.01909   0.06244   0.01958   0.08233   0.12623   0.13112   0.17463   0.00000   0.20999   0.00852   0.00360   0.00223   0.02820   0.03016   0.07622   0.09454   0.03132   0.14896   0.11957   2.03134   1.78864   1.22260   1.55765   0.49965  
  8 230.6887   2047.020381  x:  0.09547   0.00000   0.13350   0.01665   0.17582   0.04568   0.05602   0.02226   0.08284   0.11016   0.10381   0.19259   0.00000   0.19875   0.00806   0.00763   0.00223   0.04690   0.01311   0.06679   0.09361   0.06008   0.16089   0.11409   2.09010   1.77538   1.22053   1.57348   0.62726  
  9 195.1172   2039.973046  x:  0.08656   0.00000   0.14991   0.01666   0.18823   0.04003   0.05709   0.01871   0.07978   0.08950   0.08118   0.19955   0.00000   0.16616   0.00784   0.00506   0.00202   0.01545   0.02164   0.06346   0.09478   0.03721   0.16221   0.10518   2.15540   1.76121   1.21956   1.58945   0.73920  
 10 256.2152   2038.023399  x:  0.08516   0.00000   0.15103   0.01684   0.18785   0.02723   0.05986   0.01760   0.07875   0.08323   0.07896   0.19723   0.00000   0.15205   0.00767   0.00504   0.00184   0.02639   0.01847   0.06761   0.09546   0.02140   0.15880   0.10378   2.18407   1.75545   1.21949   1.59572   0.77464  
 11 234.3287   2036.725098  x:  0.08783   0.00000   0.14548   0.01703   0.18192   0.01405   0.06298   0.01726   0.07937   0.08291   0.08598   0.18935   0.00000   0.14435   0.00715   0.00505   0.00174   0.02466   0.01505   0.07419   0.09587   0.02945   0.15208   0.10645   2.21473   1.74992   1.21977   1.60156   0.79602  
 12 127.0775   2033.384880  x:  0.10327   0.00000   0.11797   0.01731   0.15795   0.02769   0.07163   0.01705   0.08567   0.09460   0.11940   0.15715   0.00000   0.14363   0.00740   0.00492   0.00171   0.02196   0.01793   0.09465   0.09600   0.02612   0.12782   0.12189   2.33192   1.73005   1.22108   1.62259   0.85444  
 13 191.2870   2029.254185  x:  0.09511   0.00000   0.08592   0.01781   0.12082   0.02168   0.04915   0.01732   0.07788   0.13053   0.14058   0.14448   0.00000   0.15793   0.00751   0.00502   0.00179   0.02254   0.01773   0.06294   0.09526   0.02134   0.13105   0.11373   2.50639   1.70427   1.22384   1.65012   0.89012  
 14 134.5196   2024.614459  x:  0.07487   0.00000   0.07532   0.01781   0.09686   0.02395   0.08966   0.01649   0.07476   0.16485   0.15501   0.17678   0.00000   0.16378   0.00735   0.00507   0.00174   0.02259   0.01770   0.06826   0.09579   0.02236   0.15900   0.09349   2.77760   1.67038   1.22758   1.68847   0.89204  
 15 175.8982   2013.997144  x:  0.09975   0.00000   0.10269   0.01637   0.14368   0.02503   0.04820   0.01523   0.08736   0.17858   0.16138   0.23615   0.00000   0.13659   0.00705   0.00468   0.00154   0.02042   0.01792   0.09473   0.09681   0.02047   0.18366   0.11837   3.42519   1.60274   1.23506   1.76994   0.83114  
 16 269.4383   2005.537585  x:  0.11010   0.00000   0.11849   0.01656   0.18579   0.02637   0.07680   0.01541   0.07519   0.10400   0.11293   0.21951   0.00000   0.16186   0.00713   0.00537   0.00173   0.02590   0.01695   0.05306   0.09276   0.02881   0.14945   0.12872   3.92563   1.56975   1.23757   1.81825   0.76918  
 17 305.3388   2003.300118  x:  0.09331   0.00000   0.13002   0.01675   0.18671   0.02734   0.06588   0.01618   0.07661   0.08011   0.08498   0.19715   0.00000   0.18255   0.00731   0.00547   0.00177   0.02704   0.01729   0.07383   0.09316   0.03263   0.14356   0.11193   4.06663   1.57182   1.23604   1.82344   0.75256  
 18 207.3453   2002.563176  x:  0.09022   0.00000   0.15388   0.01613   0.18984   0.02622   0.07025   0.01599   0.08698   0.08760   0.08358   0.17449   0.00000   0.18254   0.00726   0.00546   0.00177   0.02711   0.01712   0.06966   0.09527   0.03231   0.14825   0.10884   4.11893   1.59511   1.23086   1.80860   0.74956  
 19 47.4530   2001.538346  x:  0.09263   0.00000   0.16116   0.01585   0.19046   0.02765   0.07002   0.01577   0.06560   0.08304   0.09154   0.16853   0.00000   0.18245   0.00726   0.00545   0.00176   0.02675   0.01725   0.07200   0.09247   0.03232   0.15883   0.11125   4.19487   1.66235   1.21733   1.76052   0.75306  
 20 43.1264   2000.099795  x:  0.09520   0.00000   0.14585   0.01627   0.18872   0.02649   0.06894   0.01557   0.08426   0.07703   0.08774   0.18246   0.00000   0.18329   0.00726   0.00544   0.00177   0.02670   0.01726   0.06989   0.09247   0.03202   0.15800   0.11382   4.31142   1.77619   1.19568   1.67679   0.76161  
 21 116.4514   1999.965513  x:  0.09451   0.00000   0.14474   0.01624   0.19205   0.02641   0.06947   0.01552   0.08123   0.08443   0.08341   0.18480   0.00000   0.18306   0.00725   0.00544   0.00176   0.02677   0.01722   0.07100   0.09480   0.03220   0.14964   0.11313   4.32231   1.78652   1.19508   1.66837   0.76261  
 22 28.9909   1999.939077  x:  0.09239   0.00000   0.14581   0.01615   0.19384   0.02635   0.06897   0.01553   0.08143   0.08409   0.08694   0.18616   0.00000   0.18382   0.00726   0.00544   0.00177   0.02674   0.01726   0.07066   0.09448   0.03213   0.14644   0.11101   4.32472   1.78748   1.19753   1.66627   0.76317  
 23  5.7248   1999.584325  x:  0.09531   0.00000   0.14913   0.01626   0.18986   0.02610   0.06915   0.01516   0.08181   0.08500   0.08544   0.18714   0.00000   0.18690   0.00733   0.00556   0.00178   0.02668   0.01741   0.07148   0.09070   0.03195   0.14721   0.11393   4.36178   1.78202   1.26841   1.63455   0.77437  
 24  3.9114   1999.491603  x:  0.09485   0.00000   0.14587   0.01631   0.19353   0.02613   0.06937   0.01505   0.08174   0.08433   0.08681   0.18527   0.00000   0.18762   0.00733   0.00558   0.00178   0.02670   0.01747   0.07157   0.10000   0.03199   0.15043   0.11347   4.37157   1.78138   1.27923   1.63082   0.77727  
 25 13.1181   1999.036882  x:  0.09128   0.00000   0.13042   0.01655   0.21184   0.02565   0.07102   0.01423   0.08307   0.08954   0.08806   0.17582   0.00000   0.18742   0.00737   0.00573   0.00176   0.02645   0.01748   0.07352   0.09001   0.03179   0.15927   0.10990   4.41801   1.78376   1.28681   1.63776   0.79003  
 26  8.3853   1992.984057  x:  0.10791   0.00000   0.13517   0.01821   0.19374   0.01669   0.06668   0.00525   0.08642   0.10625   0.10783   0.18549   0.00000   0.24071   0.00807   0.00784   0.00165   0.02240   0.01915   0.08323   0.09362   0.02493   0.15801   0.12653   5.03494   1.83021   1.27387   1.78978   0.96248  
 27 40.2330   1985.560198  x:  0.10322   0.00000   0.12624   0.02374   0.14912   0.01996   0.04594   0.01632   0.08533   0.11902   0.12076   0.17524   0.00000   0.17932   0.01017   0.01329   0.00230   0.02854   0.02970   0.08030   0.09602   0.03714   0.15731   0.12184   6.07351   1.63628   1.12875   1.66404   1.10336  
 28  4.9811   1984.855170  x:  0.10173   0.00000   0.12274   0.02462   0.14915   0.02057   0.04653   0.01774   0.08530   0.11784   0.11863   0.17671   0.00000   0.17000   0.01046   0.01397   0.00238   0.02893   0.03037   0.07833   0.09669   0.03774   0.15379   0.12034   6.22278   1.80791   1.25795   1.85710   1.11602  
 29  2.6261   1981.660885  x:  0.09712   0.00000   0.13039   0.02914   0.19828   0.02053   0.07521   0.01743   0.07832   0.09840   0.09783   0.17847   0.00000   0.17093   0.01201   0.01654   0.00267   0.02402   0.02908   0.06988   0.09396   0.02942   0.14581   0.11573   7.23889   1.71509   1.22579   1.76286   1.21190  
 30  1.3685   1980.130177  x:  0.09740   0.00000   0.13854   0.03394   0.19161   0.02461   0.06435   0.01558   0.08217   0.10111   0.09733   0.19814   0.00000   0.20202   0.01325   0.01834   0.00295   0.02746   0.02389   0.07264   0.09339   0.03238   0.16592   0.11600   8.15264   1.74780   1.24052   1.76865   1.27400  
 31  0.5797   1979.497284  x:  0.09805   0.00000   0.13822   0.03901   0.17953   0.02103   0.05806   0.01493   0.08356   0.09666   0.09285   0.18810   0.00000   0.18162   0.01406   0.01918   0.00321   0.02645   0.02227   0.07180   0.09533   0.03030   0.15951   0.11665   8.83166   1.73459   1.21722   1.76493   1.28741  
 32  0.3575   1979.487497  x:  0.09807   0.00000   0.13821   0.03916   0.17918   0.02092   0.05788   0.01491   0.08361   0.09653   0.09271   0.18781   0.00098   0.18103   0.01409   0.01921   0.00322   0.02642   0.02222   0.07178   0.09539   0.03024   0.15932   0.11667   8.85156   1.73420   1.21654   1.76482   1.28780  
 33 434.2242   1979.153052  x:  0.09999   0.00000   0.13506   0.04306   0.18783   0.02234   0.06452   0.01365   0.08247   0.10198   0.09912   0.18290   0.00153   0.18159   0.01456   0.01854   0.00347   0.02805   0.02136   0.07551   0.09435   0.03106   0.15681   0.11857   9.29275   1.73534   1.22660   1.77547   1.23317  
 34  0.1629   1979.011497  x:  0.09741   0.00000   0.13455   0.04544   0.18504   0.02160   0.06186   0.01319   0.08169   0.09884   0.09516   0.18622   0.00205   0.18791   0.01465   0.01733   0.00364   0.02648   0.02188   0.07287   0.09458   0.03021   0.15633   0.11600   9.45332   1.73968   1.22714   1.77423   1.18112  
 35  0.0927   1978.983197  x:  0.09764   0.00000   0.13567   0.04574   0.18136   0.02219   0.06217   0.01380   0.08249   0.09935   0.09526   0.18562   0.00191   0.18464   0.01445   0.01657   0.00368   0.02650   0.02297   0.07252   0.09472   0.03075   0.15859   0.11623   9.38914   1.73080   1.21845   1.76518   1.16954  
 36  0.0375   1978.941885  x:  0.09806   0.00000   0.13630   0.04680   0.18562   0.02245   0.06143   0.01506   0.08237   0.09829   0.09306   0.18387   0.00222   0.18726   0.01394   0.01472   0.00379   0.02647   0.02307   0.07331   0.09479   0.03072   0.15716   0.11664   9.30151   1.72771   1.21697   1.76446   1.17728  
 37  0.0183   1978.921431  x:  0.09774   0.00000   0.13652   0.04868   0.18438   0.02172   0.06184   0.01490   0.08238   0.09837   0.09418   0.18601   0.00229   0.18553   0.01375   0.01387   0.00393   0.02639   0.02264   0.07335   0.09453   0.03054   0.15765   0.11632   9.39187   1.73309   1.22228   1.76336   1.18553  
 38  0.0406   1978.910911  x:  0.09743   0.00000   0.13554   0.04928   0.18353   0.02199   0.06210   0.01396   0.08221   0.09866   0.09438   0.18513   0.00217   0.18603   0.01357   0.01403   0.00401   0.02655   0.02279   0.07257   0.09489   0.03103   0.15791   0.11601   9.38279   1.73413   1.22036   1.76934   1.19366  
 39  0.0042   1978.895780  x:  0.09760   0.00000   0.13605   0.05041   0.18399   0.02218   0.06236   0.01364   0.08219   0.09873   0.09373   0.18453   0.00240   0.18696   0.01302   0.01373   0.00425   0.02599   0.02336   0.07322   0.09441   0.03038   0.15725   0.11619   9.24697   1.73097   1.22084   1.76310   1.18709  
 40  0.0314   1978.878776  x:  0.09768   0.00000   0.13646   0.05121   0.18454   0.02201   0.06145   0.01381   0.08248   0.09849   0.09392   0.18591   0.00245   0.18512   0.01278   0.01507   0.00453   0.02647   0.02276   0.07341   0.09465   0.03054   0.15741   0.11627   9.19880   1.73707   1.22394   1.76602   1.18371  
 41  0.0152   1978.873208  x:  0.09756   0.00000   0.13685   0.05209   0.18471   0.02194   0.06192   0.01428   0.08238   0.09759   0.09304   0.18498   0.00246   0.18622   0.01265   0.01501   0.00471   0.02652   0.02256   0.07285   0.09481   0.03087   0.15752   0.11615   9.21952   1.73175   1.21992   1.76406   1.18282  
 42  0.0115   1978.869733  x:  0.09729   0.00000   0.13594   0.05204   0.18410   0.02195   0.06222   0.01439   0.08211   0.09862   0.09385   0.18501   0.00238   0.18662   0.01264   0.01527   0.00487   0.02633   0.02285   0.07307   0.09425   0.03091   0.15768   0.11587   9.23955   1.73185   1.22118   1.76056   1.18621  
 43  0.0047   1978.858218  x:  0.09747   0.00000   0.13576   0.05062   0.18343   0.02220   0.06126   0.01464   0.08236   0.09882   0.09375   0.18459   0.00255   0.18629   0.01260   0.01501   0.00536   0.02628   0.02316   0.07265   0.09529   0.03068   0.15661   0.11606   9.30122   1.73843   1.22238   1.76904   1.18607  
 44  0.0078   1978.850423  x:  0.09772   0.00000   0.13646   0.04980   0.18444   0.02206   0.06198   0.01418   0.08240   0.09847   0.09405   0.18548   0.00228   0.18619   0.01239   0.01474   0.00565   0.02644   0.02276   0.07287   0.09461   0.03074   0.15766   0.11631   9.28523   1.73075   1.22038   1.76350   1.18642  
 45  0.0092   1978.850033  x:  0.09760   0.00000   0.13628   0.04964   0.18427   0.02197   0.06193   0.01418   0.08232   0.09838   0.09390   0.18534   0.00229   0.18611   0.01236   0.01473   0.00572   0.02640   0.02271   0.07296   0.09464   0.03082   0.15753   0.11619   9.28185   1.73311   1.22085   1.76485   1.18527  
 46  0.0036   1978.850022  x:  0.09758   0.00000   0.13627   0.04964   0.18420   0.02197   0.06194   0.01419   0.08231   0.09841   0.09394   0.18531   0.00229   0.18613   0.01236   0.01473   0.00572   0.02640   0.02269   0.07297   0.09466   0.03085   0.15753   0.11617   9.27869   1.73292   1.22091   1.76476   1.18534  
 47  0.0021   1978.850016  x:  0.09758   0.00000   0.13623   0.04963   0.18418   0.02197   0.06194   0.01419   0.08231   0.09844   0.09397   0.18533   0.00229   0.18612   0.01238   0.01472   0.00572   0.02640   0.02268   0.07294   0.09464   0.03083   0.15752   0.11617   9.27759   1.73294   1.22086   1.76479   1.18523  
 48  0.0003   1978.850008  x:  0.09759   0.00000   0.13625   0.04965   0.18420   0.02197   0.06193   0.01419   0.08231   0.09842   0.09394   0.18531   0.00229   0.18612   0.01240   0.01472   0.00573   0.02640   0.02269   0.07295   0.09466   0.03083   0.15754   0.11618   9.27654   1.73296   1.22091   1.76478   1.18532  
 49  0.0003   1978.850008  x:  0.09758   0.00000   0.13626   0.04965   0.18421   0.02197   0.06194   0.01418   0.08231   0.09841   0.09393   0.18531   0.00229   0.18612   0.01240   0.01472   0.00573   0.02640   0.02269   0.07296   0.09465   0.03083   0.15753   0.11618   9.27685   1.73294   1.22089   1.76475   1.18530  
 50  0.0002   1978.850008  x:  0.09758   0.00000   0.13626   0.04965   0.18421   0.02197   0.06194   0.01418   0.08231   0.09841   0.09393   0.18532   0.00229   0.18612   0.01240   0.01472   0.00573   0.02640   0.02269   0.07296   0.09465   0.03083   0.15753   0.11618   9.27677   1.73294   1.22089   1.76475   1.18530  
 51  0.0001   1978.850008  x:  0.09758   0.00000   0.13626   0.04965   0.18421   0.02197   0.06194   0.01418   0.08231   0.09841   0.09393   0.18532   0.00229   0.18612   0.01240   0.01472   0.00573   0.02640   0.02269   0.07296   0.09465   0.03083   0.15753   0.11618   9.27677   1.73294   1.22089   1.76475   1.18530  
 52  0.0000   1978.850008  x:  0.09758   0.00000   0.13626   0.04965   0.18421   0.02197   0.06194   0.01418   0.08231   0.09841   0.09393   0.18532   0.00229   0.18612   0.01240   0.01472   0.00573   0.02640   0.02269   0.07296   0.09465   0.03083   0.15753   0.11618   9.27677   1.73294   1.22089   1.76475   1.18530  