

TREE # 1

  0  0.0000   2324.840079  x:  0.07365   0.00001   0.09693   0.01465   0.07947   0.06001   0.07300   0.05860   0.08568   0.06302   0.05836   0.14671   0.00000   0.07173   0.00395   0.06211   0.03633   0.07617   0.10072   0.09373   0.10490   0.06861   0.11373   0.09227   2.00000   1.36081   1.01989   1.47615   0.40000  
  1 99.0000   2324.837757  x:  0.07365   0.00001   0.09693   0.01465   0.07947   0.06001   0.07300   0.05860   0.08568   0.06302   0.05835   0.14671   0.00000   0.07173   0.00395   0.06211   0.03633   0.07617   0.10072   0.09373   0.10490   0.06861   0.11373   0.09227   2.00000   1.36081   1.01989   1.47615   0.40000  
  2 610.4093   2324.832093  x:  0.07365   0.00000   0.09694   0.01465   0.07947   0.06001   0.07300   0.05860   0.08567   0.06302   0.05835   0.14672   0.00000   0.07173   0.00395   0.06211   0.03632   0.07617   0.10072   0.09373   0.10490   0.06861   0.11373   0.09227   2.00000   1.36081   1.01989   1.47616   0.40001  
  3 472.0799   2319.739600  x:  0.07531   0.00000   0.09899   0.01904   0.07547   0.05678   0.07357   0.05584   0.08222   0.06223   0.05205   0.14836   0.00000   0.07002   0.00000   0.06056   0.02380   0.07437   0.09499   0.09460   0.10538   0.06620   0.11401   0.09394   2.00304   1.36125   1.01922   1.47697   0.40905  
  4 1026.2325   2312.026018  x:  0.07606   0.00000   0.09910   0.03024   0.06931   0.05229   0.07241   0.05195   0.07693   0.05999   0.04170   0.15050   0.00000   0.06991   0.00509   0.05894   0.00000   0.07201   0.08525   0.09479   0.10635   0.06312   0.11384   0.09470   2.00880   1.36213   1.01791   1.47849   0.42327  
  5 1613.2337   2307.383062  x:  0.06316   0.00000   0.07832   0.02117   0.05929   0.05016   0.06008   0.04982   0.06831   0.05530   0.01846   0.15088   0.00000   0.07907   0.00289   0.05861   0.00000   0.08020   0.05799   0.08607   0.10844   0.06084   0.10952   0.08187   2.03208   1.36606   1.01222   1.48448   0.45420  
  6 198.8980   2304.395070  x:  0.05675   0.00000   0.07758   0.02247   0.05958   0.05910   0.06889   0.05717   0.06697   0.06899   0.03520   0.14572   0.00000   0.07764   0.00284   0.06472   0.00000   0.08204   0.03356   0.07358   0.11186   0.06181   0.10341   0.07559   2.07823   1.37406   1.00025   1.49641   0.48391  
  7 99.6684   2295.032501  x:  0.07248   0.00000   0.08921   0.01942   0.06923   0.08766   0.05742   0.07852   0.07494   0.04274   0.05597   0.12695   0.00000   0.09353   0.00080   0.08756   0.00000   0.09190   0.04933   0.06829   0.12116   0.06469   0.09248   0.09191   2.28713   1.40932   0.94851   1.54939   0.57271  
  8 168.1278   2284.328734  x:  0.07147   0.00000   0.07785   0.02297   0.08109   0.10617   0.05043   0.08938   0.08744   0.09251   0.03910   0.12027   0.00000   0.09367   0.00022   0.09625   0.00000   0.08832   0.09413   0.10452   0.12176   0.06637   0.10019   0.09177   2.59703   1.45981   0.88107   1.62417   0.64694  
  9 441.7390   2270.177668  x:  0.04820   0.00000   0.08731   0.02809   0.08394   0.10081   0.11717   0.07855   0.09123   0.07770   0.01297   0.14705   0.00000   0.09772   0.00042   0.07092   0.00000   0.10447   0.11507   0.10936   0.10265   0.07067   0.12271   0.06964   2.99683   1.52060   0.81793   1.71199   0.66018  
 10 470.6150   2248.300682  x:  0.07208   0.00000   0.08508   0.02553   0.06465   0.05629   0.10748   0.03179   0.07289   0.08288   0.03199   0.18360   0.00000   0.11565   0.00022   0.01819   0.00000   0.11612   0.08860   0.09451   0.07686   0.06652   0.13934   0.09494   3.49863   1.59087   0.77183   1.81154   0.62093  
 11 674.9727   2246.801076  x:  0.07280   0.00000   0.08636   0.02552   0.06333   0.05360   0.10685   0.03068   0.07174   0.08321   0.03151   0.18493   0.00000   0.11628   0.00000   0.02114   0.00000   0.11677   0.08655   0.09437   0.07680   0.06578   0.13977   0.09573   3.52031   1.59366   0.77123   1.81543   0.61770  
 12 918.8209   2246.801076  x:  0.07280   0.00000   0.08636   0.02552   0.06333   0.05360   0.10685   0.03068   0.07174   0.08321   0.03151   0.18493   0.00000   0.11628   0.00000   0.02114   0.00000   0.11677   0.08655   0.09437   0.07680   0.06578   0.13977   0.09573   3.52031   1.59366   0.77123   1.81543   0.61770  
 13 612.4748   2231.464419  x:  0.09726   0.00000   0.13068   0.01242   0.04585   0.03476   0.11459   0.03277   0.05686   0.10334   0.01112   0.18706   0.00000   0.15170   0.08052   0.06457   0.00000   0.14996   0.06577   0.11173   0.09236   0.05364   0.14088   0.12019   3.52306   1.59085   0.78494   1.81225   0.63396  
 14 490.8673   2217.151806  x:  0.12408   0.00000   0.18047   0.03723   0.02534   0.01627   0.12615   0.03139   0.03709   0.12698   0.02075   0.18891   0.00000   0.19847   0.04831   0.05992   0.00000   0.19548   0.02793   0.13000   0.10765   0.03153   0.14005   0.14701   3.52905   1.58365   0.81482   1.80486   0.66766  
 15 273.7938   2210.040226  x:  0.13961   0.00000   0.21234   0.02097   0.03053   0.04085   0.13321   0.03298   0.03871   0.14060   0.00497   0.18933   0.00000   0.23130   0.02101   0.05730   0.00000   0.22566   0.02534   0.13958   0.11752   0.02779   0.13818   0.16253   3.53485   1.57664   0.84191   1.79783   0.69749  
 16 313.6529   2207.794281  x:  0.14530   0.00000   0.22610   0.01002   0.03554   0.04500   0.13563   0.03319   0.04253   0.14512   0.01662   0.18913   0.00000   0.24575   0.01257   0.05859   0.00000   0.23827   0.03286   0.14269   0.12133   0.03202   0.13689   0.16823   3.53818   1.57267   0.85658   1.79381   0.71334  
 17 381.4566   2205.386305  x:  0.14691   0.00000   0.23906   0.01930   0.04433   0.03466   0.13590   0.03188   0.05306   0.14504   0.01035   0.18734   0.00000   0.26175   0.00593   0.06153   0.00000   0.24993   0.05226   0.14179   0.12273   0.04791   0.13356   0.16983   3.54522   1.56441   0.88477   1.78538   0.74266  
 18 175.6522   2203.335251  x:  0.14027   0.00000   0.24079   0.00971   0.04181   0.02329   0.13291   0.03208   0.05426   0.13726   0.00573   0.18426   0.00000   0.26845   0.00439   0.05806   0.00000   0.25133   0.05124   0.13550   0.11834   0.04939   0.12965   0.16319   3.55471   1.55383   0.91855   1.77421   0.77674  
 19 129.7021   2198.458902  x:  0.11778   0.00000   0.24186   0.01545   0.03871   0.03328   0.12354   0.03607   0.05630   0.11264   0.01102   0.17478   0.00000   0.28555   0.01896   0.05181   0.00000   0.25127   0.04104   0.11578   0.10463   0.04623   0.11860   0.14071   3.58643   1.51954   1.02683   1.73763   0.88662  
 20 433.9555   2196.616129  x:  0.11843   0.00000   0.22758   0.01645   0.04394   0.03355   0.12740   0.02652   0.04348   0.12236   0.01118   0.17718   0.00000   0.27321   0.01533   0.06808   0.00000   0.23576   0.04750   0.12487   0.11080   0.03410   0.12775   0.14135   3.60705   1.50455   1.06868   1.71927   0.93638  
 21 94.2814   2195.561858  x:  0.12506   0.00000   0.21517   0.01639   0.04008   0.03367   0.13251   0.03980   0.04557   0.13398   0.01164   0.18204   0.00000   0.25818   0.01406   0.07329   0.00000   0.22279   0.04276   0.13508   0.11762   0.04160   0.13657   0.14799   3.62542   1.49474   1.09315   1.70568   0.97136  
 22 119.8823   2195.211880  x:  0.13093   0.00000   0.21227   0.01600   0.03859   0.03410   0.13388   0.03150   0.05231   0.13706   0.01189   0.18583   0.00000   0.24969   0.01715   0.06752   0.00000   0.22071   0.03953   0.13742   0.11823   0.04417   0.13833   0.15385   3.63704   1.49195   1.09679   1.69984   0.98475  
 23 48.8967   2194.889958  x:  0.13803   0.00000   0.21275   0.01632   0.03930   0.03329   0.13415   0.03440   0.05028   0.13636   0.01150   0.19107   0.00000   0.23858   0.02122   0.05776   0.00000   0.22349   0.04559   0.13623   0.11551   0.03928   0.13731   0.16096   3.65881   1.49006   1.09193   1.69171   1.00083  
 24 35.2694   2194.274204  x:  0.14126   0.00000   0.21690   0.01587   0.04416   0.03422   0.13166   0.03325   0.04124   0.12975   0.01151   0.19691   0.00000   0.22250   0.01894   0.06342   0.00000   0.23207   0.04064   0.13119   0.11189   0.04733   0.13412   0.16418   3.72175   1.48775   1.06554   1.67169   1.03540  
 25 40.7892   2193.363104  x:  0.13832   0.00000   0.22140   0.01633   0.03806   0.03427   0.12899   0.03508   0.05305   0.12473   0.01192   0.19979   0.00000   0.20929   0.01348   0.07702   0.00000   0.24090   0.04011   0.12778   0.11073   0.03964   0.13313   0.16125   3.82786   1.48375   1.01912   1.63947   1.08761  
 26 132.7764   2191.656881  x:  0.12209   0.00000   0.21731   0.01595   0.03397   0.03456   0.13361   0.03274   0.04832   0.13672   0.01157   0.18974   0.00000   0.22485   0.01917   0.06247   0.00000   0.23745   0.04404   0.13586   0.11930   0.04282   0.14164   0.14502   4.04133   1.47157   0.93014   1.57846   1.17544  
 27 125.4604   2191.304861  x:  0.12404   0.00000   0.21416   0.01598   0.04461   0.03170   0.13369   0.03484   0.05121   0.13670   0.01172   0.18697   0.00000   0.23308   0.02001   0.06127   0.00000   0.23121   0.03947   0.13624   0.11792   0.03954   0.14044   0.14696   4.09300   1.46562   0.91424   1.56547   1.18856  
 28 98.3718   2190.604096  x:  0.13708   0.00000   0.20666   0.01612   0.03835   0.03344   0.13085   0.03384   0.04919   0.12980   0.01179   0.18293   0.00000   0.25318   0.01735   0.06520   0.00000   0.21278   0.04168   0.13232   0.11053   0.04056   0.13183   0.16000   4.20243   1.44621   0.89439   1.54206   1.19842  
 29 85.8650   2186.645833  x:  0.13396   0.00000   0.22647   0.01636   0.03995   0.03316   0.13142   0.03384   0.04985   0.12235   0.01183   0.20569   0.00000   0.25631   0.01352   0.05972   0.00000   0.21578   0.04156   0.12154   0.14650   0.03978   0.12904   0.15688   4.93204   1.26097   0.89823   1.42644   1.10547  
 30 56.9694   2185.490739  x:  0.13166   0.00000   0.22719   0.01626   0.03988   0.03373   0.13345   0.03382   0.05042   0.13385   0.01190   0.19536   0.00000   0.25241   0.01230   0.06137   0.00000   0.23035   0.04155   0.13548   0.11365   0.04161   0.13543   0.15458   5.13934   1.21671   0.90539   1.39954   1.07678  
 31 161.3339   2185.121958  x:  0.13583   0.00000   0.21618   0.01626   0.03972   0.03355   0.13621   0.03376   0.05027   0.13310   0.01199   0.17351   0.00000   0.24854   0.01248   0.06152   0.00000   0.24198   0.04144   0.13056   0.11986   0.04140   0.13577   0.15876   5.21749   1.23789   0.92039   1.41066   1.06975  
 32 21.5405   2183.344355  x:  0.13201   0.00000   0.20153   0.01636   0.03958   0.03328   0.12622   0.03395   0.04974   0.13455   0.01220   0.19635   0.00000   0.25616   0.01150   0.06031   0.00000   0.24660   0.04091   0.14392   0.11645   0.04112   0.12889   0.15493   5.64812   1.42805   1.02143   1.52655   1.04513  
 33 46.0488   2182.905555  x:  0.13178   0.00000   0.21748   0.01639   0.03957   0.03351   0.13824   0.03367   0.04970   0.13484   0.01216   0.19382   0.00000   0.25348   0.01045   0.05993   0.00000   0.23332   0.04060   0.13376   0.11067   0.04130   0.14144   0.15470   5.75107   1.46932   1.04398   1.56493   1.04278  
 34 76.2150   2182.740819  x:  0.13136   0.00000   0.22738   0.01642   0.03980   0.03371   0.13132   0.03372   0.04941   0.13690   0.01215   0.18549   0.00000   0.24795   0.01005   0.05850   0.00000   0.22542   0.04059   0.13882   0.11204   0.04128   0.13583   0.15428   5.78960   1.47450   1.04938   1.59444   1.04715  
 35 21.0021   2182.489254  x:  0.13077   0.00000   0.21899   0.01643   0.03945   0.03343   0.13822   0.03361   0.04929   0.13487   0.01226   0.18880   0.00000   0.24927   0.01031   0.05895   0.00000   0.22975   0.04020   0.13932   0.11144   0.04094   0.13422   0.15369   5.85008   1.46477   1.05168   1.66511   1.06268  
 36 17.2884   2182.464160  x:  0.13127   0.00000   0.21778   0.01643   0.03947   0.03342   0.13372   0.03369   0.04920   0.13611   0.01229   0.18944   0.00000   0.25013   0.01026   0.05890   0.00000   0.23069   0.04012   0.13705   0.11134   0.04092   0.13816   0.15420   5.85595   1.46359   1.05177   1.67176   1.06436  
 37  9.8017   2181.432311  x:  0.13057   0.00000   0.21533   0.01695   0.03787   0.03283   0.13521   0.03298   0.04769   0.14287   0.01314   0.18944   0.00000   0.25191   0.00139   0.05188   0.00000   0.23281   0.03741   0.13084   0.11277   0.03982   0.13257   0.15349   6.02822   1.46263   1.04489   1.65212   1.11653  
 38  0.5073   2181.377648  x:  0.13111   0.00000   0.21572   0.01702   0.03784   0.03285   0.13480   0.03292   0.04755   0.13623   0.01314   0.18868   0.00000   0.25231   0.00085   0.05088   0.00000   0.23309   0.03742   0.13563   0.11360   0.03978   0.13682   0.15403   6.03957   1.46256   1.04440   1.65082   1.11994  
 39 15.9243   2180.790908  x:  0.12903   0.00000   0.20765   0.01757   0.03785   0.03109   0.13502   0.03192   0.04693   0.13030   0.01327   0.18746   0.00000   0.24790   0.00501   0.03906   0.00000   0.22982   0.03788   0.13609   0.11471   0.03957   0.13945   0.15195   6.28571   1.45815   1.03608   1.62624   1.18074  
 40  0.6094   2180.475713  x:  0.12513   0.00000   0.19964   0.01837   0.03857   0.02973   0.13365   0.03223   0.04820   0.12969   0.01321   0.18760   0.00000   0.23991   0.00390   0.04573   0.00000   0.22524   0.03992   0.12937   0.11281   0.04098   0.13598   0.14805   6.58972   1.44568   1.02822   1.60351   1.22536  
 41  0.3529   2180.434848  x:  0.12568   0.00000   0.20237   0.01822   0.03892   0.03122   0.13277   0.03254   0.04890   0.12932   0.01344   0.18884   0.00000   0.24038   0.00323   0.04347   0.00000   0.22566   0.04018   0.12865   0.11248   0.04137   0.13443   0.14860   6.71612   1.43670   1.02715   1.60212   1.22186  
 42  0.1114   2180.427933  x:  0.12600   0.00000   0.20269   0.01809   0.03894   0.03143   0.13286   0.03266   0.04904   0.12807   0.01358   0.18889   0.00000   0.24103   0.00345   0.04425   0.00000   0.22564   0.04006   0.13003   0.11261   0.04129   0.13555   0.14892   6.75383   1.43506   1.02700   1.60228   1.21628  
 43  0.0393   2180.426298  x:  0.12606   0.00000   0.20242   0.01806   0.03886   0.03117   0.13318   0.03258   0.04887   0.12905   0.01371   0.18880   0.00000   0.24137   0.00343   0.04421   0.00000   0.22571   0.03996   0.12994   0.11277   0.04118   0.13565   0.14898   6.77921   1.43519   1.02606   1.60090   1.21467  
 44  0.0209   2180.426236  x:  0.12608   0.00000   0.20260   0.01808   0.03884   0.03116   0.13312   0.03256   0.04883   0.12899   0.01371   0.18877   0.00000   0.24134   0.00344   0.04424   0.00000   0.22580   0.03998   0.12990   0.11275   0.04120   0.13554   0.14900   6.78119   1.43534   1.02552   1.60084   1.21496  
 45  0.0018   2180.426233  x:  0.12609   0.00000   0.20259   0.01808   0.03884   0.03116   0.13313   0.03257   0.04882   0.12899   0.01371   0.18878   0.00000   0.24137   0.00345   0.04424   0.00000   0.22579   0.03996   0.12990   0.11277   0.04118   0.13554   0.14900   6.78144   1.43535   1.02551   1.60087   1.21512  
 46  0.0002   2180.426233  x:  0.12609   0.00000   0.20260   0.01809   0.03884   0.03116   0.13313   0.03256   0.04882   0.12899   0.01371   0.18878   0.00000   0.24138   0.00345   0.04424   0.00000   0.22580   0.03996   0.12991   0.11276   0.04119   0.13554   0.14901   6.78154   1.43535   1.02554   1.60087   1.21516  
 47  0.0001   2180.426233  x:  0.12609   0.00000   0.20260   0.01809   0.03884   0.03116   0.13313   0.03256   0.04882   0.12899   0.01371   0.18878   0.00000   0.24138   0.00345   0.04424   0.00000   0.22580   0.03996   0.12991   0.11277   0.04119   0.13554   0.14901   6.78157   1.43535   1.02554   1.60087   1.21517  
 48  0.0000   2180.426233  x:  0.12609   0.00000   0.20260   0.01809   0.03884   0.03116   0.13313   0.03256   0.04882   0.12899   0.01371   0.18878   0.00000   0.24138   0.00345   0.04424   0.00000   0.22580   0.03996   0.12991   0.11276   0.04119   0.13554   0.14901   6.78158   1.43535   1.02554   1.60087   1.21517  
 49  0.0000   2180.426233  x:  0.12609   0.00000   0.20260   0.01809   0.03884   0.03116   0.13313   0.03256   0.04882   0.12899   0.01371   0.18878   0.00000   0.24138   0.00345   0.04424   0.00000   0.22580   0.03996   0.12991   0.11276   0.04119   0.13554   0.14901   6.78158   1.43535   1.02554   1.60087   1.21517  
 50  0.0000   2180.426233  x:  0.12609   0.00000   0.20260   0.01809   0.03884   0.03116   0.13313   0.03256   0.04882   0.12899   0.01371   0.18878   0.00000   0.24138   0.00345   0.04424   0.00000   0.22580   0.03996   0.12991   0.11276   0.04119   0.13554   0.14901   6.78158   1.43535   1.02554   1.60087   1.21517  
 51  0.0000   2180.426233  x:  0.12609   0.00000   0.20260   0.01809   0.03884   0.03116   0.13313   0.03256   0.04882   0.12899   0.01371   0.18878   0.00000   0.24138   0.00345   0.04424   0.00000   0.22580   0.03996   0.12991   0.11276   0.04119   0.13554   0.14901   6.78158   1.43535   1.02554   1.60087   1.21517  
 52  0.0000   2180.426233  x:  0.12609   0.00000   0.20260   0.01809   0.03884   0.03116   0.13313   0.03256   0.04882   0.12899   0.01371   0.18878   0.00000   0.24138   0.00345   0.04424   0.00000   0.22580   0.03996   0.12991   0.11276   0.04119   0.13554   0.14901   6.78158   1.43535   1.02554   1.60087   1.21517  