

TREE # 1

  0  0.0000   2006.895394  x:  0.01972   0.20925   0.02571   0.03211   0.02495   0.05815   0.02188   0.05666   0.08536   0.02661   0.17168   0.01972   0.20925   0.02571   0.03211   0.02495   0.05815   0.02188   0.05666   0.08536   0.02661   0.17168   0.21568   8.40433   1.48627   1.05105   1.47039   1.00000  
  1 99.0000   1959.232925  x:  0.00979   0.20490   0.02688   0.02786   0.02501   0.07454   0.01925   0.04736   0.08514   0.03433   0.18159   0.00880   0.19640   0.12960   0.03587   0.01694   0.04815   0.00000   0.05435   0.07233   0.10192   0.17696   0.21608   8.40422   1.48688   1.04952   1.47147   1.00185  
  2 974.0021   1954.891149  x:  0.00368   0.20144   0.02636   0.02640   0.02509   0.08089   0.01927   0.04164   0.08499   0.03553   0.18887   0.00000   0.18564   0.12882   0.03623   0.01496   0.04196   0.00000   0.05310   0.06211   0.10103   0.18119   0.21655   8.40413   1.48735   1.04840   1.47233   1.00337  
  3 209.9021   1947.911910  x:  0.01983   0.18367   0.02541   0.03486   0.02484   0.08168   0.01876   0.03918   0.08465   0.03366   0.22448   0.00000   0.12077   0.13192   0.04223   0.04199   0.03866   0.00000   0.05338   0.01834   0.09791   0.20522   0.22238   8.40346   1.49023   1.04159   1.47796   1.01275  
  4 249.3373   1943.780855  x:  0.02457   0.16629   0.02744   0.03137   0.02483   0.07723   0.01998   0.04334   0.08456   0.03344   0.25080   0.00000   0.05326   0.13207   0.04517   0.03636   0.04327   0.00000   0.05397   0.03282   0.09757   0.22405   0.22701   8.40269   1.49350   1.03399   1.48460   1.02336  
  5 178.2717   1943.488821  x:  0.02717   0.16283   0.02632   0.03128   0.02484   0.07341   0.01736   0.04651   0.08469   0.03275   0.25193   0.00000   0.04976   0.13051   0.04123   0.02730   0.04675   0.00000   0.05448   0.02803   0.09986   0.22573   0.22758   8.40229   1.49511   1.03052   1.48806   1.02853  
  6 39.8312   1943.385107  x:  0.02931   0.16000   0.02688   0.03168   0.02495   0.07314   0.02186   0.04701   0.08475   0.03327   0.25258   0.00000   0.05041   0.12940   0.04179   0.02436   0.04728   0.00000   0.05464   0.02695   0.10134   0.22696   0.22794   8.40183   1.49691   1.02675   1.49192   1.03425  
  7 30.4473   1943.010164  x:  0.03636   0.14816   0.02823   0.03201   0.02431   0.07634   0.01820   0.04548   0.08483   0.03436   0.25477   0.00000   0.05604   0.12532   0.04714   0.02153   0.04557   0.00000   0.05455   0.02888   0.10592   0.23173   0.22912   8.39951   1.50608   1.00800   1.51144   1.06335  
  8 48.1675   1942.640976  x:  0.03541   0.14315   0.02391   0.02844   0.02625   0.07577   0.01937   0.04395   0.08449   0.03016   0.25282   0.00000   0.05766   0.12622   0.04041   0.02572   0.04410   0.00000   0.05369   0.03059   0.10557   0.23241   0.22885   8.39664   1.51702   0.98749   1.53427   1.09806  
  9 61.8353   1942.295221  x:  0.03058   0.14520   0.02938   0.03049   0.02397   0.07341   0.01917   0.04423   0.08407   0.03466   0.24853   0.00000   0.05615   0.12934   0.03641   0.02841   0.04455   0.00000   0.05348   0.03001   0.10139   0.23004   0.22765   8.39346   1.52874   0.96780   1.55813   1.13519  
 10 99.3883   1942.065725  x:  0.02685   0.15212   0.02711   0.03266   0.02506   0.07289   0.01905   0.04590   0.08386   0.03274   0.24500   0.00000   0.05342   0.13188   0.04351   0.02708   0.04622   0.00000   0.05422   0.02824   0.09786   0.22657   0.22645   8.39102   1.53722   0.95684   1.57449   1.16202  
 11 75.4298   1941.980039  x:  0.02990   0.15928   0.02685   0.02957   0.02281   0.07532   0.01920   0.04584   0.08406   0.03305   0.24582   0.00000   0.05197   0.13026   0.04344   0.02672   0.04597   0.00000   0.05416   0.02792   0.09979   0.22464   0.22625   8.38951   1.54131   0.95899   1.58026   1.17476  
 12 19.2143   1941.919941  x:  0.03162   0.16388   0.02768   0.03031   0.02613   0.07609   0.01892   0.04500   0.08416   0.03343   0.24741   0.00000   0.05133   0.12884   0.04245   0.02635   0.04503   0.00000   0.05389   0.02830   0.10167   0.22349   0.22616   8.38814   1.54476   0.96333   1.58428   1.18519  
 13 34.8735   1941.815067  x:  0.03071   0.16667   0.02670   0.03449   0.02387   0.07357   0.01909   0.04305   0.08403   0.03179   0.25156   0.00000   0.05209   0.12779   0.04162   0.02593   0.04334   0.00000   0.05351   0.02951   0.10359   0.22275   0.22607   8.38520   1.55176   0.97692   1.59056   1.20522  
 14 28.7678   1941.567265  x:  0.02566   0.16493   0.02621   0.03030   0.02495   0.06981   0.01900   0.04560   0.08370   0.03463   0.25888   0.00000   0.05570   0.12871   0.04355   0.02747   0.04621   0.00000   0.05439   0.02904   0.10255   0.22239   0.22601   8.37746   1.56989   1.01557   1.60463   1.25429  
 15 54.9494   1941.461741  x:  0.02567   0.16196   0.02795   0.03160   0.02472   0.07502   0.01904   0.04771   0.08403   0.03205   0.25702   0.00000   0.05555   0.13061   0.04231   0.02703   0.04804   0.00000   0.05455   0.02894   0.09985   0.22232   0.22616   8.37379   1.57865   1.03335   1.61041   1.27492  
 16 49.3092   1941.399485  x:  0.02799   0.15939   0.02590   0.03201   0.02476   0.07543   0.01905   0.04593   0.08439   0.03428   0.25035   0.00000   0.05342   0.13167   0.04241   0.02636   0.04602   0.00000   0.05400   0.02873   0.09829   0.22271   0.22648   8.37122   1.58518   1.04397   1.61359   1.28571  
 17 23.7154   1941.376894  x:  0.02807   0.15862   0.02755   0.03099   0.02482   0.07433   0.01903   0.04481   0.08433   0.03293   0.24705   0.00000   0.05242   0.13128   0.04315   0.02642   0.04498   0.00000   0.05401   0.02819   0.09897   0.22339   0.22661   8.37002   1.58842   1.04751   1.61477   1.28877  
 18 15.8603   1941.347743  x:  0.02580   0.15889   0.02700   0.03172   0.02471   0.07505   0.01911   0.04557   0.08371   0.03346   0.24407   0.00000   0.05166   0.12918   0.04322   0.02769   0.04600   0.00000   0.05453   0.02798   0.10195   0.22634   0.22686   8.36751   1.59570   1.05029   1.61656   1.28944  
 19  6.0352   1941.186120  x:  0.02476   0.16436   0.02718   0.03111   0.02479   0.07462   0.01898   0.04612   0.08454   0.03305   0.24422   0.00000   0.05415   0.13185   0.04270   0.02588   0.04499   0.00000   0.05155   0.02841   0.09860   0.24033   0.22833   8.35054   1.64409   1.06007   1.62800   1.28296  
 20 10.3043   1941.048896  x:  0.02443   0.16366   0.02705   0.03085   0.02484   0.07509   0.01892   0.04277   0.08410   0.03313   0.24691   0.00000   0.05401   0.13277   0.04205   0.02506   0.04522   0.00000   0.05981   0.02845   0.09763   0.23724   0.22774   8.33504   1.68426   1.06770   1.63964   1.27498  
 21 29.6028   1940.808396  x:  0.02260   0.15812   0.02699   0.03075   0.02468   0.07574   0.01897   0.04388   0.08335   0.03338   0.25198   0.00000   0.05163   0.13141   0.04297   0.02541   0.04413   0.00000   0.05366   0.02757   0.09995   0.22096   0.22542   8.30827   1.74770   1.08031   1.66155   1.25999  
 22 54.9316   1940.342155  x:  0.01565   0.15710   0.02649   0.03032   0.02456   0.07651   0.01894   0.04539   0.10002   0.03379   0.25475   0.00000   0.05054   0.13148   0.04297   0.02479   0.03976   0.00000   0.05526   0.02680   0.10123   0.22247   0.22659   8.24491   1.76790   1.11071   1.75336   1.22208  
 23  6.5217   1939.821689  x:  0.01117   0.15704   0.02626   0.02927   0.02468   0.07828   0.01879   0.03677   0.08658   0.03409   0.25773   0.00000   0.04998   0.13331   0.04303   0.02252   0.04480   0.00000   0.05160   0.02604   0.09996   0.22621   0.22677   8.17697   1.78468   1.14235   1.84956   1.18278  
 24 105.5842   1939.738735  x:  0.01062   0.15704   0.02620   0.02914   0.02464   0.07841   0.01876   0.04030   0.08126   0.03412   0.25825   0.00000   0.04991   0.13369   0.04284   0.02199   0.04032   0.00000   0.05299   0.02603   0.09967   0.22693   0.22600   8.16592   1.78657   1.14668   1.86289   1.17740  
 25 45.1259   1939.257948  x:  0.00706   0.15598   0.02583   0.02846   0.02471   0.07984   0.01872   0.03863   0.08262   0.03457   0.26151   0.00000   0.04926   0.13413   0.04273   0.02033   0.03897   0.00000   0.05253   0.02560   0.10054   0.23264   0.19290   8.09511   1.76894   1.13532   1.83811   1.19019  
 26  4.2820   1938.400066  x:  0.00000   0.15605   0.02551   0.02777   0.02478   0.08140   0.01867   0.03713   0.08296   0.03498   0.26479   0.00000   0.04928   0.13501   0.04254   0.01861   0.03706   0.00000   0.05222   0.02499   0.10103   0.23268   0.20068   8.01499   1.74700   1.11891   1.80167   1.20830  
 27 44.4343   1936.766805  x:  0.00000   0.16838   0.02479   0.02483   0.02512   0.09441   0.01893   0.03027   0.08352   0.03788   0.28315   0.00000   0.05668   0.14407   0.04218   0.01422   0.02988   0.00000   0.05022   0.02530   0.10547   0.23146   0.22295   7.46832   1.61887   1.03632   1.62600   1.26491  
 28  0.7954   1936.331291  x:  0.00000   0.15044   0.02593   0.02460   0.02505   0.10486   0.01899   0.03281   0.08342   0.03775   0.28073   0.00000   0.04978   0.15135   0.04280   0.01396   0.03324   0.00000   0.04922   0.02566   0.11590   0.22976   0.22405   7.49441   1.60490   1.03369   1.62088   1.27647  
 29  0.0246   1936.177528  x:  0.00000   0.15258   0.02578   0.02538   0.02502   0.10720   0.01878   0.03044   0.08331   0.03744   0.27335   0.00000   0.05122   0.15844   0.04260   0.01493   0.02904   0.00000   0.05012   0.02449   0.12106   0.22756   0.22279   7.59353   1.62370   1.04472   1.64229   1.26976  
 30  0.0884   1936.097829  x:  0.00000   0.15800   0.02533   0.02511   0.02507   0.10646   0.01876   0.03137   0.08379   0.03716   0.27236   0.00000   0.05192   0.16526   0.04237   0.01303   0.03143   0.00000   0.05049   0.02436   0.12352   0.22874   0.22331   7.65266   1.62689   1.04421   1.63885   1.26914  
 31  0.0620   1936.065030  x:  0.00000   0.15905   0.02540   0.02488   0.02503   0.10534   0.01889   0.03166   0.08378   0.03735   0.27542   0.00000   0.05110   0.16916   0.04279   0.01490   0.03186   0.00000   0.05030   0.02485   0.12431   0.23097   0.22359   7.65985   1.62241   1.04144   1.63123   1.27099  
 32  0.0229   1936.051556  x:  0.00000   0.15740   0.02562   0.02511   0.02500   0.10348   0.01891   0.03170   0.08350   0.03748   0.27743   0.00000   0.05050   0.17147   0.04312   0.01432   0.03108   0.00000   0.04996   0.02516   0.12450   0.23118   0.22170   7.63510   1.62175   1.04375   1.63661   1.26791  
 33  0.0279   1936.049492  x:  0.00000   0.15682   0.02561   0.02508   0.02504   0.10269   0.01884   0.03160   0.08345   0.03752   0.27677   0.00000   0.05098   0.17173   0.04297   0.01441   0.03134   0.00000   0.05006   0.02483   0.12460   0.23012   0.22162   7.62077   1.62107   1.04371   1.63606   1.26749  
 34  0.0160   1936.049358  x:  0.00000   0.15690   0.02559   0.02508   0.02504   0.10247   0.01885   0.03165   0.08353   0.03753   0.27653   0.00000   0.05088   0.17161   0.04294   0.01440   0.03128   0.00000   0.05010   0.02487   0.12466   0.23015   0.22186   7.61699   1.62127   1.04351   1.63555   1.26754  
 35  0.0035   1936.049350  x:  0.00000   0.15690   0.02560   0.02508   0.02504   0.10245   0.01885   0.03162   0.08351   0.03753   0.27651   0.00000   0.05086   0.17157   0.04295   0.01440   0.03130   0.00000   0.05009   0.02487   0.12470   0.23020   0.22189   7.61694   1.62128   1.04353   1.63567   1.26760  
 36  0.0002   1936.049349  x:  0.00000   0.15689   0.02560   0.02508   0.02504   0.10245   0.01885   0.03163   0.08351   0.03753   0.27652   0.00000   0.05087   0.17156   0.04295   0.01440   0.03130   0.00000   0.05008   0.02487   0.12472   0.23021   0.22189   7.61724   1.62125   1.04351   1.63568   1.26764  
 37  0.0003   1936.049349  x:  0.00000   0.15689   0.02560   0.02508   0.02504   0.10245   0.01885   0.03162   0.08351   0.03753   0.27652   0.00000   0.05087   0.17156   0.04295   0.01440   0.03130   0.00000   0.05008   0.02487   0.12473   0.23020   0.22188   7.61734   1.62125   1.04351   1.63567   1.26765  
 38  0.0001   1936.049349  x:  0.00000   0.15689   0.02560   0.02508   0.02504   0.10245   0.01885   0.03162   0.08351   0.03753   0.27652   0.00000   0.05087   0.17156   0.04295   0.01440   0.03130   0.00000   0.05008   0.02487   0.12473   0.23020   0.22188   7.61734   1.62126   1.04351   1.63567   1.26765  
 39  0.0000   1936.049349  x:  0.00000   0.15689   0.02560   0.02508   0.02504   0.10245   0.01885   0.03162   0.08351   0.03753   0.27652   0.00000   0.05087   0.17156   0.04295   0.01440   0.03130   0.00000   0.05008   0.02487   0.12473   0.23020   0.22188   7.61734   1.62125   1.04351   1.63567   1.26765  
 40  0.0000   1936.049349  x:  0.00000   0.15689   0.02560   0.02508   0.02504   0.10245   0.01885   0.03162   0.08351   0.03753   0.27652   0.00000   0.05087   0.17156   0.04295   0.01440   0.03130   0.00000   0.05008   0.02487   0.12473   0.23020   0.22188   7.61734   1.62125   1.04351   1.63567   1.26765  

TREE # 2

  0  0.0000   2263.482498  x:  0.00000   0.15689   0.02560   0.02508   0.02504   0.10245   0.01885   0.03162   0.08351   0.03753   0.27652   0.00000   0.05087   0.17156   0.04295   0.01440   0.03130   0.00000   0.05008   0.02487   0.12473   0.23020   0.22188   7.61734   1.59090   0.95236   1.49468   1.26765  
  1 99.0000   2263.482498  x:  0.00000   0.15689   0.02560   0.02508   0.02504   0.10245   0.01885   0.03162   0.08351   0.03753   0.27652   0.00000   0.05087   0.17156   0.04295   0.01440   0.03130   0.00000   0.05008   0.02487   0.12473   0.23020   0.22188   7.61734   1.59090   0.95236   1.49468   1.26765  
  2 85458.6238   2121.739822  x:  0.05859   0.15713   0.02866   0.02565   0.02698   0.10268   0.01902   0.03175   0.08332   0.03727   0.27613   0.00000   0.05208   0.17177   0.04427   0.01521   0.03241   0.24897   0.05060   0.02499   0.12437   0.22995   0.22148   7.61734   1.59090   0.95236   1.49470   1.26765  
  3 85458.4762   2020.050562  x:  0.16320   0.12627   0.30673   0.08542   0.21078   0.12687   0.03572   0.04445   0.06409   0.00993   0.23463   0.00000   0.03319   0.19584   0.14869   0.07618   0.02567   0.22431   0.02848   0.03498   0.08675   0.20412   0.17904   7.61741   1.58948   0.95476   1.49604   1.26780  
  4 1244.3987   1988.146008  x:  0.19154   0.08172   0.31285   0.06546   0.20585   0.14024   0.01993   0.04281   0.04934   0.03156   0.18035   0.00000   0.00000   0.21566   0.16024   0.05191   0.02061   0.21810   0.01875   0.02988   0.04102   0.17318   0.12350   7.61756   1.58630   0.96068   1.49716   1.26815  
  5 324.2204   1965.817134  x:  0.21537   0.03327   0.31348   0.04902   0.19608   0.15188   0.02756   0.04287   0.04498   0.00917   0.12074   0.00000   0.00000   0.23375   0.16854   0.03542   0.02804   0.21279   0.03101   0.03248   0.00402   0.14322   0.06313   7.61767   1.58323   0.96630   1.49869   1.26853  
  6 1111.1603   1953.925226  x:  0.23113   0.00000   0.31440   0.04001   0.18960   0.15956   0.03048   0.04314   0.04342   0.00289   0.07962   0.00000   0.00000   0.24555   0.17382   0.02736   0.03103   0.20929   0.03546   0.03395   0.01465   0.12403   0.02331   7.61775   1.58118   0.97004   1.49981   1.26877  
  7 1089.1193   1951.625651  x:  0.23581   0.00000   0.31454   0.03929   0.18685   0.16188   0.03598   0.04376   0.04572   0.00760   0.06401   0.00000   0.00000   0.24918   0.17510   0.02845   0.03420   0.20823   0.04050   0.03586   0.01663   0.11783   0.01016   7.61776   1.58049   0.97125   1.50035   1.26885  
  8 945.0052   1948.535230  x:  0.24609   0.00000   0.31291   0.04291   0.17842   0.16722   0.03853   0.04420   0.05088   0.00840   0.02787   0.00000   0.00000   0.25720   0.17656   0.03599   0.03475   0.20591   0.04084   0.03634   0.01744   0.10500   0.01781   7.61781   1.57879   0.97421   1.50187   1.26901  
  9 212.5810   1948.108424  x:  0.25241   0.00000   0.31164   0.05256   0.17041   0.16971   0.03806   0.04397   0.05500   0.00692   0.02816   0.00000   0.00000   0.26181   0.17552   0.04252   0.03107   0.20449   0.03649   0.03542   0.01655   0.10134   0.01390   7.61784   1.57721   0.97678   1.50387   1.26913  
 10 50.9897   1947.803144  x:  0.26543   0.00000   0.31398   0.05707   0.15915   0.17315   0.04203   0.04405   0.05520   0.00763   0.03401   0.00000   0.00000   0.27022   0.17550   0.03996   0.03118   0.20148   0.03833   0.03690   0.01751   0.09679   0.01651   7.61790   1.57402   0.98195   1.50793   1.26940  
 11 40.9316   1947.653913  x:  0.27401   0.00000   0.31812   0.05588   0.15032   0.17207   0.04159   0.04285   0.05382   0.00759   0.03372   0.00000   0.00000   0.27382   0.17275   0.04217   0.03361   0.19947   0.03885   0.03524   0.01752   0.10617   0.01641   7.61797   1.57016   0.98807   1.51388   1.26972  
 12 21.8324   1947.609802  x:  0.27545   0.00000   0.32009   0.05570   0.14848   0.17040   0.04184   0.04427   0.05552   0.00757   0.03293   0.00000   0.00000   0.27313   0.17045   0.04057   0.03121   0.19915   0.03844   0.03762   0.01734   0.10825   0.01633   7.61802   1.56773   0.99196   1.51838   1.26994  
 13 13.4624   1947.503303  x:  0.27554   0.00000   0.32413   0.05556   0.14715   0.16603   0.04105   0.04396   0.05649   0.00758   0.03281   0.00000   0.00000   0.26828   0.16372   0.03957   0.03184   0.19907   0.03901   0.03428   0.01733   0.10385   0.01628   7.61825   1.55894   1.00653   1.53649   1.27082  
 14 14.2394   1947.449445  x:  0.27454   0.00000   0.32401   0.05520   0.14710   0.16654   0.04032   0.04310   0.05368   0.00754   0.03302   0.00000   0.00000   0.26665   0.16305   0.04128   0.03298   0.19927   0.03817   0.03765   0.01728   0.10218   0.01617   7.61839   1.55441   1.01469   1.54778   1.27133  
 15 22.6700   1947.347257  x:  0.27117   0.00000   0.32019   0.05535   0.14952   0.17341   0.04228   0.04470   0.05252   0.00758   0.03280   0.00000   0.00000   0.26710   0.16957   0.04094   0.03129   0.19996   0.03783   0.03576   0.01726   0.10441   0.01625   7.61873   1.54746   1.02983   1.57228   1.27231  
 16 20.0156   1947.319501  x:  0.27080   0.00000   0.31912   0.05493   0.15073   0.17426   0.04049   0.04298   0.05541   0.00759   0.03306   0.00000   0.00000   0.26865   0.17167   0.04042   0.03221   0.20001   0.03823   0.03635   0.01722   0.10483   0.01631   7.61886   1.54728   1.03290   1.57924   1.27251  
 17 14.4963   1947.239230  x:  0.27176   0.00000   0.31537   0.05377   0.15376   0.16798   0.03822   0.04686   0.05524   0.00754   0.03347   0.00000   0.00000   0.27763   0.17320   0.04176   0.03249   0.19966   0.03890   0.03629   0.01710   0.10390   0.01627   7.61938   1.55767   1.03502   1.59981   1.27258  
 18  7.3890   1947.157392  x:  0.27266   0.00000   0.31305   0.05459   0.15563   0.16368   0.04055   0.04243   0.05323   0.00764   0.03257   0.00000   0.00000   0.28352   0.17281   0.04049   0.03052   0.19933   0.03765   0.03594   0.01700   0.10391   0.01623   7.61996   1.57090   1.03586   1.61949   1.27250  
 19 26.8778   1946.944811  x:  0.27685   0.00000   0.31412   0.05379   0.15158   0.17217   0.03991   0.04424   0.05333   0.00756   0.03144   0.00000   0.00000   0.28163   0.16798   0.03680   0.03520   0.19795   0.03201   0.03569   0.01649   0.10255   0.01592   7.62171   1.61424   1.03675   1.66504   1.27182  
 20 19.3920   1946.826410  x:  0.27979   0.00000   0.31518   0.05126   0.14803   0.17742   0.03631   0.04346   0.05228   0.00758   0.03145   0.00000   0.00000   0.27861   0.16694   0.03819   0.03097   0.19705   0.03645   0.03533   0.01634   0.10083   0.01579   7.62275   1.63891   1.03884   1.68802   1.27142  
 21 53.3623   1946.687728  x:  0.28447   0.00000   0.31257   0.04890   0.14245   0.17139   0.03655   0.04323   0.05273   0.00760   0.03157   0.00000   0.00000   0.27107   0.17854   0.03854   0.03066   0.19567   0.03379   0.03491   0.01611   0.09875   0.01578   7.62452   1.66693   1.05799   1.69581   1.27118  
 22  8.7577   1946.598304  x:  0.28664   0.00000   0.30970   0.05372   0.14289   0.17023   0.03341   0.04372   0.05063   0.00770   0.03035   0.00000   0.00000   0.26965   0.18037   0.03578   0.03175   0.19496   0.03560   0.03517   0.01611   0.09973   0.01570   7.62580   1.68379   1.07314   1.69693   1.27116  
 23 23.0203   1946.328577  x:  0.29265   0.00000   0.30083   0.04938   0.15242   0.17621   0.03305   0.04352   0.05122   0.00782   0.03114   0.00000   0.00000   0.27696   0.17157   0.03733   0.03017   0.19297   0.03336   0.03471   0.01590   0.10007   0.01602   7.63001   1.73105   1.12335   1.69278   1.27167  
 24 29.2268   1946.207428  x:  0.27831   0.00000   0.30911   0.04874   0.14435   0.17777   0.03139   0.04334   0.05054   0.00791   0.03069   0.00000   0.00000   0.28777   0.17187   0.03653   0.02979   0.19598   0.03229   0.03437   0.01585   0.09854   0.01599   7.63264   1.73661   1.13226   1.68732   1.27405  
 25  4.5522   1944.474761  x:  0.28909   0.00000   0.28306   0.04814   0.14201   0.17794   0.01748   0.04306   0.04774   0.00953   0.03092   0.00000   0.00000   0.28561   0.16980   0.03669   0.02456   0.18948   0.02071   0.03143   0.01780   0.09883   0.01815   7.67592   1.62772   1.06524   1.62342   1.32636  
 26  2.7441   1944.043400  x:  0.27692   0.00000   0.27900   0.05195   0.14068   0.17526   0.01753   0.04308   0.04900   0.01041   0.03242   0.00000   0.00000   0.27937   0.16680   0.03973   0.02307   0.19107   0.01873   0.03092   0.02041   0.10258   0.01972   7.70312   1.64941   1.07333   1.65004   1.20534  
 27  1.4969   1943.386343  x:  0.26056   0.00000   0.26728   0.05753   0.13659   0.17202   0.02153   0.04327   0.05090   0.01191   0.03385   0.00000   0.00000   0.27085   0.16165   0.04362   0.02188   0.19190   0.01878   0.03036   0.02446   0.10756   0.02194   7.75157   1.70219   1.08918   1.68316   1.34054  
 28  1.0410   1941.823858  x:  0.26923   0.00000   0.22065   0.05492   0.12197   0.17543   0.02962   0.04318   0.04856   0.01379   0.02927   0.00000   0.00000   0.27957   0.15812   0.03995   0.02288   0.18079   0.02401   0.02909   0.02662   0.10247   0.02277   7.87310   1.58012   1.02942   1.60310   1.27541  
 29  1.0473   1941.360110  x:  0.24869   0.00000   0.21056   0.05136   0.11674   0.17218   0.02400   0.04321   0.05042   0.01447   0.03205   0.00000   0.00000   0.27608   0.15208   0.03703   0.02779   0.18019   0.02733   0.03216   0.02721   0.10349   0.02148   7.80156   1.61879   1.04706   1.62494   1.27394  
 30  0.0998   1941.093428  x:  0.24300   0.00000   0.21036   0.04603   0.11578   0.16999   0.02519   0.04226   0.05005   0.01422   0.03198   0.00000   0.00000   0.27598   0.14983   0.03310   0.02597   0.17706   0.02260   0.03232   0.02514   0.10134   0.01787   7.59686   1.61218   1.04546   1.61836   1.26211  
 31  0.1264   1940.424250  x:  0.24407   0.00000   0.21338   0.04988   0.12026   0.16608   0.02133   0.04196   0.05063   0.01400   0.02937   0.00000   0.00000   0.27067   0.15139   0.03935   0.02155   0.16416   0.02630   0.02982   0.02194   0.10083   0.01219   7.23038   1.62552   1.04819   1.63432   1.25540  
 32  0.1173   1937.984121  x:  0.25308   0.00000   0.21371   0.06380   0.11805   0.16987   0.02741   0.04254   0.05097   0.01783   0.02614   0.00000   0.00000   0.26947   0.15767   0.04963   0.03508   0.10824   0.02344   0.02895   0.01808   0.10460   0.01678   7.19875   1.60557   1.02920   1.63258   1.26481  
 33  0.0207   1936.586690  x:  0.22247   0.00000   0.22552   0.05928   0.12195   0.17264   0.02675   0.04294   0.05067   0.02051   0.03276   0.00000   0.00000   0.27387   0.15508   0.04459   0.02653   0.08249   0.02993   0.03195   0.01916   0.10577   0.01976   7.55514   1.61142   1.03580   1.63367   1.26166  
 34  0.3021   1936.254167  x:  0.21759   0.00000   0.22989   0.05108   0.12495   0.17208   0.02521   0.04272   0.05068   0.01985   0.03201   0.00000   0.00000   0.27717   0.15615   0.03765   0.02475   0.09030   0.02667   0.03212   0.02224   0.10262   0.01955   7.68044   1.62776   1.04869   1.63714   1.27160  
 35  0.1262   1936.176365  x:  0.22446   0.00000   0.22939   0.04955   0.12465   0.17149   0.02478   0.04255   0.05036   0.01953   0.03135   0.00000   0.00000   0.27685   0.15644   0.03655   0.02570   0.08409   0.02442   0.03179   0.02315   0.10183   0.01876   7.65360   1.62787   1.04783   1.63789   1.27321  
 36  0.0337   1936.116700  x:  0.22259   0.00000   0.23315   0.05177   0.12435   0.17121   0.02479   0.04265   0.04930   0.01784   0.03086   0.00000   0.00000   0.27611   0.15798   0.03831   0.02621   0.08422   0.02448   0.03114   0.02526   0.10253   0.01823   7.57832   1.60821   1.03511   1.63133   1.26079  
 37  0.0347   1936.071658  x:  0.22383   0.00000   0.23034   0.05143   0.12617   0.17199   0.02471   0.04300   0.05006   0.01568   0.03129   0.00000   0.00000   0.27675   0.15750   0.03788   0.02467   0.08378   0.02550   0.03172   0.02654   0.10278   0.01819   7.59400   1.62150   1.04505   1.63483   1.26373  
 38  0.0130   1936.054366  x:  0.22105   0.00000   0.23083   0.05061   0.12470   0.17184   0.02481   0.04298   0.05029   0.01456   0.03150   0.00000   0.00000   0.27700   0.15675   0.03741   0.02587   0.08376   0.02503   0.03165   0.02598   0.10232   0.01833   7.62423   1.62408   1.04589   1.63604   1.26952  
 39  0.0220   1936.049536  x:  0.22191   0.00000   0.23008   0.05079   0.12455   0.17146   0.02494   0.04292   0.05009   0.01444   0.03134   0.00000   0.00000   0.27639   0.15683   0.03752   0.02561   0.08344   0.02512   0.03167   0.02509   0.10242   0.01881   7.62765   1.62091   1.04287   1.63592   1.26895  
 40  0.0045   1936.049355  x:  0.22189   0.00000   0.23017   0.05088   0.12477   0.17154   0.02488   0.04295   0.05008   0.01440   0.03129   0.00000   0.00000   0.27652   0.15691   0.03754   0.02561   0.08351   0.02508   0.03162   0.02504   0.10245   0.01884   7.61939   1.62139   1.04358   1.63576   1.26773  
 41  0.0083   1936.049349  x:  0.22189   0.00000   0.23021   0.05087   0.12472   0.17156   0.02487   0.04295   0.05008   0.01440   0.03129   0.00000   0.00000   0.27653   0.15689   0.03753   0.02559   0.08351   0.02508   0.03162   0.02504   0.10246   0.01885   7.61775   1.62127   1.04353   1.63568   1.26765  
 42  0.0018   1936.049349  x:  0.22188   0.00000   0.23020   0.05087   0.12473   0.17156   0.02487   0.04295   0.05008   0.01440   0.03130   0.00000   0.00000   0.27652   0.15689   0.03753   0.02560   0.08351   0.02508   0.03162   0.02504   0.10245   0.01885   7.61740   1.62125   1.04351   1.63567   1.26765  
 43  0.0004   1936.049349  x:  0.22188   0.00000   0.23020   0.05087   0.12473   0.17156   0.02487   0.04295   0.05008   0.01440   0.03130   0.00000   0.00000   0.27652   0.15689   0.03753   0.02560   0.08351   0.02508   0.03162   0.02504   0.10245   0.01885   7.61734   1.62126   1.04351   1.63567   1.26765  
 44  0.0001   1936.049349  x:  0.22188   0.00000   0.23020   0.05087   0.12473   0.17156   0.02487   0.04295   0.05008   0.01440   0.03130   0.00000   0.00000   0.27652   0.15689   0.03753   0.02560   0.08351   0.02508   0.03162   0.02504   0.10245   0.01885   7.61734   1.62125   1.04351   1.63567   1.26765  
 45  0.0000   1936.049349  x:  0.22188   0.00000   0.23020   0.05087   0.12473   0.17156   0.02487   0.04295   0.05008   0.01440   0.03130   0.00000   0.00000   0.27652   0.15689   0.03753   0.02560   0.08351   0.02508   0.03162   0.02504   0.10245   0.01885   7.61734   1.62125   1.04351   1.63567   1.26765  