

TREE # 1

  0  0.0000   1821.142469  x:  0.01972   0.20925   0.02571   0.03211   0.02495   0.05815   0.02188   0.05666   0.08536   0.02661   0.17168   0.01972   0.20925   0.02571   0.03211   0.02495   0.05815   0.02188   0.05666   0.08536   0.02661   0.17168   0.21568   8.40433   1.55130   1.21007   1.29885   1.00000  
  1 99.0000   1813.675432  x:  0.00000   0.20753   0.03410   0.05380   0.03966   0.05099   0.00926   0.05434   0.08392   0.02587   0.16546   0.00363   0.21004   0.04328   0.03800   0.02186   0.05422   0.01768   0.05523   0.08847   0.01250   0.16044   0.20991   8.40456   1.55068   1.20788   1.30226   0.99835  
  2 253.7615   1812.813698  x:  0.00000   0.20645   0.03457   0.05702   0.03986   0.04600   0.02030   0.05196   0.08189   0.02457   0.15952   0.00190   0.21198   0.04617   0.03861   0.02099   0.05167   0.01966   0.05489   0.09052   0.00693   0.14873   0.20383   8.40483   1.54993   1.20524   1.30637   0.99638  
  3 107.7815   1811.137718  x:  0.00000   0.20363   0.03371   0.05978   0.03645   0.03551   0.02014   0.04642   0.07625   0.02252   0.14164   0.01030   0.21880   0.05053   0.03829   0.02061   0.04634   0.02146   0.05450   0.09550   0.01485   0.11342   0.18537   8.40573   1.54746   1.19653   1.31984   0.98986  
  4 137.3923   1810.166835  x:  0.00000   0.20256   0.03201   0.05507   0.03341   0.03980   0.01535   0.04675   0.07418   0.02432   0.12995   0.00926   0.22327   0.04547   0.03644   0.02185   0.04731   0.01976   0.05488   0.09698   0.00859   0.08983   0.17364   8.40649   1.54539   1.18920   1.33105   0.98437  
  5 137.2374   1809.961862  x:  0.00000   0.20325   0.03322   0.05415   0.03730   0.04324   0.01707   0.04943   0.07570   0.02465   0.12654   0.00713   0.22520   0.04465   0.03732   0.02114   0.04957   0.01970   0.05478   0.09616   0.01198   0.08584   0.17125   8.40699   1.54410   1.18449   1.33807   0.98081  
  6 47.1375   1809.701229  x:  0.00000   0.20567   0.03499   0.05435   0.04127   0.04440   0.01734   0.05239   0.07916   0.02377   0.12216   0.01274   0.22904   0.04432   0.03887   0.02063   0.05194   0.02048   0.05451   0.09386   0.00974   0.08603   0.16974   8.40817   1.54120   1.17374   1.35399   0.97256  
  7 51.6822   1808.731176  x:  0.00000   0.21606   0.03359   0.05339   0.03510   0.03813   0.01593   0.05261   0.08744   0.02185   0.11166   0.00654   0.24237   0.04484   0.03829   0.02304   0.05204   0.01999   0.05427   0.08610   0.00972   0.09383   0.17025   8.41338   1.52882   1.12792   1.42204   0.93644  
  8 93.0308   1808.301551  x:  0.00000   0.21892   0.03250   0.05496   0.03456   0.04296   0.01656   0.04863   0.08307   0.02655   0.11517   0.00732   0.24546   0.04605   0.03628   0.01766   0.04781   0.01870   0.05444   0.08891   0.00997   0.09501   0.17371   8.41623   1.52284   1.10623   1.45518   0.91741  
  9 96.0729   1808.066522  x:  0.00000   0.21872   0.03209   0.05495   0.03697   0.04470   0.01644   0.04743   0.07735   0.02500   0.12113   0.00748   0.24465   0.04600   0.03638   0.02278   0.04710   0.02075   0.05494   0.09266   0.01000   0.09375   0.17715   8.41824   1.51929   1.09382   1.47519   0.90472  
 10 89.8605   1807.954881  x:  0.00000   0.21667   0.03314   0.05377   0.03715   0.04206   0.01617   0.04908   0.07478   0.02246   0.12537   0.00730   0.24154   0.04450   0.03722   0.02076   0.04936   0.01914   0.05457   0.09457   0.00979   0.09207   0.17925   8.41955   1.51767   1.08888   1.48467   0.89729  
 11 45.4851   1807.902161  x:  0.00000   0.21355   0.03427   0.05389   0.03621   0.04076   0.01605   0.05033   0.07589   0.02501   0.12712   0.00743   0.23692   0.04458   0.03740   0.02085   0.05032   0.02061   0.05416   0.09431   0.00981   0.09095   0.17993   8.42072   1.51696   1.08776   1.48949   0.89155  
 12 21.9764   1807.830420  x:  0.00000   0.20767   0.03287   0.05448   0.03582   0.04168   0.01659   0.05018   0.07901   0.02436   0.12791   0.00821   0.22834   0.04558   0.03691   0.02159   0.04951   0.01884   0.05394   0.09274   0.01002   0.09026   0.17976   8.42293   1.51617   1.08796   1.49598   0.88151  
 13 28.6049   1807.807622  x:  0.00000   0.20588   0.03248   0.05414   0.03618   0.04201   0.01615   0.04950   0.07915   0.02337   0.12737   0.00794   0.22561   0.04523   0.03686   0.02064   0.04899   0.02040   0.05421   0.09232   0.00997   0.09089   0.17899   8.42396   1.51606   1.08889   1.49801   0.87724  
 14 22.3296   1807.772913  x:  0.00000   0.20410   0.03373   0.05328   0.03701   0.04161   0.01622   0.04844   0.07694   0.02413   0.12541   0.00785   0.22261   0.04417   0.03736   0.02101   0.04874   0.01966   0.05503   0.09237   0.01006   0.09349   0.17634   8.42629   1.51631   1.09236   1.50087   0.86844  
 15 16.8532   1807.765569  x:  0.00089   0.20401   0.03371   0.05331   0.03695   0.04165   0.01623   0.04854   0.07667   0.02416   0.12529   0.00784   0.22243   0.04422   0.03733   0.02103   0.04885   0.01964   0.05498   0.09246   0.01007   0.09379   0.17595   8.42671   1.51641   1.09306   1.50124   0.86695  
 16 24.0131   1807.730347  x:  0.00059   0.20406   0.03262   0.05422   0.03582   0.04234   0.01632   0.05041   0.07508   0.02399   0.12508   0.00779   0.22254   0.04537   0.03672   0.02105   0.05019   0.01987   0.05390   0.09362   0.01009   0.09554   0.17327   8.43031   1.51749   1.09933   1.50385   0.85484  
 17 22.1606   1807.662142  x:  0.00042   0.20652   0.03300   0.05380   0.03645   0.04176   0.01614   0.05011   0.07821   0.02391   0.12877   0.00747   0.22681   0.04441   0.03701   0.02109   0.04858   0.01974   0.05383   0.09457   0.00998   0.09487   0.17157   8.43869   1.52087   1.11399   1.50841   0.82900  
 18 22.3121   1807.646406  x:  0.00040   0.20716   0.03342   0.05391   0.03605   0.04216   0.01622   0.04892   0.07769   0.02372   0.12832   0.00761   0.22787   0.04517   0.03718   0.02097   0.04997   0.01980   0.05488   0.09290   0.00997   0.09382   0.17388   8.44140   1.52250   1.11771   1.50953   0.82294  
 19 11.7481   1807.637880  x:  0.00045   0.20750   0.03291   0.05389   0.03656   0.04181   0.01620   0.04970   0.07689   0.02395   0.12703   0.00765   0.22827   0.04499   0.03685   0.02095   0.04924   0.01977   0.05457   0.09202   0.00993   0.09315   0.17643   8.44354   1.52413   1.11976   1.51028   0.81990  
 20  8.7685   1807.634281  x:  0.00048   0.20764   0.03343   0.05401   0.03613   0.04216   0.01620   0.04977   0.07706   0.02371   0.12610   0.00767   0.22822   0.04481   0.03728   0.02103   0.04896   0.01979   0.05410   0.09284   0.00998   0.09303   0.17762   8.44519   1.52564   1.12052   1.51085   0.81903  
 21  4.4415   1807.629757  x:  0.00052   0.20787   0.03302   0.05394   0.03647   0.04191   0.01617   0.04941   0.07763   0.02390   0.12529   0.00766   0.22800   0.04476   0.03683   0.02103   0.04955   0.01976   0.05428   0.09421   0.00996   0.09305   0.17846   8.44831   1.52860   1.12134   1.51194   0.81851  
 22  4.9819   1807.596088  x:  0.00045   0.20921   0.03287   0.05305   0.03613   0.04203   0.01603   0.05073   0.07762   0.02390   0.12575   0.00762   0.22657   0.04605   0.03765   0.02080   0.04870   0.01973   0.05663   0.09432   0.00983   0.09311   0.17778   8.47756   1.55595   1.12685   1.52242   0.81807  
 23  7.3582   1807.565003  x:  0.00039   0.20969   0.03356   0.05408   0.03638   0.04211   0.01597   0.04969   0.07723   0.02371   0.12673   0.00758   0.22581   0.04489   0.03648   0.02095   0.04917   0.01971   0.05442   0.09276   0.00998   0.09320   0.17671   8.50494   1.58056   1.13219   1.53235   0.81819  
 24 53.7371   1807.560157  x:  0.00041   0.20885   0.03279   0.05404   0.03649   0.04206   0.01593   0.04934   0.07717   0.02403   0.12686   0.00753   0.22632   0.04476   0.03757   0.02093   0.04940   0.01969   0.05388   0.09262   0.00996   0.09335   0.17670   8.50984   1.58343   1.13356   1.53430   0.81872  
 25 10.3082   1807.540158  x:  0.00053   0.20312   0.03324   0.05372   0.03651   0.04222   0.01583   0.04962   0.07726   0.02399   0.12717   0.00733   0.22993   0.04503   0.03692   0.02092   0.04929   0.01966   0.05424   0.09284   0.00988   0.09431   0.17718   8.53211   1.59142   1.14115   1.54363   0.82268  
 26 12.3037   1807.497147  x:  0.00036   0.20526   0.03273   0.05633   0.03612   0.04234   0.01572   0.05011   0.07724   0.02393   0.12756   0.00732   0.22823   0.04310   0.03722   0.02091   0.04934   0.01963   0.05590   0.09281   0.01017   0.09412   0.17760   8.58609   1.59951   1.16138   1.56577   0.83404  
 27 11.4364   1807.464947  x:  0.00021   0.20774   0.03322   0.05412   0.03656   0.04237   0.01547   0.04965   0.07721   0.02392   0.12785   0.00729   0.22640   0.04508   0.03697   0.02085   0.04927   0.01957   0.05429   0.09275   0.00992   0.09389   0.17788   8.62684   1.60487   1.17622   1.58186   0.84242  
 28 73.8353   1806.521479  x:  0.00010   0.21085   0.03417   0.05681   0.03851   0.04515   0.00949   0.05095   0.07933   0.02455   0.12691   0.00507   0.22964   0.04614   0.03747   0.02085   0.05048   0.01801   0.05471   0.09149   0.00923   0.09646   0.18031  10.24647   1.55474   1.12796   1.52861   0.85167  
 29  3.7081   1806.375312  x:  0.00000   0.21056   0.03448   0.05773   0.03907   0.04434   0.01328   0.05057   0.07879   0.02434   0.12688   0.00619   0.22974   0.04694   0.03764   0.02076   0.05012   0.01824   0.05450   0.09216   0.01033   0.09561   0.17997  10.72707   1.55371   1.12789   1.52988   0.85372  
 30  0.5273   1806.347822  x:  0.00000   0.21031   0.03413   0.05667   0.03832   0.04357   0.01249   0.05012   0.07811   0.02420   0.12679   0.00633   0.22969   0.04633   0.03738   0.02075   0.04976   0.01882   0.05435   0.09264   0.01022   0.09425   0.17937  11.03720   1.56321   1.13593   1.54188   0.85510  
 31  0.2354   1806.346274  x:  0.00000   0.21051   0.03408   0.05650   0.03820   0.04377   0.01240   0.05033   0.07839   0.02423   0.12683   0.00615   0.22975   0.04612   0.03740   0.02083   0.04992   0.01862   0.05446   0.09239   0.01015   0.09478   0.17972  11.08123   1.56084   1.13329   1.53844   0.85543  
 32  0.0429   1806.346262  x:  0.00000   0.21053   0.03409   0.05652   0.03822   0.04379   0.01239   0.05033   0.07840   0.02423   0.12681   0.00618   0.22979   0.04613   0.03741   0.02082   0.04992   0.01862   0.05447   0.09240   0.01017   0.09477   0.17972  11.08454   1.56068   1.13319   1.53828   0.85547  
 33  0.0035   1806.346262  x:  0.00000   0.21052   0.03409   0.05653   0.03822   0.04379   0.01239   0.05033   0.07840   0.02423   0.12681   0.00618   0.22979   0.04613   0.03741   0.02082   0.04992   0.01862   0.05447   0.09240   0.01017   0.09477   0.17972  11.08508   1.56069   1.13321   1.53829   0.85547  
 34  0.0005   1806.346262  x:  0.00000   0.21052   0.03409   0.05653   0.03822   0.04379   0.01239   0.05033   0.07840   0.02423   0.12681   0.00618   0.22979   0.04613   0.03741   0.02082   0.04992   0.01862   0.05447   0.09240   0.01017   0.09477   0.17972  11.08512   1.56069   1.13321   1.53829   0.85547  
 35  0.0000   1806.346262  x:  0.00000   0.21052   0.03409   0.05653   0.03822   0.04379   0.01239   0.05033   0.07840   0.02423   0.12681   0.00618   0.22979   0.04613   0.03741   0.02082   0.04992   0.01862   0.05447   0.09240   0.01017   0.09477   0.17972  11.08512   1.56069   1.13321   1.53829   0.85547  

TREE # 2

  0  0.0000   2004.960510  x:  0.00000   0.21052   0.03409   0.05653   0.03822   0.04379   0.01239   0.05033   0.07840   0.02423   0.12681   0.00618   0.22979   0.04613   0.03741   0.02082   0.04992   0.01862   0.05447   0.09240   0.01017   0.09477   0.17972  11.08512   1.53184   1.03539   1.40726   0.85547  
  1 99.0000   1897.555775  x:  0.26569   0.20663   0.08881   0.10678   0.02603   0.04751   0.13679   0.04792   0.07283   0.02007   0.11368   0.03924   0.22569   0.09192   0.12105   0.02719   0.04389   0.08761   0.05674   0.08232   0.04599   0.08493   0.16005  11.08515   1.53130   1.03638   1.40784   0.85457  
  2 2247.3621   1866.372123  x:  0.26104   0.16281   0.10172   0.15412   0.00000   0.04345   0.12729   0.03598   0.05889   0.02008   0.08310   0.01303   0.18213   0.11439   0.15655   0.02462   0.03219   0.08640   0.05497   0.06105   0.03687   0.05911   0.11084  11.08520   1.52884   1.04072   1.40886   0.85453  
  3 349.0264   1854.190946  x:  0.25833   0.13624   0.10840   0.18046   0.00983   0.04276   0.12176   0.03014   0.05135   0.02044   0.06540   0.00211   0.15565   0.12653   0.17635   0.02348   0.02641   0.08572   0.05417   0.04930   0.03242   0.04461   0.08113  11.08522   1.52739   1.04325   1.40951   0.85450  
  4 2411.0919   1836.336323  x:  0.24946   0.08365   0.11990   0.22963   0.02128   0.04130   0.10938   0.02019   0.03766   0.02172   0.03190   0.01615   0.10318   0.14860   0.21291   0.02162   0.01671   0.08351   0.05284   0.02774   0.02442   0.01782   0.02277  11.08526   1.52457   1.04815   1.41083   0.85445  
  5 3990.8744   1829.436706  x:  0.24761   0.06310   0.12132   0.24204   0.02215   0.04156   0.10652   0.02493   0.03823   0.02221   0.02902   0.01685   0.08232   0.15300   0.22258   0.02319   0.02222   0.08330   0.05341   0.03025   0.02817   0.02532   0.00388  11.08528   1.52360   1.04976   1.41146   0.85442  
  6 646.8320   1814.534450  x:  0.24288   0.00000   0.12453   0.27773   0.02516   0.04226   0.09876   0.03430   0.04101   0.02315   0.02653   0.01946   0.01759   0.16486   0.25051   0.02606   0.03198   0.08279   0.05497   0.03669   0.03685   0.03506   0.01230  11.08532   1.52067   1.05461   1.41345   0.85432  
  7 657.4839   1814.534450  x:  0.24288   0.00000   0.12453   0.27773   0.02516   0.04226   0.09876   0.03430   0.04101   0.02315   0.02653   0.01946   0.01759   0.16486   0.25051   0.02606   0.03198   0.08279   0.05497   0.03669   0.03685   0.03506   0.01230  11.08532   1.52067   1.05461   1.41345   0.85432  
  8 264.4470   1809.615400  x:  0.23649   0.00009   0.11897   0.27395   0.01219   0.04227   0.09743   0.03658   0.04952   0.02182   0.05125   0.01853   0.00000   0.15802   0.24640   0.02464   0.03366   0.08131   0.05583   0.04646   0.03837   0.04203   0.01268  11.08533   1.52006   1.05550   1.41431   0.85428  
  9 216.7922   1808.476919  x:  0.22048   0.01284   0.10657   0.26505   0.00557   0.04687   0.09427   0.03825   0.05548   0.02072   0.04537   0.01924   0.00000   0.14339   0.23738   0.02328   0.03473   0.07878   0.05682   0.05126   0.03823   0.04437   0.01099  11.08536   1.51843   1.05800   1.41658   0.85433  
 10 80.0387   1807.459003  x:  0.20039   0.01272   0.09019   0.25317   0.01368   0.05193   0.09079   0.03922   0.06030   0.02012   0.04321   0.01890   0.00000   0.12551   0.22602   0.02274   0.03548   0.07632   0.05763   0.05501   0.03810   0.04607   0.01375  11.08538   1.51626   1.06129   1.41966   0.85443  
 11 175.2398   1807.049331  x:  0.19107   0.00683   0.08384   0.24693   0.01034   0.05085   0.08998   0.03804   0.05850   0.02063   0.04151   0.01878   0.00000   0.11846   0.22083   0.02377   0.03484   0.07625   0.05741   0.05268   0.03774   0.04421   0.01109  11.08540   1.51501   1.06317   1.42162   0.85453  
 12 94.4986   1806.929739  x:  0.18654   0.00785   0.08354   0.24339   0.00939   0.04871   0.09040   0.03715   0.05548   0.02089   0.04276   0.01886   0.00000   0.11660   0.21831   0.02434   0.03414   0.07700   0.05696   0.04980   0.03783   0.04273   0.01421  11.08540   1.51413   1.06447   1.42329   0.85461  
 13 42.8071   1806.853427  x:  0.18292   0.00968   0.08490   0.24010   0.01075   0.04700   0.09114   0.03695   0.05320   0.02098   0.04462   0.01888   0.00000   0.11629   0.21617   0.02444   0.03381   0.07779   0.05659   0.04803   0.03811   0.04226   0.01221  11.08541   1.51319   1.06583   1.42522   0.85470  
 14 40.6099   1806.732606  x:  0.17530   0.00836   0.09250   0.23050   0.01066   0.04552   0.09368   0.03901   0.05273   0.02104   0.04313   0.01886   0.00000   0.12104   0.21070   0.02343   0.03488   0.07915   0.05641   0.04960   0.03894   0.04488   0.01254  11.08542   1.51000   1.07051   1.43240   0.85510  
 15 21.1551   1806.683713  x:  0.17290   0.00828   0.09517   0.22605   0.01058   0.04737   0.09343   0.03723   0.05457   0.02115   0.04348   0.01893   0.00000   0.12478   0.20806   0.02503   0.03427   0.07855   0.05667   0.04992   0.03775   0.04287   0.01251  11.08542   1.50800   1.07369   1.43728   0.85537  
 16 21.0742   1806.663803  x:  0.17329   0.00825   0.09468   0.22464   0.01045   0.04807   0.09207   0.03726   0.05455   0.02043   0.04370   0.01867   0.00000   0.12669   0.20693   0.02334   0.03350   0.07778   0.05672   0.04909   0.03815   0.04265   0.01251  11.08542   1.50659   1.07630   1.44132   0.85559  
 17 11.1100   1806.635767  x:  0.17498   0.00851   0.09302   0.22347   0.01046   0.04793   0.09005   0.03810   0.05386   0.02145   0.04384   0.01932   0.00000   0.12863   0.20570   0.02432   0.03436   0.07700   0.05683   0.04848   0.03874   0.04355   0.01250  11.08541   1.50405   1.08135   1.44925   0.85600  
 18 17.2607   1806.610109  x:  0.17675   0.00872   0.09210   0.22352   0.01058   0.04680   0.09006   0.03781   0.05359   0.02029   0.04359   0.01787   0.00000   0.12849   0.20537   0.02505   0.03482   0.07733   0.05672   0.04928   0.03832   0.04363   0.01251  11.08540   1.50164   1.08681   1.45796   0.85644  
 19 20.1631   1806.568662  x:  0.17933   0.00870   0.09159   0.22463   0.01079   0.04566   0.09164   0.03703   0.05396   0.02040   0.04343   0.01957   0.00000   0.12659   0.20569   0.02409   0.03421   0.07849   0.05642   0.05066   0.03751   0.04298   0.01251  11.08538   1.49779   1.09643   1.47356   0.85720  
 20 40.5747   1806.548608  x:  0.17981   0.00863   0.09214   0.22582   0.01064   0.04676   0.09266   0.03743   0.05428   0.02176   0.04353   0.01853   0.00000   0.12509   0.20660   0.02383   0.03377   0.07884   0.05652   0.05010   0.03782   0.04287   0.01251  11.08537   1.49640   1.10120   1.48157   0.85756  
 21 29.1278   1806.536111  x:  0.17930   0.00838   0.09288   0.22705   0.01049   0.04797   0.09301   0.03781   0.05429   0.02071   0.04368   0.01896   0.00000   0.12412   0.20779   0.02437   0.03399   0.07858   0.05676   0.04916   0.03830   0.04317   0.01251  11.08536   1.49618   1.10418   1.48689   0.85776  
 22 19.4642   1806.524958  x:  0.17708   0.00824   0.09349   0.22898   0.01053   0.04752   0.09177   0.03700   0.05410   0.02093   0.04367   0.01889   0.00000   0.12418   0.20987   0.02393   0.03460   0.07737   0.05685   0.04934   0.03800   0.04341   0.01251  11.08535   1.49800   1.10675   1.49241   0.85783  
 23  7.7706   1806.518705  x:  0.17584   0.00823   0.09314   0.22987   0.01057   0.04709   0.09139   0.03796   0.05423   0.02086   0.04367   0.01890   0.00000   0.12482   0.21084   0.02424   0.03379   0.07755   0.05669   0.04977   0.03811   0.04284   0.01251  11.08534   1.50057   1.10807   1.49589   0.85777  
 24  7.2654   1806.502983  x:  0.17459   0.00836   0.09140   0.23059   0.01051   0.04760   0.09226   0.03725   0.05446   0.02085   0.04376   0.01888   0.00000   0.12647   0.21150   0.02410   0.03409   0.07977   0.05654   0.04936   0.03800   0.04353   0.01250  11.08533   1.51104   1.11112   1.50545   0.85737  
 25  7.9981   1806.457624  x:  0.17641   0.00824   0.09165   0.22928   0.01044   0.04790   0.09334   0.03780   0.05338   0.02084   0.04400   0.01888   0.00000   0.12538   0.20982   0.02371   0.03517   0.07758   0.05711   0.04995   0.03796   0.04216   0.01249  11.08529   1.54605   1.12022   1.53347   0.85586  
 26 17.2714   1806.445995  x:  0.17715   0.00817   0.09234   0.22876   0.01052   0.04732   0.09264   0.03731   0.05405   0.02082   0.04381   0.01886   0.00000   0.12456   0.20932   0.02423   0.03382   0.07727   0.05672   0.04950   0.03803   0.04330   0.01248  11.08529   1.55514   1.12288   1.54039   0.85545  
 27 28.8453   1806.443834  x:  0.17736   0.00812   0.09279   0.22860   0.01053   0.04728   0.09172   0.03745   0.05438   0.02078   0.04382   0.01886   0.00000   0.12418   0.20928   0.02412   0.03416   0.07801   0.05648   0.04934   0.03799   0.04304   0.01248  11.08529   1.55694   1.12398   1.54130   0.85535  
 28  4.2681   1806.442147  x:  0.17743   0.00809   0.09295   0.22850   0.01049   0.04764   0.09135   0.03731   0.05381   0.02079   0.04384   0.01887   0.00000   0.12410   0.20942   0.02417   0.03391   0.07838   0.05672   0.04979   0.03804   0.04313   0.01248  11.08529   1.55848   1.12619   1.54115   0.85526  
 29  1.9781   1806.441278  x:  0.17743   0.00809   0.09294   0.22848   0.01049   0.04761   0.09142   0.03734   0.05386   0.02079   0.04386   0.01886   0.00029   0.12414   0.20948   0.02416   0.03393   0.07833   0.05674   0.04975   0.03798   0.04314   0.01248  11.08530   1.55914   1.12730   1.54096   0.85521  
 30  5.2597   1806.436139  x:  0.17743   0.00810   0.09284   0.22837   0.01052   0.04735   0.09188   0.03754   0.05416   0.02080   0.04394   0.01886   0.00000   0.12445   0.20992   0.02411   0.03403   0.07803   0.05686   0.04946   0.03769   0.04320   0.01249  11.08532   1.56409   1.13560   1.53960   0.85489  
 31 21.1154   1806.435729  x:  0.17742   0.00809   0.09284   0.22843   0.01053   0.04732   0.09195   0.03741   0.05422   0.02081   0.04392   0.01886   0.00000   0.12449   0.20988   0.02413   0.03408   0.07798   0.05668   0.04951   0.03807   0.04311   0.01249  11.08532   1.56444   1.13622   1.53949   0.85489  
 32  2.5761   1806.435416  x:  0.17737   0.00807   0.09290   0.22877   0.01052   0.04742   0.09196   0.03744   0.05413   0.02081   0.04395   0.01886   0.00000   0.12454   0.20949   0.02415   0.03408   0.07794   0.05632   0.04954   0.03796   0.04315   0.01249  11.08533   1.56455   1.13642   1.53943   0.85501  
 33  0.4068   1806.434528  x:  0.17723   0.00801   0.09308   0.22968   0.01052   0.04730   0.09192   0.03742   0.05420   0.02081   0.04397   0.01886   0.00000   0.12467   0.20846   0.02416   0.03406   0.07802   0.05673   0.04949   0.03803   0.04312   0.01249  11.08534   1.56469   1.13668   1.53934   0.85547  
 34  0.8657   1806.434334  x:  0.17723   0.00800   0.09309   0.22971   0.01052   0.04730   0.09192   0.03742   0.05420   0.02081   0.04398   0.01886   0.00015   0.12468   0.20843   0.02416   0.03406   0.07802   0.05674   0.04949   0.03803   0.04312   0.01249  11.08534   1.56470   1.13668   1.53934   0.85558  
 35  0.6962   1806.399357  x:  0.17814   0.00730   0.09359   0.22942   0.01048   0.04687   0.09213   0.03739   0.05412   0.02084   0.04539   0.01879   0.00000   0.12542   0.20948   0.02424   0.03403   0.07816   0.05662   0.04958   0.03808   0.04324   0.01244  11.08573   1.56496   1.13623   1.53864   0.86962  
 36  1.6383   1806.360530  x:  0.17940   0.00604   0.09462   0.23020   0.01037   0.04618   0.09239   0.03729   0.05396   0.02089   0.04755   0.01866   0.00000   0.12675   0.21014   0.02429   0.03402   0.07846   0.05655   0.04971   0.03814   0.04338   0.01237  11.08674   1.56088   1.13358   1.53918   0.84561  
 37  0.8676   1806.360510  x:  0.17940   0.00603   0.09462   0.23020   0.01037   0.04618   0.09239   0.03729   0.05396   0.02089   0.04755   0.01866   0.00005   0.12675   0.21014   0.02429   0.03402   0.07846   0.05655   0.04971   0.03814   0.04338   0.01237  11.08674   1.56087   1.13358   1.53918   0.84558  
 38  0.9187   1806.349321  x:  0.17969   0.00611   0.09475   0.23001   0.01031   0.04614   0.09240   0.03736   0.05425   0.02084   0.04875   0.01863   0.00000   0.12691   0.21046   0.02425   0.03407   0.07843   0.05654   0.05008   0.03819   0.04363   0.01238  11.08672   1.56077   1.13337   1.53876   0.85153  
 39  0.0107   1806.346265  x:  0.17972   0.00617   0.09478   0.22978   0.01016   0.04613   0.09240   0.03741   0.05447   0.02082   0.04990   0.01862   0.00000   0.12685   0.21055   0.02423   0.03409   0.07840   0.05653   0.05034   0.03822   0.04380   0.01239  11.08629   1.56069   1.13322   1.53831   0.85565  
 40  0.0042   1806.346262  x:  0.17972   0.00618   0.09477   0.22980   0.01017   0.04613   0.09240   0.03741   0.05447   0.02082   0.04992   0.01862   0.00000   0.12681   0.21052   0.02423   0.03409   0.07840   0.05653   0.05033   0.03822   0.04379   0.01239  11.08601   1.56069   1.13321   1.53830   0.85548  
 41  0.0003   1806.346262  x:  0.17972   0.00617   0.09477   0.22979   0.01017   0.04613   0.09240   0.03741   0.05446   0.02082   0.04992   0.01862   0.00000   0.12681   0.21052   0.02423   0.03409   0.07840   0.05653   0.05033   0.03822   0.04379   0.01239  11.08565   1.56069   1.13321   1.53829   0.85547  
 42  0.0002   1806.346262  x:  0.17972   0.00618   0.09477   0.22979   0.01017   0.04613   0.09240   0.03741   0.05447   0.02082   0.04992   0.01862   0.00000   0.12681   0.21052   0.02423   0.03409   0.07840   0.05653   0.05033   0.03822   0.04379   0.01239  11.08516   1.56069   1.13321   1.53829   0.85547  
 43  0.0002   1806.346262  x:  0.17972   0.00618   0.09477   0.22979   0.01017   0.04613   0.09240   0.03741   0.05447   0.02082   0.04992   0.01862   0.00000   0.12681   0.21052   0.02423   0.03409   0.07840   0.05653   0.05033   0.03822   0.04379   0.01239  11.08511   1.56069   1.13321   1.53829   0.85547  
 44  0.0000   1806.346262  x:  0.17972   0.00618   0.09477   0.22979   0.01017   0.04613   0.09240   0.03741   0.05447   0.02082   0.04992   0.01862   0.00000   0.12681   0.21052   0.02423   0.03409   0.07840   0.05653   0.05033   0.03822   0.04379   0.01239  11.08512   1.56069   1.13321   1.53829   0.85547  