

TREE # 1

  0  0.0000   2369.546127  x:  0.01972   0.20925   0.02571   0.03211   0.02495   0.05815   0.02188   0.05666   0.08536   0.02661   0.17168   0.01972   0.20925   0.02571   0.03211   0.02495   0.05815   0.02188   0.05666   0.08536   0.02661   0.17168   0.21568   8.40433   1.47313   1.16725   1.34001   1.00000  
  1 99.0000   2271.104774  x:  0.03388   0.21752   0.01568   0.00628   0.00832   0.09129   0.21188   0.05393   0.09494   0.03435   0.18430   0.00041   0.20651   0.00435   0.00000   0.07033   0.05495   0.03768   0.24329   0.10315   0.03594   0.17373   0.21772   8.40406   1.47335   1.16443   1.34335   1.00095  
  2 1276.8605   2270.856057  x:  0.03396   0.21778   0.01584   0.00627   0.00787   0.09166   0.21134   0.05387   0.09515   0.03432   0.18467   0.00000   0.20643   0.00369   0.00000   0.07009   0.05488   0.03744   0.24389   0.10357   0.03594   0.17381   0.21779   8.40405   1.47336   1.16435   1.34346   1.00098  
  3 172.0771   2269.742718  x:  0.03456   0.22019   0.01240   0.00671   0.01161   0.09431   0.20603   0.05368   0.09631   0.03402   0.18803   0.00000   0.20599   0.00000   0.00000   0.07036   0.05473   0.03764   0.24903   0.10723   0.03684   0.17507   0.21863   8.40394   1.47350   1.16341   1.34478   1.00152  
  4 191.4965   2268.034489  x:  0.03448   0.22915   0.02414   0.00177   0.02267   0.09815   0.18716   0.05427   0.09819   0.03676   0.19946   0.00000   0.20475   0.00000   0.00000   0.07814   0.05516   0.04199   0.26737   0.11844   0.04005   0.18027   0.22207   8.40342   1.47409   1.15931   1.35082   1.00406  
  5 139.1984   2267.433252  x:  0.03404   0.23350   0.03016   0.00727   0.02606   0.09910   0.17873   0.05470   0.09889   0.03789   0.20485   0.00000   0.20414   0.00000   0.00000   0.08232   0.05537   0.04389   0.27679   0.12320   0.04105   0.18278   0.22377   8.40314   1.47442   1.15717   1.35401   1.00541  
  6 427.3952   2263.692409  x:  0.02634   0.24794   0.02420   0.00671   0.00258   0.08926   0.15165   0.05548   0.09777   0.03234   0.22044   0.00000   0.20149   0.00000   0.00000   0.09328   0.05506   0.04053   0.30846   0.12699   0.03278   0.19036   0.22980   8.40177   1.47626   1.14750   1.36904   1.01198  
  7 88.0041   2262.316171  x:  0.02767   0.25259   0.02753   0.00681   0.00192   0.09629   0.14985   0.05166   0.10053   0.03357   0.22382   0.00000   0.19832   0.00000   0.00000   0.07545   0.05182   0.02273   0.31856   0.12000   0.03257   0.18888   0.23072   8.40076   1.47785   1.14146   1.37897   1.01652  
  8 56.2497   2261.870285  x:  0.02843   0.25373   0.02840   0.00686   0.00000   0.10005   0.14996   0.05085   0.10234   0.03297   0.22448   0.00000   0.19677   0.00000   0.00000   0.06538   0.05150   0.02695   0.32074   0.11809   0.03312   0.18722   0.23050   8.40031   1.47860   1.13907   1.38301   1.01837  
  9 73.2371   2261.791303  x:  0.02703   0.25411   0.02923   0.00684   0.00111   0.09940   0.15003   0.05160   0.10310   0.03066   0.22467   0.00000   0.19582   0.00000   0.00000   0.06206   0.05169   0.02763   0.32215   0.11804   0.03042   0.18594   0.23011   8.40004   1.47908   1.13782   1.38523   1.01937  
 10 37.4722   2261.715562  x:  0.02515   0.25409   0.02911   0.00680   0.00120   0.09669   0.15045   0.05442   0.10452   0.03043   0.22428   0.00000   0.19324   0.00000   0.00000   0.06017   0.05305   0.02698   0.32256   0.12058   0.03329   0.18133   0.22814   8.39908   1.48082   1.13404   1.39250   1.02270  
 11 16.1072   2261.606368  x:  0.02792   0.25398   0.02850   0.00681   0.00121   0.09555   0.15075   0.05348   0.10559   0.03353   0.22365   0.00000   0.18930   0.00000   0.00000   0.06137   0.05271   0.02722   0.32161   0.12328   0.03057   0.17395   0.22453   8.39690   1.48476   1.12629   1.40816   1.02994  
 12 25.1036   2261.523204  x:  0.02858   0.25359   0.02894   0.00685   0.00115   0.09750   0.15082   0.05105   0.10464   0.02966   0.22296   0.00000   0.18787   0.00000   0.00000   0.06395   0.05147   0.02730   0.32061   0.12278   0.03175   0.17136   0.22249   8.39471   1.48870   1.11975   1.42276   1.03672  
 13 31.1940   2261.414170  x:  0.02491   0.25285   0.02846   0.00684   0.00118   0.10078   0.15054   0.05271   0.10182   0.03185   0.22231   0.00000   0.18979   0.00000   0.00000   0.06465   0.05214   0.02772   0.32055   0.11922   0.03156   0.17559   0.22231   8.39083   1.49564   1.11120   1.44582   1.04754  
 14 27.0162   2261.359634  x:  0.02843   0.25260   0.02851   0.00683   0.00144   0.09811   0.15117   0.05352   0.10196   0.03141   0.22254   0.00000   0.19243   0.00000   0.00000   0.06340   0.05286   0.02772   0.32035   0.11867   0.03216   0.18043   0.22399   8.38826   1.50021   1.10864   1.45834   1.05363  
 15 23.4093   2261.335195  x:  0.02709   0.25192   0.02844   0.00684   0.00151   0.09699   0.15207   0.05127   0.10381   0.03183   0.22225   0.00000   0.19392   0.00000   0.00000   0.06291   0.05164   0.02783   0.31957   0.12057   0.03233   0.18215   0.22579   8.38637   1.50354   1.11063   1.46389   1.05662  
 16 10.1714   2261.285489  x:  0.02719   0.25045   0.02852   0.00683   0.00096   0.09986   0.15368   0.05345   0.10592   0.03085   0.22194   0.00000   0.19545   0.00000   0.00000   0.06395   0.05249   0.02729   0.31727   0.12387   0.03109   0.18223   0.22966   8.38085   1.51328   1.12179   1.47482   1.06313  
 17 10.8606   2261.101959  x:  0.02750   0.24993   0.02836   0.00686   0.00143   0.09947   0.15189   0.05232   0.10106   0.03194   0.22504   0.00000   0.19338   0.00000   0.00000   0.06288   0.05224   0.02805   0.32076   0.12132   0.03257   0.17700   0.23679   8.35748   1.55436   1.17276   1.51446   1.08678  
 18 24.3996   2261.030169  x:  0.02750   0.25226   0.02830   0.00681   0.00150   0.09990   0.15119   0.05265   0.10623   0.03206   0.22441   0.00000   0.19180   0.00000   0.00000   0.06394   0.05230   0.02829   0.32165   0.11910   0.03281   0.18043   0.22760   8.34701   1.57237   1.19185   1.52823   1.09289  
 19 18.2112   2261.003829  x:  0.02754   0.25345   0.02832   0.00684   0.00138   0.10026   0.15186   0.05230   0.10309   0.03192   0.22367   0.00000   0.19248   0.00000   0.00000   0.06295   0.05241   0.02807   0.32137   0.12216   0.03256   0.18222   0.22291   8.34225   1.57988   1.19704   1.53229   1.09260  
 20 10.4142   2260.919196  x:  0.02795   0.25658   0.02816   0.00677   0.00157   0.10091   0.15157   0.05425   0.10358   0.03222   0.22399   0.00000   0.19863   0.00000   0.00000   0.06288   0.04848   0.02850   0.32255   0.12205   0.03309   0.17890   0.22287   8.32034   1.60827   1.19848   1.54009   1.07437  
 21  4.7460   2260.856795  x:  0.02786   0.25787   0.02808   0.00676   0.00168   0.10168   0.15141   0.05195   0.10450   0.03233   0.22434   0.00000   0.20085   0.00000   0.00000   0.06294   0.05311   0.02841   0.32345   0.12183   0.03328   0.17728   0.22387   8.30338   1.62877   1.19899   1.54573   1.06011  
 22 47.1079   2260.785574  x:  0.02835   0.25356   0.02797   0.00672   0.00177   0.10248   0.15185   0.05224   0.10427   0.03250   0.22494   0.00000   0.19019   0.00000   0.00000   0.06294   0.05226   0.02858   0.32371   0.12297   0.03348   0.18190   0.22725   8.28254   1.64525   1.19902   1.55152   1.04442  
 23 13.0754   2260.532479  x:  0.03031   0.23489   0.02772   0.00662   0.00213   0.10574   0.14871   0.05203   0.10563   0.03315   0.23113   0.00000   0.19576   0.00000   0.00000   0.06182   0.05217   0.02905   0.33163   0.12516   0.03445   0.18052   0.22098   8.19103   1.62192   1.20640   1.56892   1.01454  
 24  4.3378   2260.109528  x:  0.03092   0.25872   0.02648   0.00645   0.00271   0.11181   0.15128   0.05176   0.10703   0.03451   0.22686   0.00000   0.19256   0.00000   0.00000   0.06115   0.05206   0.03025   0.33508   0.12903   0.03637   0.18115   0.22551   8.03133   1.57580   1.21474   1.59017   0.97826  
 25 34.3986   2259.273815  x:  0.03082   0.26527   0.02460   0.00622   0.00346   0.12302   0.15822   0.05110   0.11032   0.03679   0.25939   0.00000   0.19084   0.00000   0.00000   0.05940   0.05216   0.03234   0.34127   0.13588   0.03998   0.18234   0.22498   7.69649   1.55060   1.17197   1.51504   1.04137  
 26 13.4693   2259.020232  x:  0.03451   0.26076   0.02413   0.00614   0.00400   0.12683   0.15088   0.05093   0.11162   0.03759   0.23797   0.00000   0.19164   0.00000   0.00000   0.05844   0.05222   0.03305   0.35469   0.13927   0.04135   0.18229   0.22760   7.59760   1.54520   1.15851   1.48998   1.06318  
 27 42.5234   2258.388293  x:  0.02987   0.26620   0.01846   0.00550   0.00277   0.11915   0.15310   0.05152   0.10957   0.03339   0.24549   0.00000   0.18979   0.00000   0.00000   0.06103   0.05187   0.03213   0.39034   0.13731   0.03671   0.18463   0.22897   7.24874   1.56327   1.16734   1.51728   1.05139  
 28  0.4715   2258.331137  x:  0.03004   0.26598   0.01700   0.00574   0.00266   0.11974   0.15426   0.05135   0.10968   0.03326   0.24427   0.00000   0.19013   0.00000   0.00000   0.06010   0.05182   0.03164   0.39693   0.13705   0.03650   0.18444   0.22882   7.51169   1.55870   1.16420   1.50747   1.05553  
 29  0.2481   2258.328558  x:  0.03018   0.26620   0.01714   0.00603   0.00277   0.12045   0.15352   0.05142   0.10993   0.03337   0.24482   0.00000   0.19020   0.00000   0.00000   0.06010   0.05186   0.03157   0.39829   0.13741   0.03667   0.18461   0.22890   7.50664   1.55875   1.16484   1.50728   1.05582  
 30  0.0040   2258.328383  x:  0.03014   0.26613   0.01705   0.00610   0.00277   0.12036   0.15385   0.05143   0.10988   0.03336   0.24476   0.00000   0.19019   0.00000   0.00000   0.06016   0.05186   0.03157   0.39841   0.13732   0.03664   0.18457   0.22889   7.50200   1.55899   1.16497   1.50774   1.05548  
 31  0.0041   2258.328367  x:  0.03012   0.26614   0.01705   0.00612   0.00278   0.12030   0.15375   0.05142   0.10987   0.03334   0.24477   0.00000   0.19018   0.00000   0.00000   0.06013   0.05185   0.03157   0.39827   0.13730   0.03662   0.18457   0.22890   7.50253   1.55899   1.16490   1.50780   1.05544  
 32  0.0005   2258.328366  x:  0.03012   0.26614   0.01705   0.00612   0.00278   0.12031   0.15376   0.05142   0.10988   0.03335   0.24475   0.00000   0.19018   0.00000   0.00000   0.06013   0.05185   0.03157   0.39823   0.13730   0.03662   0.18457   0.22889   7.50255   1.55895   1.16488   1.50772   1.05548  
 33  0.0001   2258.328366  x:  0.03012   0.26614   0.01705   0.00612   0.00278   0.12031   0.15376   0.05142   0.10988   0.03335   0.24475   0.00000   0.19018   0.00000   0.00000   0.06013   0.05185   0.03157   0.39823   0.13730   0.03662   0.18457   0.22889   7.50252   1.55896   1.16489   1.50773   1.05548  
 34  0.0000   2258.328366  x:  0.03012   0.26614   0.01705   0.00612   0.00278   0.12031   0.15376   0.05142   0.10988   0.03335   0.24475   0.00000   0.19018   0.00000   0.00000   0.06013   0.05185   0.03157   0.39823   0.13730   0.03662   0.18457   0.22889   7.50253   1.55896   1.16489   1.50773   1.05548  
 35  0.0000   2258.328366  x:  0.03012   0.26614   0.01705   0.00612   0.00278   0.12031   0.15376   0.05142   0.10988   0.03335   0.24475   0.00000   0.19018   0.00000   0.00000   0.06013   0.05185   0.03157   0.39823   0.13730   0.03662   0.18457   0.22889   7.50253   1.55896   1.16489   1.50773   1.05548  
 36  0.0000   2258.328366  x:  0.03012   0.26614   0.01705   0.00612   0.00278   0.12031   0.15376   0.05142   0.10988   0.03335   0.24475   0.00000   0.19018   0.00000   0.00000   0.06013   0.05185   0.03157   0.39823   0.13730   0.03662   0.18457   0.22889   7.50253   1.55896   1.16489   1.50773   1.05548  

TREE # 2

  0  0.0000   3018.590005  x:  0.03012   0.26614   0.01705   0.00612   0.00278   0.12031   0.15376   0.05142   0.10988   0.03335   0.24475   0.00000   0.19018   0.00000   0.00000   0.06013   0.05185   0.03157   0.39823   0.13730   0.03662   0.18457   0.22889   7.50253   1.53014   1.06434   1.37931   1.05548  
  1 99.0000   2618.378127  x:  0.03028   0.26611   0.01748   0.00717   0.00324   0.12027   0.15375   0.05139   0.10998   0.03340   0.24473   0.00046   0.19019   0.52044   0.03883   0.06039   0.05212   0.03165   0.39820   0.13728   0.03659   0.18455   0.22888   7.50253   1.53014   1.06434   1.37931   1.05548  
  2 1932665.8932   2468.865746  x:  0.08284   0.25788   0.15424   0.29239   0.12747   0.10966   0.15089   0.03901   0.14313   0.05021   0.23604   0.12100   0.18910   0.51752   0.07634   0.05879   0.04711   0.05125   0.38701   0.12908   0.02613   0.17962   0.22460   7.50259   1.52968   1.06503   1.37993   1.05521  
  3 4248.4513   2414.416211  x:  0.12430   0.23282   0.16127   0.29496   0.10851   0.08068   0.14479   0.00634   0.19986   0.05016   0.21116   0.10264   0.17682   0.51396   0.12440   0.05302   0.03122   0.07577   0.35747   0.10880   0.00000   0.16757   0.21396   7.50277   1.52830   1.06848   1.38043   1.05511  
  4 544.2730   2409.738881  x:  0.12399   0.22767   0.16281   0.29663   0.10610   0.07541   0.14420   0.00000   0.20090   0.05005   0.20665   0.10021   0.17299   0.51400   0.12388   0.05199   0.02894   0.07474   0.35161   0.10626   0.00000   0.16613   0.21244   7.50279   1.52808   1.06905   1.38053   1.05513  
  5 553.3821   2365.007950  x:  0.12771   0.14567   0.17442   0.31488   0.08063   0.00000   0.14621   0.00000   0.19073   0.06213   0.14341   0.07358   0.11915   0.51397   0.12418   0.06326   0.04729   0.09446   0.25891   0.08742   0.00000   0.15520   0.19768   7.50285   1.52569   1.07349   1.38372   1.05527  
  6 1417.8824   2318.258649  x:  0.15461   0.00000   0.17057   0.31985   0.07971   0.00000   0.17770   0.00000   0.17429   0.08061   0.06605   0.06176   0.04995   0.51198   0.15103   0.04885   0.05588   0.07369   0.09500   0.10057   0.00000   0.16093   0.19493   7.50225   1.52379   1.07238   1.39257   1.05527  
  7 1026.2227   2307.696095  x:  0.15077   0.00000   0.17567   0.31606   0.08205   0.00000   0.18320   0.00000   0.17804   0.07299   0.06505   0.06485   0.03463   0.51205   0.15007   0.04392   0.05023   0.08756   0.00000   0.10280   0.00000   0.16511   0.19731   7.50167   1.52333   1.06960   1.39859   1.05550  
  8 406.7974   2307.231332  x:  0.14781   0.00000   0.17961   0.31315   0.08375   0.00000   0.18806   0.00000   0.17921   0.06813   0.06251   0.06667   0.02283   0.51207   0.14995   0.03822   0.04672   0.09563   0.00083   0.10460   0.00000   0.16879   0.19933   7.50118   1.52293   1.06731   1.40375   1.05561  
  9 34.7656   2305.701370  x:  0.13585   0.00000   0.21255   0.30401   0.07786   0.00000   0.20253   0.00000   0.17465   0.06621   0.04797   0.06007   0.03267   0.51101   0.16436   0.04094   0.03508   0.09798   0.00114   0.09196   0.00000   0.18077   0.20308   7.49748   1.51922   1.05374   1.44210   1.05697  
 10 21.9721   2302.992115  x:  0.14767   0.00000   0.24864   0.29946   0.05936   0.00000   0.21120   0.00000   0.18417   0.07940   0.06676   0.04708   0.01765   0.51117   0.16219   0.04349   0.03686   0.08024   0.00168   0.06678   0.00000   0.18379   0.19857   7.49013   1.51188   1.03414   1.51367   1.05955  
 11 59.9012   2298.799130  x:  0.16991   0.00000   0.24832   0.30542   0.04232   0.00000   0.18464   0.00000   0.19645   0.07580   0.04684   0.04771   0.03211   0.51290   0.13908   0.02300   0.03149   0.07814   0.00229   0.06821   0.00000   0.15026   0.17325   7.47877   1.50284   1.02427   1.60930   1.06359  
 12 60.8960   2297.428029  x:  0.17252   0.00000   0.24038   0.30882   0.04423   0.00000   0.17043   0.00000   0.20291   0.07022   0.04012   0.04648   0.02980   0.51303   0.13729   0.03461   0.02072   0.07409   0.00311   0.06996   0.01058   0.13433   0.16249   7.47399   1.50024   1.02544   1.64530   1.06511  
 13 149.5201   2296.334056  x:  0.16749   0.00000   0.23275   0.31230   0.04860   0.00000   0.16149   0.00000   0.20519   0.06666   0.03951   0.04326   0.02606   0.51256   0.14366   0.04077   0.01592   0.07122   0.00348   0.06884   0.00110   0.12524   0.15649   7.47157   1.49999   1.03045   1.66019   1.06570  
 14 127.9615   2294.971905  x:  0.14955   0.00000   0.21845   0.32222   0.05284   0.00000   0.14511   0.00000   0.20837   0.06178   0.04206   0.03484   0.02251   0.51113   0.16292   0.03141   0.02052   0.06626   0.00341   0.06020   0.00574   0.11379   0.14791   7.46754   1.50153   1.04676   1.67912   1.06648  
 15 100.3407   2294.111561  x:  0.14177   0.00000   0.20621   0.33074   0.04000   0.00000   0.14188   0.00000   0.21146   0.06978   0.04244   0.04212   0.02157   0.51066   0.16918   0.03020   0.01345   0.06714   0.00355   0.05364   0.00587   0.12096   0.14957   7.46534   1.50739   1.07230   1.67627   1.06626  
 16 41.9541   2293.106927  x:  0.13754   0.00000   0.20323   0.33829   0.03350   0.00000   0.14641   0.00000   0.22970   0.06183   0.03706   0.03730   0.02483   0.51101   0.16440   0.03347   0.01872   0.06102   0.00380   0.05185   0.00350   0.13470   0.15632   7.46287   1.51960   1.11697   1.65994   1.06548  
 17 58.0157   2292.439368  x:  0.14184   0.00000   0.20717   0.33888   0.03823   0.00000   0.15082   0.00000   0.23161   0.06479   0.03756   0.02594   0.02760   0.51135   0.15998   0.03174   0.01424   0.06342   0.00394   0.05031   0.00389   0.13684   0.15749   7.46149   1.52937   1.14945   1.64465   1.06485  
 18 78.6806   2291.261105  x:  0.15033   0.00000   0.23429   0.31969   0.04179   0.00000   0.15581   0.00000   0.23066   0.06317   0.03751   0.03533   0.02703   0.51135   0.16006   0.03067   0.01459   0.06007   0.00425   0.04318   0.00487   0.11994   0.14910   7.45929   1.55261   1.21799   1.60613   1.06352  
 19 75.6631   2291.047141  x:  0.15014   0.00000   0.24349   0.31782   0.03736   0.00000   0.15319   0.00000   0.23044   0.06408   0.03945   0.03423   0.02600   0.51116   0.16260   0.03063   0.01403   0.05915   0.00431   0.05199   0.00518   0.11682   0.14717   7.45903   1.55836   1.22930   1.59783   1.06339  
 20 47.8864   2290.895377  x:  0.15116   0.00000   0.24856   0.31374   0.04005   0.00000   0.14097   0.00000   0.23178   0.06772   0.03704   0.03462   0.02420   0.51116   0.16262   0.03019   0.01454   0.05833   0.00426   0.05258   0.00484   0.12176   0.14888   7.45947   1.56797   1.22710   1.58898   1.06393  
 21 10.5868   2290.558475  x:  0.15889   0.00000   0.24969   0.31591   0.03556   0.00000   0.13489   0.00000   0.22592   0.05887   0.03782   0.03281   0.02285   0.51092   0.16579   0.03019   0.01334   0.05841   0.00423   0.04926   0.00485   0.12345   0.15037   7.46144   1.59464   1.20991   1.56596   1.06614  
 22 14.3909   2289.811889  x:  0.15334   0.00000   0.24834   0.31819   0.03381   0.00000   0.14378   0.00000   0.23859   0.06672   0.03534   0.03154   0.02362   0.51090   0.16613   0.03057   0.01409   0.06091   0.00430   0.04773   0.00540   0.11191   0.14444   7.46673   1.65098   1.16689   1.51682   1.07198  
 23 40.1656   2288.912552  x:  0.15684   0.00000   0.24761   0.31788   0.03484   0.00000   0.14404   0.00000   0.24295   0.06532   0.03735   0.03208   0.02433   0.51059   0.17019   0.03168   0.01497   0.06540   0.00434   0.04826   0.00541   0.12691   0.11442   7.47764   1.63745   1.16253   1.49998   1.08014  
 24  4.7163   2280.592252  x:  0.19444   0.00000   0.24962   0.31965   0.02792   0.00000   0.11633   0.00000   0.28487   0.07147   0.04355   0.03220   0.02013   0.50720   0.21559   0.04081   0.02621   0.11151   0.00410   0.04422   0.00229   0.11126   0.15204   7.59567   1.42399   1.15700   1.36823   1.16153  
 25 32.9067   2278.848135  x:  0.19976   0.00000   0.24462   0.31960   0.03065   0.00000   0.11452   0.00000   0.29601   0.06843   0.04516   0.03418   0.01785   0.50663   0.22322   0.04141   0.02728   0.12081   0.00326   0.04639   0.00246   0.10974   0.15459   7.64178   1.54426   1.22684   1.49305   0.98783  
 26  7.1862   2277.693691  x:  0.20256   0.00000   0.24116   0.31671   0.03639   0.00000   0.11855   0.00000   0.30903   0.06234   0.04663   0.03735   0.01281   0.50619   0.22918   0.04005   0.02631   0.12597   0.00249   0.05027   0.00239   0.11183   0.15913   7.69364   1.67073   1.29382   1.60733   1.12270  
 27  4.8451   2275.480561  x:  0.20452   0.00000   0.24229   0.30587   0.04838   0.00000   0.13325   0.00000   0.34607   0.04706   0.04893   0.04211   0.00830   0.50540   0.23973   0.03415   0.01943   0.12385   0.00162   0.05554   0.00355   0.12396   0.16589   7.84915   1.54578   1.18179   1.45548   1.07211  
 28  1.8249   2274.394789  x:  0.21413   0.00000   0.22559   0.30655   0.05395   0.00000   0.13517   0.00000   0.35648   0.05248   0.05699   0.04353   0.02576   0.50460   0.25047   0.03587   0.01857   0.11627   0.00496   0.05593   0.00275   0.12930   0.16940   7.94266   1.56042   1.15628   1.43499   1.07580  
 29  0.9746   2272.443393  x:  0.24318   0.00000   0.21478   0.30183   0.04759   0.00000   0.15267   0.00000   0.38296   0.06744   0.04913   0.03848   0.00443   0.50146   0.29237   0.03139   0.01590   0.11281   0.00541   0.05247   0.00242   0.12346   0.15503   7.87683   1.55103   1.16921   1.50300   1.07580  
 30  0.1226   2271.407661  x:  0.24628   0.00000   0.23114   0.27707   0.04518   0.00000   0.12783   0.00000   0.41669   0.05919   0.05622   0.03482   0.00219   0.50044   0.30577   0.03264   0.01484   0.10780   0.00636   0.04848   0.00186   0.11523   0.14771   7.86815   1.57534   1.17593   1.50716   1.08998  
 31  0.0406   2270.071693  x:  0.25183   0.00000   0.20634   0.24423   0.03637   0.00000   0.13266   0.00000   0.43528   0.05338   0.05116   0.03405   0.00321   0.49912   0.32213   0.03605   0.01937   0.10398   0.00773   0.05511   0.00616   0.12301   0.15294   7.83083   1.58723   1.22239   1.46868   1.07689  
 32  0.0311   2268.544558  x:  0.23273   0.00000   0.19231   0.18870   0.03812   0.00000   0.13978   0.00000   0.42952   0.06498   0.05063   0.03430   0.00451   0.49976   0.31190   0.03455   0.01836   0.10118   0.00787   0.05181   0.00282   0.12598   0.16141   7.91232   1.54644   1.17195   1.46924   1.07266  
 33  0.0508   2268.208866  x:  0.22656   0.00000   0.18421   0.19222   0.03718   0.00000   0.13852   0.00000   0.40786   0.06114   0.05006   0.03222   0.00743   0.50093   0.29589   0.03326   0.01768   0.10787   0.00708   0.05072   0.00164   0.11912   0.15713   7.81634   1.56782   1.17792   1.51160   1.07749  
 34  0.0941   2268.138491  x:  0.22915   0.00000   0.19119   0.18688   0.03628   0.00000   0.13716   0.00000   0.40183   0.06043   0.05098   0.03147   0.00678   0.50123   0.29148   0.03331   0.01705   0.11012   0.00673   0.05107   0.00304   0.11972   0.15460   7.77041   1.57091   1.17961   1.50836   1.07524  
 35  0.0489   2268.118149  x:  0.23340   0.00000   0.18781   0.18643   0.03693   0.00000   0.13733   0.00000   0.39930   0.06005   0.05181   0.03149   0.00650   0.50119   0.29163   0.03363   0.01681   0.11058   0.00661   0.05163   0.00276   0.12084   0.15361   7.77190   1.56595   1.17805   1.49601   1.07281  
 36  0.0122   2268.113255  x:  0.23546   0.00000   0.18876   0.18610   0.03649   0.00000   0.13788   0.00000   0.39882   0.06024   0.05213   0.03163   0.00714   0.50111   0.29228   0.03352   0.01685   0.11048   0.00647   0.05151   0.00254   0.12092   0.15392   7.79389   1.56415   1.17655   1.49887   1.07445  
 37  0.0136   2268.107462  x:  0.23626   0.00000   0.18785   0.18645   0.03671   0.00000   0.13694   0.00000   0.39850   0.06056   0.05194   0.03172   0.00709   0.50099   0.29254   0.03336   0.01696   0.11005   0.00602   0.05139   0.00285   0.11962   0.15475   7.78057   1.56461   1.17564   1.49855   1.07533  
 38  0.0034   2268.100549  x:  0.23498   0.00000   0.18871   0.18549   0.03669   0.00000   0.13722   0.00000   0.39896   0.06027   0.05183   0.03146   0.00693   0.50081   0.29272   0.03370   0.01704   0.10934   0.00554   0.05141   0.00254   0.12056   0.15484   7.77144   1.56641   1.17869   1.49826   1.07377  
 39  0.0041   2268.092241  x:  0.23337   0.00000   0.18765   0.18729   0.03654   0.00000   0.13811   0.00000   0.40083   0.05966   0.05177   0.03174   0.00764   0.50055   0.29315   0.03371   0.01670   0.10902   0.00544   0.05174   0.00286   0.12154   0.15327   7.79756   1.56444   1.17852   1.49952   1.07316  
 40  0.0083   2268.023984  x:  0.23164   0.00000   0.18774   0.18584   0.03697   0.00000   0.13957   0.00000   0.40290   0.06083   0.05268   0.03147   0.00709   0.49882   0.29548   0.03386   0.01745   0.11034   0.00538   0.05166   0.00286   0.11928   0.14861   7.81967   1.56156   1.17027   1.49510   1.07531  
 41  0.0032   2267.666247  x:  0.22527   0.00000   0.18725   0.18152   0.03874   0.00000   0.14109   0.00000   0.40748   0.06576   0.05676   0.03193   0.00742   0.48312   0.30651   0.03342   0.02004   0.12019   0.00440   0.05182   0.00297   0.11403   0.13540   7.80365   1.56216   1.14995   1.48509   1.09026  
 42  0.0093   2264.318237  x:  0.22076   0.00000   0.18517   0.18794   0.03692   0.00000   0.13953   0.00000   0.40130   0.06737   0.05747   0.02962   0.01144   0.41076   0.32647   0.03420   0.02218   0.13668   0.00647   0.05097   0.00259   0.11986   0.15720   7.64337   1.54501   1.15771   1.47562   1.08821  
 43  0.0226   2260.624950  x:  0.21415   0.00000   0.18420   0.19274   0.03533   0.00000   0.13459   0.00000   0.38189   0.06179   0.05458   0.02941   0.02500   0.26555   0.33581   0.03392   0.01875   0.14973   0.00655   0.05128   0.00245   0.12370   0.17355   7.45506   1.51436   1.15875   1.46988   1.07058  
 44  0.2525   2258.780308  x:  0.22605   0.00000   0.18592   0.19213   0.03562   0.00000   0.13484   0.00000   0.37876   0.05463   0.05003   0.03241   0.03452   0.24859   0.28025   0.03438   0.01113   0.11560   0.00622   0.05081   0.00280   0.12381   0.16569   7.56765   1.56469   1.17319   1.51216   1.04624  
 45  0.0714   2258.374985  x:  0.22805   0.00000   0.18422   0.19193   0.03594   0.00000   0.13723   0.00000   0.39150   0.05964   0.05154   0.03161   0.03061   0.24730   0.27094   0.03446   0.01734   0.10496   0.00599   0.05065   0.00298   0.12099   0.15498   7.55166   1.57284   1.17098   1.51741   1.05168  
 46  0.0304   2258.336101  x:  0.22759   0.00000   0.18474   0.18973   0.03684   0.00000   0.13698   0.00000   0.39489   0.06043   0.05212   0.03174   0.03016   0.24282   0.26964   0.03337   0.01723   0.10915   0.00623   0.05150   0.00282   0.11994   0.15314   7.49991   1.55893   1.16397   1.50870   1.05547  
 47  0.0552   2258.329911  x:  0.22844   0.00000   0.18470   0.18986   0.03671   0.00000   0.13716   0.00000   0.39687   0.06025   0.05204   0.03164   0.02986   0.24602   0.26678   0.03320   0.01702   0.10960   0.00618   0.05158   0.00279   0.12007   0.15307   7.49587   1.55758   1.16392   1.50719   1.05573  
 48  0.0064   2258.328436  x:  0.22887   0.00000   0.18453   0.19024   0.03655   0.00000   0.13732   0.00000   0.39794   0.06008   0.05191   0.03156   0.03008   0.24464   0.26599   0.03333   0.01700   0.10982   0.00612   0.05146   0.00280   0.12031   0.15365   7.50022   1.55900   1.16498   1.50771   1.05536  
 49  0.0055   2258.328368  x:  0.22889   0.00000   0.18457   0.19017   0.03662   0.00000   0.13730   0.00000   0.39822   0.06011   0.05186   0.03158   0.03012   0.24476   0.26616   0.03335   0.01704   0.10989   0.00612   0.05143   0.00279   0.12030   0.15378   7.50279   1.55898   1.16495   1.50775   1.05546  
 50  0.0027   2258.328366  x:  0.22889   0.00000   0.18457   0.19018   0.03662   0.00000   0.13730   0.00000   0.39823   0.06013   0.05185   0.03157   0.03012   0.24475   0.26614   0.03335   0.01705   0.10988   0.00612   0.05142   0.00278   0.12031   0.15376   7.50257   1.55894   1.16487   1.50773   1.05548  
 51  0.0002   2258.328366  x:  0.22889   0.00000   0.18457   0.19018   0.03662   0.00000   0.13730   0.00000   0.39823   0.06013   0.05185   0.03157   0.03012   0.24475   0.26614   0.03335   0.01705   0.10988   0.00612   0.05142   0.00278   0.12031   0.15376   7.50253   1.55896   1.16489   1.50773   1.05548  
 52  0.0000   2258.328366  x:  0.22889   0.00000   0.18457   0.19018   0.03662   0.00000   0.13730   0.00000   0.39823   0.06013   0.05185   0.03157   0.03012   0.24475   0.26614   0.03335   0.01705   0.10988   0.00612   0.05142   0.00278   0.12031   0.15376   7.50253   1.55896   1.16489   1.50773   1.05548  
 53  0.0000   2258.328366  x:  0.22889   0.00000   0.18457   0.19018   0.03662   0.00000   0.13730   0.00000   0.39823   0.06013   0.05185   0.03157   0.03012   0.24475   0.26614   0.03335   0.01705   0.10988   0.00612   0.05142   0.00278   0.12031   0.15376   7.50253   1.55896   1.16489   1.50773   1.05548  
 54  0.0000   2258.328366  x:  0.22889   0.00000   0.18457   0.19018   0.03662   0.00000   0.13730   0.00000   0.39823   0.06013   0.05185   0.03157   0.03012   0.24475   0.26614   0.03335   0.01705   0.10988   0.00612   0.05142   0.00278   0.12031   0.15376   7.50253   1.55896   1.16489   1.50773   1.05548  