

TREE # 1

  0  0.0000   2144.910092  x:  0.01972   0.20925   0.02571   0.03211   0.02495   0.05815   0.02188   0.05666   0.08536   0.02661   0.17168   0.01972   0.20925   0.02571   0.03211   0.02495   0.05815   0.02188   0.05666   0.08536   0.02661   0.17168   0.21568   8.40433   1.55310   1.26776   1.44582   1.00000  
  1 99.0000   2105.698004  x:  0.00239   0.20534   0.03492   0.03378   0.02835   0.05538   0.03289   0.05440   0.08941   0.04805   0.17137   0.00000   0.21117   0.00897   0.12795   0.08292   0.06637   0.01913   0.06348   0.10204   0.04853   0.17773   0.21838   8.40446   1.55305   1.26547   1.44858   0.99985  
  2 775.5007   2104.797211  x:  0.00000   0.20460   0.03468   0.03360   0.02829   0.05502   0.03249   0.05411   0.09005   0.04815   0.17143   0.00000   0.21169   0.00469   0.12846   0.08218   0.06722   0.01882   0.06397   0.10329   0.04769   0.17890   0.21892   8.40449   1.55305   1.26503   1.44911   0.99981  
  3 170.9166   2104.174488  x:  0.00000   0.20437   0.03491   0.03375   0.02845   0.05515   0.03309   0.05423   0.09011   0.04815   0.17205   0.00000   0.21209   0.00000   0.12861   0.08165   0.06688   0.01971   0.06431   0.10359   0.04792   0.17967   0.21939   8.40452   1.55307   1.26454   1.44970   0.99968  
  4 428.1294   2103.786872  x:  0.00000   0.20250   0.03656   0.03445   0.02822   0.05713   0.03507   0.05588   0.08918   0.04775   0.18105   0.00000   0.21638   0.00000   0.13059   0.07501   0.06137   0.01487   0.06946   0.10648   0.05389   0.18797   0.22533   8.40509   1.55313   1.25737   1.45868   0.99738  
  5 43.3272   2103.149605  x:  0.00000   0.19988   0.03325   0.03181   0.02530   0.05634   0.02452   0.05505   0.08776   0.04715   0.19215   0.00000   0.21962   0.00000   0.13207   0.07310   0.06447   0.01841   0.07173   0.10983   0.05822   0.19577   0.23286   8.40621   1.55325   1.24448   1.47518   0.99289  
  6 41.3290   2101.757320  x:  0.00000   0.19086   0.02695   0.02998   0.03073   0.04912   0.03131   0.04885   0.09058   0.04861   0.20727   0.00000   0.22200   0.00000   0.12913   0.07636   0.08310   0.01412   0.06761   0.11886   0.05004   0.20761   0.24665   8.40922   1.55373   1.21186   1.51747   0.98142  
  7 77.5261   2101.064463  x:  0.00000   0.18250   0.03803   0.03343   0.02621   0.04987   0.02911   0.05003   0.09690   0.05123   0.20276   0.00000   0.22139   0.00000   0.13007   0.07646   0.08408   0.01325   0.06676   0.12433   0.03792   0.21078   0.24955   8.41106   1.55420   1.19470   1.54046   0.97545  
  8 73.0541   2100.434959  x:  0.00000   0.17010   0.03106   0.02998   0.02822   0.05240   0.02887   0.05229   0.10451   0.04774   0.18263   0.00000   0.22147   0.00000   0.13598   0.07165   0.07727   0.01437   0.06998   0.12806   0.03225   0.21166   0.24682   8.41327   1.55494   1.17864   1.56347   0.96998  
  9 56.6838   2100.252195  x:  0.00000   0.16549   0.03212   0.03139   0.02749   0.04939   0.02921   0.04949   0.10510   0.04974   0.17182   0.00000   0.22367   0.00000   0.13579   0.06837   0.07911   0.01479   0.07052   0.12827   0.03814   0.21302   0.24427   8.41439   1.55544   1.17302   1.57273   0.96822  
 10 37.9095   2100.189087  x:  0.00000   0.16601   0.03313   0.02992   0.02823   0.05128   0.02917   0.05109   0.10059   0.04970   0.16766   0.00000   0.22722   0.00000   0.13433   0.07097   0.08020   0.01452   0.07115   0.12845   0.03832   0.21623   0.24167   8.41573   1.55631   1.17012   1.58023   0.96750  
 11 12.2109   2100.143140  x:  0.00000   0.16837   0.03149   0.03269   0.02663   0.05046   0.02929   0.05046   0.09848   0.04908   0.16665   0.00000   0.22972   0.00000   0.13495   0.07219   0.07884   0.01441   0.07035   0.12772   0.03706   0.21766   0.23884   8.41749   1.55757   1.16797   1.58847   0.96689  
 12 13.2256   2100.059274  x:  0.00000   0.17375   0.03279   0.03101   0.02894   0.04852   0.02834   0.04882   0.09920   0.04936   0.16759   0.00000   0.23242   0.00000   0.13772   0.07125   0.07690   0.01431   0.06817   0.12479   0.03592   0.21662   0.23358   8.42173   1.56069   1.16480   1.60631   0.96565  
 13 19.0751   2099.981821  x:  0.00000   0.17657   0.03243   0.02947   0.02611   0.05035   0.02985   0.05014   0.10169   0.04979   0.16927   0.00000   0.23286   0.00000   0.13946   0.07071   0.07863   0.01438   0.06858   0.12248   0.03677   0.21314   0.23052   8.42626   1.56419   1.16308   1.62352   0.96447  
 14 28.3974   2099.913498  x:  0.00000   0.17651   0.03216   0.03240   0.02829   0.05205   0.02898   0.05171   0.10298   0.04989   0.17080   0.00000   0.23152   0.00000   0.14003   0.07157   0.07985   0.01442   0.07060   0.12168   0.03806   0.20902   0.23007   8.43085   1.56794   1.16304   1.63899   0.96339  
 15 32.0112   2099.773401  x:  0.00000   0.17131   0.03310   0.03093   0.02762   0.04955   0.02972   0.04990   0.09936   0.04891   0.17298   0.00000   0.22523   0.00000   0.14024   0.07566   0.07619   0.01493   0.07289   0.12367   0.03965   0.20154   0.23467   8.44124   1.57709   1.16766   1.66832   0.96129  
 16 27.2750   2099.681305  x:  0.00000   0.16905   0.03225   0.03114   0.02773   0.05174   0.02951   0.05092   0.09670   0.05122   0.17266   0.00000   0.22036   0.00000   0.14275   0.07492   0.07516   0.01478   0.06645   0.12459   0.04082   0.20162   0.23859   8.44892   1.58474   1.17574   1.68385   0.96013  
 17 21.1711   2099.427735  x:  0.00000   0.17344   0.03419   0.03163   0.02763   0.05007   0.02985   0.05213   0.09850   0.04547   0.16843   0.00000   0.21040   0.00000   0.14992   0.07682   0.07776   0.01458   0.06715   0.12060   0.04178   0.21209   0.24339   8.47282   1.61126   1.21326   1.71379   0.95779  
 18 20.1740   2099.233607  x:  0.00000   0.17623   0.03221   0.03103   0.02780   0.05102   0.02987   0.04942   0.10002   0.05376   0.16712   0.00000   0.20948   0.00000   0.15308   0.07912   0.07676   0.01487   0.07216   0.12052   0.04020   0.21647   0.24288   8.49246   1.63373   1.24551   1.73338   0.95650  
 19 54.0935   2098.936006  x:  0.00000   0.17199   0.03303   0.03123   0.02788   0.04964   0.03022   0.05151   0.10166   0.05205   0.17006   0.00000   0.22569   0.00000   0.16029   0.08130   0.07780   0.01506   0.06986   0.13016   0.04073   0.21166   0.23478   8.52372   1.67058   1.29506   1.75589   0.95615  
 20 40.2394   2098.905328  x:  0.00000   0.17008   0.03355   0.03144   0.02790   0.05171   0.03030   0.04879   0.10035   0.05103   0.17040   0.00000   0.22808   0.00000   0.16245   0.08071   0.07881   0.01497   0.07016   0.12779   0.03955   0.21071   0.23519   8.52759   1.67521   1.29734   1.75615   0.95710  
 21 10.3741   2098.867381  x:  0.00000   0.16742   0.03343   0.03141   0.02782   0.04990   0.03030   0.05066   0.09889   0.05207   0.17057   0.00000   0.23113   0.00000   0.16500   0.08022   0.07963   0.01475   0.07070   0.12292   0.03770   0.20983   0.23709   8.53328   1.68185   1.29656   1.75415   0.95947  
 22 11.2256   2098.779456  x:  0.00000   0.16766   0.03309   0.03102   0.02768   0.05050   0.02977   0.04994   0.10379   0.05222   0.16934   0.00000   0.23466   0.00000   0.16567   0.08488   0.07793   0.01417   0.06867   0.12145   0.03897   0.21073   0.24215   8.54962   1.69870   1.28374   1.74291   0.96837  
 23  9.1203   2098.667990  x:  0.00000   0.17297   0.03345   0.03126   0.02785   0.05033   0.03034   0.05024   0.10030   0.05248   0.16844   0.00000   0.23057   0.00000   0.17067   0.08316   0.07929   0.01470   0.07033   0.12700   0.03916   0.20891   0.24165   8.57186   1.71754   1.26482   1.72501   0.98037  
 24 20.9115   2098.625599  x:  0.00000   0.16813   0.03344   0.03115   0.02785   0.05029   0.03028   0.05018   0.10057   0.05270   0.17178   0.00000   0.22643   0.00000   0.17170   0.08437   0.07915   0.01462   0.07009   0.12652   0.03977   0.21262   0.23469   8.58254   1.71607   1.25738   1.71685   0.98406  
 25  6.8679   2098.287232  x:  0.00000   0.16942   0.03396   0.03141   0.02804   0.05024   0.03086   0.05009   0.10133   0.05380   0.17100   0.00000   0.23203   0.00000   0.18595   0.08867   0.08043   0.01503   0.07026   0.12632   0.03838   0.21466   0.23967   8.69125   1.60228   1.20865   1.64339   0.99713  
 26  5.9067   2098.253627  x:  0.00000   0.16960   0.03399   0.03142   0.02805   0.05027   0.03095   0.05012   0.10127   0.05389   0.17125   0.00000   0.23230   0.00000   0.18714   0.08911   0.08034   0.01512   0.07021   0.12609   0.03839   0.21488   0.23990   8.71754   1.59920   1.20067   1.63351   0.96800  
 27  2.0513   2097.769846  x:  0.00000   0.16955   0.03403   0.03153   0.02850   0.05125   0.03189   0.05110   0.09998   0.05299   0.17808   0.00000   0.23576   0.00000   0.18966   0.08654   0.07660   0.01862   0.07018   0.12560   0.03965   0.22331   0.24546   9.79844   1.63398   1.21973   1.69155   0.99054  
 28  1.1332   2097.737629  x:  0.00000   0.16912   0.03381   0.03138   0.02820   0.05086   0.03136   0.05083   0.10092   0.05311   0.17517   0.00000   0.23447   0.00000   0.19061   0.08601   0.07745   0.01722   0.07067   0.12636   0.03949   0.22042   0.24336   9.99452   1.62464   1.21502   1.67824   0.99099  
 29  0.1663   2097.736776  x:  0.00000   0.16943   0.03395   0.03145   0.02825   0.05089   0.03144   0.05080   0.10086   0.05317   0.17558   0.00000   0.23478   0.00000   0.19003   0.08612   0.07754   0.01722   0.07045   0.12602   0.03938   0.22065   0.24363  10.03141   1.62557   1.21490   1.67766   0.99137  
 30  0.0303   2097.736753  x:  0.00000   0.16937   0.03393   0.03144   0.02826   0.05089   0.03145   0.05081   0.10082   0.05317   0.17555   0.00000   0.23474   0.00000   0.18990   0.08617   0.07751   0.01722   0.07047   0.12609   0.03940   0.22065   0.24363  10.03445   1.62539   1.21500   1.67789   0.99135  
 31  0.0027   2097.736753  x:  0.00000   0.16937   0.03393   0.03144   0.02826   0.05089   0.03144   0.05081   0.10082   0.05317   0.17554   0.00000   0.23474   0.00000   0.18989   0.08618   0.07752   0.01722   0.07048   0.12609   0.03939   0.22064   0.24363  10.03415   1.62539   1.21496   1.67785   0.99136  
 32  0.0003   2097.736753  x:  0.00000   0.16937   0.03393   0.03144   0.02826   0.05089   0.03144   0.05081   0.10082   0.05316   0.17554   0.00000   0.23474   0.00000   0.18989   0.08618   0.07752   0.01722   0.07048   0.12609   0.03939   0.22064   0.24363  10.03411   1.62539   1.21497   1.67785   0.99136  
 33  0.0000   2097.736753  x:  0.00000   0.16937   0.03393   0.03144   0.02826   0.05089   0.03144   0.05081   0.10082   0.05316   0.17554   0.00000   0.23474   0.00000   0.18989   0.08618   0.07752   0.01722   0.07048   0.12609   0.03939   0.22064   0.24363  10.03411   1.62539   1.21497   1.67785   0.99136  

TREE # 2

  0  0.0000   2457.363265  x:  0.00000   0.16937   0.03393   0.03144   0.02826   0.05089   0.03144   0.05081   0.10082   0.05316   0.17554   0.00000   0.23474   0.00000   0.18989   0.08618   0.07752   0.01722   0.07048   0.12609   0.03939   0.22064   0.24363  10.03411   1.59374   1.10487   1.52781   0.99136  
  1 99.0000   2262.138661  x:  0.42664   0.17298   0.07066   0.07332   0.03822   0.04590   0.05780   0.06671   0.09869   0.06075   0.17211   0.04761   0.23983   0.26466   0.19570   0.08315   0.07425   0.04935   0.06741   0.12164   0.03578   0.21519   0.23741  10.03409   1.59350   1.10513   1.52814   0.99156  
  2 10309.9385   2173.789332  x:  0.41716   0.11966   0.19870   0.19039   0.07176   0.00000   0.15374   0.15668   0.08104   0.08721   0.13701   0.01008   0.18517   0.25449   0.18362   0.05752   0.04200   0.11250   0.03676   0.08398   0.00704   0.16836   0.18377  10.03422   1.59059   1.11091   1.52909   0.99202  
  3 639.5864   2129.119773  x:  0.41732   0.00000   0.22952   0.21931   0.04782   0.00000   0.15756   0.17856   0.06407   0.09193   0.07826   0.06891   0.06565   0.24766   0.16281   0.04344   0.01491   0.10844   0.02096   0.02850   0.10144   0.08132   0.07755  10.03447   1.58479   1.12274   1.53054   0.99256  
  4 366.6825   2117.189879  x:  0.42053   0.00000   0.23752   0.22744   0.03759   0.00000   0.15250   0.18479   0.06136   0.09115   0.05831   0.06805   0.00000   0.24642   0.15454   0.04898   0.03969   0.10450   0.02911   0.03564   0.11222   0.04083   0.02375  10.03458   1.58194   1.12821   1.53178   0.99294  
  5 509.6049   2116.772420  x:  0.42198   0.00000   0.23772   0.22814   0.03519   0.00000   0.14671   0.18552   0.06245   0.09008   0.05822   0.06202   0.00000   0.24614   0.15250   0.04919   0.03220   0.10167   0.02718   0.03787   0.11046   0.03662   0.01798  10.03463   1.58056   1.13074   1.53263   0.99306  
  6 59.2714   2116.518232  x:  0.42380   0.00000   0.23982   0.23104   0.03183   0.00000   0.13875   0.18812   0.06256   0.08895   0.05481   0.05540   0.00000   0.24507   0.14860   0.05023   0.03064   0.09825   0.02762   0.03644   0.11163   0.03200   0.02169  10.03472   1.57808   1.13531   1.53415   0.99327  
  7 48.1824   2116.280113  x:  0.42605   0.00000   0.24300   0.23565   0.02996   0.00000   0.12810   0.19232   0.06216   0.08797   0.05335   0.04851   0.00000   0.24314   0.14358   0.05063   0.03152   0.09484   0.02821   0.03384   0.11542   0.03720   0.02030  10.03488   1.57415   1.14254   1.53664   0.99358  
  8 54.8544   2116.159552  x:  0.42727   0.00000   0.24480   0.23891   0.03175   0.00000   0.12216   0.19543   0.06192   0.08810   0.05750   0.04718   0.00000   0.24122   0.14150   0.04946   0.03217   0.09479   0.02776   0.03741   0.12029   0.03698   0.02114  10.03504   1.57047   1.14937   1.53915   0.99385  
  9 32.1211   2116.032831  x:  0.42913   0.00000   0.24240   0.23965   0.02926   0.00000   0.12088   0.19685   0.06458   0.08893   0.06143   0.04554   0.00000   0.23797   0.14562   0.05081   0.03290   0.09961   0.02785   0.03481   0.12129   0.03600   0.02084  10.03546   1.56191   1.16555   1.54585   0.99445  
 10 14.9754   2115.845125  x:  0.43175   0.00000   0.23761   0.24011   0.03030   0.00000   0.12207   0.19784   0.06503   0.08916   0.05604   0.04509   0.00000   0.23320   0.15185   0.05104   0.03143   0.10319   0.02835   0.03787   0.12170   0.03745   0.02121  10.03622   1.54782   1.19274   1.55756   0.99548  
 11 46.0467   2115.733388  x:  0.43271   0.00000   0.23506   0.24002   0.03330   0.00000   0.12501   0.19680   0.06154   0.08821   0.05695   0.04579   0.00000   0.23165   0.15232   0.04917   0.03241   0.09814   0.02693   0.03577   0.11838   0.03652   0.02100  10.03680   1.53980   1.20973   1.56595   0.99613  
 12 30.5421   2115.676024  x:  0.43222   0.00000   0.23587   0.24049   0.03066   0.00000   0.12799   0.19591   0.06120   0.08844   0.05825   0.04804   0.00000   0.23188   0.14992   0.04885   0.03169   0.09503   0.02895   0.03665   0.11645   0.03714   0.02121  10.03719   1.53677   1.21799   1.57116   0.99645  
 13 22.2451   2115.610795  x:  0.42998   0.00000   0.23804   0.23962   0.03169   0.00000   0.12839   0.19320   0.06527   0.08924   0.05778   0.05120   0.00000   0.23452   0.14484   0.05107   0.03196   0.09457   0.02682   0.03673   0.11369   0.03739   0.02139  10.03784   1.53630   1.22556   1.57875   0.99674  
 14 12.7550   2115.511996  x:  0.42560   0.00000   0.24141   0.23614   0.03383   0.00000   0.12591   0.18881   0.06437   0.08876   0.05753   0.05286   0.00000   0.24040   0.14011   0.04916   0.03095   0.09895   0.03004   0.03546   0.11027   0.03688   0.02113  10.03904   1.53959   1.23412   1.59167   0.99707  
 15 16.6597   2115.389770  x:  0.42078   0.00000   0.24549   0.23199   0.03076   0.00000   0.12450   0.18612   0.06030   0.08804   0.05725   0.05261   0.00000   0.24715   0.13936   0.04775   0.03195   0.10195   0.02615   0.03656   0.10885   0.03741   0.02146  10.04061   1.54645   1.24216   1.60764   0.99737  
 16 28.8038   2114.951655  x:  0.40726   0.00000   0.25518   0.22070   0.03384   0.00000   0.12549   0.18829   0.05941   0.08843   0.05909   0.04612   0.00000   0.26623   0.14998   0.05521   0.02993   0.09545   0.02825   0.03670   0.11263   0.03774   0.02158  10.04684   1.58085   1.26487   1.66676   0.99810  
 17 34.5150   2114.590872  x:  0.40273   0.00000   0.25246   0.21704   0.03348   0.00000   0.12749   0.19157   0.06826   0.08841   0.05833   0.04127   0.00000   0.27145   0.15278   0.04417   0.03150   0.09172   0.02820   0.03651   0.11281   0.03786   0.02185  10.05202   1.61270   1.27977   1.71130   0.99845  
 18 53.7973   2112.903708  x:  0.40416   0.00000   0.20943   0.22815   0.03385   0.00000   0.13336   0.20399   0.06386   0.08015   0.06053   0.03808   0.00000   0.25323   0.13751   0.05011   0.02683   0.09842   0.02639   0.03627   0.09786   0.03931   0.02293  10.07719   1.77592   1.34128   1.90737   0.99918  
 19 71.8982   2112.174600  x:  0.41243   0.00000   0.21244   0.23553   0.03354   0.00000   0.12139   0.19086   0.06163   0.09514   0.05978   0.04707   0.00000   0.22973   0.14932   0.04884   0.02548   0.09426   0.02656   0.03554   0.08090   0.03954   0.02328  10.08845   1.84701   1.36850   1.97684   0.99891  
 20 62.9713   2111.812091  x:  0.41875   0.00000   0.22263   0.23349   0.03463   0.00000   0.12360   0.17704   0.06491   0.08028   0.06100   0.04533   0.00000   0.21547   0.15277   0.04924   0.02493   0.09413   0.02656   0.03579   0.07988   0.04022   0.02370  10.09416   1.87777   1.38435   1.99150   0.99826  
 21 26.3797   2111.240224  x:  0.42262   0.00000   0.22597   0.21579   0.03714   0.00000   0.13269   0.16742   0.06297   0.09182   0.06245   0.03181   0.00000   0.20608   0.14383   0.04990   0.02357   0.09561   0.02606   0.03607   0.08299   0.04106   0.02430  10.10384   1.91713   1.41413   1.97877   0.99633  
 22 16.9815   2109.819768  x:  0.40839   0.00000   0.22312   0.19312   0.03704   0.00000   0.12547   0.18910   0.06434   0.08611   0.06402   0.04036   0.00000   0.21225   0.14613   0.04958   0.02082   0.09480   0.02581   0.03578   0.05715   0.04269   0.02573  10.12859   1.99978   1.48637   1.91528   0.99172  
 23 33.7643   2109.004838  x:  0.38865   0.00000   0.20674   0.21930   0.03656   0.00000   0.12370   0.17026   0.06586   0.08581   0.06568   0.03420   0.00000   0.23351   0.15418   0.04956   0.01950   0.09308   0.02590   0.03623   0.05256   0.04378   0.02663  10.14339   2.03045   1.51634   1.87587   0.99137  
 24 30.9249   2105.433868  x:  0.37020   0.00000   0.19444   0.20394   0.03756   0.00000   0.11954   0.16300   0.06800   0.08361   0.06998   0.02368   0.00000   0.22377   0.15760   0.04943   0.01397   0.09211   0.02478   0.03623   0.02243   0.04706   0.02937  10.20041   1.82494   1.35773   1.82550   1.03655  
 25  7.3952   2104.841637  x:  0.36389   0.00000   0.19272   0.20277   0.03770   0.00000   0.11860   0.16257   0.06844   0.08307   0.07067   0.02146   0.00000   0.22142   0.15862   0.04960   0.01507   0.09207   0.02495   0.03677   0.02166   0.04752   0.02973  10.21106   1.78187   1.32863   1.81694   0.91651  
 26  3.1220   2101.225044  x:  0.30984   0.00000   0.18434   0.19522   0.03937   0.00000   0.11403   0.16419   0.07160   0.08121   0.07642   0.00933   0.00000   0.20881   0.16760   0.05150   0.02722   0.09379   0.02755   0.04140   0.03320   0.05150   0.03257  10.26231   1.60778   1.19566   1.70450   0.99559  
 27  1.7277   2099.736819  x:  0.27255   0.00000   0.18473   0.19826   0.04001   0.00000   0.11414   0.16565   0.07289   0.08313   0.07900   0.02451   0.00000   0.19664   0.17107   0.05320   0.03610   0.09576   0.03033   0.04552   0.02968   0.05325   0.03384  10.25955   1.56586   1.16290   1.66219   1.01898  
 28  0.3046   2098.406781  x:  0.24797   0.00000   0.20502   0.21639   0.04005   0.00000   0.11611   0.17882   0.07213   0.08405   0.07944   0.02051   0.00000   0.17937   0.17170   0.05538   0.04048   0.09520   0.03375   0.05133   0.02590   0.05304   0.03332  10.15434   1.70820   1.27012   1.70156   1.00196  
 29  0.2222   2097.890417  x:  0.24295   0.00000   0.21901   0.22850   0.03966   0.00000   0.12235   0.18791   0.07147   0.08531   0.07950   0.01879   0.00000   0.17274   0.17027   0.05487   0.03533   0.09766   0.03331   0.05364   0.03314   0.05259   0.03254  10.06463   1.63205   1.21944   1.67572   0.97410  
 30  0.1790   2097.757573  x:  0.24606   0.00000   0.22164   0.23331   0.03938   0.00000   0.12626   0.18956   0.07045   0.08632   0.07831   0.01701   0.00000   0.17606   0.16851   0.05353   0.03544   0.09997   0.03218   0.05287   0.02806   0.05163   0.03191  10.03119   1.61420   1.20781   1.67407   0.98709  
 31  0.0544   2097.739901  x:  0.24299   0.00000   0.21965   0.23509   0.03936   0.00000   0.12611   0.18995   0.07044   0.08617   0.07770   0.01693   0.00000   0.17644   0.16960   0.05293   0.03442   0.10124   0.03136   0.05168   0.02846   0.05107   0.03154  10.02709   1.62643   1.21584   1.67900   0.99207  
 32  0.0140   2097.737231  x:  0.24425   0.00000   0.22025   0.23497   0.03939   0.00000   0.12596   0.18996   0.07045   0.08612   0.07747   0.01715   0.00000   0.17513   0.16950   0.05302   0.03404   0.10097   0.03133   0.05103   0.02831   0.05086   0.03141  10.02968   1.62612   1.21536   1.67816   0.99216  
 33  0.0034   2097.736779  x:  0.24364   0.00000   0.22067   0.23467   0.03941   0.00000   0.12602   0.18984   0.07047   0.08616   0.07747   0.01722   0.00000   0.17560   0.16936   0.05314   0.03392   0.10081   0.03140   0.05085   0.02826   0.05085   0.03141  10.03147   1.62518   1.21476   1.67751   0.99151  
 34  0.0034   2097.736756  x:  0.24361   0.00000   0.22061   0.23471   0.03940   0.00000   0.12611   0.18986   0.07048   0.08618   0.07751   0.01722   0.00000   0.17552   0.16937   0.05317   0.03393   0.10081   0.03145   0.05082   0.02825   0.05088   0.03143  10.03273   1.62542   1.21497   1.67791   0.99131  
 35  0.0012   2097.736753  x:  0.24364   0.00000   0.22064   0.23474   0.03939   0.00000   0.12609   0.18989   0.07048   0.08618   0.07752   0.01722   0.00000   0.17555   0.16937   0.05317   0.03393   0.10082   0.03144   0.05081   0.02826   0.05089   0.03144  10.03359   1.62540   1.21498   1.67784   0.99134  
 36  0.0007   2097.736753  x:  0.24362   0.00000   0.22064   0.23475   0.03939   0.00000   0.12609   0.18989   0.07048   0.08618   0.07752   0.01722   0.00000   0.17554   0.16937   0.05317   0.03393   0.10082   0.03144   0.05081   0.02825   0.05089   0.03144  10.03389   1.62538   1.21496   1.67784   0.99136  
 37  0.0003   2097.736753  x:  0.24363   0.00000   0.22064   0.23474   0.03939   0.00000   0.12609   0.18989   0.07048   0.08618   0.07752   0.01722   0.00000   0.17554   0.16937   0.05316   0.03393   0.10082   0.03144   0.05081   0.02826   0.05089   0.03144  10.03403   1.62540   1.21497   1.67785   0.99136  
 38  0.0001   2097.736753  x:  0.24363   0.00000   0.22064   0.23474   0.03939   0.00000   0.12609   0.18989   0.07048   0.08618   0.07752   0.01722   0.00000   0.17554   0.16937   0.05316   0.03393   0.10082   0.03144   0.05081   0.02826   0.05089   0.03144  10.03410   1.62539   1.21497   1.67785   0.99136  
 39  0.0000   2097.736753  x:  0.24363   0.00000   0.22064   0.23474   0.03939   0.00000   0.12609   0.18989   0.07048   0.08618   0.07752   0.01722   0.00000   0.17554   0.16937   0.05316   0.03393   0.10082   0.03144   0.05081   0.02826   0.05089   0.03144  10.03411   1.62539   1.21497   1.67785   0.99136  