

TREE # 1

  0  0.0000   1859.159465  x:  0.06938   0.00643   0.10239   0.03121   0.03981   0.04893   0.04553   0.04257   0.07317   0.05891   0.04324   0.12502   0.00000   0.08024   0.02937   0.06615   0.03821   0.04228   0.04316   0.03767   0.08814   0.05516   0.11313   0.08800   2.00000   1.78356   1.15497   1.64713   0.40000  
  1 99.0000   1842.932729  x:  0.08212   0.00732   0.12378   0.02872   0.00196   0.01551   0.05092   0.02445   0.06379   0.07299   0.02037   0.13625   0.06844   0.11177   0.07409   0.04590   0.00000   0.05156   0.01738   0.02971   0.09222   0.04894   0.13292   0.10074   2.00865   1.78294   1.15378   1.64791   0.42717  
  2 431.3857   1842.386434  x:  0.08263   0.00724   0.12465   0.02867   0.00117   0.01422   0.05112   0.02380   0.06341   0.07354   0.01954   0.13671   0.07067   0.11299   0.07568   0.04507   0.00148   0.05192   0.01653   0.02948   0.09239   0.04866   0.13371   0.10125   2.00904   1.78292   1.15373   1.64794   0.42835  
  3 913.4943   1841.451050  x:  0.08410   0.00644   0.12729   0.02876   0.00664   0.01090   0.05163   0.02234   0.06230   0.07503   0.01758   0.13812   0.07460   0.11637   0.07935   0.04240   0.00260   0.05277   0.01474   0.02903   0.09292   0.04772   0.13601   0.10272   2.01040   1.78281   1.15357   1.64806   0.43231  
  4 585.8082   1838.372221  x:  0.08834   0.00000   0.13593   0.03020   0.00605   0.00890   0.05243   0.02267   0.05900   0.07825   0.01742   0.14286   0.06671   0.12492   0.08251   0.03304   0.00240   0.05365   0.01783   0.03001   0.09477   0.04388   0.14285   0.10696   2.01651   1.78225   1.15296   1.64858   0.44871  
  5 192.4608   1834.405100  x:  0.09832   0.01231   0.15651   0.03261   0.00532   0.01203   0.05400   0.02334   0.05200   0.08523   0.01740   0.15444   0.04648   0.14496   0.08954   0.01481   0.00223   0.05540   0.01942   0.03140   0.09903   0.03582   0.15879   0.11694   2.03245   1.78080   1.15141   1.64991   0.49008  
  6 671.5770   1830.563132  x:  0.10788   0.01543   0.17867   0.03146   0.00408   0.01059   0.05465   0.02187   0.04844   0.09111   0.01688   0.16693   0.02068   0.16761   0.09915   0.03591   0.00180   0.05646   0.00971   0.02932   0.10365   0.03283   0.17639   0.12650   2.05609   1.77868   1.14942   1.65165   0.54569  
  7 316.6234   1829.665868  x:  0.10823   0.01756   0.18218   0.02893   0.00444   0.01140   0.05399   0.02059   0.05203   0.09056   0.01602   0.16879   0.01918   0.17289   0.10384   0.04190   0.00172   0.05591   0.02018   0.02743   0.10339   0.03759   0.17960   0.12685   2.06702   1.77772   1.14882   1.65223   0.56609  
  8 180.8619   1826.845851  x:  0.09755   0.01448   0.17723   0.02275   0.00494   0.01670   0.04867   0.02615   0.07390   0.07789   0.02380   0.16491   0.02010   0.17663   0.11214   0.03619   0.00217   0.05063   0.01358   0.02816   0.09546   0.06013   0.17784   0.11617   2.11717   1.77330   1.14724   1.65415   0.64179  
  9 146.4713   1824.744746  x:  0.08855   0.01710   0.16658   0.02997   0.00401   0.00663   0.04833   0.02101   0.07739   0.07040   0.01655   0.15840   0.01803   0.17035   0.10934   0.03407   0.00189   0.04933   0.01313   0.02950   0.09068   0.06157   0.17040   0.10717   2.15710   1.76987   1.14640   1.65535   0.69205  
 10 214.1094   1823.221698  x:  0.08192   0.01484   0.15528   0.03552   0.00424   0.01443   0.05030   0.01643   0.07347   0.06773   0.00951   0.15195   0.02293   0.16263   0.10683   0.03448   0.00206   0.05071   0.01261   0.02907   0.08807   0.05551   0.16262   0.10054   2.19676   1.76658   1.14562   1.65646   0.73733  
 11 399.9243   1821.019993  x:  0.07460   0.01495   0.13659   0.03954   0.00488   0.01551   0.05432   0.01931   0.06133   0.06867   0.02115   0.14213   0.03572   0.14767   0.10190   0.03766   0.00236   0.05442   0.01545   0.02700   0.08652   0.04059   0.14958   0.09322   2.26201   1.76134   1.14439   1.65822   0.80539  
 12 517.9957   1819.845108  x:  0.07748   0.01518   0.12791   0.02729   0.00496   0.01330   0.05355   0.02808   0.05533   0.07415   0.01543   0.13875   0.04063   0.13543   0.09454   0.03763   0.00234   0.05436   0.01581   0.02863   0.08941   0.03803   0.14247   0.09610   2.30125   1.75851   1.14374   1.65912   0.83423  
 13 186.3126   1818.901993  x:  0.08530   0.01446   0.12462   0.02236   0.00489   0.01305   0.05124   0.01835   0.05390   0.08037   0.01831   0.13872   0.04432   0.12295   0.08502   0.03612   0.00235   0.05292   0.01483   0.02873   0.09434   0.04311   0.13804   0.10392   2.34170   1.75601   1.14314   1.65988   0.85024  
 14 131.7194   1817.951527  x:  0.09503   0.01399   0.12648   0.03472   0.00489   0.01371   0.04958   0.02321   0.05745   0.08495   0.01744   0.14144   0.05135   0.11119   0.07520   0.03706   0.00248   0.05160   0.01477   0.02697   0.09964   0.05019   0.13622   0.11365   2.39964   1.75286   1.14231   1.66074   0.86018  
 15 144.6785   1813.034913  x:  0.09689   0.01351   0.15505   0.02921   0.00532   0.01381   0.06309   0.02220   0.07643   0.06235   0.01804   0.16007   0.06405   0.10047   0.05164   0.04073   0.00227   0.05672   0.01648   0.04325   0.09640   0.03321   0.14945   0.11551   2.74951   1.73607   1.13837   1.66437   0.84877  
 16 124.5913   1803.107584  x:  0.08292   0.01241   0.17156   0.02432   0.00489   0.01270   0.05937   0.02342   0.05825   0.06432   0.01641   0.17227   0.04952   0.10640   0.06125   0.03596   0.00239   0.05541   0.01466   0.01207   0.08890   0.04305   0.16059   0.10154   3.35003   1.70809   1.13203   1.66977   0.80939  
 17 588.8341   1796.581248  x:  0.07159   0.01316   0.17494   0.02968   0.00479   0.01421   0.04786   0.02373   0.03521   0.08117   0.01773   0.17602   0.03511   0.12144   0.08774   0.03768   0.00196   0.05184   0.01583   0.03582   0.08555   0.05997   0.16690   0.09021   3.91327   1.68249   1.12572   1.67464   0.77008  
 18 2175.9153   1792.507359  x:  0.08188   0.01384   0.14810   0.03163   0.00430   0.01443   0.04670   0.02175   0.06728   0.10184   0.01797   0.15828   0.01550   0.14755   0.11705   0.03662   0.00170   0.05364   0.01576   0.03731   0.09588   0.04147   0.16048   0.10050   4.24722   1.66986   1.12068   1.67667   0.74392  
 19 521.7645   1791.868815  x:  0.09226   0.01381   0.13836   0.03165   0.00437   0.01466   0.05500   0.02233   0.06185   0.08706   0.01847   0.14834   0.01298   0.15995   0.11949   0.03650   0.00169   0.05226   0.01575   0.03745   0.09788   0.04515   0.15793   0.11088   4.29537   1.67150   1.11818   1.67589   0.74004  
 20 82.9241   1791.785756  x:  0.09371   0.01377   0.13801   0.03169   0.00442   0.01478   0.04881   0.02232   0.06086   0.08387   0.01857   0.14595   0.01371   0.16360   0.11767   0.03669   0.00170   0.05282   0.01590   0.03720   0.09805   0.04395   0.15704   0.11233   4.30161   1.67424   1.11661   1.67501   0.73975  
 21 22.0441   1791.670816  x:  0.09224   0.01382   0.14087   0.03158   0.00439   0.01469   0.04987   0.02231   0.06092   0.08804   0.01860   0.14106   0.01556   0.17277   0.10918   0.03690   0.00171   0.05240   0.01580   0.03707   0.09777   0.04548   0.15254   0.11086   4.31122   1.69035   1.10841   1.67014   0.74025  
 22 10.0931   1791.368299  x:  0.09250   0.01364   0.13669   0.03163   0.00435   0.01468   0.04974   0.02228   0.06088   0.08626   0.01855   0.15039   0.01279   0.16925   0.11331   0.03649   0.00168   0.05390   0.01579   0.03711   0.09731   0.04503   0.15059   0.11112   4.33767   1.75342   1.07976   1.65167   0.74289  
 23 13.1533   1791.303785  x:  0.09241   0.01369   0.13838   0.03162   0.00436   0.01474   0.04964   0.02223   0.06081   0.08610   0.01857   0.14542   0.01231   0.16592   0.11503   0.03648   0.00171   0.04959   0.01583   0.03706   0.09787   0.04385   0.15490   0.11103   4.34327   1.76535   1.07728   1.64873   0.74367  
 24 14.6754   1791.255799  x:  0.09237   0.01377   0.13981   0.03151   0.00434   0.01469   0.04983   0.02227   0.06089   0.08623   0.01855   0.14071   0.01131   0.16338   0.11586   0.03635   0.00167   0.05359   0.01580   0.03715   0.09811   0.04471   0.15820   0.11099   4.34757   1.77284   1.07849   1.64754   0.74437  
 25 13.7135   1789.961345  x:  0.09477   0.01355   0.13528   0.03167   0.00420   0.01489   0.04878   0.02251   0.05974   0.09074   0.01881   0.14604   0.00000   0.16781   0.10641   0.03619   0.00166   0.05189   0.01595   0.03673   0.08457   0.04464   0.16185   0.11339   4.47725   1.91917   1.24560   1.66501   0.77118  
 26  7.3564   1789.773732  x:  0.09137   0.01355   0.13270   0.03167   0.00420   0.01485   0.04870   0.02260   0.05933   0.08916   0.01876   0.14847   0.00000   0.16992   0.10344   0.03576   0.00166   0.05179   0.01589   0.03661   0.09762   0.04554   0.16471   0.10999   4.49960   1.94182   1.26983   1.67273   0.77571  
 27 49.4258   1787.700475  x:  0.08852   0.01211   0.11894   0.03188   0.00391   0.01464   0.04587   0.02285   0.05580   0.09400   0.01846   0.15126   0.00000   0.17419   0.07899   0.03398   0.00170   0.04968   0.01568   0.03499   0.08983   0.04672   0.18258   0.10713   4.77738   2.10796   1.33585   1.98598   0.82616  
 28 12.2170   1786.821859  x:  0.08888   0.01105   0.14061   0.03103   0.00382   0.01491   0.04550   0.02310   0.05389   0.08906   0.01868   0.14658   0.00000   0.16870   0.08472   0.03256   0.00171   0.04813   0.01572   0.03445   0.09484   0.04466   0.15377   0.10750   4.91708   2.20030   1.39536   2.11118   0.85224  
 29 136.7495   1781.209138  x:  0.08614   0.00628   0.15085   0.02904   0.00355   0.01536   0.04201   0.02471   0.04632   0.09030   0.01985   0.15281   0.00000   0.16995   0.04191   0.02816   0.00198   0.04453   0.01583   0.03134   0.09217   0.04648   0.14980   0.10475   5.59945   1.82682   1.17993   1.77814   0.98553  
 30  4.3682   1777.548829  x:  0.08924   0.00071   0.15087   0.02948   0.00470   0.01485   0.04897   0.02647   0.05162   0.07876   0.02078   0.16067   0.00000   0.13023   0.07227   0.02729   0.00266   0.04818   0.01774   0.03155   0.09400   0.04476   0.15733   0.10785   6.35870   1.63655   1.04831   1.63361   1.07555  
 31  1.0681   1775.816867  x:  0.09392   0.00000   0.16224   0.03136   0.00593   0.01288   0.05484   0.02644   0.05846   0.07162   0.02104   0.16552   0.00000   0.13086   0.06717   0.03166   0.00333   0.05374   0.02104   0.03160   0.09962   0.04462   0.16862   0.11252   7.23271   1.87976   1.17991   1.81423   1.13127  
 32  0.7528   1774.947788  x:  0.09503   0.00034   0.16224   0.03220   0.00644   0.01151   0.05179   0.02521   0.06043   0.08164   0.02108   0.16430   0.00000   0.14930   0.06072   0.03315   0.00395   0.05201   0.02186   0.03047   0.09963   0.04170   0.16618   0.11363   8.08702   1.76492   1.11069   1.70706   1.16857  
 33  0.5837   1774.711483  x:  0.09415   0.00000   0.16086   0.03151   0.00651   0.01164   0.05062   0.02522   0.05967   0.07951   0.02085   0.16350   0.00000   0.14576   0.06157   0.03186   0.00418   0.05077   0.02101   0.03073   0.09882   0.04398   0.16527   0.11274   8.33843   1.76748   1.11369   1.72229   1.17198  
 34  0.3536   1774.711483  x:  0.09415   0.00000   0.16086   0.03151   0.00651   0.01164   0.05062   0.02522   0.05967   0.07951   0.02085   0.16350   0.00000   0.14576   0.06157   0.03186   0.00418   0.05077   0.02101   0.03073   0.09882   0.04398   0.16527   0.11274   8.33843   1.76748   1.11369   1.72229   1.17198  
 35  0.5676   1774.636492  x:  0.09409   0.00034   0.16074   0.03139   0.00565   0.01217   0.05065   0.02523   0.05945   0.07937   0.02075   0.16347   0.00000   0.14551   0.06167   0.03186   0.00637   0.05081   0.02050   0.03089   0.09877   0.04405   0.16523   0.11268   8.33845   1.76748   1.11371   1.72230   1.17187  
 36 65.1324   1774.615754  x:  0.09394   0.00119   0.16045   0.03119   0.00496   0.01284   0.05070   0.02526   0.05898   0.07906   0.02057   0.16340   0.00000   0.14495   0.06187   0.03182   0.00609   0.05085   0.01950   0.03113   0.09864   0.04417   0.16512   0.11254   8.33849   1.76748   1.11375   1.72231   1.17163  
 37 23.8682   1774.601523  x:  0.09367   0.00100   0.15981   0.03098   0.00562   0.01322   0.05078   0.02527   0.05817   0.07854   0.02037   0.16319   0.00000   0.14385   0.06223   0.03176   0.00615   0.05092   0.01839   0.03148   0.09840   0.04436   0.16492   0.11227   8.33857   1.76749   1.11384   1.72235   1.17114  
 38 18.7017   1774.587779  x:  0.09323   0.00050   0.15872   0.03077   0.00515   0.01267   0.05089   0.02527   0.05710   0.07775   0.02031   0.16283   0.00000   0.14199   0.06274   0.03170   0.00605   0.05099   0.01832   0.03175   0.09803   0.04460   0.16459   0.11183   8.33873   1.76750   1.11400   1.72242   1.17023  
 39 17.8946   1774.576988  x:  0.09281   0.00120   0.15762   0.03075   0.00543   0.01238   0.05095   0.02526   0.05632   0.07708   0.02040   0.16250   0.00000   0.14007   0.06316   0.03169   0.00616   0.05103   0.01900   0.03179   0.09768   0.04476   0.16427   0.11140   8.33891   1.76752   1.11418   1.72250   1.16916  
 40 25.0223   1774.572055  x:  0.09263   0.00104   0.15693   0.03095   0.00539   0.01304   0.05092   0.02527   0.05651   0.07697   0.02052   0.16230   0.00000   0.13897   0.06318   0.03175   0.00611   0.05101   0.01941   0.03149   0.09755   0.04468   0.16411   0.11122   8.33906   1.76754   1.11432   1.72258   1.16824  
 41 10.8812   1774.565419  x:  0.09248   0.00118   0.15586   0.03132   0.00537   0.01273   0.05078   0.02525   0.05769   0.07731   0.02050   0.16205   0.00000   0.13739   0.06286   0.03188   0.00615   0.05091   0.01896   0.03098   0.09750   0.04440   0.16393   0.11107   8.33942   1.76761   1.11461   1.72278   1.16610  
 42  9.0978   1774.559511  x:  0.09261   0.00121   0.15517   0.03083   0.00538   0.01278   0.05077   0.02529   0.05829   0.07803   0.02007   0.16198   0.00000   0.13673   0.06244   0.03178   0.00614   0.05090   0.01918   0.03199   0.09770   0.04447   0.16399   0.11121   8.34003   1.76775   1.11503   1.72314   1.16259  
 43  6.2906   1774.537574  x:  0.09340   0.00130   0.15394   0.03060   0.00537   0.01277   0.05101   0.02522   0.05745   0.07966   0.02188   0.16213   0.00000   0.13667   0.06184   0.03165   0.00614   0.05108   0.01896   0.03213   0.09852   0.04527   0.16461   0.11199   8.34285   1.76843   1.11692   1.72485   1.14631  
 44 12.7960   1774.502053  x:  0.09422   0.00135   0.15309   0.03094   0.00537   0.01279   0.05113   0.02526   0.05612   0.08021   0.01998   0.16238   0.00000   0.13756   0.06189   0.03190   0.00615   0.05116   0.01911   0.03065   0.09920   0.04548   0.16542   0.11281   8.34750   1.76957   1.11994   1.72766   1.11976  
 45 52.7111   1774.471294  x:  0.09375   0.00134   0.15410   0.03178   0.00536   0.01278   0.05074   0.02533   0.05717   0.07771   0.02040   0.16249   0.00000   0.13885   0.06300   0.03198   0.00613   0.05089   0.01908   0.03183   0.09845   0.04403   0.16555   0.11234   8.35182   1.77069   1.12248   1.73026   1.09589  
 46 40.5738   1774.466244  x:  0.09324   0.00133   0.15495   0.03072   0.00541   0.01278   0.05083   0.02522   0.05765   0.07739   0.02055   0.16239   0.00000   0.13890   0.06296   0.03173   0.00613   0.05096   0.01909   0.03138   0.09798   0.04439   0.16517   0.11184   8.35267   1.77095   1.12277   1.73077   1.09193  
 47 12.2674   1774.464283  x:  0.09281   0.00131   0.15590   0.03108   0.00539   0.01278   0.05095   0.02538   0.05757   0.07775   0.02048   0.16218   0.00000   0.13868   0.06261   0.03189   0.00612   0.05104   0.01909   0.03149   0.09767   0.04482   0.16457   0.11140   8.35321   1.77117   1.12265   1.73109   1.09038  
 48  4.0373   1774.463887  x:  0.09280   0.00130   0.15619   0.03106   0.00539   0.01278   0.05088   0.02514   0.05744   0.07790   0.02048   0.16209   0.00000   0.13855   0.06257   0.03188   0.00612   0.05099   0.01909   0.03149   0.09770   0.04459   0.16434   0.11140   8.35348   1.77131   1.12246   1.73125   1.09009  
 49  1.7324   1774.463590  x:  0.09289   0.00130   0.15639   0.03099   0.00540   0.01278   0.05082   0.02535   0.05738   0.07796   0.02050   0.16202   0.00000   0.13842   0.06263   0.03184   0.00612   0.05095   0.01909   0.03146   0.09780   0.04441   0.16413   0.11148   8.35386   1.77150   1.12214   1.73146   1.08990  
 50  1.6539   1774.462879  x:  0.09321   0.00129   0.15659   0.03104   0.00539   0.01278   0.05090   0.02526   0.05753   0.07781   0.02049   0.16186   0.00000   0.13823   0.06290   0.03183   0.00612   0.05100   0.01909   0.03148   0.09808   0.04466   0.16377   0.11180   8.35523   1.77221   1.12097   1.73222   1.08954  
 51  1.7695   1774.460937  x:  0.09312   0.00130   0.15609   0.03099   0.00540   0.01278   0.05090   0.02527   0.05742   0.07754   0.02049   0.16176   0.00000   0.13848   0.06227   0.03194   0.00612   0.05100   0.01908   0.03147   0.09777   0.04457   0.16383   0.11172   8.35997   1.77451   1.11728   1.73466   1.08878  
 52  2.6205   1774.460376  x:  0.09289   0.00130   0.15596   0.03105   0.00539   0.01277   0.05081   0.02527   0.05744   0.07785   0.02047   0.16183   0.00000   0.13855   0.06266   0.03173   0.00612   0.05093   0.01908   0.03146   0.09768   0.04458   0.16404   0.11148   8.36160   1.77517   1.11642   1.73537   1.08863  
 53  3.0301   1774.460136  x:  0.09280   0.00130   0.15600   0.03098   0.00539   0.01277   0.05087   0.02527   0.05745   0.07793   0.02049   0.16191   0.00000   0.13851   0.06280   0.03200   0.00611   0.05098   0.01908   0.03146   0.09775   0.04454   0.16419   0.11140   8.36257   1.77541   1.11632   1.73566   1.08864  
 54  1.5650   1774.458254  x:  0.09259   0.00125   0.15657   0.03108   0.00539   0.01277   0.05120   0.02526   0.05745   0.07772   0.02044   0.16253   0.00000   0.13790   0.06259   0.03170   0.00611   0.05123   0.01908   0.03145   0.09838   0.04441   0.16517   0.11119   8.37141   1.77708   1.11707   1.73769   1.08910  
 55  2.6735   1774.453695  x:  0.09274   0.00120   0.15718   0.03105   0.00540   0.01277   0.05016   0.02527   0.05738   0.07748   0.02042   0.16319   0.00000   0.13727   0.06237   0.03196   0.00609   0.05044   0.01908   0.03145   0.09834   0.04492   0.16601   0.11134   8.39335   1.78094   1.11964   1.74242   1.09037  
 56 13.2452   1774.430330  x:  0.09392   0.00118   0.15737   0.03110   0.00539   0.01275   0.05105   0.02525   0.05746   0.07796   0.02038   0.16362   0.00000   0.13715   0.06284   0.03190   0.00603   0.05109   0.01909   0.03143   0.09544   0.04448   0.16564   0.11251   8.50757   1.80047   1.13408   1.76625   1.09722  
 57 40.2773   1774.414674  x:  0.09273   0.00129   0.15615   0.03109   0.00540   0.01274   0.05079   0.02525   0.05748   0.07765   0.02038   0.16203   0.00000   0.13872   0.06268   0.03181   0.00601   0.05098   0.01909   0.03141   0.09777   0.04449   0.16368   0.11132   8.58462   1.81329   1.14375   1.78151   1.10179  
 58 63.7758   1774.411587  x:  0.09282   0.00134   0.15646   0.03108   0.00539   0.01274   0.05125   0.02525   0.05749   0.07765   0.02039   0.16019   0.00000   0.13871   0.06269   0.03181   0.00601   0.05036   0.01909   0.03141   0.09771   0.04449   0.16467   0.11142   8.60121   1.81423   1.14367   1.78001   1.10218  
 59  2.9878   1774.406710  x:  0.09292   0.00137   0.15673   0.03107   0.00539   0.01274   0.05038   0.02525   0.05749   0.07766   0.02039   0.15890   0.00000   0.13870   0.06271   0.03182   0.00600   0.05155   0.01910   0.03141   0.09763   0.04451   0.16542   0.11151   8.62784   1.81531   1.14309   1.77678   1.10269  
 60 22.1454   1774.369862  x:  0.09288   0.00121   0.15663   0.03109   0.00540   0.01272   0.05084   0.02526   0.05756   0.07764   0.02040   0.16208   0.00000   0.13894   0.06276   0.03182   0.00589   0.05096   0.01913   0.03139   0.09777   0.04451   0.16403   0.11147   8.83014   1.82092   1.13686   1.74956   1.10610  
 61 39.2590   1774.320573  x:  0.09298   0.00104   0.15713   0.03112   0.00544   0.01268   0.05085   0.02528   0.05766   0.07758   0.02038   0.16234   0.00000   0.13928   0.06282   0.03185   0.00576   0.05098   0.01916   0.03137   0.09780   0.04450   0.16428   0.11157   9.10431   1.77658   1.11931   1.73914   1.11083  
 62  7.8552   1774.318995  x:  0.09306   0.00110   0.15670   0.03109   0.00542   0.01272   0.05087   0.02527   0.05755   0.07778   0.02044   0.16232   0.00000   0.13890   0.06275   0.03184   0.00588   0.05099   0.01914   0.03142   0.09789   0.04459   0.16439   0.11164   9.15248   1.78096   1.12204   1.74323   1.10745  
 63  0.0451   1774.318976  x:  0.09305   0.00110   0.15675   0.03109   0.00542   0.01272   0.05086   0.02527   0.05756   0.07775   0.02044   0.16231   0.00000   0.13891   0.06276   0.03184   0.00590   0.05099   0.01913   0.03142   0.09787   0.04458   0.16439   0.11163   9.15721   1.78085   1.12186   1.74299   1.10799  
 64  0.0044   1774.318976  x:  0.09305   0.00110   0.15675   0.03109   0.00541   0.01272   0.05086   0.02527   0.05756   0.07775   0.02044   0.16232   0.00000   0.13891   0.06276   0.03184   0.00590   0.05099   0.01913   0.03142   0.09787   0.04458   0.16439   0.11163   9.15699   1.78083   1.12186   1.74299   1.10796  
 65  0.0002   1774.318976  x:  0.09305   0.00110   0.15675   0.03109   0.00541   0.01272   0.05086   0.02527   0.05756   0.07775   0.02044   0.16232   0.00000   0.13891   0.06276   0.03184   0.00590   0.05099   0.01913   0.03142   0.09787   0.04458   0.16439   0.11163   9.15698   1.78083   1.12186   1.74299   1.10796  
 66  0.0000   1774.318976  x:  0.09305   0.00110   0.15675   0.03109   0.00541   0.01272   0.05086   0.02527   0.05756   0.07775   0.02044   0.16232   0.00000   0.13891   0.06276   0.03184   0.00590   0.05099   0.01913   0.03142   0.09787   0.04458   0.16439   0.11163   9.15698   1.78083   1.12186   1.74299   1.10796  
 67  0.0000   1774.318976  x:  0.09305   0.00110   0.15675   0.03109   0.00541   0.01272   0.05086   0.02527   0.05756   0.07775   0.02044   0.16232   0.00000   0.13891   0.06276   0.03184   0.00590   0.05099   0.01913   0.03142   0.09787   0.04458   0.16439   0.11163   9.15698   1.78083   1.12186   1.74299   1.10796  
check convergence!
