

TREE # 1

  0  0.0000   2130.335849  x:  0.01972   0.20925   0.02571   0.03211   0.02495   0.05815   0.02188   0.05666   0.08536   0.02661   0.17168   0.01972   0.20925   0.02571   0.03211   0.02495   0.05815   0.02188   0.05666   0.08536   0.02661   0.17168   0.21568   8.40433   1.36929   1.05679   1.45645   1.00000  
  1 99.0000   2100.878963  x:  0.00000   0.20902   0.04583   0.03883   0.01854   0.06029   0.03308   0.04492   0.10164   0.06379   0.17442   0.00303   0.21035   0.04603   0.04380   0.03385   0.05189   0.12594   0.06180   0.09933   0.05170   0.17281   0.21440   8.40456   1.36891   1.05530   1.45888   0.99843  
  2 740.3050   2100.254169  x:  0.00000   0.20883   0.04566   0.03957   0.01850   0.06058   0.03269   0.04286   0.10389   0.06427   0.17505   0.00000   0.21052   0.04620   0.04387   0.03339   0.05029   0.12523   0.06255   0.10135   0.05213   0.17331   0.21422   8.40462   1.36882   1.05495   1.45947   0.99800  
  3 126.9651   2099.765600  x:  0.00000   0.20622   0.04547   0.03184   0.02003   0.06017   0.03818   0.04425   0.11051   0.06592   0.18183   0.00000   0.21672   0.04247   0.04429   0.03955   0.04805   0.12244   0.06194   0.10730   0.05667   0.18558   0.21313   8.40555   1.36820   1.04961   1.46795   0.99069  
  4 44.2290   2099.373577  x:  0.00000   0.20311   0.04657   0.03785   0.01537   0.05953   0.03512   0.04797   0.11267   0.06465   0.18971   0.00000   0.22525   0.04181   0.04396   0.03883   0.04950   0.12226   0.06042   0.10854   0.05770   0.20107   0.21183   8.40722   1.36724   1.04079   1.48229   0.97780  
  5 46.1649   2099.175147  x:  0.00000   0.20137   0.04671   0.03961   0.02112   0.05972   0.03300   0.04778   0.11199   0.06421   0.19332   0.00000   0.22970   0.04316   0.04381   0.03609   0.05013   0.12315   0.06064   0.10788   0.05654   0.20853   0.21113   8.40849   1.36656   1.03460   1.49271   0.96817  
  6 74.3374   2098.864405  x:  0.00000   0.19926   0.04510   0.03464   0.01870   0.06083   0.03353   0.04158   0.10751   0.06471   0.19525   0.00000   0.23379   0.04642   0.04366   0.03137   0.04941   0.12418   0.06333   0.10486   0.05182   0.21372   0.21041   8.41116   1.36529   1.02319   1.51306   0.94854  
  7 54.4901   2098.375761  x:  0.00000   0.19843   0.04473   0.03982   0.01921   0.06106   0.03658   0.03630   0.10345   0.06516   0.19045   0.00000   0.23323   0.04554   0.04352   0.04113   0.04703   0.12299   0.06466   0.10178   0.05008   0.20754   0.21013   8.41720   1.36302   1.00159   1.55503   0.90603  
  8 55.8163   2097.877263  x:  0.00000   0.19891   0.04574   0.03687   0.01892   0.06010   0.03270   0.04378   0.10613   0.06712   0.18347   0.00000   0.22857   0.04384   0.04359   0.03699   0.04557   0.12176   0.06233   0.10462   0.05536   0.19497   0.21019   8.42414   1.36116   0.98098   1.59928   0.85951  
  9 99.4223   2097.825924  x:  0.00000   0.19981   0.04567   0.03738   0.01900   0.05992   0.03570   0.04373   0.10828   0.06519   0.18387   0.00000   0.22684   0.04384   0.04338   0.03530   0.04896   0.12211   0.06174   0.10586   0.05471   0.19369   0.21026   8.42547   1.36172   0.98104   1.60396   0.85337  
 10 21.1899   2097.788462  x:  0.00000   0.20160   0.04578   0.03604   0.01894   0.05993   0.03344   0.04298   0.10972   0.06329   0.18584   0.00000   0.22429   0.04405   0.04346   0.03678   0.05104   0.12290   0.06175   0.10634   0.05359   0.19366   0.21038   8.42751   1.36357   0.98516   1.60717   0.84706  
 11 12.1450   2097.698496  x:  0.00000   0.20651   0.04651   0.03656   0.01898   0.06011   0.03465   0.04383   0.10900   0.06315   0.19127   0.00000   0.21833   0.04417   0.04346   0.03609   0.04732   0.12277   0.06211   0.10459   0.05382   0.19563   0.21078   8.43456   1.37102   1.00228   1.61464   0.82907  
 12 17.4801   2097.644326  x:  0.00000   0.20533   0.04434   0.03726   0.01900   0.05984   0.03421   0.04251   0.10760   0.06691   0.18963   0.00000   0.21971   0.04407   0.04336   0.03593   0.04974   0.12160   0.06190   0.10570   0.05563   0.19654   0.21088   8.44054   1.37806   1.01554   1.61963   0.81819  
 13 15.4947   2097.593784  x:  0.00000   0.20108   0.04661   0.03711   0.01900   0.06032   0.03433   0.04294   0.10832   0.06558   0.18539   0.00000   0.22428   0.04396   0.04377   0.03601   0.04870   0.12185   0.06233   0.10715   0.05355   0.19628   0.21078   8.44753   1.38673   1.02838   1.62518   0.80954  
 14 18.0672   2097.578175  x:  0.00000   0.20008   0.04490   0.03701   0.01899   0.05992   0.03433   0.04285   0.10932   0.06392   0.18505   0.00000   0.22581   0.04457   0.04301   0.03609   0.04787   0.12245   0.06205   0.10609   0.05451   0.19553   0.21067   8.45073   1.39080   1.03148   1.62796   0.80872  
 15  8.8356   2097.509328  x:  0.00000   0.20024   0.04627   0.03690   0.01900   0.05993   0.03404   0.04164   0.11211   0.06523   0.18865   0.00000   0.22956   0.04226   0.04407   0.03539   0.04854   0.12183   0.06248   0.10228   0.05513   0.19105   0.20996   8.46948   1.41439   1.04077   1.64528   0.81354  
 16  9.8700   2097.401382  x:  0.00000   0.20228   0.04573   0.03714   0.01888   0.06053   0.03442   0.04333   0.11035   0.06605   0.19209   0.00000   0.23112   0.04660   0.04393   0.03641   0.04816   0.12067   0.06225   0.10665   0.05388   0.18723   0.20905   8.50107   1.45250   1.05417   1.67438   0.82386  
 17 42.7919   2097.334263  x:  0.00000   0.20330   0.04501   0.03722   0.01896   0.05966   0.03398   0.04223   0.10830   0.06479   0.19003   0.00000   0.22820   0.04272   0.04192   0.03551   0.04723   0.12217   0.06187   0.10967   0.05378   0.18901   0.20890   8.52129   1.47442   1.06193   1.69241   0.83110  
 18 41.1221   2097.282068  x:  0.00000   0.20294   0.04570   0.03717   0.01891   0.05993   0.03393   0.04157   0.10963   0.06403   0.18499   0.00000   0.22281   0.04389   0.04415   0.03529   0.04752   0.12137   0.06262   0.10840   0.05557   0.19357   0.20926   8.53848   1.48940   1.06799   1.70669   0.83742  
 19 28.4974   2097.267469  x:  0.00000   0.20205   0.04549   0.03720   0.01891   0.06020   0.03393   0.04203   0.11117   0.06544   0.18402   0.00000   0.22109   0.04435   0.04246   0.03551   0.04744   0.12126   0.06222   0.10750   0.05426   0.19457   0.20950   8.54411   1.49156   1.06983   1.71042   0.83931  
 20 11.7951   2097.213827  x:  0.00000   0.19594   0.04340   0.03768   0.01893   0.05890   0.03392   0.04266   0.11130   0.06617   0.18638   0.00000   0.21778   0.04354   0.04515   0.03542   0.04680   0.12156   0.06187   0.10798   0.05260   0.19362   0.21085   8.57020   1.48705   1.07763   1.72202   0.84650  
 21  7.0440   2097.138127  x:  0.00000   0.19058   0.04607   0.03758   0.01887   0.06018   0.03384   0.04144   0.10992   0.06522   0.18912   0.00000   0.21559   0.04415   0.04254   0.03529   0.04737   0.12074   0.06236   0.10869   0.05547   0.19202   0.21210   8.60836   1.47870   1.08837   1.73727   0.85626  
 22 43.8106   2096.978819  x:  0.00000   0.20267   0.04481   0.03755   0.01882   0.06136   0.03362   0.04135   0.11258   0.06506   0.18512   0.00000   0.22269   0.04368   0.04305   0.03495   0.04658   0.12051   0.06367   0.10958   0.05473   0.19137   0.21005   8.69340   1.45886   1.10707   1.76246   0.87334  
 23 27.2372   2096.945912  x:  0.00000   0.20370   0.04614   0.03733   0.01884   0.05806   0.03355   0.03992   0.11290   0.06525   0.18480   0.00000   0.22318   0.04464   0.04308   0.03481   0.04604   0.11998   0.06113   0.10974   0.05458   0.19131   0.20922   8.71173   1.45706   1.10788   1.76331   0.87445  
 24 17.6179   2095.519905  x:  0.00000   0.19888   0.04415   0.04025   0.01851   0.06406   0.03136   0.03068   0.12548   0.06735   0.19000   0.00000   0.21406   0.04510   0.04327   0.03167   0.03900   0.11425   0.06438   0.12150   0.05541   0.18621   0.17677   9.52895   1.43452   1.07105   1.70148   0.86735  
 25 32.8644   2095.042697  x:  0.00000   0.20046   0.04432   0.04140   0.01844   0.05681   0.03070   0.02905   0.13116   0.06853   0.19173   0.00000   0.21463   0.04627   0.04071   0.03070   0.03722   0.11197   0.07584   0.12636   0.05563   0.18510   0.19702   9.81488   1.42797   1.05645   1.67859   0.86405  
 26 227.7822   2094.930982  x:  0.00000   0.20132   0.04396   0.04153   0.01839   0.06138   0.03038   0.02687   0.13231   0.06850   0.19211   0.00000   0.21535   0.04608   0.04198   0.03021   0.03592   0.11166   0.07070   0.12746   0.05563   0.18501   0.20619   9.88058   1.42663   1.05291   1.67322   0.86320  
 27 116.7334   2094.752302  x:  0.00000   0.20150   0.04446   0.04261   0.01832   0.06299   0.03082   0.03083   0.13615   0.07019   0.19306   0.00000   0.21581   0.04712   0.04283   0.03132   0.03778   0.12206   0.06968   0.13100   0.05626   0.18592   0.20891  10.22221   1.42328   1.04781   1.66790   0.86377  
 28  0.5143   2094.694352  x:  0.00000   0.20181   0.04404   0.04281   0.01836   0.06344   0.03085   0.03252   0.13721   0.06879   0.19293   0.00000   0.21629   0.04677   0.04281   0.03178   0.03926   0.11492   0.06871   0.13201   0.05552   0.18693   0.20959  10.43978   1.42387   1.04760   1.66901   0.86553  
 29  0.4684   2094.666451  x:  0.00000   0.20191   0.04430   0.04270   0.01823   0.06235   0.03127   0.03084   0.13755   0.06853   0.19221   0.00000   0.21674   0.04666   0.04248   0.03217   0.03926   0.11604   0.06891   0.13238   0.05574   0.18771   0.20730  10.71629   1.42766   1.05225   1.67825   0.86854  
 30  0.2480   2094.662947  x:  0.00000   0.20184   0.04428   0.04248   0.01827   0.06239   0.03106   0.03119   0.13686   0.06853   0.19224   0.00000   0.21662   0.04659   0.04253   0.03172   0.03849   0.11592   0.06874   0.13175   0.05575   0.18728   0.20733  10.77638   1.42764   1.05177   1.67705   0.86817  
 31  0.0602   2094.662395  x:  0.00000   0.20181   0.04425   0.04241   0.01830   0.06248   0.03102   0.03111   0.13641   0.06861   0.19234   0.00000   0.21658   0.04658   0.04258   0.03175   0.03881   0.11597   0.06875   0.13132   0.05573   0.18715   0.20756  10.78929   1.42736   1.05130   1.67596   0.86796  
 32  0.0126   2094.662368  x:  0.00000   0.20183   0.04425   0.04242   0.01830   0.06249   0.03106   0.03113   0.13633   0.06861   0.19235   0.00000   0.21661   0.04659   0.04258   0.03180   0.03878   0.11598   0.06878   0.13125   0.05572   0.18722   0.20761  10.78959   1.42744   1.05143   1.67622   0.86808  
 33  0.0005   2094.662368  x:  0.00000   0.20183   0.04426   0.04243   0.01829   0.06249   0.03106   0.03113   0.13633   0.06861   0.19234   0.00000   0.21661   0.04659   0.04258   0.03179   0.03878   0.11598   0.06879   0.13125   0.05572   0.18723   0.20761  10.78948   1.42746   1.05144   1.67629   0.86811  
 34  0.0001   2094.662368  x:  0.00000   0.20183   0.04426   0.04243   0.01829   0.06249   0.03105   0.03113   0.13633   0.06861   0.19234   0.00000   0.21661   0.04659   0.04258   0.03179   0.03878   0.11598   0.06879   0.13125   0.05572   0.18723   0.20761  10.78947   1.42745   1.05143   1.67628   0.86811  
 35  0.0000   2094.662368  x:  0.00000   0.20183   0.04426   0.04243   0.01829   0.06249   0.03105   0.03113   0.13633   0.06861   0.19234   0.00000   0.21661   0.04659   0.04258   0.03179   0.03878   0.11598   0.06879   0.13125   0.05572   0.18723   0.20761  10.78947   1.42745   1.05143   1.67628   0.86811  

TREE # 2

  0  0.0000   2396.379175  x:  0.00000   0.20183   0.04426   0.04243   0.01829   0.06249   0.03105   0.03113   0.13633   0.06861   0.19234   0.00000   0.21661   0.04659   0.04258   0.03179   0.03878   0.11598   0.06879   0.13125   0.05572   0.18723   0.20761  10.78947   1.40145   0.96189   1.53541   0.86811  
  1 99.0000   2275.073233  x:  0.15286   0.20191   0.05944   0.07088   0.02978   0.06154   0.05168   0.03524   0.13338   0.07502   0.19111   0.38364   0.21643   0.06625   0.06468   0.04115   0.03991   0.11665   0.06711   0.12633   0.05121   0.18297   0.20221  10.78948   1.40126   0.96199   1.53581   0.86807  
  2 9854.7353   2174.755049  x:  0.17085   0.14433   0.18270   0.23250   0.08264   0.05681   0.16158   0.04932   0.09831   0.02922   0.13378   0.36069   0.15920   0.20381   0.21036   0.10861   0.04874   0.12439   0.04803   0.06917   0.00000   0.13358   0.13903  10.78956   1.39724   0.96713   1.53866   0.86748  
  3 725.5544   2165.781417  x:  0.17773   0.12266   0.21898   0.28095   0.09661   0.05457   0.19359   0.05263   0.08611   0.01437   0.11295   0.35353   0.13772   0.24466   0.25384   0.12700   0.05071   0.12713   0.04228   0.04902   0.04150   0.11642   0.11627  10.78959   1.39572   0.96906   1.53967   0.86728  
  4 2595.3348   2133.738993  x:  0.20156   0.04475   0.21776   0.29409   0.06978   0.03994   0.18635   0.03697   0.06282   0.03321   0.05499   0.34641   0.06115   0.24894   0.26253   0.10122   0.03744   0.13372   0.04164   0.00642   0.04209   0.06774   0.04134  10.78971   1.39046   0.97646   1.54179   0.86613  
  5 314.4102   2124.496148  x:  0.21157   0.01128   0.21794   0.30002   0.05999   0.03551   0.18385   0.03233   0.05469   0.03837   0.03182   0.34340   0.02809   0.25123   0.26667   0.09130   0.03356   0.13631   0.04149   0.01623   0.04255   0.04931   0.01222  10.78977   1.38831   0.97949   1.54276   0.86568  
  6 1531.2990   2121.479819  x:  0.21483   0.00000   0.21804   0.30147   0.05808   0.03579   0.18287   0.03273   0.05404   0.03876   0.02739   0.34243   0.01647   0.25167   0.26768   0.08854   0.03389   0.13697   0.04143   0.01675   0.04252   0.04667   0.01545  10.78978   1.38764   0.98042   1.54313   0.86555  
  7 427.5716   2119.252711  x:  0.21920   0.00000   0.21855   0.30282   0.05726   0.03735   0.18134   0.03456   0.05521   0.03864   0.02785   0.34106   0.00000   0.25193   0.26858   0.08557   0.03551   0.13763   0.04131   0.01652   0.04252   0.04759   0.01518  10.78980   1.38682   0.98162   1.54369   0.86536  
  8 487.7350   2118.558668  x:  0.24411   0.00000   0.22600   0.30609   0.05735   0.03364   0.17270   0.02782   0.05623   0.03685   0.03626   0.33260   0.00000   0.25311   0.27256   0.07518   0.03364   0.14015   0.03963   0.01695   0.04248   0.05193   0.01682  10.78993   1.38198   0.98857   1.54721   0.86409  
  9 87.0113   2118.168497  x:  0.26458   0.00000   0.23433   0.29959   0.06579   0.03274   0.16386   0.03326   0.05445   0.03170   0.03437   0.32560   0.00000   0.24997   0.27085   0.08024   0.03108   0.14003   0.03971   0.01630   0.04219   0.05210   0.01642  10.79008   1.37691   0.99595   1.55155   0.86255  
 10 42.3438   2118.031641  x:  0.27248   0.00000   0.23915   0.29585   0.06682   0.03437   0.16203   0.03134   0.05568   0.03484   0.03382   0.32269   0.00000   0.24899   0.27003   0.08556   0.03575   0.13929   0.04078   0.01627   0.04231   0.05074   0.01646  10.79019   1.37408   1.00015   1.55431   0.86165  
 11 35.8818   2117.947493  x:  0.27639   0.00000   0.24369   0.29241   0.06176   0.03588   0.16472   0.03258   0.05770   0.03726   0.03348   0.32113   0.00000   0.24925   0.26928   0.08846   0.03287   0.13789   0.04075   0.01645   0.04241   0.05181   0.01663  10.79033   1.37080   1.00517   1.55806   0.86055  
 12 16.9711   2117.874699  x:  0.27787   0.00000   0.24682   0.28830   0.05764   0.03550   0.16878   0.03253   0.05627   0.03380   0.03313   0.32058   0.00000   0.24955   0.26772   0.08759   0.03500   0.13674   0.04133   0.01633   0.04222   0.05236   0.01652  10.79055   1.36678   1.01159   1.56328   0.85914  
 13 16.1870   2117.767626  x:  0.27758   0.00000   0.24941   0.28360   0.06025   0.03743   0.17469   0.03317   0.05496   0.03486   0.03429   0.32025   0.00000   0.25097   0.26557   0.08188   0.03509   0.13659   0.04064   0.01660   0.04225   0.04901   0.01686  10.79099   1.35995   1.02304   1.57342   0.85658  
 14 18.9124   2117.689515  x:  0.27645   0.00000   0.24926   0.28233   0.06299   0.03567   0.17642   0.03255   0.05731   0.03608   0.03090   0.32030   0.00000   0.25236   0.26477   0.07913   0.03554   0.13790   0.04025   0.01672   0.04226   0.05150   0.01682  10.79138   1.35532   1.03152   1.58183   0.85464  
 15 23.9300   2117.464475  x:  0.27215   0.00000   0.24004   0.28869   0.06051   0.03238   0.16769   0.03437   0.05608   0.03692   0.03202   0.32068   0.00000   0.25614   0.26641   0.08313   0.03538   0.14490   0.04124   0.01757   0.04222   0.04961   0.01785  10.79280   1.34552   1.05412   1.60900   0.84937  
 16 16.9572   2117.381011  x:  0.27094   0.00000   0.23655   0.29142   0.06004   0.03655   0.16399   0.03169   0.05559   0.03500   0.03087   0.32076   0.00000   0.25659   0.26717   0.08439   0.03398   0.14499   0.04043   0.01766   0.04209   0.04994   0.01793  10.79337   1.34364   1.06107   1.61898   0.84772  
 17 36.4300   2117.173086  x:  0.27194   0.00000   0.23255   0.29821   0.05943   0.03479   0.15912   0.03221   0.05630   0.03534   0.02951   0.31903   0.00000   0.25177   0.27062   0.08288   0.03446   0.12923   0.03879   0.01824   0.04203   0.04802   0.01872  10.79503   1.35231   1.06649   1.64057   0.84609  
 18 11.9728   2116.982244  x:  0.27513   0.00000   0.23181   0.30186   0.05932   0.03587   0.15985   0.03243   0.05258   0.03741   0.02761   0.31645   0.00000   0.24580   0.27273   0.08061   0.03359   0.12837   0.04705   0.01890   0.04197   0.04959   0.01970  10.79678   1.36751   1.06642   1.65908   0.84591  
 19 20.4150   2116.463455  x:  0.28487   0.00000   0.23096   0.30521   0.05628   0.03600   0.16523   0.03257   0.05648   0.03519   0.02424   0.30971   0.00000   0.23048   0.27375   0.07771   0.03448   0.14165   0.04202   0.02007   0.04157   0.04413   0.02178  10.80157   1.41326   1.06243   1.70377   0.84696  
 20 47.2411   2116.365130  x:  0.28616   0.00000   0.23017   0.30383   0.05576   0.03637   0.16519   0.03340   0.05225   0.03734   0.02348   0.30881   0.00000   0.23230   0.27299   0.07757   0.03568   0.14281   0.03779   0.02046   0.04155   0.04652   0.02238  10.80254   1.42191   1.06300   1.70956   0.84757  
 21 21.3656   2115.709321  x:  0.28951   0.00000   0.22104   0.28283   0.05519   0.03846   0.15852   0.03516   0.05639   0.03455   0.02328   0.30654   0.00000   0.27253   0.26312   0.07565   0.03702   0.14049   0.04064   0.02109   0.04108   0.04606   0.02582  10.80998   1.48146   1.07748   1.73307   0.85456  
 22 20.3637   2114.280572  x:  0.26738   0.00000   0.22040   0.28466   0.06304   0.04102   0.16824   0.03794   0.06182   0.02768   0.03039   0.31587   0.00000   0.24150   0.25758   0.08423   0.03993   0.13761   0.04069   0.02165   0.04014   0.05434   0.03507  10.82791   1.56365   1.15983   1.73896   0.87053  
 23 10.9266   2114.109865  x:  0.25721   0.00000   0.23669   0.28171   0.06139   0.04213   0.15606   0.03924   0.06250   0.02753   0.03003   0.31984   0.00000   0.23937   0.25957   0.07977   0.04108   0.13938   0.04033   0.02187   0.04004   0.05459   0.03609  10.83047   1.55449   1.15202   1.73098   0.87156  
 24  6.6053   2112.565637  x:  0.26006   0.00000   0.22299   0.26889   0.06325   0.04520   0.16079   0.04255   0.06596   0.02407   0.03092   0.31514   0.00000   0.23330   0.25901   0.08015   0.04464   0.13853   0.04045   0.02440   0.03870   0.05792   0.04422  10.85549   1.35219   0.99559   1.61011   0.87267  
 25 10.5956   2112.376920  x:  0.26366   0.00000   0.22542   0.28162   0.06223   0.04521   0.16000   0.04271   0.06556   0.02452   0.02936   0.31222   0.00000   0.23437   0.23906   0.07936   0.04489   0.13825   0.04101   0.02524   0.03855   0.05697   0.04516  10.85915   1.33787   0.99254   1.56898   0.86782  
 26  7.4295   2112.214798  x:  0.26696   0.00000   0.21970   0.27499   0.06086   0.04552   0.15821   0.04294   0.06526   0.02521   0.02787   0.30937   0.00000   0.23144   0.25284   0.07750   0.04488   0.13941   0.04074   0.02609   0.03841   0.05599   0.04561  10.86272   1.33239   0.99934   1.52525   0.86221  
 27  8.3006   2107.283790  x:  0.29116   0.00000   0.17813   0.22875   0.05110   0.04956   0.12775   0.04621   0.06764   0.03598   0.03493   0.28222   0.00000   0.19173   0.20864   0.05987   0.04746   0.14016   0.04059   0.03979   0.02993   0.05811   0.04382  11.01803   1.40905   1.07573   1.65151   0.97698  
 28  0.3582   2106.742928  x:  0.29068   0.00000   0.17454   0.22232   0.05080   0.05038   0.12534   0.04656   0.06853   0.03624   0.03697   0.28133   0.00000   0.18811   0.20363   0.05902   0.04801   0.13987   0.04059   0.04095   0.02911   0.05928   0.04389  11.03514   1.42862   1.06952   1.67148   0.86457  
 29  7.2364   2105.212373  x:  0.27228   0.00000   0.19044   0.18436   0.05496   0.04721   0.13062   0.04148   0.06891   0.03199   0.03281   0.27118   0.00000   0.18576   0.17777   0.07794   0.04283   0.13412   0.04467   0.04456   0.02444   0.05977   0.03744  11.02151   1.41964   1.06488   1.67974   0.87699  
 30  0.0319   2102.488051  x:  0.22857   0.00000   0.17748   0.22351   0.05811   0.03927   0.12664   0.03232   0.06668   0.02589   0.02870   0.24123   0.00000   0.17918   0.19119   0.07791   0.03508   0.13053   0.04829   0.04901   0.01775   0.05729   0.02319  10.88327   1.39157   1.02792   1.66248   0.86139  
 31  0.0817   2098.223891  x:  0.23122   0.00000   0.18595   0.22235   0.05308   0.04225   0.13689   0.03723   0.06696   0.03459   0.03442   0.15765   0.00000   0.20048   0.21536   0.05737   0.04035   0.13502   0.04546   0.05568   0.00802   0.05658   0.02565  10.68969   1.35808   0.98262   1.58988   0.85258  
 32  0.1255   2096.492452  x:  0.23175   0.00000   0.19562   0.24213   0.05619   0.04737   0.13722   0.04438   0.06937   0.03644   0.03824   0.13250   0.00000   0.20058   0.21833   0.07466   0.04593   0.13888   0.04208   0.05136   0.01182   0.06057   0.03623  10.68894   1.42959   1.05843   1.63821   0.86511  
 33  0.0917   2095.452094  x:  0.19671   0.00000   0.19303   0.21797   0.05815   0.04843   0.13385   0.04517   0.06970   0.02911   0.03970   0.12215   0.00000   0.20367   0.20529   0.06915   0.04675   0.13677   0.04140   0.04489   0.01309   0.06370   0.03561  10.77553   1.44515   1.08299   1.71452   0.87742  
 34  0.0674   2094.829020  x:  0.21633   0.00000   0.18982   0.20990   0.05620   0.04724   0.13246   0.04331   0.06846   0.03018   0.03915   0.11218   0.00000   0.19113   0.19991   0.06793   0.04435   0.13508   0.04262   0.03569   0.01732   0.06379   0.03141  10.85922   1.43059   1.06015   1.72209   0.87018  
 35  0.0635   2094.696983  x:  0.20858   0.00000   0.18775   0.21404   0.05555   0.04672   0.13169   0.04282   0.06828   0.03224   0.03872   0.11977   0.00000   0.19147   0.20065   0.06842   0.04379   0.13565   0.04273   0.03190   0.01915   0.06322   0.03099  10.86062   1.42849   1.05214   1.69930   0.86666  
 36  0.0366   2094.666721  x:  0.20685   0.00000   0.18673   0.21729   0.05553   0.04649   0.13098   0.04260   0.06840   0.03213   0.03868   0.11526   0.00000   0.19254   0.20158   0.06884   0.04387   0.13626   0.04253   0.03137   0.01891   0.06262   0.03098  10.83357   1.43078   1.05239   1.68255   0.86796  
 37  0.0456   2094.663707  x:  0.20753   0.00000   0.18725   0.21672   0.05575   0.04652   0.13123   0.04254   0.06866   0.03160   0.03875   0.11593   0.00000   0.19211   0.20211   0.06852   0.04417   0.13638   0.04239   0.03141   0.01872   0.06243   0.03114  10.81444   1.42875   1.05204   1.67617   0.86868  
 38  0.0189   2094.662754  x:  0.20759   0.00000   0.18723   0.21643   0.05579   0.04658   0.13128   0.04253   0.06888   0.03179   0.03876   0.11588   0.00000   0.19242   0.20157   0.06872   0.04431   0.13631   0.04244   0.03131   0.01848   0.06246   0.03107  10.79334   1.42572   1.05053   1.67441   0.86805  
 39  0.0130   2094.662431  x:  0.20757   0.00000   0.18728   0.21648   0.05569   0.04661   0.13124   0.04257   0.06886   0.03181   0.03880   0.11594   0.00000   0.19224   0.20184   0.06862   0.04431   0.13632   0.04245   0.03114   0.01836   0.06250   0.03098  10.78359   1.42738   1.05157   1.67618   0.86800  
 40  0.0065   2094.662381  x:  0.20763   0.00000   0.18717   0.21665   0.05572   0.04661   0.13124   0.04259   0.06881   0.03178   0.03879   0.11599   0.00000   0.19236   0.20180   0.06860   0.04428   0.13633   0.04244   0.03114   0.01831   0.06250   0.03104  10.78417   1.42753   1.05149   1.67634   0.86811  
 41  0.0006   2094.662371  x:  0.20760   0.00000   0.18723   0.21663   0.05573   0.04660   0.13125   0.04259   0.06878   0.03179   0.03878   0.11598   0.00000   0.19232   0.20185   0.06862   0.04426   0.13633   0.04243   0.03114   0.01830   0.06249   0.03106  10.78648   1.42741   1.05137   1.67626   0.86808  
 42  0.0019   2094.662368  x:  0.20761   0.00000   0.18723   0.21660   0.05572   0.04659   0.13125   0.04258   0.06878   0.03179   0.03877   0.11598   0.00000   0.19235   0.20182   0.06861   0.04425   0.13632   0.04243   0.03113   0.01830   0.06249   0.03106  10.78814   1.42746   1.05143   1.67628   0.86809  
 43  0.0015   2094.662368  x:  0.20761   0.00000   0.18722   0.21661   0.05572   0.04659   0.13125   0.04258   0.06878   0.03179   0.03878   0.11598   0.00000   0.19233   0.20182   0.06861   0.04425   0.13633   0.04243   0.03113   0.01829   0.06249   0.03106  10.78915   1.42746   1.05145   1.67628   0.86811  
 44  0.0007   2094.662368  x:  0.20761   0.00000   0.18723   0.21661   0.05572   0.04659   0.13125   0.04258   0.06879   0.03179   0.03878   0.11598   0.00000   0.19234   0.20183   0.06861   0.04426   0.13633   0.04243   0.03113   0.01829   0.06249   0.03106  10.78941   1.42745   1.05144   1.67628   0.86810  
 45  0.0003   2094.662368  x:  0.20761   0.00000   0.18723   0.21661   0.05572   0.04659   0.13125   0.04258   0.06879   0.03179   0.03878   0.11598   0.00000   0.19234   0.20183   0.06861   0.04426   0.13633   0.04243   0.03113   0.01829   0.06249   0.03105  10.78946   1.42745   1.05144   1.67628   0.86811  
 46  0.0000   2094.662368  x:  0.20761   0.00000   0.18723   0.21661   0.05572   0.04659   0.13125   0.04258   0.06879   0.03179   0.03878   0.11598   0.00000   0.19234   0.20183   0.06861   0.04426   0.13633   0.04243   0.03113   0.01829   0.06249   0.03105  10.78947   1.42745   1.05143   1.67628   0.86811  