

TREE # 1

  0  0.0000   2154.320558  x:  0.05876   0.00000   0.09245   0.01998   0.07390   0.08540   0.04731   0.05670   0.09827   0.06234   0.05757   0.11410   0.01537   0.06799   0.01804   0.06334   0.06176   0.05796   0.05315   0.06093   0.11965   0.05665   0.09857   0.07738   2.00000   1.46333   0.91861   1.38297   0.40000  
  1 99.0000   2154.319204  x:  0.05876   0.00000   0.09245   0.01999   0.07390   0.08540   0.04731   0.05670   0.09827   0.06234   0.05757   0.11410   0.01537   0.06799   0.01804   0.06334   0.06176   0.05796   0.05314   0.06093   0.11965   0.05665   0.09857   0.07738   2.00000   1.46333   0.91861   1.38297   0.40000  
  2 487.8512   2147.451704  x:  0.06046   0.00000   0.09647   0.01481   0.06891   0.08194   0.04845   0.05317   0.09989   0.06299   0.04710   0.11815   0.00000   0.06331   0.01829   0.05889   0.05754   0.05833   0.04328   0.06179   0.12042   0.05527   0.10332   0.07910   2.00347   1.46377   0.91864   1.38348   0.40937  
  3 398.0400   2140.769828  x:  0.05577   0.00000   0.10417   0.03875   0.05441   0.07181   0.04854   0.04478   0.10498   0.05875   0.01234   0.12539   0.00000   0.05221   0.02069   0.04750   0.04734   0.05305   0.01278   0.06172   0.12275   0.05351   0.10729   0.07451   2.01705   1.46569   0.91824   1.38536   0.43985  
  4 450.7714   2139.579661  x:  0.05145   0.00000   0.10460   0.03684   0.04915   0.06906   0.04758   0.04431   0.10659   0.05616   0.00369   0.12478   0.00000   0.05799   0.02131   0.04629   0.04690   0.05187   0.01669   0.05999   0.12365   0.05477   0.10288   0.07026   2.02580   1.46708   0.91770   1.38643   0.45405  
  5 119.2213   2137.790026  x:  0.04479   0.00000   0.10751   0.03558   0.03571   0.06156   0.04613   0.04300   0.11115   0.05423   0.01333   0.12351   0.00000   0.06428   0.02191   0.04283   0.04557   0.05061   0.01800   0.05655   0.12606   0.05725   0.09309   0.06381   2.05214   1.47126   0.91605   1.38963   0.49500  
  6 201.2420   2135.447999  x:  0.05351   0.00000   0.10209   0.03946   0.03949   0.06244   0.04621   0.04913   0.11493   0.06084   0.01278   0.11437   0.00000   0.05438   0.01937   0.04868   0.05304   0.05380   0.02843   0.05530   0.12791   0.06022   0.08066   0.07295   2.10204   1.47950   0.91279   1.39544   0.55376  
  7 154.4729   2133.349929  x:  0.05056   0.00000   0.09146   0.03740   0.06068   0.07529   0.04652   0.05581   0.11172   0.05364   0.01520   0.10536   0.00000   0.06007   0.02059   0.05868   0.06114   0.04833   0.02259   0.06070   0.12615   0.05954   0.09558   0.07056   2.16841   1.49043   0.90954   1.40243   0.60232  
  8 143.0444   2131.644697  x:  0.04193   0.00000   0.09213   0.03749   0.06938   0.08450   0.04130   0.05364   0.09738   0.05856   0.01507   0.11330   0.00000   0.05798   0.01919   0.06211   0.05831   0.06468   0.02186   0.05606   0.11924   0.05415   0.09581   0.06269   2.25213   1.50373   0.90838   1.41001   0.61349  
  9 90.9409   2126.557874  x:  0.04961   0.00000   0.10069   0.03776   0.07380   0.09676   0.04130   0.04613   0.06447   0.04960   0.01621   0.13361   0.00000   0.06260   0.02151   0.06455   0.04517   0.05119   0.02262   0.04602   0.10238   0.04646   0.08265   0.07279   2.51363   1.54466   0.90711   1.43288   0.61657  
 10 291.5901   2111.597087  x:  0.03810   0.00000   0.10966   0.04016   0.05039   0.09384   0.06704   0.04688   0.10556   0.07735   0.01391   0.14502   0.00000   0.05762   0.01961   0.05653   0.03951   0.03286   0.03500   0.09011   0.09253   0.06692   0.08844   0.07009   3.44950   1.68851   0.90890   1.51443   0.57001  
 11 531.2644   2103.225101  x:  0.04599   0.00000   0.10439   0.03983   0.03270   0.07803   0.06115   0.04795   0.13099   0.04692   0.01323   0.12916   0.00000   0.05842   0.02332   0.04889   0.05052   0.05993   0.02814   0.09117   0.10729   0.07299   0.09323   0.08261   3.93175   1.76024   0.91339   1.55644   0.53931  
 12 1353.0488   2099.540651  x:  0.04658   0.00000   0.09815   0.03453   0.03553   0.06037   0.04222   0.04694   0.13983   0.05948   0.01137   0.10958   0.00000   0.06272   0.01974   0.04352   0.05745   0.05376   0.01583   0.06673   0.12720   0.06661   0.09483   0.08521   4.12869   1.78587   0.92047   1.57383   0.52424  
 13 525.4895   2099.108661  x:  0.04545   0.00000   0.10033   0.03571   0.03849   0.05634   0.05103   0.04727   0.14103   0.05905   0.01165   0.10779   0.00000   0.06178   0.01905   0.04290   0.05562   0.05375   0.01911   0.05839   0.13484   0.06170   0.09874   0.08443   4.15311   1.78556   0.92592   1.57643   0.52324  
 14 83.9799   2098.618284  x:  0.04511   0.00000   0.10527   0.03621   0.04097   0.06064   0.04855   0.04826   0.14267   0.05863   0.01195   0.11142   0.00000   0.06257   0.02234   0.04813   0.05055   0.05354   0.02039   0.06424   0.15362   0.05508   0.09570   0.08496   4.17862   1.76899   0.95213   1.58115   0.52404  
 15 27.7351   2097.906754  x:  0.04423   0.00000   0.10204   0.03612   0.03812   0.06556   0.05069   0.04957   0.13811   0.05820   0.01192   0.11482   0.00000   0.06255   0.01258   0.04670   0.05348   0.05323   0.01898   0.06431   0.16061   0.06337   0.09597   0.08559   4.21065   1.73673   0.99722   1.58858   0.52603  
 16 54.1932   2097.280288  x:  0.04391   0.00000   0.09838   0.03658   0.03628   0.06606   0.05235   0.04976   0.13385   0.06132   0.01210   0.11586   0.00000   0.06209   0.02300   0.04325   0.05762   0.05402   0.01973   0.06248   0.15890   0.07194   0.09897   0.08694   4.24310   1.70092   1.04477   1.59672   0.52863  
 17 163.9728   2096.696760  x:  0.04380   0.00000   0.10310   0.03771   0.04155   0.05696   0.04789   0.04790   0.13831   0.05929   0.01254   0.11141   0.00000   0.06230   0.02098   0.04198   0.05645   0.05452   0.02339   0.06582   0.14239   0.06614   0.10110   0.08848   4.26813   1.66899   1.08101   1.60426   0.53142  
 18 68.1980   2096.471987  x:  0.04348   0.00000   0.10275   0.03643   0.03973   0.05937   0.05118   0.05053   0.14362   0.05993   0.01204   0.10899   0.00000   0.06406   0.02125   0.04615   0.05626   0.05554   0.01896   0.06353   0.13480   0.06024   0.09733   0.08898   4.27587   1.65710   1.08900   1.60764   0.53172  
 19 32.3800   2096.112816  x:  0.04401   0.00000   0.10116   0.03790   0.03483   0.06544   0.04681   0.04941   0.15181   0.05983   0.01246   0.11396   0.00000   0.06368   0.02066   0.04985   0.05476   0.05427   0.02219   0.05693   0.13123   0.05717   0.10337   0.09130   4.28362   1.64053   1.08501   1.61411   0.53350  
 20 15.3334   2093.045533  x:  0.03876   0.00000   0.09785   0.03579   0.05509   0.06343   0.05086   0.03580   0.16879   0.06056   0.01314   0.13577   0.00000   0.07065   0.02039   0.04370   0.04896   0.05856   0.01641   0.05228   0.13468   0.06808   0.09663   0.10285   4.33813   1.50812   1.00908   1.66814   0.54560  
 21 38.7642   2089.655114  x:  0.03183   0.00000   0.10828   0.03775   0.03974   0.05594   0.05243   0.05483   0.14465   0.06916   0.01141   0.12978   0.00000   0.07329   0.01802   0.04032   0.04998   0.06096   0.01702   0.06533   0.14169   0.05935   0.10968   0.11457   4.39496   1.37448   0.92621   1.71760   0.55895  
 22 169.7703   2088.714957  x:  0.03003   0.00000   0.11301   0.03839   0.03425   0.06135   0.05599   0.03566   0.13927   0.07222   0.01096   0.11614   0.00000   0.07377   0.01720   0.04576   0.04882   0.06221   0.01769   0.06865   0.14315   0.06013   0.11264   0.11775   4.40589   1.36128   0.91693   1.71254   0.56339  
 23 32.8009   2077.427822  x:  0.01144   0.00000   0.15281   0.04000   0.04173   0.08099   0.05601   0.04886   0.14602   0.08667   0.00931   0.11235   0.00000   0.08876   0.01508   0.02731   0.01662   0.07525   0.01243   0.06316   0.13723   0.07925   0.12998   0.15900   4.50242   1.39561   0.91636   1.50128   0.62804  
 24 28.9014   2070.534851  x:  0.00000   0.00000   0.17646   0.04157   0.04337   0.07993   0.05958   0.04573   0.14837   0.09527   0.00793   0.13141   0.00000   0.09789   0.01371   0.02691   0.03839   0.07917   0.00840   0.06401   0.13536   0.07508   0.13898   0.18117   4.55607   1.41808   0.91766   1.38162   0.66466  
 25 618.1666   2070.534851  x:  0.00000   0.00000   0.17646   0.04157   0.04337   0.07993   0.05958   0.04573   0.14837   0.09527   0.00793   0.13141   0.00000   0.09789   0.01371   0.02691   0.03839   0.07917   0.00840   0.06401   0.13536   0.07508   0.13898   0.18117   4.55607   1.41808   0.91766   1.38162   0.66466  
 26 167.4779   2065.135709  x:  0.01261   0.00000   0.17127   0.03244   0.03927   0.07135   0.06211   0.03933   0.14176   0.10467   0.00000   0.14112   0.00000   0.12329   0.01333   0.03634   0.03895   0.08921   0.02639   0.06811   0.13468   0.06589   0.14759   0.19377   4.55714   1.42051   0.91781   1.38297   0.67077  
 27 212.1862   2062.668670  x:  0.02455   0.00000   0.16628   0.02577   0.03592   0.06295   0.06450   0.03359   0.13509   0.11370   0.01388   0.15066   0.00000   0.14722   0.01295   0.04364   0.03916   0.09844   0.03635   0.07194   0.13389   0.05678   0.15608   0.20571   4.55829   1.42306   0.91799   1.38442   0.67715  
 28 751.5530   2059.497039  x:  0.03597   0.00000   0.15791   0.02635   0.03685   0.05485   0.06659   0.03374   0.12547   0.12331   0.01036   0.16239   0.00000   0.17090   0.01321   0.04048   0.03723   0.10528   0.01073   0.07461   0.13181   0.04630   0.16688   0.21714   4.56058   1.42777   0.91879   1.38720   0.68895  
 29 157.8262   2058.989891  x:  0.03696   0.00000   0.15149   0.03418   0.04178   0.05893   0.06548   0.03975   0.11962   0.12490   0.01048   0.16781   0.00000   0.17684   0.01488   0.03504   0.03961   0.10372   0.01330   0.07136   0.12948   0.05031   0.17236   0.21812   4.56369   1.43379   0.92018   1.39078   0.70320  
 30 48.4101   2058.439123  x:  0.03436   0.00000   0.14357   0.02910   0.04080   0.06401   0.06294   0.03807   0.11364   0.12340   0.01083   0.17275   0.00000   0.17830   0.00879   0.03616   0.03991   0.09892   0.01226   0.06746   0.12700   0.05597   0.17785   0.21552   4.57005   1.44559   0.92346   1.39785   0.73006  
 31 55.6036   2058.070992  x:  0.03184   0.00000   0.13835   0.02502   0.03915   0.06596   0.06172   0.03566   0.11039   0.12170   0.01109   0.17567   0.00000   0.17784   0.01485   0.03814   0.03922   0.09565   0.01137   0.06591   0.12562   0.05844   0.18127   0.21300   4.57593   1.45633   0.92656   1.40432   0.75382  
 32 160.9946   2056.956583  x:  0.02531   0.00000   0.13302   0.03282   0.03621   0.05694   0.06558   0.03186   0.11249   0.11675   0.01096   0.17725   0.00000   0.16881   0.01394   0.04038   0.03446   0.09419   0.01447   0.07269   0.12564   0.04644   0.18437   0.20647   4.59753   1.49453   0.93841   1.42764   0.83343  
 33 98.8315   2056.245706  x:  0.02791   0.00000   0.14089   0.02569   0.03945   0.05432   0.06818   0.04047   0.12045   0.11781   0.01128   0.17232   0.00000   0.16440   0.01374   0.03942   0.04297   0.10152   0.01381   0.07552   0.12815   0.04596   0.17974   0.20908   4.61523   1.52386   0.94853   1.44618   0.88796  
 34 103.3463   2055.821624  x:  0.03367   0.00000   0.15100   0.02846   0.04025   0.05791   0.06561   0.03475   0.12565   0.12169   0.01096   0.16576   0.00000   0.16539   0.01371   0.03818   0.03863   0.10684   0.01287   0.07293   0.13044   0.05201   0.17247   0.21483   4.62871   1.54384   0.95690   1.45950   0.91849  
 35 78.4359   2055.690934  x:  0.03481   0.00000   0.15447   0.02833   0.03627   0.05889   0.06441   0.03756   0.12282   0.12271   0.01102   0.16184   0.00000   0.16824   0.01383   0.03723   0.03720   0.10244   0.01329   0.06953   0.13046   0.04871   0.16729   0.21597   4.63792   1.55364   0.96355   1.46719   0.92281  
 36 22.2194   2055.515815  x:  0.03430   0.00000   0.15671   0.02964   0.04022   0.05739   0.06461   0.03512   0.11823   0.12276   0.01087   0.15774   0.00000   0.17253   0.01378   0.04015   0.04145   0.09657   0.01264   0.07022   0.12967   0.04791   0.16134   0.21547   4.65644   1.57121   0.97689   1.48195   0.92267  
 37 31.9818   2055.043187  x:  0.03066   0.00000   0.15598   0.02573   0.04402   0.05485   0.06890   0.03657   0.11347   0.12023   0.01114   0.15544   0.00000   0.17840   0.01355   0.03523   0.03451   0.09736   0.01374   0.07745   0.12711   0.05246   0.15678   0.21183   4.71488   1.62384   1.01727   1.52756   0.91271  
 38 57.6876   2054.002273  x:  0.02671   0.00000   0.15033   0.03131   0.03258   0.06106   0.06768   0.03672   0.11709   0.11675   0.01087   0.16006   0.00000   0.17960   0.01377   0.03857   0.04140   0.10984   0.01173   0.07770   0.12606   0.05333   0.16177   0.20787   4.85375   1.74606   1.10865   1.63488   0.88420  
 39 168.2858   2053.515787  x:  0.02956   0.00000   0.14744   0.02832   0.04026   0.06069   0.06305   0.03547   0.12289   0.11884   0.01101   0.16502   0.00000   0.17263   0.01399   0.03835   0.03902   0.10844   0.01280   0.06878   0.12826   0.04668   0.16950   0.21072   4.92089   1.80265   1.14819   1.68573   0.86998  
 40 169.7203   2053.376995  x:  0.03379   0.00000   0.14762   0.02896   0.03818   0.05681   0.06505   0.03639   0.12380   0.12200   0.01092   0.16724   0.00000   0.16748   0.01385   0.03912   0.03878   0.10225   0.01296   0.06955   0.12996   0.05058   0.17368   0.21495   4.94306   1.81808   1.15521   1.70108   0.86582  
 41 47.6471   2053.324324  x:  0.03514   0.00000   0.14833   0.02832   0.03772   0.05960   0.06550   0.03476   0.12236   0.12297   0.01089   0.16762   0.00000   0.16544   0.01394   0.03669   0.03986   0.10072   0.01333   0.07268   0.13036   0.04925   0.17484   0.21630   4.95556   1.82275   1.15233   1.70771   0.86439  
 42 17.1220   2053.164169  x:  0.03555   0.00000   0.15004   0.02886   0.03940   0.06257   0.06489   0.03740   0.11720   0.12289   0.01083   0.16707   0.00000   0.16328   0.01386   0.04174   0.03722   0.10239   0.01282   0.07489   0.13041   0.04825   0.17538   0.21671   5.00260   1.83411   1.13277   1.72908   0.86054  
 43 27.3131   2052.896176  x:  0.03351   0.00000   0.15042   0.02858   0.03822   0.05647   0.06386   0.03501   0.11396   0.12095   0.01065   0.16557   0.00000   0.16422   0.01382   0.03804   0.03922   0.10535   0.01310   0.06995   0.12881   0.04932   0.17393   0.21467   5.08377   1.85052   1.09832   1.76309   0.85483  
 44 92.1666   2052.790053  x:  0.03248   0.00000   0.14685   0.02855   0.03820   0.05851   0.06652   0.03522   0.12244   0.12106   0.01071   0.16545   0.00000   0.16947   0.01378   0.03832   0.03877   0.10161   0.01274   0.07001   0.12819   0.04914   0.17159   0.21364   5.12130   1.85365   1.08671   1.77347   0.85381  
 45 35.8033   2052.669189  x:  0.03273   0.00000   0.14393   0.02850   0.03774   0.05700   0.05843   0.03647   0.12492   0.12185   0.01076   0.16551   0.00000   0.17041   0.01373   0.03796   0.03877   0.10052   0.01284   0.07403   0.12853   0.04975   0.16942   0.21389   5.17316   1.84735   1.08482   1.77390   0.85614  
 46 17.9427   2050.823284  x:  0.03853   0.00000   0.12794   0.02835   0.03842   0.05842   0.06735   0.03559   0.11813   0.12881   0.01072   0.16653   0.00000   0.16152   0.01367   0.03827   0.03939   0.10823   0.01275   0.07020   0.13394   0.04937   0.15364   0.21968   6.04061   1.71874   1.08753   1.74606   0.90374  
 47 96.9664   2050.003396  x:  0.03425   0.00000   0.15257   0.02887   0.03899   0.05845   0.06628   0.03603   0.12119   0.12102   0.01022   0.16768   0.00000   0.17073   0.01369   0.03826   0.03900   0.10319   0.01234   0.07106   0.12874   0.04938   0.17356   0.21540   6.43166   1.66636   1.08815   1.72554   0.92489  
 48 278.0529   2049.470410  x:  0.03221   0.00000   0.14949   0.02865   0.03911   0.05855   0.06682   0.03607   0.12033   0.12820   0.01022   0.15430   0.00000   0.17201   0.01364   0.03806   0.03897   0.10382   0.01209   0.07125   0.13044   0.04960   0.18188   0.21336   6.68344   1.70363   1.06867   1.63927   0.92744  
 49 24.4351   2049.293990  x:  0.03469   0.00000   0.15256   0.02882   0.03933   0.05869   0.06689   0.03602   0.12027   0.12077   0.01013   0.16546   0.00000   0.17146   0.01365   0.03803   0.03885   0.10298   0.01197   0.07121   0.12917   0.04956   0.17535   0.21584   6.76828   1.71865   1.06135   1.60797   0.92800  
 50 68.1364   2049.291587  x:  0.03404   0.00000   0.15311   0.02879   0.03930   0.05867   0.06689   0.03601   0.12025   0.12219   0.01012   0.16649   0.00000   0.17140   0.01365   0.03805   0.03885   0.10299   0.01198   0.07120   0.12918   0.04957   0.17493   0.21518   6.76964   1.71892   1.06127   1.60764   0.92802  
 51  2.5039   2049.215177  x:  0.03315   0.00000   0.15213   0.02866   0.03935   0.05860   0.06649   0.03595   0.11901   0.12081   0.00980   0.16826   0.00000   0.17442   0.01347   0.03750   0.03877   0.10221   0.01192   0.07102   0.13908   0.05001   0.17545   0.21429   6.87034   1.73701   1.06758   1.62954   0.93169  
 52  0.3675   2048.942410  x:  0.03518   0.00000   0.14696   0.02802   0.03908   0.05790   0.06500   0.03558   0.11833   0.12277   0.00870   0.17006   0.00000   0.17632   0.01305   0.03798   0.03837   0.10116   0.01198   0.07060   0.12730   0.04948   0.17551   0.21630   7.22671   1.80091   1.09041   1.70691   0.94457  
 53 84.2528   2048.905497  x:  0.03495   0.00000   0.14614   0.02794   0.03903   0.05839   0.06514   0.03556   0.11778   0.12305   0.00789   0.16888   0.00000   0.17660   0.01311   0.03879   0.03853   0.10236   0.01287   0.07144   0.12877   0.04974   0.17432   0.21603   7.39234   1.78758   1.08957   1.68833   0.95167  
 54  0.1258   2048.901060  x:  0.03505   0.00000   0.14633   0.02823   0.03918   0.05815   0.06531   0.03574   0.11783   0.12317   0.00742   0.16896   0.00000   0.17646   0.01318   0.03840   0.03847   0.10241   0.01229   0.07137   0.12860   0.04944   0.17437   0.21612   7.40791   1.78382   1.08816   1.68572   0.95199  
 55  0.0202   2048.899438  x:  0.03503   0.00000   0.14697   0.02815   0.03919   0.05818   0.06536   0.03571   0.11826   0.12294   0.00713   0.16895   0.00000   0.17616   0.01320   0.03845   0.03849   0.10218   0.01248   0.07112   0.12831   0.04951   0.17430   0.21611   7.39633   1.78247   1.08686   1.68650   0.94992  
 56  0.0092   2048.899226  x:  0.03505   0.00000   0.14680   0.02818   0.03923   0.05822   0.06531   0.03573   0.11812   0.12299   0.00708   0.16895   0.00000   0.17629   0.01318   0.03846   0.03849   0.10224   0.01250   0.07123   0.12846   0.04955   0.17442   0.21613   7.38296   1.78317   1.08724   1.68652   0.94925  
 57  0.0093   2048.899213  x:  0.03506   0.00000   0.14680   0.02816   0.03921   0.05820   0.06531   0.03571   0.11812   0.12300   0.00707   0.16896   0.00000   0.17634   0.01318   0.03847   0.03849   0.10225   0.01250   0.07121   0.12842   0.04953   0.17438   0.21613   7.38167   1.78327   1.08729   1.68635   0.94962  
 58  0.0010   2048.899212  x:  0.03506   0.00000   0.14680   0.02817   0.03922   0.05820   0.06531   0.03572   0.11812   0.12299   0.00707   0.16896   0.00000   0.17635   0.01318   0.03847   0.03849   0.10224   0.01250   0.07121   0.12842   0.04953   0.17439   0.21613   7.38157   1.78325   1.08727   1.68637   0.94968  
 59  0.0001   2048.899212  x:  0.03506   0.00000   0.14680   0.02817   0.03922   0.05820   0.06531   0.03572   0.11812   0.12299   0.00707   0.16896   0.00000   0.17634   0.01318   0.03847   0.03849   0.10224   0.01250   0.07121   0.12842   0.04953   0.17440   0.21613   7.38156   1.78325   1.08727   1.68637   0.94968  
 60  0.0000   2048.899212  x:  0.03505   0.00000   0.14680   0.02817   0.03922   0.05820   0.06531   0.03572   0.11812   0.12299   0.00707   0.16896   0.00000   0.17634   0.01318   0.03847   0.03849   0.10224   0.01250   0.07121   0.12842   0.04953   0.17440   0.21613   7.38156   1.78325   1.08727   1.68637   0.94968  
 61  0.0000   2048.899212  x:  0.03505   0.00000   0.14680   0.02817   0.03922   0.05820   0.06531   0.03572   0.11812   0.12299   0.00707   0.16896   0.00000   0.17634   0.01318   0.03847   0.03849   0.10224   0.01250   0.07121   0.12842   0.04953   0.17440   0.21614   7.38156   1.78325   1.08727   1.68637   0.94968  