

TREE # 1

  0  0.0000   1861.485015  x:  0.20925   0.02571   0.03211   0.02495   0.05815   0.02188   0.05666   0.08536   0.02661   0.17168   0.20925   0.02571   0.03211   0.02495   0.05815   0.02188   0.05666   0.08536   0.02661   0.17168   0.21568   8.40433   1.49434   0.97039   1.53856   1.00000  
  1 99.0000   1856.557714  x:  0.21148   0.04383   0.02014   0.01057   0.05742   0.00900   0.05661   0.07856   0.01404   0.16752   0.20394   0.02696   0.02623   0.02946   0.05740   0.00924   0.06762   0.09444   0.03257   0.17299   0.21008   8.40414   1.49440   0.96927   1.54070   1.00123  
  2 216.4848   1855.711824  x:  0.21353   0.04837   0.01515   0.01169   0.05701   0.01508   0.05667   0.07309   0.00827   0.16374   0.19901   0.02691   0.02412   0.03019   0.05701   0.01404   0.07353   0.10073   0.03369   0.17413   0.20487   8.40395   1.49449   0.96813   1.54286   1.00245  
  3 121.8673   1854.840434  x:  0.21887   0.05092   0.01841   0.01710   0.05638   0.01425   0.05678   0.06190   0.01478   0.15455   0.18673   0.02616   0.02412   0.02886   0.05633   0.01417   0.08251   0.11284   0.03275   0.17682   0.19184   8.40343   1.49475   0.96507   1.54864   1.00571  
  4 98.2086   1854.309719  x:  0.22352   0.04270   0.02087   0.01270   0.05644   0.01337   0.05679   0.05819   0.01104   0.14679   0.17562   0.02608   0.02729   0.02705   0.05635   0.01358   0.08328   0.11851   0.03018   0.17892   0.17984   8.40283   1.49508   0.96174   1.55513   1.00939  
  5 79.2531   1854.049074  x:  0.22717   0.04003   0.01670   0.01378   0.05679   0.01343   0.05671   0.06225   0.01261   0.14199   0.16745   0.02694   0.02511   0.02936   0.05671   0.01216   0.07927   0.11831   0.03200   0.18006   0.17068   8.40212   1.49557   0.95806   1.56248   1.01358  
  6 47.8781   1853.924563  x:  0.22928   0.04330   0.01907   0.01315   0.05688   0.01271   0.05665   0.06536   0.01223   0.14020   0.16334   0.02651   0.02439   0.02966   0.05684   0.01451   0.07645   0.11638   0.03257   0.18040   0.16579   8.40146   1.49606   0.95491   1.56904   1.01735  
  7 43.7434   1853.848720  x:  0.23051   0.04562   0.01971   0.01394   0.05677   0.01439   0.05663   0.06599   0.01141   0.14018   0.16184   0.02594   0.02566   0.02849   0.05673   0.01243   0.07540   0.11421   0.03166   0.18027   0.16370   8.40080   1.49662   0.95197   1.57546   1.02109  
  8 36.3960   1853.673873  x:  0.23291   0.04676   0.01646   0.01398   0.05630   0.01279   0.05661   0.06346   0.01218   0.14240   0.16132   0.02589   0.02791   0.02652   0.05625   0.01394   0.07581   0.10872   0.02929   0.17928   0.16183   8.39864   1.49856   0.94311   1.59566   1.03292  
  9 43.0356   1853.363413  x:  0.23612   0.04431   0.01884   0.01317   0.05584   0.01381   0.05656   0.05866   0.01193   0.14689   0.16292   0.02758   0.02456   0.02953   0.05574   0.01318   0.07899   0.10256   0.03173   0.17722   0.16159   8.39421   1.50276   0.92619   1.63604   1.05676  
 10 98.0727   1853.160617  x:  0.23546   0.04284   0.01901   0.01537   0.05659   0.01209   0.05638   0.06276   0.01028   0.14742   0.16597   0.02466   0.02454   0.02840   0.05653   0.01312   0.07987   0.10896   0.03275   0.17636   0.16519   8.39068   1.50660   0.91623   1.66530   1.07456  
 11 58.3591   1853.065922  x:  0.23436   0.04318   0.01868   0.01295   0.05684   0.01366   0.05629   0.06480   0.01227   0.14686   0.16750   0.02491   0.02526   0.02823   0.05679   0.01318   0.07942   0.11312   0.03230   0.17619   0.16741   8.38885   1.50876   0.91237   1.67939   1.08333  
 12 98.9469   1853.023983  x:  0.23233   0.04375   0.01884   0.01361   0.05644   0.01333   0.05631   0.06432   0.01177   0.14533   0.16799   0.02759   0.02549   0.02924   0.05637   0.01317   0.07735   0.11482   0.03078   0.17657   0.16883   8.38767   1.51050   0.91267   1.68623   1.08805  
 13 27.1038   1852.970173  x:  0.22772   0.04400   0.01857   0.01335   0.05570   0.01337   0.05638   0.06171   0.01183   0.14212   0.16784   0.02573   0.02412   0.02888   0.05561   0.01303   0.07401   0.11491   0.03093   0.17762   0.17052   8.38553   1.51420   0.91709   1.69533   1.09518  
 14 21.3135   1852.913320  x:  0.22252   0.04403   0.01853   0.01355   0.05613   0.01332   0.05633   0.06151   0.01195   0.13955   0.16680   0.02579   0.02671   0.02942   0.05607   0.01324   0.07497   0.11342   0.03352   0.17887   0.17121   8.38249   1.52000   0.92591   1.70571   1.10405  
 15 25.4588   1852.824133  x:  0.21638   0.04356   0.01870   0.01345   0.05704   0.01336   0.05622   0.06378   0.01213   0.13816   0.16496   0.02651   0.02469   0.02829   0.05701   0.01308   0.07915   0.11117   0.03133   0.18034   0.17105   8.37721   1.53061   0.94255   1.72185   1.11839  
 16 46.7522   1852.690286  x:  0.21862   0.04337   0.01870   0.01338   0.05464   0.01336   0.05646   0.06423   0.01221   0.14543   0.16422   0.02483   0.02552   0.03113   0.05445   0.01309   0.07828   0.11369   0.03021   0.17960   0.16847   8.36753   1.55177   0.97357   1.74644   1.14105  
 17 29.5040   1852.630011  x:  0.22157   0.04342   0.01869   0.01337   0.05534   0.01334   0.05639   0.06347   0.01213   0.14793   0.16469   0.02660   0.02491   0.02832   0.05522   0.01308   0.07666   0.11498   0.03203   0.17878   0.16772   8.36289   1.56230   0.98756   1.75730   1.15093  
 18 63.8653   1852.597835  x:  0.22560   0.04371   0.01865   0.01338   0.05767   0.01335   0.05613   0.06273   0.01205   0.14611   0.16626   0.02601   0.02501   0.02938   0.05768   0.01306   0.07611   0.11468   0.03132   0.17780   0.16851   8.35973   1.57021   0.99476   1.76306   1.15568  
 19 20.6628   1852.570873  x:  0.22985   0.04361   0.01869   0.01338   0.05615   0.01336   0.05628   0.06348   0.01201   0.14221   0.16817   0.02615   0.02500   0.02902   0.05605   0.01307   0.07696   0.11366   0.03148   0.17684   0.16997   8.35632   1.57936   0.99973   1.76764   1.15862  
 20 15.3002   1852.485413  x:  0.22692   0.04366   0.01865   0.01334   0.05613   0.01330   0.05612   0.06317   0.01193   0.14349   0.16637   0.02609   0.02492   0.02904   0.05626   0.01302   0.07669   0.11379   0.03146   0.17837   0.16987   8.33576   1.63673   1.00191   1.78107   1.15551  
 21  5.7632   1852.480678  x:  0.22611   0.04366   0.01864   0.01333   0.05691   0.01329   0.05657   0.06314   0.01194   0.14321   0.16708   0.02609   0.02491   0.02905   0.05556   0.01302   0.07668   0.11392   0.03145   0.17624   0.16875   8.33249   1.63857   1.00270   1.78334   1.15301  
 22  2.3467   1852.474786  x:  0.22545   0.04366   0.01864   0.01332   0.05581   0.01329   0.05595   0.06311   0.01194   0.14296   0.16769   0.02608   0.02491   0.02907   0.05652   0.01300   0.07668   0.11402   0.03143   0.17446   0.16782   8.32749   1.64026   1.00397   1.78682   1.14897  
 23  7.3411   1852.425122  x:  0.22628   0.04377   0.01858   0.01324   0.05620   0.01323   0.05606   0.06314   0.01185   0.14327   0.16706   0.02607   0.02488   0.02911   0.05610   0.01295   0.07664   0.11390   0.03142   0.17712   0.16893   8.27885   1.65010   1.01627   1.82002   1.10946  
 24  9.1678   1852.419761  x:  0.22642   0.04380   0.01857   0.01322   0.05584   0.01321   0.05745   0.06314   0.01184   0.14338   0.16549   0.02608   0.02488   0.02911   0.05657   0.01293   0.07665   0.11388   0.03143   0.17596   0.17013   8.26809   1.65012   1.01639   1.82044   1.10901  
 25  1.7579   1852.400808  x:  0.22669   0.04388   0.01853   0.01318   0.05641   0.01317   0.05526   0.06311   0.01179   0.14361   0.16212   0.02610   0.02488   0.02911   0.05581   0.01289   0.07670   0.11381   0.03145   0.17343   0.17266   8.22887   1.64987   1.01642   1.82086   1.10865  
 26 20.2291   1851.760983  x:  0.22630   0.04644   0.01728   0.01156   0.05610   0.01177   0.05590   0.06361   0.01058   0.14327   0.16436   0.02615   0.02476   0.02945   0.05593   0.01149   0.07727   0.11195   0.03201   0.17568   0.16836   6.98171   1.63862   1.01042   1.82079   1.11472  
 27 45.8619   1851.742742  x:  0.22595   0.04571   0.01788   0.01250   0.05610   0.01215   0.05608   0.06365   0.01121   0.14337   0.16587   0.02607   0.02477   0.02933   0.05606   0.01205   0.07691   0.11196   0.03190   0.17628   0.16814   6.90858   1.63090   1.00650   1.80899   1.11059  
 28  0.0821   1851.741985  x:  0.22598   0.04547   0.01791   0.01234   0.05611   0.01223   0.05612   0.06358   0.01121   0.14326   0.16603   0.02611   0.02481   0.02931   0.05608   0.01206   0.07690   0.11220   0.03183   0.17647   0.16805   6.92451   1.62896   1.00562   1.80547   1.10948  
 29  0.0185   1851.741965  x:  0.22599   0.04547   0.01788   0.01234   0.05611   0.01222   0.05612   0.06357   0.01119   0.14326   0.16602   0.02611   0.02480   0.02931   0.05608   0.01205   0.07693   0.11223   0.03184   0.17647   0.16808   6.92137   1.62875   1.00562   1.80499   1.10919  
 30  0.0033   1851.741965  x:  0.22599   0.04547   0.01788   0.01234   0.05612   0.01222   0.05612   0.06357   0.01119   0.14327   0.16602   0.02611   0.02480   0.02931   0.05608   0.01205   0.07693   0.11223   0.03184   0.17647   0.16809   6.92182   1.62877   1.00565   1.80497   1.10918  
 31  0.0005   1851.741965  x:  0.22599   0.04547   0.01788   0.01234   0.05612   0.01222   0.05612   0.06358   0.01119   0.14327   0.16602   0.02611   0.02481   0.02931   0.05608   0.01205   0.07693   0.11223   0.03184   0.17647   0.16809   6.92177   1.62877   1.00565   1.80497   1.10918  
 32  0.0001   1851.741965  x:  0.22599   0.04547   0.01788   0.01234   0.05612   0.01222   0.05612   0.06358   0.01119   0.14327   0.16602   0.02611   0.02481   0.02931   0.05608   0.01205   0.07693   0.11223   0.03184   0.17647   0.16809   6.92177   1.62877   1.00565   1.80497   1.10918  