

TREE # 1

  0  0.0000   1982.891360  x:  0.01972   0.20925   0.02571   0.03211   0.02495   0.05815   0.02188   0.05666   0.08536   0.02661   0.17168   0.01972   0.20925   0.02571   0.03211   0.02495   0.05815   0.02188   0.05666   0.08536   0.02661   0.17168   0.21568   8.40433   1.77859   1.25492   1.66551   1.00000  
  1 99.0000   1954.812094  x:  0.00000   0.20642   0.07861   0.06165   0.01770   0.04488   0.00307   0.06271   0.07248   0.01433   0.17321   0.00024   0.20351   0.05349   0.01089   0.03438   0.07931   0.14061   0.06024   0.08221   0.03080   0.16756   0.21631   8.40430   1.77721   1.25235   1.66805   1.00208  
  2 699.0239   1954.367796  x:  0.00000   0.20617   0.07920   0.06215   0.01791   0.04419   0.00640   0.06288   0.07126   0.01338   0.17339   0.00000   0.20303   0.05370   0.00992   0.03415   0.08020   0.14132   0.06036   0.08191   0.03072   0.16724   0.21645   8.40429   1.77705   1.25209   1.66831   1.00230  
  3 194.1684   1953.387684  x:  0.00000   0.20402   0.08050   0.06397   0.01963   0.03833   0.00557   0.06423   0.06080   0.00638   0.17502   0.00032   0.19894   0.05337   0.00425   0.03129   0.08667   0.13826   0.06125   0.07942   0.02961   0.16458   0.21777   8.40427   1.77565   1.24974   1.67061   1.00428  
  4 118.6814   1952.771596  x:  0.00000   0.20157   0.08301   0.06614   0.02028   0.03279   0.00552   0.06566   0.04915   0.00426   0.17694   0.00052   0.19395   0.05351   0.00931   0.02887   0.09388   0.13591   0.06234   0.07672   0.02879   0.16137   0.21935   8.40423   1.77388   1.24675   1.67354   1.00677  
  5 189.6113   1952.428675  x:  0.00000   0.19968   0.08535   0.06741   0.01962   0.03110   0.00551   0.06652   0.04168   0.00996   0.17850   0.00094   0.18968   0.05363   0.00823   0.02808   0.09874   0.13382   0.06295   0.07491   0.02856   0.15866   0.22069   8.40420   1.77222   1.24396   1.67629   1.00910  
  6 135.1798   1952.089457  x:  0.00000   0.19516   0.08874   0.06861   0.01614   0.03912   0.00537   0.06687   0.03972   0.00878   0.18161   0.00124   0.18017   0.05443   0.00815   0.03137   0.10407   0.13078   0.06320   0.07350   0.02989   0.15300   0.22351   8.40411   1.76773   1.23646   1.68364   1.01530  
  7 47.9593   1951.787444  x:  0.00000   0.18993   0.09208   0.06944   0.02244   0.04022   0.00519   0.06638   0.04458   0.00940   0.18493   0.00247   0.16908   0.05499   0.00839   0.03179   0.10683   0.12925   0.06297   0.07348   0.03014   0.14694   0.22672   8.40397   1.76113   1.22557   1.69429   1.02431  
  8 65.1848   1951.473965  x:  0.00000   0.18530   0.09285   0.06863   0.01794   0.03529   0.00531   0.06509   0.04979   0.00961   0.18746   0.00086   0.15940   0.05462   0.00825   0.02937   0.10523   0.12871   0.06236   0.07492   0.02899   0.14233   0.22949   8.40380   1.75253   1.21169   1.70784   1.03591  
  9 73.7450   1951.354534  x:  0.00000   0.18393   0.09231   0.06792   0.01647   0.03402   0.00548   0.06475   0.04994   0.00947   0.18804   0.00472   0.15690   0.05445   0.00821   0.02908   0.10323   0.12980   0.06215   0.07563   0.02897   0.14167   0.23034   8.40371   1.74779   1.20420   1.71514   1.04222  
 10 88.4894   1950.684352  x:  0.00000   0.18055   0.08452   0.06279   0.01917   0.03506   0.00550   0.06456   0.04100   0.00946   0.18814   0.00283   0.15262   0.05324   0.00812   0.03113   0.08933   0.13552   0.06153   0.07834   0.02955   0.14297   0.23224   8.40317   1.72094   1.16274   1.75557   1.07753  
 11 107.4260   1950.051767  x:  0.00000   0.18442   0.08183   0.06977   0.01850   0.03653   0.00539   0.06783   0.04499   0.01009   0.18372   0.00175   0.16641   0.05272   0.00817   0.02735   0.09648   0.13448   0.06306   0.07130   0.03029   0.15127   0.22897   8.40256   1.68965   1.11783   1.79951   1.11769  
 12 70.2017   1949.972209  x:  0.00000   0.18597   0.08430   0.06836   0.01841   0.03471   0.00541   0.06599   0.04528   0.00988   0.18259   0.00156   0.16934   0.05286   0.00810   0.03152   0.09888   0.13300   0.06222   0.07315   0.02952   0.15179   0.22734   8.40248   1.68462   1.11262   1.80487   1.12380  
 13 33.6603   1949.939301  x:  0.00000   0.18738   0.08726   0.06638   0.01853   0.03550   0.00540   0.06451   0.04484   0.00960   0.18184   0.00157   0.17076   0.05343   0.00810   0.02956   0.09952   0.13228   0.06161   0.07527   0.02968   0.15107   0.22568   8.40245   1.68144   1.11145   1.80648   1.12731  
 14 16.2254   1949.910986  x:  0.00000   0.19004   0.08930   0.06635   0.01848   0.03533   0.00543   0.06656   0.04489   0.00937   0.18107   0.00172   0.17075   0.05311   0.00809   0.02988   0.09758   0.13155   0.06282   0.07418   0.02914   0.14791   0.22226   8.40243   1.67456   1.11427   1.80536   1.13412  
 15  6.5328   1949.877167  x:  0.00000   0.19188   0.08717   0.06785   0.01849   0.03506   0.00540   0.06481   0.04476   0.00947   0.18101   0.00174   0.16984   0.05449   0.00809   0.02999   0.09786   0.13171   0.06117   0.07383   0.03054   0.14645   0.21994   8.40241   1.66360   1.12012   1.80190   1.14494  
 16 11.4196   1949.850086  x:  0.00000   0.19198   0.08573   0.06787   0.01856   0.03576   0.00539   0.06425   0.04482   0.00963   0.18142   0.00183   0.16927   0.05401   0.00815   0.02975   0.09903   0.13249   0.06127   0.07448   0.02794   0.14723   0.21981   8.40241   1.65428   1.12516   1.79831   1.15431  
 17 23.5185   1949.822244  x:  0.00000   0.19052   0.08576   0.06619   0.01852   0.03545   0.00543   0.06567   0.04519   0.00969   0.18222   0.00161   0.16941   0.05356   0.00813   0.02983   0.10001   0.13264   0.06293   0.07538   0.02952   0.14971   0.22189   8.40241   1.64415   1.13041   1.79348   1.16487  
 18 21.1665   1949.811464  x:  0.00000   0.18913   0.08740   0.06662   0.01852   0.03542   0.00542   0.06560   0.04506   0.00959   0.18243   0.00153   0.17033   0.05369   0.00814   0.02987   0.09878   0.13198   0.06161   0.07438   0.02930   0.15079   0.22397   8.40242   1.64042   1.13162   1.79046   1.16939  
 19  8.6399   1949.805945  x:  0.00000   0.18868   0.08749   0.06755   0.01853   0.03543   0.00541   0.06478   0.04495   0.00959   0.18210   0.00153   0.17128   0.05398   0.00812   0.02990   0.09828   0.13171   0.06280   0.07484   0.02924   0.14992   0.22527   8.40246   1.63916   1.13033   1.78688   1.17227  
 20  3.4095   1949.790530  x:  0.00000   0.18869   0.08645   0.06687   0.01852   0.03545   0.00543   0.06589   0.04509   0.00969   0.18106   0.00157   0.17283   0.05368   0.00814   0.02986   0.09894   0.13220   0.06167   0.07525   0.02924   0.14723   0.22739   8.40263   1.63656   1.12397   1.77413   1.18082  
 21  7.0738   1949.771024  x:  0.00000   0.18978   0.08669   0.06567   0.01855   0.03545   0.00545   0.06475   0.04522   0.00965   0.18122   0.00151   0.17124   0.05393   0.00812   0.02987   0.09899   0.13218   0.06240   0.07347   0.02927   0.14890   0.22627   8.40290   1.63343   1.11424   1.75646   1.19141  
 22 10.8573   1949.763443  x:  0.00000   0.18997   0.08705   0.06697   0.01854   0.03550   0.00544   0.06544   0.04509   0.00964   0.18177   0.00146   0.17035   0.05361   0.00811   0.02989   0.09872   0.13174   0.06207   0.07481   0.02945   0.15022   0.22505   8.40303   1.63192   1.11020   1.74943   1.19520  
 23 12.7574   1949.760282  x:  0.00000   0.18813   0.08686   0.06683   0.01854   0.03549   0.00545   0.06542   0.04511   0.00971   0.18304   0.00146   0.17118   0.05371   0.00810   0.02989   0.09869   0.13177   0.06210   0.07475   0.02943   0.14991   0.22349   8.40320   1.62933   1.10824   1.74673   1.19451  
 24  1.4215   1949.743903  x:  0.00000   0.18790   0.08696   0.06704   0.01857   0.03557   0.00548   0.06468   0.04507   0.00971   0.18177   0.00142   0.17067   0.05156   0.00811   0.02987   0.09872   0.13178   0.06204   0.07456   0.03003   0.14976   0.22375   8.40444   1.60993   1.09772   1.73424   1.18383  
 25  2.3029   1949.732249  x:  0.00000   0.18834   0.08667   0.06681   0.01855   0.03553   0.00552   0.06543   0.04513   0.00972   0.18118   0.00145   0.17018   0.05369   0.00807   0.02990   0.09861   0.13118   0.06213   0.07481   0.02945   0.14997   0.22445   8.40535   1.59594   1.09014   1.72539   1.17600  
 26 25.8135   1949.730313  x:  0.00000   0.18949   0.08667   0.06679   0.01855   0.03553   0.00552   0.06538   0.04515   0.00969   0.18295   0.00142   0.17047   0.05362   0.00807   0.02990   0.09853   0.13116   0.06212   0.07482   0.02944   0.14981   0.22506   8.40552   1.59436   1.08925   1.72444   1.17507  
 27  1.5996   1949.184908  x:  0.00000   0.19069   0.08024   0.06413   0.01893   0.03632   0.00796   0.06509   0.04705   0.01024   0.18119   0.00000   0.17425   0.05186   0.00671   0.03017   0.09479   0.11135   0.06178   0.07538   0.02949   0.15253   0.22357   8.45382   1.61353   1.09997   1.74031   1.17552  
 28  0.0625   1949.126781  x:  0.00000   0.18962   0.07835   0.06338   0.01919   0.03599   0.00831   0.06522   0.04648   0.01014   0.18184   0.00043   0.17296   0.05080   0.00711   0.02990   0.09580   0.10329   0.06193   0.07494   0.02956   0.15191   0.22439   8.44461   1.61798   1.10120   1.74433   1.17879  
 29  0.0141   1949.120176  x:  0.00000   0.18930   0.07789   0.06314   0.01910   0.03588   0.00809   0.06517   0.04633   0.01017   0.18184   0.00124   0.17211   0.05069   0.00743   0.02985   0.09555   0.10366   0.06191   0.07492   0.02949   0.15113   0.22441   8.42813   1.61919   1.10205   1.74545   1.17845  
 30  0.0164   1949.119095  x:  0.00000   0.18933   0.07817   0.06322   0.01899   0.03588   0.00783   0.06511   0.04625   0.01020   0.18180   0.00114   0.17197   0.05078   0.00745   0.02988   0.09533   0.10412   0.06190   0.07499   0.02949   0.15106   0.22436   8.41781   1.61874   1.10175   1.74550   1.17826  
 31  0.0071   1949.118858  x:  0.00000   0.18935   0.07805   0.06324   0.01904   0.03594   0.00772   0.06510   0.04628   0.01022   0.18181   0.00112   0.17207   0.05076   0.00742   0.02988   0.09542   0.10376   0.06191   0.07498   0.02949   0.15113   0.22436   8.41599   1.61872   1.10178   1.74523   1.17816  
 32  0.0013   1949.118853  x:  0.00000   0.18935   0.07803   0.06321   0.01904   0.03594   0.00772   0.06510   0.04630   0.01021   0.18181   0.00112   0.17210   0.05074   0.00742   0.02988   0.09541   0.10377   0.06190   0.07497   0.02950   0.15115   0.22437   8.41771   1.61880   1.10180   1.74527   1.17821  
 33  0.0016   1949.118853  x:  0.00000   0.18935   0.07804   0.06322   0.01904   0.03594   0.00772   0.06510   0.04630   0.01021   0.18181   0.00112   0.17210   0.05074   0.00742   0.02988   0.09541   0.10377   0.06191   0.07497   0.02949   0.15115   0.22437   8.41849   1.61881   1.10180   1.74529   1.17822  
 34  0.0006   1949.118853  x:  0.00000   0.18935   0.07803   0.06322   0.01904   0.03594   0.00772   0.06510   0.04630   0.01021   0.18181   0.00112   0.17210   0.05074   0.00742   0.02988   0.09541   0.10377   0.06191   0.07497   0.02949   0.15115   0.22437   8.41860   1.61880   1.10180   1.74528   1.17822  
 35  0.0001   1949.118853  x:  0.00000   0.18935   0.07803   0.06322   0.01904   0.03594   0.00772   0.06510   0.04630   0.01021   0.18181   0.00112   0.17210   0.05074   0.00742   0.02988   0.09541   0.10377   0.06191   0.07497   0.02949   0.15115   0.22437   8.41861   1.61880   1.10180   1.74528   1.17822  

TREE # 2

  0  0.0000   2253.777024  x:  0.00000   0.18935   0.07803   0.06322   0.01904   0.03594   0.00772   0.06510   0.04630   0.01021   0.18181   0.00112   0.17210   0.05074   0.00742   0.02988   0.09541   0.10377   0.06191   0.07497   0.02949   0.15115   0.22437   8.41861   1.58757   1.00282   1.59056   1.17822  
  1 99.0000   2079.309485  x:  0.16663   0.18985   0.08212   0.06919   0.01968   0.03927   0.04381   0.06195   0.04832   0.02938   0.18033   0.30194   0.17392   0.06452   0.07890   0.02975   0.09492   0.10126   0.06199   0.07455   0.02763   0.14773   0.22023   8.41861   1.58748   1.00296   1.59077   1.17823  
  2 12252.5018   2019.523210  x:  0.17792   0.14448   0.12736   0.13749   0.02341   0.06734   0.08676   0.01789   0.06031   0.01767   0.15371   0.27422   0.13190   0.16008   0.15568   0.00000   0.08307   0.07006   0.06000   0.06924   0.00486   0.10242   0.16509   8.41867   1.58441   1.00754   1.59284   1.17840  
  3 518.1114   2006.542280  x:  0.18462   0.12240   0.14096   0.15762   0.02262   0.07328   0.09686   0.00000   0.06360   0.01760   0.14226   0.26393   0.11136   0.18698   0.18007   0.02617   0.08053   0.05768   0.05941   0.06771   0.02275   0.08194   0.13847   8.41870   1.58298   1.00977   1.59380   1.17843  
  4 1078.2323   1992.651408  x:  0.20109   0.06864   0.17268   0.20457   0.02048   0.08688   0.12006   0.01783   0.07125   0.01850   0.11476   0.23948   0.06131   0.24958   0.23713   0.08338   0.07434   0.02828   0.05807   0.06415   0.06231   0.03240   0.07364   8.41876   1.57950   1.01516   1.59614   1.17850  
  5 3476.4703   1974.015994  x:  0.22125   0.01256   0.17293   0.20721   0.01573   0.07339   0.10762   0.01741   0.06566   0.03846   0.09827   0.22797   0.00766   0.25211   0.24706   0.08502   0.07158   0.04287   0.06179   0.06650   0.05624   0.01273   0.00654   8.41882   1.57591   1.02061   1.59839   1.17858  
  6 355.0381   1972.419343  x:  0.22434   0.00477   0.17318   0.20789   0.01698   0.07182   0.10613   0.01752   0.06515   0.03894   0.09602   0.22624   0.00000   0.25276   0.24883   0.08577   0.07122   0.04274   0.06213   0.06651   0.05578   0.01806   0.00182   8.41883   1.57537   1.02142   1.59875   1.17859  
  7 457.3244   1971.741134  x:  0.22631   0.00000   0.17328   0.20823   0.01751   0.07069   0.10508   0.01755   0.06477   0.03960   0.09461   0.22513   0.00000   0.25304   0.24986   0.08610   0.07100   0.04304   0.06245   0.06651   0.05539   0.01902   0.00252   8.41884   1.57503   1.02193   1.59897   1.17859  
  8 369.2601   1970.453193  x:  0.24425   0.00000   0.17458   0.20822   0.03433   0.05941   0.09430   0.01736   0.06305   0.02960   0.08863   0.21681   0.00000   0.24845   0.25416   0.08720   0.07070   0.03519   0.06444   0.06391   0.05088   0.01562   0.00285   8.41892   1.57200   1.02623   1.60115   1.17866  
  9 122.4886   1969.849881  x:  0.26091   0.00000   0.17922   0.20928   0.02563   0.05143   0.08907   0.01729   0.06484   0.02253   0.09064   0.20801   0.00000   0.24401   0.25840   0.08806   0.07166   0.03142   0.06457   0.06155   0.04758   0.01594   0.00284   8.41902   1.56891   1.03041   1.60376   1.17877  
 10 59.4986   1969.086126  x:  0.29429   0.00000   0.18975   0.21275   0.02788   0.05237   0.08525   0.01739   0.06880   0.03094   0.09954   0.18765   0.00000   0.23454   0.26758   0.09062   0.07383   0.03529   0.06418   0.05965   0.04384   0.01829   0.00238   8.41927   1.56167   1.03997   1.61037   1.17908  
 11 59.9834   1968.864309  x:  0.30582   0.00000   0.18873   0.21197   0.02673   0.05884   0.08876   0.01739   0.06442   0.02781   0.09464   0.18086   0.00000   0.22928   0.26958   0.08978   0.07169   0.03795   0.06427   0.06528   0.04516   0.01859   0.00218   8.41945   1.55754   1.04553   1.61453   1.17930  
 12 31.2868   1968.792768  x:  0.30855   0.00000   0.18583   0.21121   0.02588   0.05946   0.09113   0.01721   0.06369   0.03026   0.09174   0.17898   0.00000   0.22737   0.26979   0.08813   0.07074   0.03420   0.06367   0.06484   0.04629   0.01872   0.00205   8.41959   1.55499   1.04900   1.61739   1.17949  
 13 19.7557   1968.708197  x:  0.30958   0.00000   0.17990   0.21138   0.02630   0.05769   0.09454   0.01722   0.06610   0.02955   0.08915   0.17792   0.00000   0.22740   0.27097   0.08614   0.07137   0.03639   0.06337   0.06088   0.04925   0.01920   0.00182   8.41991   1.54982   1.05613   1.62382   1.17997  
 14 15.4720   1968.560281  x:  0.30708   0.00000   0.17101   0.21302   0.02690   0.05672   0.09261   0.01722   0.06645   0.02878   0.09493   0.17922   0.00000   0.23034   0.27341   0.08416   0.07394   0.03516   0.06423   0.06581   0.05187   0.02000   0.00165   8.42077   1.53803   1.07274   1.64042   1.18133  
 15 16.0789   1968.443954  x:  0.30260   0.00000   0.17283   0.21295   0.02661   0.06109   0.08824   0.01723   0.06361   0.02760   0.09592   0.18261   0.00000   0.23029   0.27255   0.08572   0.07194   0.03475   0.06210   0.06128   0.04949   0.02080   0.00157   8.42166   1.52961   1.08553   1.65586   1.18276  
 16 17.5444   1968.337590  x:  0.29720   0.00000   0.18149   0.21164   0.02760   0.05915   0.09017   0.01725   0.06676   0.02762   0.09250   0.18627   0.00000   0.22804   0.26939   0.08812   0.07084   0.03441   0.06426   0.06361   0.04573   0.02188   0.00153   8.42269   1.52462   1.09508   1.67149   1.18440  
 17 17.3144   1968.282890  x:  0.29662   0.00000   0.18566   0.21059   0.02857   0.05682   0.09382   0.01722   0.06334   0.02733   0.09382   0.18680   0.00000   0.22733   0.26744   0.08674   0.07361   0.03441   0.06177   0.06351   0.04727   0.02233   0.00160   8.42347   1.52731   1.09567   1.67968   1.18552  
 18  7.4987   1968.106137  x:  0.29943   0.00000   0.18951   0.20681   0.02941   0.06058   0.09464   0.01691   0.06671   0.02544   0.09737   0.18712   0.00000   0.22645   0.26113   0.07962   0.07399   0.03239   0.06597   0.06144   0.05527   0.02339   0.00160   8.42656   1.54718   1.08925   1.70557   1.18957  
 19 11.3085   1967.821443  x:  0.30111   0.00000   0.18497   0.20797   0.03078   0.05784   0.08887   0.01682   0.06837   0.02527   0.09337   0.18795   0.00000   0.23037   0.25723   0.07814   0.06999   0.03284   0.05825   0.06469   0.05550   0.02562   0.00127   8.43179   1.58462   1.07689   1.74231   1.19571  
 20 23.7072   1967.666802  x:  0.30082   0.00000   0.18006   0.20959   0.03087   0.05666   0.08888   0.01687   0.06336   0.02555   0.09181   0.18809   0.00000   0.23110   0.25765   0.08098   0.07243   0.03254   0.06441   0.06298   0.05062   0.02689   0.00094   8.43480   1.60549   1.07252   1.75950   1.19877  
 21 33.4621   1967.500760  x:  0.29992   0.00000   0.17345   0.20993   0.03111   0.05962   0.09422   0.01681   0.06661   0.02398   0.09478   0.18766   0.00000   0.22326   0.26100   0.08552   0.07480   0.03136   0.06181   0.06251   0.04214   0.02687   0.00112   8.43841   1.62624   1.07732   1.77034   1.20130  
 22 13.9267   1966.958953  x:  0.29137   0.00000   0.17180   0.21341   0.03218   0.05419   0.09551   0.01648   0.06324   0.02368   0.10014   0.18950   0.00000   0.20237   0.27573   0.07955   0.06150   0.03266   0.06401   0.06204   0.04496   0.02787   0.00120   8.45094   1.68675   1.11436   1.78822   1.20737  
 23 17.5749   1966.172592  x:  0.28303   0.00000   0.17421   0.21100   0.03106   0.05692   0.08339   0.01577   0.06464   0.02463   0.09021   0.19316   0.00000   0.18432   0.28660   0.06693   0.07768   0.03241   0.06267   0.06337   0.05088   0.02887   0.00123   8.47015   1.77261   1.17557   1.81081   1.21565  
 24 68.8409   1964.403510  x:  0.29863   0.00000   0.16970   0.17319   0.03145   0.05441   0.08483   0.01483   0.06298   0.02535   0.09223   0.19243   0.00000   0.21193   0.24372   0.06123   0.07519   0.03387   0.06342   0.06349   0.04196   0.02922   0.00145   8.51326   1.93418   1.31377   1.85736   1.23098  
 25 48.1310   1963.761634  x:  0.30722   0.00000   0.16484   0.20239   0.03044   0.05428   0.08477   0.01434   0.06213   0.02620   0.09105   0.19473   0.00000   0.20685   0.20938   0.05707   0.07638   0.03447   0.06457   0.06335   0.04088   0.02863   0.00194   8.52948   1.96335   1.34135   1.88553   1.23397  
 26 20.1219   1959.807669  x:  0.31420   0.00000   0.14156   0.16302   0.02298   0.04824   0.07342   0.01169   0.05691   0.03359   0.08589   0.18929   0.00000   0.17744   0.20431   0.03193   0.07781   0.04269   0.06843   0.06387   0.02880   0.02045   0.00440   8.63010   1.94169   1.31710   2.12796   1.23188  
 27 11.5194   1959.782226  x:  0.31426   0.00177   0.14134   0.16266   0.02292   0.04818   0.07332   0.01166   0.05686   0.03365   0.08585   0.18925   0.00000   0.17715   0.20424   0.03169   0.07782   0.04276   0.06846   0.06387   0.02870   0.02039   0.00442   8.63105   1.94130   1.31674   2.12980   1.23178  
 28 44.2833   1956.883694  x:  0.31439   0.00244   0.13208   0.14972   0.02766   0.04540   0.07041   0.00981   0.05613   0.03074   0.08721   0.19562   0.00000   0.15582   0.18283   0.00993   0.07923   0.04149   0.06858   0.06384   0.02775   0.02878   0.00427   8.70027   1.77173   1.18785   1.91347   1.16112  
 29  6.9639   1956.545136  x:  0.31361   0.00211   0.13188   0.15041   0.02819   0.04546   0.07027   0.00979   0.05613   0.03035   0.08769   0.19579   0.00000   0.15521   0.18385   0.01163   0.07893   0.04173   0.06858   0.06393   0.02472   0.03012   0.00435   8.69774   1.72048   1.15629   1.85198   1.28792  
 30  1.7110   1955.895341  x:  0.31030   0.00192   0.13504   0.15429   0.02916   0.04619   0.07116   0.01001   0.05702   0.02969   0.08996   0.19606   0.00000   0.15726   0.18816   0.01848   0.07830   0.04231   0.06797   0.06413   0.01690   0.03218   0.00444   8.68527   1.64544   1.10657   1.76844   1.19463  
 31  1.2719   1955.034441  x:  0.30552   0.00104   0.14526   0.16640   0.02886   0.04935   0.07424   0.01008   0.06080   0.02963   0.09588   0.19258   0.00000   0.16845   0.20244   0.01526   0.07847   0.04538   0.06550   0.06479   0.02590   0.03428   0.00463   8.60346   1.53561   1.04737   1.65689   1.16721  
 32  0.3410   1954.118381  x:  0.30284   0.00046   0.15360   0.17468   0.02788   0.05196   0.07817   0.00879   0.06384   0.03163   0.10092   0.18545   0.00000   0.17764   0.20777   0.00635   0.07877   0.05012   0.06181   0.06565   0.01988   0.03453   0.00566   8.47074   1.59306   1.10968   1.71070   1.18662  
 33  0.1607   1953.689536  x:  0.29780   0.00008   0.15071   0.17904   0.02894   0.05216   0.08026   0.00884   0.06138   0.03128   0.09635   0.17815   0.00000   0.19448   0.21993   0.01102   0.07863   0.05059   0.06282   0.06552   0.01653   0.03497   0.00663   8.44546   1.62671   1.12980   1.75587   1.17378  
 34  0.0602   1953.494822  x:  0.29653   0.00000   0.15072   0.17926   0.02895   0.05218   0.08041   0.00870   0.06093   0.03086   0.09507   0.17567   0.00000   0.19555   0.22108   0.01028   0.07863   0.05019   0.06320   0.06537   0.01644   0.03501   0.00693   8.45712   1.61741   1.12057   1.74928   1.17414  
 35  0.0515   1953.494822  x:  0.29653   0.00000   0.15072   0.17926   0.02895   0.05218   0.08041   0.00870   0.06093   0.03086   0.09507   0.17567   0.00000   0.19555   0.22108   0.01028   0.07863   0.05019   0.06320   0.06537   0.01644   0.03501   0.00693   8.45712   1.61741   1.12057   1.74928   1.17414  
 36  0.2004   1952.054085  x:  0.28175   0.00019   0.15027   0.17723   0.02844   0.05119   0.07573   0.00401   0.06146   0.02655   0.09535   0.14901   0.00000   0.19071   0.21256   0.00612   0.07833   0.04538   0.06318   0.06509   0.02706   0.03709   0.01428   8.45714   1.61743   1.12025   1.74900   1.17424  
 37 81.0050   1950.806667  x:  0.26358   0.00082   0.14979   0.17483   0.02825   0.05038   0.07090   0.01296   0.06217   0.02385   0.09583   0.11688   0.00000   0.18498   0.20239   0.00746   0.07847   0.04103   0.06284   0.06502   0.03218   0.03812   0.01393   8.45717   1.61750   1.11980   1.74869   1.17437  
 38 336.1956   1949.797184  x:  0.24926   0.00093   0.14949   0.17308   0.02858   0.05003   0.06892   0.00804   0.06238   0.02625   0.09610   0.09434   0.00000   0.18088   0.19484   0.01105   0.07876   0.04064   0.06253   0.06516   0.02825   0.03732   0.00682   8.45718   1.61759   1.11933   1.74848   1.17448  
 39 212.1344   1949.556827  x:  0.24262   0.00125   0.14953   0.17243   0.02907   0.05030   0.06994   0.00802   0.06239   0.02863   0.09611   0.08911   0.00000   0.17953   0.19172   0.00919   0.07858   0.04264   0.06290   0.06498   0.02227   0.03701   0.01019   8.45719   1.61771   1.11894   1.74844   1.17455  
 40 71.0704   1949.437293  x:  0.23313   0.00061   0.14979   0.17170   0.02916   0.05064   0.07264   0.00824   0.06235   0.02709   0.09578   0.09122   0.00000   0.17845   0.18805   0.00692   0.07816   0.04480   0.06326   0.06502   0.02225   0.03664   0.00873   8.45718   1.61799   1.11806   1.74844   1.17468  
 41 26.2190   1949.342343  x:  0.22367   0.00165   0.15017   0.17107   0.02922   0.05082   0.07481   0.00801   0.06230   0.02634   0.09550   0.09410   0.00000   0.17755   0.18471   0.00935   0.07802   0.04611   0.06354   0.06498   0.02281   0.03664   0.00950   8.45718   1.61830   1.11708   1.74846   1.17482  
 42 73.0514   1949.316820  x:  0.22038   0.00085   0.15033   0.17088   0.02909   0.05058   0.07405   0.00809   0.06228   0.02811   0.09555   0.09558   0.00000   0.17762   0.18395   0.00943   0.07789   0.04445   0.06334   0.06498   0.02301   0.03691   0.00954   8.45717   1.61850   1.11646   1.74850   1.17491  
 43 18.2797   1949.311073  x:  0.21951   0.00155   0.15045   0.17088   0.02913   0.05046   0.07351   0.00808   0.06227   0.02827   0.09558   0.09599   0.00000   0.17778   0.18389   0.00916   0.07785   0.04383   0.06325   0.06498   0.02284   0.03695   0.00939   8.45717   1.61860   1.11616   1.74852   1.17495  
 44 14.0704   1949.307348  x:  0.21880   0.00135   0.15058   0.17090   0.02924   0.05037   0.07262   0.00800   0.06225   0.02760   0.09563   0.09625   0.00000   0.17819   0.18416   0.00923   0.07790   0.04350   0.06317   0.06497   0.02233   0.03690   0.00944   8.45716   1.61878   1.11559   1.74858   1.17503  
 45  6.3367   1949.304304  x:  0.21809   0.00134   0.15085   0.17100   0.02933   0.05036   0.07186   0.00804   0.06223   0.02781   0.09574   0.09618   0.00000   0.17912   0.18501   0.00918   0.07806   0.04426   0.06319   0.06499   0.02258   0.03671   0.00944   8.45713   1.61924   1.11416   1.74871   1.17523  
 46  3.3695   1949.300393  x:  0.21744   0.00131   0.15121   0.17113   0.02899   0.05041   0.07270   0.00802   0.06224   0.02773   0.09577   0.09577   0.00000   0.18042   0.18635   0.00915   0.07809   0.04393   0.06317   0.06500   0.02254   0.03709   0.00942   8.45708   1.62023   1.11102   1.74899   1.17567  
 47  3.6658   1949.298087  x:  0.21752   0.00128   0.15112   0.17108   0.02966   0.05050   0.07297   0.00801   0.06225   0.02775   0.09564   0.09572   0.00000   0.18034   0.18642   0.00917   0.07798   0.04365   0.06321   0.06493   0.02260   0.03652   0.00946   8.45703   1.62099   1.10849   1.74917   1.17605  
 48  3.3612   1949.291971  x:  0.21830   0.00132   0.15066   0.17081   0.02919   0.04998   0.07261   0.00800   0.06222   0.02777   0.09531   0.09594   0.00000   0.17902   0.18544   0.00922   0.07776   0.04389   0.06323   0.06488   0.02249   0.03657   0.00943   8.45689   1.62315   1.10120   1.74960   1.17721  
 49  6.7271   1949.291304  x:  0.21841   0.00131   0.15067   0.17082   0.02941   0.05026   0.07253   0.00800   0.06221   0.02778   0.09545   0.09598   0.00000   0.17891   0.18525   0.00922   0.07787   0.04394   0.06318   0.06495   0.02247   0.03696   0.00939   8.45687   1.62332   1.10051   1.74959   1.17736  
 50  2.5841   1949.290329  x:  0.21858   0.00131   0.15098   0.17099   0.02917   0.05062   0.07255   0.00798   0.06219   0.02777   0.09604   0.09604   0.00000   0.17903   0.18484   0.00921   0.07825   0.04387   0.06312   0.06502   0.02245   0.03671   0.00941   8.45681   1.62326   1.10005   1.74928   1.17766  
 51  0.7883   1949.285104  x:  0.21916   0.00118   0.15212   0.17180   0.02976   0.04929   0.07285   0.00796   0.06226   0.02781   0.09681   0.09620   0.00000   0.18005   0.18361   0.00926   0.07840   0.04398   0.06320   0.06489   0.02234   0.03688   0.00934   8.45646   1.62211   1.09904   1.74697   1.17935  
 52  1.2222   1949.262305  x:  0.22061   0.00102   0.15421   0.17334   0.02942   0.05065   0.07273   0.00784   0.06218   0.02815   0.09438   0.09689   0.00000   0.18248   0.18192   0.00955   0.07633   0.04433   0.06353   0.06471   0.02181   0.03673   0.00911   8.45488   1.61642   1.09589   1.73647   1.18670  
 53  4.9736   1949.202229  x:  0.22190   0.00113   0.15116   0.17214   0.02957   0.05035   0.07389   0.00754   0.06187   0.02891   0.09387   0.09922   0.00000   0.18177   0.18623   0.00951   0.07948   0.04513   0.06253   0.06605   0.02036   0.03635   0.00865   8.45068   1.60077   1.08867   1.70940   1.20519  
 54 12.1554   1949.193113  x:  0.22198   0.00115   0.15082   0.17179   0.02948   0.05063   0.07392   0.00747   0.06221   0.02898   0.09565   0.09961   0.00000   0.18104   0.18748   0.00963   0.07814   0.04529   0.06353   0.06469   0.02012   0.03645   0.00846   8.45004   1.59835   1.08766   1.70603   1.20736  
 55  8.3964   1949.189433  x:  0.22202   0.00110   0.15160   0.17186   0.02953   0.05053   0.07399   0.00745   0.06176   0.02900   0.09620   0.09973   0.00000   0.18035   0.18809   0.00969   0.07717   0.04542   0.06304   0.06575   0.02003   0.03633   0.00849   8.44977   1.59731   1.08746   1.70694   1.20629  
 56  1.3967   1949.171065  x:  0.22244   0.00092   0.15465   0.17255   0.02960   0.05056   0.07423   0.00734   0.06277   0.02927   0.09518   0.10046   0.00000   0.17848   0.18963   0.00965   0.07832   0.04567   0.06282   0.06480   0.01954   0.03626   0.00829   8.44841   1.59232   1.08690   1.71579   1.19724  
 57  3.6506   1949.153934  x:  0.22310   0.00101   0.15277   0.17260   0.02955   0.05065   0.07442   0.00727   0.06077   0.02948   0.09516   0.10108   0.00000   0.18017   0.18909   0.00974   0.07857   0.04574   0.06430   0.06493   0.01910   0.03624   0.00808   8.44714   1.58862   1.08673   1.72469   1.18785  
 58  8.7089   1949.146431  x:  0.22346   0.00111   0.15105   0.17235   0.02949   0.05074   0.07454   0.00720   0.06215   0.02956   0.09552   0.10137   0.00000   0.18159   0.18848   0.00981   0.07797   0.04597   0.06329   0.06519   0.01890   0.03611   0.00805   8.44657   1.58769   1.08688   1.72859   1.18342  
 59  9.4270   1949.143040  x:  0.22367   0.00115   0.15125   0.17151   0.02952   0.05074   0.07465   0.00719   0.06147   0.02960   0.09554   0.10150   0.00000   0.18186   0.18842   0.00982   0.07788   0.04611   0.06229   0.06440   0.01883   0.03608   0.00803   8.44625   1.59125   1.08821   1.72936   1.18073  
 60  1.4360   1949.132602  x:  0.22422   0.00120   0.15204   0.16979   0.02961   0.05067   0.07473   0.00712   0.06204   0.02975   0.09542   0.10196   0.00000   0.18218   0.18855   0.00986   0.07803   0.04616   0.06336   0.06518   0.01853   0.03603   0.00791   8.44525   1.60418   1.09291   1.73136   1.17220  
 61  8.4658   1949.128904  x:  0.22410   0.00116   0.15134   0.17229   0.02957   0.05072   0.07479   0.00710   0.06196   0.02980   0.09543   0.10209   0.00000   0.18167   0.18893   0.00986   0.07803   0.04623   0.06323   0.06509   0.01844   0.03600   0.00787   8.44486   1.60931   1.09484   1.73234   1.16956  
 62  4.0555   1949.124140  x:  0.22423   0.00116   0.15124   0.17216   0.02955   0.05073   0.07484   0.00709   0.06193   0.02985   0.09540   0.10232   0.00000   0.18170   0.18903   0.00989   0.07801   0.04629   0.06320   0.06510   0.01836   0.03595   0.00783   8.44340   1.61880   1.10164   1.74502   1.18020  
 63  0.5004   1949.119078  x:  0.22465   0.00112   0.15113   0.17213   0.02950   0.05075   0.07498   0.00741   0.06192   0.02987   0.09542   0.10366   0.00000   0.18187   0.18949   0.01007   0.07803   0.04632   0.06323   0.06510   0.01913   0.03594   0.00773   8.43160   1.61930   1.10211   1.74597   1.17820  
 64  0.0160   1949.118861  x:  0.22433   0.00111   0.15115   0.17209   0.02949   0.05074   0.07498   0.00742   0.06190   0.02988   0.09541   0.10381   0.00000   0.18180   0.18933   0.01020   0.07804   0.04631   0.06322   0.06511   0.01904   0.03594   0.00771   8.42225   1.61875   1.10176   1.74521   1.17833  
 65  0.0080   1949.118853  x:  0.22437   0.00112   0.15115   0.17210   0.02950   0.05074   0.07497   0.00742   0.06191   0.02988   0.09541   0.10377   0.00000   0.18181   0.18935   0.01021   0.07803   0.04630   0.06322   0.06510   0.01904   0.03594   0.00772   8.41937   1.61881   1.10181   1.74530   1.17823  
 66  0.0024   1949.118853  x:  0.22437   0.00112   0.15115   0.17210   0.02950   0.05074   0.07497   0.00742   0.06191   0.02988   0.09541   0.10377   0.00000   0.18181   0.18935   0.01021   0.07803   0.04630   0.06322   0.06510   0.01904   0.03594   0.00772   8.41879   1.61881   1.10180   1.74529   1.17823  
 67  0.0006   1949.118853  x:  0.22437   0.00112   0.15115   0.17210   0.02949   0.05074   0.07497   0.00742   0.06191   0.02988   0.09541   0.10377   0.00000   0.18181   0.18935   0.01021   0.07803   0.04630   0.06322   0.06510   0.01904   0.03594   0.00772   8.41864   1.61880   1.10180   1.74528   1.17822  
 68  0.0002   1949.118853  x:  0.22437   0.00112   0.15115   0.17210   0.02949   0.05074   0.07497   0.00742   0.06191   0.02988   0.09541   0.10377   0.00000   0.18181   0.18935   0.01021   0.07803   0.04630   0.06322   0.06510   0.01904   0.03594   0.00772   8.41861   1.61880   1.10180   1.74528   1.17822  
 69  0.0000   1949.118853  x:  0.22437   0.00112   0.15115   0.17210   0.02949   0.05074   0.07497   0.00742   0.06191   0.02988   0.09541   0.10377   0.00000   0.18181   0.18935   0.01021   0.07803   0.04630   0.06322   0.06510   0.01904   0.03594   0.00772   8.41861   1.61880   1.10180   1.74528   1.17822  
 70  0.0000   1949.118853  x:  0.22437   0.00112   0.15115   0.17210   0.02949   0.05074   0.07497   0.00742   0.06191   0.02988   0.09541   0.10377   0.00000   0.18181   0.18935   0.01021   0.07803   0.04630   0.06322   0.06510   0.01904   0.03594   0.00772   8.41861   1.61880   1.10180   1.74528   1.17822  
 71  0.0000   1949.118853  x:  0.22437   0.00112   0.15115   0.17210   0.02949   0.05074   0.07497   0.00742   0.06191   0.02988   0.09541   0.10377   0.00000   0.18181   0.18935   0.01021   0.07803   0.04630   0.06322   0.06510   0.01904   0.03594   0.00772   8.41861   1.61880   1.10180   1.74528   1.17822  