

TREE # 1

  0  0.0000   1943.741889  x:  0.01972   0.20925   0.02571   0.03211   0.02495   0.05815   0.02188   0.05666   0.08536   0.02661   0.17168   0.01972   0.20925   0.02571   0.03211   0.02495   0.05815   0.02188   0.05666   0.08536   0.02661   0.17168   0.21568   8.40433   1.49668   1.15674   1.49268   1.00000  
  1 99.0000   1933.587490  x:  0.00612   0.21819   0.02540   0.01749   0.03837   0.05215   0.03219   0.04787   0.08602   0.01377   0.16570   0.00000   0.21319   0.01946   0.03164   0.01310   0.06153   0.00746   0.05780   0.09636   0.02791   0.17449   0.21787   8.40437   1.49753   1.15603   1.49335   0.99871  
  2 291.9082   1932.195121  x:  0.00000   0.22485   0.02753   0.01276   0.03643   0.04923   0.02914   0.04316   0.08620   0.01235   0.16126   0.00000   0.21585   0.01934   0.03275   0.01462   0.06346   0.01066   0.05758   0.10158   0.02853   0.17658   0.21983   8.40440   1.49820   1.15542   1.49396   0.99761  
  3 149.3139   1931.105403  x:  0.00000   0.24118   0.03017   0.01826   0.03176   0.04535   0.02465   0.03663   0.08638   0.01580   0.15153   0.00000   0.22192   0.02049   0.03287   0.01486   0.06573   0.00462   0.05729   0.11026   0.02879   0.18164   0.22499   8.40448   1.49996   1.15369   1.49568   0.99448  
  4 138.8134   1930.446726  x:  0.00000   0.25826   0.02843   0.02604   0.03291   0.04476   0.02858   0.03574   0.08633   0.01716   0.14189   0.00000   0.22813   0.02058   0.03178   0.01160   0.06645   0.01013   0.05695   0.11582   0.02823   0.18672   0.23061   8.40459   1.50208   1.15161   1.49779   0.99054  
  5 132.9969   1929.915813  x:  0.00000   0.27473   0.02430   0.02559   0.03516   0.04848   0.03096   0.04223   0.08593   0.01461   0.13327   0.00000   0.23393   0.02043   0.03078   0.01843   0.06465   0.00892   0.05691   0.11570   0.02787   0.19106   0.23637   8.40475   1.50487   1.14901   1.50053   0.98522  
  6 85.5202   1929.479331  x:  0.00000   0.28761   0.02536   0.02012   0.03466   0.05244   0.02908   0.04832   0.08566   0.01501   0.12825   0.00000   0.23818   0.02031   0.03112   0.01230   0.06194   0.00767   0.05705   0.11016   0.02817   0.19356   0.24117   8.40494   1.50821   1.14610   1.50374   0.97865  
  7 63.7853   1929.055494  x:  0.00000   0.29788   0.02989   0.01829   0.03881   0.04879   0.03456   0.04146   0.08631   0.01417   0.13089   0.00000   0.24076   0.01742   0.03294   0.01297   0.06254   0.00648   0.05799   0.09971   0.02789   0.19274   0.24512   8.40538   1.51494   1.14084   1.51013   0.96487  
  8 28.8556   1928.830289  x:  0.00000   0.30068   0.02604   0.01808   0.04084   0.04683   0.03379   0.03856   0.08631   0.01031   0.13387   0.00000   0.24122   0.02004   0.03217   0.01128   0.06385   0.00583   0.05809   0.09975   0.02803   0.19129   0.24594   8.40570   1.51948   1.13760   1.51446   0.95536  
  9 42.6729   1928.548706  x:  0.00000   0.30153   0.02352   0.01508   0.04577   0.04579   0.03451   0.03892   0.08608   0.01415   0.13806   0.00000   0.24105   0.01803   0.02994   0.01039   0.06575   0.00503   0.05810   0.10854   0.02814   0.18870   0.24530   8.40623   1.52696   1.13273   1.52161   0.93948  
 10 51.1348   1928.387981  x:  0.00000   0.30031   0.02781   0.01606   0.04697   0.04691   0.03579   0.04112   0.08596   0.01098   0.13905   0.00000   0.24060   0.01685   0.03072   0.00989   0.06539   0.00457   0.05828   0.11561   0.02929   0.18751   0.24389   8.40662   1.53204   1.12984   1.52649   0.92850  
 11 52.9222   1928.330218  x:  0.00000   0.29791   0.02792   0.01522   0.04642   0.04779   0.03803   0.03983   0.08600   0.01156   0.13584   0.00000   0.24026   0.01906   0.03164   0.00986   0.06315   0.00426   0.05883   0.11690   0.02936   0.18842   0.24200   8.40690   1.53537   1.12884   1.52968   0.92103  
 12 18.5163   1928.252063  x:  0.00000   0.29403   0.02674   0.01544   0.04565   0.04792   0.03779   0.03826   0.08607   0.01096   0.13024   0.00000   0.23985   0.01650   0.03094   0.00960   0.06114   0.00424   0.05939   0.11671   0.02858   0.19036   0.23908   8.40739   1.54076   1.12766   1.53488   0.90881  
 13 37.1265   1928.164962  x:  0.00000   0.29046   0.02776   0.01599   0.04844   0.04595   0.03615   0.03938   0.08618   0.01133   0.12509   0.00000   0.23993   0.01753   0.02998   0.00979   0.06368   0.00443   0.05923   0.11495   0.03001   0.19294   0.23643   8.40809   1.54824   1.12657   1.54226   0.89187  
 14 35.1732   1928.054459  x:  0.00000   0.28984   0.02678   0.01593   0.04602   0.04679   0.03669   0.04046   0.08575   0.01148   0.12721   0.00000   0.24093   0.01729   0.03351   0.00977   0.06779   0.00429   0.05743   0.11410   0.02743   0.19495   0.23650   8.40923   1.55981   1.12625   1.55417   0.86585  
 15 25.7510   1927.937664  x:  0.00000   0.29130   0.02719   0.01585   0.04376   0.04810   0.03655   0.03968   0.08560   0.01150   0.13281   0.00000   0.24214   0.01746   0.03023   0.01038   0.06563   0.00488   0.05755   0.11375   0.02962   0.19528   0.23837   8.41056   1.57274   1.12691   1.56788   0.83717  
 16 51.7284   1927.917854  x:  0.00000   0.29193   0.02718   0.01616   0.04479   0.04714   0.03545   0.03991   0.08578   0.01166   0.13348   0.00000   0.24182   0.01757   0.03143   0.01051   0.06361   0.00510   0.05845   0.11395   0.02889   0.19407   0.23911   8.41085   1.57514   1.12784   1.57072   0.83244  
 17 17.2766   1927.901111  x:  0.00000   0.29278   0.02728   0.01604   0.04397   0.04640   0.03592   0.04038   0.08606   0.01157   0.13188   0.00000   0.23973   0.01774   0.03083   0.01051   0.06395   0.00508   0.05847   0.11388   0.02836   0.18953   0.24038   8.41133   1.57779   1.13185   1.57494   0.82965  
 18  5.7444   1927.893873  x:  0.00000   0.29312   0.02697   0.01619   0.04420   0.04718   0.03572   0.03995   0.08602   0.01169   0.13129   0.00000   0.23889   0.01746   0.03148   0.01052   0.06423   0.00508   0.05826   0.11384   0.02940   0.18808   0.24081   8.41161   1.57916   1.13440   1.57731   0.82889  
 19  9.9073   1927.877627  x:  0.00000   0.29350   0.02760   0.01620   0.04532   0.04883   0.03509   0.03897   0.08547   0.01162   0.13113   0.00000   0.23798   0.01779   0.03100   0.01060   0.06446   0.00513   0.05775   0.11394   0.02823   0.18828   0.24096   8.41245   1.58299   1.14237   1.58419   0.82879  
 20  7.8392   1927.807345  x:  0.00000   0.29430   0.02738   0.01577   0.04478   0.04668   0.03579   0.03969   0.08397   0.01147   0.13211   0.00000   0.23623   0.01750   0.03134   0.01049   0.06408   0.00501   0.05795   0.11439   0.02907   0.19317   0.24050   8.41636   1.60086   1.17899   1.61600   0.83042  
 21 28.6562   1927.792864  x:  0.00000   0.29378   0.02729   0.01575   0.04467   0.04710   0.03577   0.03971   0.08722   0.01147   0.13223   0.00000   0.23853   0.01751   0.03136   0.01049   0.06454   0.00504   0.05906   0.11446   0.02897   0.19300   0.24025   8.41732   1.60598   1.18507   1.62300   0.83193  
 22 10.8772   1927.775000  x:  0.00000   0.29251   0.02732   0.01579   0.04475   0.04667   0.03573   0.03966   0.08674   0.01148   0.13196   0.00000   0.24351   0.01750   0.03146   0.01053   0.06386   0.00502   0.05697   0.11438   0.02894   0.19102   0.23993   8.41877   1.61472   1.18954   1.63194   0.83562  
 23  8.2899   1927.762530  x:  0.00000   0.29199   0.02735   0.01581   0.04457   0.04696   0.03570   0.03954   0.08476   0.01149   0.13178   0.00000   0.24544   0.01751   0.03146   0.01056   0.06443   0.00508   0.05896   0.11432   0.02885   0.19002   0.23985   8.41993   1.62197   1.19117   1.63824   0.83897  
 24 11.4185   1927.718921  x:  0.00000   0.29297   0.02740   0.01567   0.04420   0.04675   0.03546   0.03943   0.08569   0.01143   0.13181   0.00000   0.23991   0.01754   0.03139   0.01073   0.06421   0.00524   0.05818   0.11447   0.02889   0.19124   0.24024   8.42472   1.65136   1.19087   1.65962   0.85325  
 25  8.8749   1927.646084  x:  0.00000   0.29886   0.02767   0.01488   0.04384   0.04643   0.03512   0.03898   0.08587   0.01117   0.13208   0.00000   0.24069   0.01750   0.03165   0.01106   0.06467   0.00552   0.05816   0.11541   0.02897   0.18991   0.23169   8.44546   1.66953   1.19977   1.63884   0.85322  
 26  0.5072   1927.570156  x:  0.00000   0.29507   0.02804   0.01393   0.04380   0.04585   0.03489   0.03811   0.08603   0.01084   0.13026   0.00000   0.24197   0.01738   0.03192   0.01135   0.06530   0.00571   0.05816   0.11735   0.02914   0.19243   0.24295   8.46795   1.68163   1.20619   1.62112   0.85297  
 27  8.3917   1927.254960  x:  0.00000   0.30139   0.02952   0.00995   0.04214   0.04367   0.03310   0.03490   0.08593   0.00944   0.12660   0.00000   0.24430   0.01709   0.03311   0.01285   0.06730   0.00685   0.05760   0.12247   0.02929   0.19273   0.24096   8.56267   1.63769   1.18605   1.63423   0.85571  
 28  3.1115   1927.202093  x:  0.00000   0.30464   0.02992   0.01210   0.04101   0.04303   0.03177   0.03399   0.08601   0.00969   0.12579   0.00000   0.24538   0.01735   0.03306   0.01275   0.06797   0.00731   0.05749   0.12514   0.02948   0.19332   0.24163   8.63438   1.63142   1.18312   1.63503   0.85592  
 29  0.1101   1927.194349  x:  0.00000   0.30599   0.03018   0.01170   0.04076   0.04339   0.03089   0.03479   0.08602   0.00991   0.12573   0.00000   0.24574   0.01747   0.03276   0.01242   0.06789   0.00742   0.05757   0.12584   0.02968   0.19351   0.24210   8.68205   1.63394   1.18359   1.63545   0.85540  
 30  0.0621   1927.193583  x:  0.00000   0.30596   0.03020   0.01161   0.04081   0.04340   0.03117   0.03472   0.08602   0.00986   0.12573   0.00000   0.24569   0.01750   0.03262   0.01247   0.06787   0.00742   0.05760   0.12641   0.02972   0.19359   0.24205   8.71171   1.63460   1.18391   1.63537   0.85572  
 31  0.0257   1927.193521  x:  0.00000   0.30590   0.03018   0.01162   0.04086   0.04338   0.03111   0.03471   0.08602   0.00985   0.12577   0.00000   0.24568   0.01746   0.03263   0.01248   0.06786   0.00740   0.05759   0.12632   0.02971   0.19355   0.24204   8.72167   1.63457   1.18387   1.63552   0.85585  
 32  0.0080   1927.193515  x:  0.00000   0.30589   0.03018   0.01162   0.04084   0.04339   0.03113   0.03471   0.08602   0.00986   0.12576   0.00000   0.24568   0.01747   0.03265   0.01247   0.06786   0.00740   0.05759   0.12629   0.02970   0.19355   0.24204   8.72346   1.63452   1.18386   1.63553   0.85590  
 33  0.0019   1927.193515  x:  0.00000   0.30589   0.03018   0.01162   0.04084   0.04339   0.03113   0.03471   0.08602   0.00986   0.12576   0.00000   0.24568   0.01747   0.03265   0.01247   0.06786   0.00740   0.05759   0.12629   0.02970   0.19355   0.24204   8.72353   1.63452   1.18387   1.63552   0.85590  
 34  0.0001   1927.193515  x:  0.00000   0.30589   0.03018   0.01162   0.04084   0.04339   0.03113   0.03471   0.08602   0.00986   0.12576   0.00000   0.24568   0.01747   0.03265   0.01247   0.06786   0.00740   0.05759   0.12629   0.02970   0.19355   0.24204   8.72353   1.63453   1.18387   1.63552   0.85590  
 35  0.0000   1927.193515  x:  0.00000   0.30589   0.03018   0.01162   0.04084   0.04339   0.03113   0.03471   0.08602   0.00986   0.12576   0.00000   0.24568   0.01747   0.03265   0.01247   0.06786   0.00740   0.05759   0.12629   0.02970   0.19355   0.24204   8.72353   1.63452   1.18387   1.63552   0.85590  
 36  0.0000   1927.193515  x:  0.00000   0.30589   0.03018   0.01162   0.04084   0.04339   0.03113   0.03471   0.08602   0.00986   0.12576   0.00000   0.24568   0.01747   0.03265   0.01247   0.06786   0.00740   0.05759   0.12629   0.02970   0.19355   0.24204   8.72353   1.63452   1.18387   1.63552   0.85590  
 37  0.0000   1927.193515  x:  0.00000   0.30589   0.03018   0.01162   0.04084   0.04339   0.03113   0.03471   0.08602   0.00986   0.12576   0.00000   0.24568   0.01747   0.03265   0.01247   0.06786   0.00740   0.05759   0.12629   0.02970   0.19355   0.24204   8.72353   1.63452   1.18387   1.63552   0.85590  

TREE # 2

  0  0.0000   2310.827803  x:  0.00000   0.30589   0.03018   0.01162   0.04084   0.04339   0.03113   0.03471   0.08602   0.00986   0.12576   0.00000   0.24568   0.01747   0.03265   0.01247   0.06786   0.00740   0.05759   0.12629   0.02970   0.19355   0.24204   8.72353   1.60305   1.07773   1.49082   0.85590  
  1 99.0000   2096.516066  x:  0.22327   0.30394   0.09944   0.21733   0.04115   0.03900   0.06922   0.03315   0.08188   0.02004   0.12094   0.26194   0.24583   0.09474   0.11975   0.01419   0.06271   0.11857   0.04982   0.11728   0.03150   0.18478   0.23219   8.72353   1.60281   1.07787   1.49157   0.85597  
  2 5657.5026   2053.854049  x:  0.22334   0.27128   0.12664   0.23255   0.02818   0.01774   0.10354   0.02648   0.07158   0.00000   0.10151   0.22892   0.21560   0.11310   0.17461   0.00383   0.03902   0.10988   0.01781   0.08764   0.03278   0.15392   0.19741   8.72362   1.60120   1.08224   1.49174   0.85542  
  3 450.2924   2038.346435  x:  0.22341   0.25167   0.14194   0.24125   0.02166   0.00679   0.12208   0.02328   0.06580   0.01037   0.09058   0.20922   0.19747   0.12318   0.20521   0.00195   0.02605   0.10486   0.00000   0.07025   0.03364   0.13558   0.17663   8.72366   1.60027   1.08478   1.49187   0.85510  
  4 4214.6421   2023.254275  x:  0.22415   0.22667   0.16018   0.25223   0.01616   0.00000   0.14315   0.02063   0.05911   0.01806   0.07724   0.18477   0.17441   0.13491   0.24136   0.00911   0.01355   0.09933   0.01033   0.04924   0.03547   0.11254   0.15032   8.72372   1.59910   1.08790   1.49209   0.85469  
  5 2310.9291   2011.448472  x:  0.22484   0.20353   0.17703   0.26240   0.01137   0.00314   0.16265   0.01832   0.05295   0.02463   0.06491   0.16214   0.15307   0.14575   0.27478   0.01508   0.00212   0.09420   0.01789   0.02985   0.03711   0.09123   0.12597   8.72377   1.59802   1.09079   1.49229   0.85432  
  6 22801.9663   1995.507238  x:  0.22680   0.17094   0.19880   0.27644   0.01280   0.00531   0.18667   0.01811   0.04597   0.03117   0.04931   0.13132   0.12308   0.15938   0.31790   0.02275   0.01902   0.08825   0.02298   0.00663   0.03909   0.06216   0.09211   8.72384   1.59655   1.09472   1.49261   0.85380  
  7 3075.1072   1974.013366  x:  0.23416   0.11388   0.22970   0.29990   0.03208   0.00695   0.21672   0.02553   0.04139   0.03953   0.03181   0.08182   0.07106   0.17729   0.37922   0.02870   0.02896   0.08184   0.02899   0.03722   0.04363   0.01751   0.03560   8.72396   1.59415   1.10103   1.49341   0.85303  
  8 1409.0734   1960.600810  x:  0.24654   0.06649   0.24215   0.31600   0.03979   0.00723   0.22146   0.03012   0.05159   0.04258   0.04893   0.04927   0.02926   0.18142   0.40550   0.02482   0.03038   0.08533   0.03224   0.03932   0.04470   0.03567   0.00740   8.72403   1.59250   1.10520   1.49434   0.85255  
  9 524.7836   1950.236686  x:  0.25560   0.03273   0.25011   0.32698   0.04409   0.00745   0.22367   0.03251   0.05701   0.04462   0.05721   0.02714   0.00000   0.18373   0.42258   0.02220   0.03151   0.08793   0.03439   0.04101   0.04524   0.04111   0.01340   8.72409   1.59136   1.10808   1.49501   0.85221  
 10 1131.4169   1944.635343  x:  0.26558   0.00000   0.25041   0.33316   0.04192   0.00746   0.21575   0.03163   0.05713   0.04487   0.05882   0.01496   0.00000   0.18071   0.42581   0.01891   0.03158   0.09186   0.03511   0.04037   0.04362   0.03696   0.01261   8.72413   1.59041   1.11026   1.49578   0.85183  
 11 468.7813   1944.032618  x:  0.27411   0.00000   0.25086   0.33727   0.04059   0.00726   0.19917   0.04076   0.04896   0.04357   0.05323   0.00948   0.00000   0.17128   0.43784   0.02395   0.03080   0.08515   0.03304   0.04015   0.04556   0.04131   0.01277   8.72426   1.58750   1.11650   1.49819   0.85076  
 12 47.9416   1943.490499  x:  0.27591   0.00000   0.25173   0.33669   0.03979   0.00724   0.17747   0.04178   0.05180   0.04310   0.05977   0.01324   0.00000   0.15733   0.45965   0.02437   0.03055   0.07503   0.03272   0.03924   0.04627   0.03668   0.01270   8.72449   1.58251   1.12736   1.50244   0.84892  
 13 52.2528   1943.207119  x:  0.27318   0.00000   0.25074   0.33324   0.03944   0.00747   0.16542   0.03475   0.05301   0.04374   0.05409   0.01511   0.00000   0.15069   0.47489   0.02283   0.03144   0.08019   0.03350   0.04078   0.04509   0.04013   0.01287   8.72471   1.57847   1.13633   1.50658   0.84728  
 14 38.6630   1943.090499  x:  0.27138   0.00000   0.24665   0.32918   0.04080   0.00734   0.16196   0.03923   0.05122   0.04363   0.05561   0.01588   0.00000   0.15127   0.48016   0.02242   0.03070   0.08759   0.03339   0.03968   0.04515   0.03885   0.01287   8.72494   1.57562   1.14318   1.51080   0.84586  
 15 17.3504   1942.836631  x:  0.27593   0.00000   0.23183   0.32245   0.03412   0.00761   0.16185   0.03860   0.05153   0.04320   0.05786   0.01544   0.00000   0.16097   0.48337   0.02670   0.03207   0.08738   0.03245   0.04209   0.04515   0.03924   0.01312   8.72574   1.56810   1.16344   1.52556   0.84120  
 16 14.5837   1942.582446  x:  0.28205   0.00000   0.21914   0.31769   0.04148   0.00734   0.16265   0.03747   0.05337   0.04345   0.05496   0.01533   0.00000   0.16730   0.48131   0.02318   0.03053   0.08266   0.03312   0.03963   0.04470   0.03955   0.01320   8.72668   1.56124   1.18450   1.54233   0.83618  
 17 39.4013   1942.005433  x:  0.28309   0.00000   0.22513   0.31578   0.03961   0.00746   0.17326   0.03525   0.04422   0.04447   0.05811   0.01583   0.00000   0.15507   0.46346   0.01557   0.03155   0.08122   0.03528   0.04037   0.04909   0.04049   0.01355   8.72913   1.55527   1.22399   1.58209   0.82570  
 18 19.5285   1941.239895  x:  0.28228   0.00000   0.23839   0.31518   0.03757   0.00715   0.18357   0.03952   0.05417   0.04227   0.05459   0.01503   0.00000   0.13719   0.43498   0.02192   0.03005   0.08418   0.03231   0.03904   0.04665   0.03925   0.01365   8.73263   1.55147   1.27464   1.63719   0.81190  
 19 109.3919   1940.622790  x:  0.27353   0.00000   0.25174   0.31795   0.04274   0.00684   0.17227   0.03425   0.04828   0.03977   0.05917   0.01375   0.00000   0.14569   0.41530   0.02942   0.02805   0.08359   0.02919   0.03799   0.03700   0.03897   0.01413   8.73546   1.56517   1.29684   1.67473   0.80543  
 20 32.2237   1939.596560  x:  0.25705   0.00000   0.26913   0.32243   0.03949   0.00663   0.14715   0.03549   0.05248   0.03835   0.05687   0.01224   0.00000   0.16605   0.38466   0.02534   0.02722   0.08204   0.02849   0.03633   0.05099   0.03830   0.01446   8.74042   1.59993   1.32378   1.73522   0.79751  
 21 84.8371   1938.853106  x:  0.25107   0.00000   0.26756   0.32173   0.03170   0.00677   0.14117   0.04352   0.05436   0.03961   0.05365   0.01306   0.00000   0.16850   0.37383   0.01456   0.02845   0.07837   0.03171   0.03728   0.03989   0.03966   0.01491   8.74373   1.63323   1.33060   1.76909   0.79626  
 22 51.5437   1933.942590  x:  0.24665   0.00000   0.19688   0.30030   0.03219   0.00599   0.13276   0.03533   0.05195   0.03310   0.05945   0.00821   0.00000   0.12243   0.31813   0.01917   0.02371   0.08083   0.02563   0.03319   0.04340   0.03781   0.01702   8.76656   1.89579   1.33903   1.97729   0.80393  
 23 90.0467   1933.423751  x:  0.26897   0.00000   0.21177   0.26262   0.03242   0.00600   0.13036   0.03476   0.05254   0.03285   0.05998   0.00843   0.00000   0.12371   0.31070   0.01856   0.02353   0.08142   0.02558   0.03313   0.04346   0.03841   0.01745   8.76902   1.91549   1.34133   1.97646   0.81703  
 24 17.1800   1932.393046  x:  0.25854   0.00000   0.20581   0.26519   0.03095   0.00581   0.12622   0.03496   0.05264   0.03127   0.06090   0.00732   0.00000   0.12149   0.28142   0.01811   0.02257   0.08144   0.02456   0.03246   0.04276   0.03865   0.01794   8.77432   1.87288   1.37125   1.83945   0.89744  
 25  8.4544   1931.266725  x:  0.25396   0.00000   0.19826   0.25356   0.02997   0.00575   0.11761   0.03462   0.05352   0.03032   0.06383   0.00475   0.00000   0.11788   0.26601   0.01571   0.02211   0.08164   0.02417   0.03239   0.04178   0.03973   0.01861   8.78251   1.66559   1.22514   1.71249   0.83898  
 26  7.3830   1930.446019  x:  0.24766   0.00000   0.18486   0.24418   0.02967   0.00600   0.11767   0.03291   0.05520   0.02919   0.06480   0.01229   0.00000   0.12153   0.28508   0.01468   0.02344   0.08579   0.02341   0.03417   0.04112   0.04227   0.02091   8.78051   1.58336   1.15526   1.60655   0.84864  
 27  0.2658   1930.262000  x:  0.24306   0.00000   0.18505   0.24024   0.03090   0.00617   0.11950   0.03294   0.05699   0.02937   0.06781   0.01095   0.00000   0.12260   0.29409   0.01386   0.02430   0.08670   0.02378   0.03548   0.04109   0.04451   0.02101   8.77384   1.61080   1.17535   1.58296   0.82169  
 28  0.4371   1930.072814  x:  0.23757   0.00000   0.18457   0.23765   0.03183   0.00636   0.12057   0.03286   0.05887   0.02956   0.07097   0.00900   0.00000   0.12324   0.30575   0.01270   0.02532   0.08741   0.02417   0.03680   0.04090   0.04654   0.02109   8.76483   1.61133   1.17294   1.60312   0.86392  
 29  2.1148   1928.872771  x:  0.25565   0.00000   0.19184   0.26002   0.02891   0.00637   0.13056   0.03099   0.06007   0.02089   0.06889   0.00640   0.00000   0.13550   0.31830   0.01426   0.02674   0.09384   0.01644   0.03643   0.03947   0.04103   0.02859   8.67495   1.64816   1.16326   1.59460   0.86824  
 30  0.1062   1928.146710  x:  0.24626   0.00000   0.19874   0.25568   0.03194   0.00634   0.13013   0.03382   0.06017   0.01356   0.07073   0.00833   0.00000   0.12896   0.30343   0.01147   0.02741   0.09135   0.01099   0.03652   0.04051   0.04495   0.03260   8.64770   1.67458   1.18056   1.65646   0.85116  
 31  0.0852   1927.974160  x:  0.24620   0.00000   0.19561   0.25084   0.03099   0.00666   0.12552   0.03346   0.05900   0.01321   0.07038   0.00737   0.00000   0.12395   0.30683   0.00808   0.02865   0.08770   0.01169   0.03695   0.04089   0.04470   0.03298   8.67911   1.64579   1.18583   1.64012   0.85169  
 32  0.0591   1927.902115  x:  0.24381   0.00000   0.19322   0.24617   0.03059   0.00694   0.12460   0.03367   0.05800   0.01277   0.07014   0.00691   0.00000   0.12317   0.30808   0.01041   0.02940   0.08533   0.01128   0.03758   0.04079   0.04527   0.03285   8.70950   1.62694   1.18708   1.63056   0.85286  
 33  0.0751   1927.813844  x:  0.23958   0.00000   0.19155   0.24255   0.03138   0.00757   0.13071   0.03295   0.05701   0.01317   0.06784   0.00758   0.00000   0.12763   0.30355   0.00977   0.03105   0.08423   0.01250   0.03751   0.04095   0.04422   0.03245   8.76167   1.61843   1.18426   1.63200   0.85118  
 34  0.0393   1927.702132  x:  0.23876   0.00000   0.19351   0.24513   0.03229   0.00851   0.12584   0.03251   0.05604   0.01157   0.06493   0.00782   0.00000   0.12757   0.30950   0.00956   0.03319   0.08536   0.01233   0.03613   0.04082   0.04079   0.03271   8.79743   1.63808   1.18606   1.64046   0.85406  
 35  0.0289   1927.613656  x:  0.23951   0.00000   0.19580   0.24510   0.03106   0.00964   0.12847   0.03456   0.05757   0.01166   0.06694   0.00670   0.00000   0.12306   0.30835   0.00945   0.03564   0.08613   0.01327   0.03574   0.04135   0.04194   0.03156   8.76494   1.64554   1.18112   1.63951   0.85522  
 36  0.0176   1927.531252  x:  0.24351   0.00000   0.19225   0.24616   0.03118   0.01084   0.12486   0.03290   0.05891   0.01132   0.06826   0.00768   0.00000   0.12628   0.30354   0.00954   0.03707   0.08566   0.01336   0.03378   0.04149   0.04346   0.03042   8.70582   1.63649   1.18400   1.63329   0.85574  
 37  0.0288   1927.458646  x:  0.24386   0.00000   0.19429   0.24774   0.03099   0.01190   0.12821   0.03328   0.05671   0.01189   0.06824   0.00734   0.00000   0.12499   0.30862   0.00926   0.03643   0.08675   0.01248   0.03118   0.04017   0.04426   0.03021   8.69870   1.62102   1.18237   1.63546   0.84837  
 38  0.0053   1927.392134  x:  0.24041   0.00000   0.19367   0.24372   0.02853   0.01275   0.12680   0.03233   0.05610   0.01245   0.06831   0.00721   0.00000   0.12642   0.30851   0.00912   0.03520   0.08614   0.01113   0.03107   0.04168   0.04509   0.03055   8.72971   1.64724   1.19009   1.64954   0.85441  
 39  0.0207   1927.320629  x:  0.23867   0.00000   0.19451   0.24512   0.03088   0.01376   0.12564   0.03234   0.05796   0.01365   0.06780   0.00750   0.00000   0.12565   0.30655   0.00943   0.03302   0.08420   0.01044   0.03170   0.04121   0.04403   0.03067   8.76919   1.63676   1.17940   1.62277   0.86314  
 40  0.0209   1927.254919  x:  0.24318   0.00000   0.19180   0.24512   0.02953   0.01550   0.12655   0.03325   0.05882   0.01386   0.06750   0.00750   0.00000   0.12543   0.30458   0.00934   0.03303   0.08542   0.01038   0.03431   0.04012   0.04237   0.03103   8.75403   1.63445   1.18202   1.63840   0.85404  
 41  0.0115   1927.230291  x:  0.24177   0.00000   0.19481   0.24648   0.03035   0.01657   0.12577   0.03248   0.05764   0.01361   0.06799   0.00720   0.00000   0.12591   0.30519   0.00937   0.03297   0.08652   0.01053   0.03512   0.04151   0.04317   0.03107   8.72319   1.63199   1.18499   1.63797   0.85385  
 42  0.0190   1927.210349  x:  0.24306   0.00000   0.19233   0.24506   0.03043   0.01749   0.12620   0.03301   0.05652   0.01296   0.06783   0.00747   0.00000   0.12527   0.30589   0.00956   0.03182   0.08644   0.01080   0.03497   0.04086   0.04352   0.03127   8.69818   1.63934   1.18588   1.63430   0.85869  
 43  0.0117   1927.195595  x:  0.24171   0.00000   0.19362   0.24582   0.02956   0.01777   0.12586   0.03253   0.05742   0.01271   0.06792   0.00753   0.00000   0.12582   0.30592   0.00984   0.03055   0.08585   0.01165   0.03484   0.04043   0.04336   0.03120   8.70185   1.63408   1.18183   1.63362   0.85536  
 44  0.0046   1927.193769  x:  0.24196   0.00000   0.19344   0.24569   0.02971   0.01761   0.12641   0.03260   0.05765   0.01246   0.06791   0.00737   0.00000   0.12591   0.30582   0.00984   0.03024   0.08594   0.01159   0.03466   0.04083   0.04335   0.03128   8.71204   1.63387   1.18311   1.63485   0.85547  
 45  0.0112   1927.193575  x:  0.24203   0.00000   0.19357   0.24564   0.02971   0.01750   0.12629   0.03266   0.05761   0.01250   0.06786   0.00740   0.00000   0.12573   0.30590   0.00987   0.03020   0.08601   0.01164   0.03465   0.04088   0.04337   0.03123   8.71965   1.63468   1.18414   1.63578   0.85586  
 46  0.0079   1927.193538  x:  0.24202   0.00000   0.19357   0.24569   0.02970   0.01746   0.12627   0.03265   0.05759   0.01247   0.06787   0.00739   0.00000   0.12575   0.30585   0.00987   0.03019   0.08603   0.01163   0.03470   0.04082   0.04341   0.03121   8.72399   1.63451   1.18389   1.63551   0.85594  
 47  0.0029   1927.193522  x:  0.24208   0.00000   0.19351   0.24569   0.02971   0.01747   0.12628   0.03264   0.05758   0.01248   0.06787   0.00739   0.00000   0.12578   0.30589   0.00986   0.03018   0.08603   0.01163   0.03472   0.04084   0.04339   0.03116   8.72530   1.63450   1.18376   1.63546   0.85589  
 48  0.0006   1927.193516  x:  0.24205   0.00000   0.19356   0.24568   0.02970   0.01748   0.12629   0.03265   0.05759   0.01247   0.06787   0.00740   0.00000   0.12576   0.30589   0.00986   0.03018   0.08602   0.01162   0.03472   0.04084   0.04338   0.03113   8.72446   1.63451   1.18388   1.63551   0.85592  
 49  0.0006   1927.193515  x:  0.24204   0.00000   0.19355   0.24568   0.02970   0.01747   0.12629   0.03265   0.05759   0.01247   0.06787   0.00740   0.00000   0.12576   0.30589   0.00986   0.03018   0.08602   0.01162   0.03471   0.04084   0.04339   0.03113   8.72389   1.63454   1.18388   1.63554   0.85590  
 50  0.0005   1927.193515  x:  0.24204   0.00000   0.19355   0.24568   0.02970   0.01747   0.12629   0.03265   0.05759   0.01247   0.06786   0.00740   0.00000   0.12576   0.30589   0.00986   0.03018   0.08602   0.01162   0.03471   0.04084   0.04339   0.03113   8.72358   1.63452   1.18386   1.63551   0.85590  
 51  0.0002   1927.193515  x:  0.24204   0.00000   0.19355   0.24568   0.02970   0.01747   0.12629   0.03265   0.05759   0.01247   0.06786   0.00740   0.00000   0.12576   0.30589   0.00986   0.03018   0.08602   0.01162   0.03471   0.04084   0.04339   0.03113   8.72353   1.63452   1.18387   1.63552   0.85590  
 52  0.0000   1927.193515  x:  0.24204   0.00000   0.19355   0.24568   0.02970   0.01747   0.12629   0.03265   0.05759   0.01247   0.06786   0.00740   0.00000   0.12576   0.30589   0.00986   0.03018   0.08602   0.01162   0.03471   0.04084   0.04339   0.03113   8.72353   1.63452   1.18387   1.63552   0.85590  
 53  0.0000   1927.193515  x:  0.24204   0.00000   0.19355   0.24568   0.02970   0.01747   0.12629   0.03265   0.05759   0.01247   0.06786   0.00740   0.00000   0.12576   0.30589   0.00986   0.03018   0.08602   0.01162   0.03471   0.04084   0.04339   0.03113   8.72353   1.63452   1.18387   1.63552   0.85590  