

TREE # 1

  0  0.0000   2067.877563  x:  0.20925   0.02571   0.03211   0.02495   0.05815   0.02188   0.05666   0.08536   0.02661   0.17168   0.20925   0.02571   0.03211   0.02495   0.05815   0.02188   0.05666   0.08536   0.02661   0.17168   0.21568   8.40433   1.50484   1.01394   1.12290   1.00000  
  1 99.0000   2058.256214  x:  0.20167   0.04959   0.03619   0.04403   0.07311   0.05707   0.05262   0.10459   0.04619   0.17066   0.20079   0.03927   0.06572   0.02564   0.07955   0.03914   0.06124   0.09104   0.02945   0.17801   0.21640   8.40419   1.50437   1.01177   1.12819   1.00384  
  2 329.7734   2054.859154  x:  0.17730   0.04458   0.02893   0.03621   0.09139   0.04146   0.04544   0.14102   0.04351   0.16784   0.17457   0.03566   0.07982   0.02115   0.10443   0.02649   0.06190   0.09977   0.02449   0.19545   0.21848   8.40373   1.50263   1.00607   1.14548   1.01677  
  3 102.8784   2053.924693  x:  0.16024   0.04190   0.03306   0.03914   0.08859   0.04023   0.05158   0.14931   0.04403   0.16673   0.15717   0.03365   0.07451   0.03177   0.10569   0.02937   0.05906   0.10064   0.03420   0.20480   0.21987   8.40328   1.50121   1.00119   1.16145   1.02907  
  4 71.3418   2053.101521  x:  0.14340   0.04361   0.03216   0.04063   0.08129   0.04612   0.05342   0.14996   0.04618   0.16633   0.14004   0.03447   0.06676   0.02220   0.10027   0.03015   0.05720   0.09921   0.03140   0.21311   0.22142   8.40262   1.49946   0.99483   1.18368   1.04671  
  5 79.4811   2052.604680  x:  0.13758   0.04656   0.02772   0.03755   0.07943   0.04566   0.04775   0.14406   0.04727   0.16726   0.13508   0.03800   0.06920   0.02878   0.09464   0.03047   0.06094   0.09743   0.02575   0.21660   0.22257   8.40182   1.49807   0.98820   1.20849   1.06733  
  6 54.4238   2051.667133  x:  0.13783   0.04658   0.03197   0.03715   0.08459   0.03959   0.04408   0.13179   0.04667   0.16993   0.13901   0.03751   0.07928   0.02298   0.09004   0.03021   0.06506   0.09511   0.03502   0.21934   0.22441   8.39976   1.49587   0.97309   1.26871   1.11916  
  7 84.3662   2050.944795  x:  0.14540   0.04205   0.03154   0.03996   0.08811   0.04391   0.05269   0.12916   0.04354   0.17087   0.14690   0.03132   0.08013   0.02455   0.09516   0.02957   0.06046   0.09541   0.02790   0.21758   0.22474   8.39791   1.49564   0.96280   1.31777   1.16403  
  8 112.6914   2050.611172  x:  0.15264   0.04412   0.03096   0.03755   0.08475   0.04432   0.05101   0.13535   0.04503   0.16938   0.15224   0.03817   0.07244   0.02490   0.10062   0.02923   0.05597   0.09765   0.02921   0.21251   0.22331   8.39677   1.49798   0.96136   1.34096   1.18928  
  9 61.0207   2050.489156  x:  0.15494   0.04539   0.03158   0.03963   0.08190   0.04358   0.04776   0.14035   0.04600   0.16741   0.15306   0.03419   0.07004   0.02491   0.10034   0.03079   0.05946   0.09796   0.02883   0.20777   0.22145   8.39610   1.50177   0.96540   1.34775   1.20177  
 10 28.3442   2050.336427  x:  0.15535   0.04375   0.02988   0.03898   0.08099   0.04522   0.05103   0.14523   0.04470   0.16425   0.15185   0.03575   0.07244   0.02474   0.09597   0.02883   0.06322   0.09762   0.03029   0.19986   0.21791   8.39480   1.51204   0.97842   1.35302   1.22292  
 11 25.6948   2050.137109  x:  0.15360   0.04397   0.03313   0.03707   0.08402   0.04286   0.05144   0.14520   0.04549   0.16250   0.14968   0.03620   0.07458   0.02449   0.09374   0.03246   0.05784   0.09677   0.02784   0.19358   0.21456   8.39270   1.53036   1.00116   1.35700   1.25435  
 12 42.1020   2049.918385  x:  0.15182   0.04460   0.02953   0.04066   0.08629   0.04393   0.04812   0.14043   0.04558   0.16386   0.14913   0.03461   0.07330   0.02527   0.09688   0.02903   0.05410   0.09643   0.03018   0.19396   0.21381   8.39011   1.55413   1.02854   1.35969   1.29069  
 13 61.5773   2049.735434  x:  0.15184   0.04457   0.03182   0.03848   0.08459   0.04441   0.04992   0.13665   0.04522   0.16726   0.15068   0.03550   0.07126   0.02499   0.10287   0.02950   0.06019   0.09775   0.02950   0.20118   0.21649   8.38761   1.57761   1.05221   1.36124   1.32251  
 14 59.9321   2049.687965  x:  0.15396   0.04420   0.03043   0.03933   0.08257   0.04346   0.05032   0.13907   0.04529   0.16818   0.15241   0.03571   0.07277   0.02465   0.09999   0.03088   0.05899   0.09849   0.02943   0.20647   0.21978   8.38666   1.58679   1.05667   1.36159   1.33043  
 15 16.1316   2049.675249  x:  0.15459   0.04454   0.03164   0.03888   0.08282   0.04423   0.04993   0.14001   0.04545   0.16812   0.15282   0.03537   0.07275   0.02497   0.09864   0.02966   0.05859   0.09824   0.02929   0.20779   0.22093   8.38626   1.59052   1.05706   1.36176   1.33231  
 16 12.0494   2049.657779  x:  0.15487   0.04445   0.03105   0.03836   0.08499   0.04492   0.04961   0.14041   0.04484   0.16709   0.15272   0.03536   0.07142   0.02489   0.09804   0.03075   0.05912   0.09697   0.02963   0.20787   0.22232   8.38525   1.59968   1.05497   1.36235   1.33402  
 17  6.8256   2049.635720  x:  0.15458   0.04468   0.03131   0.03985   0.08498   0.04362   0.05033   0.13987   0.04568   0.16601   0.15224   0.03615   0.07136   0.02487   0.09852   0.03001   0.05948   0.09658   0.02898   0.20669   0.22303   8.38368   1.61320   1.05121   1.36345   1.33556  
 18 14.6982   2049.619564  x:  0.15397   0.04439   0.03117   0.03868   0.08317   0.04409   0.05001   0.13922   0.04560   0.16599   0.15194   0.03526   0.07256   0.02483   0.09942   0.03002   0.05884   0.09751   0.02939   0.20550   0.22248   8.38232   1.62374   1.04832   1.36463   1.33625  
 19 16.9017   2049.616347  x:  0.15374   0.04431   0.03144   0.03905   0.08327   0.04420   0.04972   0.13939   0.04481   0.16703   0.15209   0.03555   0.07245   0.02484   0.09914   0.03012   0.05886   0.09809   0.02924   0.20560   0.22117   8.38177   1.62609   1.04822   1.36555   1.33579  
 20  3.5033   2049.613787  x:  0.15370   0.04457   0.03116   0.03883   0.08360   0.04410   0.05005   0.13959   0.04544   0.16799   0.15228   0.03533   0.07223   0.02484   0.09884   0.03009   0.05895   0.09816   0.02931   0.20590   0.21978   8.38108   1.62808   1.04865   1.36687   1.33493  
 21  4.0181   2049.609218  x:  0.15401   0.04368   0.03130   0.03890   0.08326   0.04424   0.04971   0.13970   0.04578   0.16779   0.15227   0.03555   0.07243   0.02483   0.09912   0.03012   0.05889   0.09677   0.02925   0.20653   0.21860   8.37904   1.63171   1.05125   1.37108   1.33183  
 22  2.7197   2049.600451  x:  0.15442   0.04503   0.03125   0.03882   0.08291   0.04399   0.05010   0.13955   0.04473   0.16668   0.15213   0.03537   0.07265   0.02481   0.09939   0.03001   0.05871   0.09610   0.02932   0.20709   0.21802   8.37467   1.63872   1.05708   1.38002   1.32519  
 23 10.7738   2049.589610  x:  0.15442   0.04439   0.03127   0.03888   0.08345   0.04418   0.04990   0.13907   0.04532   0.16587   0.15202   0.03537   0.07232   0.02481   0.09900   0.03005   0.05888   0.09828   0.02926   0.20664   0.21922   8.36889   1.64732   1.06470   1.39147   1.31668  
 24 15.5581   2049.587270  x:  0.15386   0.04442   0.03124   0.03887   0.08333   0.04415   0.04994   0.13944   0.04530   0.16727   0.15226   0.03538   0.07235   0.02481   0.09909   0.03004   0.05885   0.09775   0.02927   0.20569   0.22048   8.36723   1.64906   1.06632   1.39389   1.31493  
 25  3.5052   2049.577960  x:  0.15634   0.04440   0.03129   0.03884   0.08333   0.04409   0.04987   0.13895   0.04515   0.16866   0.14896   0.03535   0.07237   0.02472   0.09897   0.02999   0.05889   0.09773   0.02935   0.20541   0.22080   8.33977   1.64946   1.06646   1.39564   1.31714  
 26  0.4035   2049.448310  x:  0.15003   0.04421   0.03073   0.03837   0.08186   0.04383   0.04954   0.13678   0.04505   0.16706   0.14853   0.03533   0.07080   0.02373   0.09565   0.02979   0.05910   0.09675   0.02859   0.20637   0.22034   7.95623   1.65336   1.06738   1.41784   1.34970  
 27 23.2200   2049.445863  x:  0.15056   0.04398   0.03089   0.03823   0.08204   0.04334   0.04959   0.13679   0.04486   0.16696   0.14906   0.03524   0.07072   0.02427   0.09586   0.02979   0.05911   0.09672   0.02884   0.20614   0.22011   7.92309   1.65295   1.06722   1.41815   1.34778  
 28  0.0320   2049.445730  x:  0.15070   0.04393   0.03089   0.03821   0.08201   0.04330   0.04960   0.13671   0.04481   0.16697   0.14922   0.03522   0.07060   0.02416   0.09583   0.02975   0.05909   0.09673   0.02881   0.20606   0.22009   7.92020   1.65266   1.06711   1.41746   1.34644  
 29  0.0026   2049.445726  x:  0.15066   0.04392   0.03089   0.03821   0.08200   0.04329   0.04961   0.13669   0.04481   0.16697   0.14918   0.03521   0.07059   0.02417   0.09580   0.02975   0.05909   0.09673   0.02881   0.20607   0.22010   7.92057   1.65264   1.06711   1.41732   1.34635  
 30  0.0004   2049.445726  x:  0.15066   0.04392   0.03089   0.03821   0.08199   0.04329   0.04961   0.13669   0.04481   0.16697   0.14918   0.03521   0.07058   0.02417   0.09580   0.02975   0.05909   0.09672   0.02881   0.20607   0.22010   7.92070   1.65264   1.06711   1.41733   1.34638  
 31  0.0001   2049.445726  x:  0.15066   0.04392   0.03089   0.03821   0.08199   0.04329   0.04961   0.13669   0.04481   0.16697   0.14918   0.03521   0.07058   0.02417   0.09580   0.02975   0.05909   0.09672   0.02881   0.20607   0.22010   7.92073   1.65264   1.06711   1.41734   1.34638  
 32  0.0000   2049.445726  x:  0.15066   0.04392   0.03089   0.03821   0.08199   0.04329   0.04961   0.13669   0.04481   0.16697   0.14918   0.03521   0.07058   0.02417   0.09580   0.02975   0.05909   0.09672   0.02881   0.20607   0.22010   7.92073   1.65264   1.06711   1.41734   1.34638  
 33  0.0000   2049.445726  x:  0.15066   0.04392   0.03089   0.03821   0.08199   0.04329   0.04961   0.13669   0.04481   0.16697   0.14918   0.03521   0.07058   0.02417   0.09580   0.02975   0.05909   0.09672   0.02881   0.20607   0.22010   7.92073   1.65264   1.06711   1.41734   1.34638  