

TREE # 1

  0  0.0000   2134.236348  x:  0.20925   0.02571   0.03211   0.02495   0.05815   0.02188   0.05666   0.08536   0.02661   0.17168   0.20925   0.02571   0.03211   0.02495   0.05815   0.02188   0.05666   0.08536   0.02661   0.17168   0.21568   8.40433   1.75019   1.06326   1.11452   1.00000  
  1 99.0000   2126.369343  x:  0.20904   0.04522   0.02635   0.01613   0.06167   0.03800   0.05725   0.09861   0.04070   0.17489   0.21607   0.02890   0.05545   0.05851   0.06994   0.01718   0.07179   0.10217   0.05638   0.17837   0.22383   8.40397   1.74788   1.05706   1.12187   1.00052  
  2 285.2997   2124.150630  x:  0.20815   0.04131   0.02503   0.02527   0.06530   0.02766   0.05803   0.11666   0.03448   0.18111   0.22901   0.01668   0.06148   0.05315   0.08086   0.02202   0.08364   0.12227   0.05998   0.19207   0.24098   8.40307   1.74189   1.04308   1.13955   1.00194  
  3 94.3580   2122.914406  x:  0.20710   0.03809   0.02645   0.01529   0.06547   0.02978   0.05783   0.12581   0.03261   0.18583   0.24062   0.02343   0.05888   0.04473   0.08304   0.01506   0.08586   0.13294   0.05732   0.20321   0.25588   8.40205   1.73502   1.02820   1.15873   1.00352  
  4 104.2265   2122.008870  x:  0.20565   0.04110   0.02725   0.01855   0.06328   0.03779   0.05725   0.12773   0.03814   0.18935   0.25250   0.02900   0.05195   0.04489   0.07886   0.02363   0.08172   0.13636   0.05149   0.21307   0.27084   8.40057   1.72511   1.00828   1.18469   1.00562  
  5 98.9414   2121.056281  x:  0.20377   0.04470   0.02436   0.02086   0.06110   0.03400   0.05679   0.12173   0.03983   0.19043   0.26282   0.02263   0.04737   0.05402   0.07182   0.01571   0.07477   0.13200   0.04741   0.21940   0.28362   8.39849   1.71116   0.98271   1.21844   1.00829  
  6 101.7978   2120.493887  x:  0.20247   0.04350   0.02556   0.01486   0.06148   0.02926   0.05682   0.11441   0.03561   0.18873   0.26643   0.02124   0.05052   0.05693   0.07052   0.02091   0.07251   0.12544   0.05093   0.21932   0.28781   8.39673   1.69968   0.96375   1.24380   1.01019  
  7 98.3061   2119.968879  x:  0.20123   0.04057   0.02771   0.02025   0.06319   0.03149   0.05714   0.10708   0.03149   0.18502   0.26668   0.02449   0.05619   0.05377   0.07318   0.01879   0.07389   0.11780   0.05704   0.21538   0.28768   8.39453   1.68572   0.94279   1.27223   1.01217  
  8 111.4637   2119.592641  x:  0.20075   0.04161   0.02416   0.01855   0.06383   0.03380   0.05708   0.10669   0.03752   0.18078   0.26187   0.02029   0.05700   0.04743   0.07720   0.01864   0.07825   0.11451   0.05693   0.20845   0.28176   8.39237   1.67285   0.92677   1.29481   1.01349  
  9 69.7049   2119.297554  x:  0.20116   0.04371   0.02779   0.01883   0.06253   0.03044   0.05666   0.11373   0.03751   0.17755   0.25291   0.02342   0.05373   0.05014   0.07787   0.01848   0.08082   0.11824   0.05387   0.20012   0.27100   8.38978   1.65888   0.91363   1.31467   1.01422  
 10 48.8926   2119.218981  x:  0.20159   0.04223   0.02503   0.01861   0.06243   0.03259   0.05674   0.11582   0.03458   0.17773   0.24964   0.02308   0.05331   0.05140   0.07654   0.01886   0.07955   0.12087   0.05331   0.19856   0.26705   8.38868   1.65374   0.91069   1.31994   1.01416  
 11 33.4596   2119.183299  x:  0.20233   0.04188   0.02637   0.01861   0.06306   0.03288   0.05695   0.11566   0.03555   0.17984   0.24746   0.02204   0.05457   0.05039   0.07488   0.01869   0.07670   0.12333   0.05446   0.19992   0.26419   8.38728   1.64857   0.91053   1.32216   1.01360  
 12 12.5409   2119.163384  x:  0.20289   0.04222   0.02497   0.01890   0.06302   0.03165   0.05688   0.11469   0.03605   0.18181   0.24634   0.02327   0.05467   0.05004   0.07516   0.01877   0.07646   0.12384   0.05478   0.20188   0.26261   8.38574   1.64351   0.91142   1.32298   1.01280  
 13 11.2975   2119.130493  x:  0.20376   0.04277   0.02583   0.01864   0.06255   0.03248   0.05668   0.11308   0.03514   0.18499   0.24496   0.02269   0.05385   0.05064   0.07673   0.01874   0.07832   0.12310   0.05385   0.20563   0.26064   8.38218   1.63254   0.91397   1.32362   1.01088  
 14 17.1655   2119.089304  x:  0.20344   0.04069   0.02587   0.01870   0.06343   0.03236   0.05750   0.11580   0.03626   0.18383   0.24615   0.02294   0.05450   0.05132   0.07516   0.01877   0.07916   0.12032   0.05376   0.20636   0.26184   8.37518   1.61401   0.91826   1.32194   1.00705  
 15 10.4032   2119.060349  x:  0.20298   0.04322   0.02566   0.01874   0.06296   0.03241   0.05677   0.11657   0.03499   0.18187   0.24764   0.02277   0.05455   0.05017   0.07530   0.01877   0.07785   0.12031   0.05439   0.20492   0.26375   8.36920   1.60001   0.92058   1.31950   1.00387  
 16 20.1865   2119.041957  x:  0.20278   0.04198   0.02581   0.01871   0.06256   0.03240   0.05682   0.11436   0.03566   0.18073   0.24880   0.02280   0.05412   0.05080   0.07678   0.01876   0.07730   0.12286   0.05397   0.20271   0.26529   8.36403   1.59099   0.91994   1.31625   1.00142  
 17 11.1657   2119.023301  x:  0.20316   0.04271   0.02576   0.01868   0.06407   0.03237   0.05760   0.11286   0.03540   0.18170   0.24942   0.02295   0.05421   0.05051   0.07475   0.01879   0.07921   0.12413   0.05340   0.20112   0.26610   8.35624   1.58249   0.91461   1.30989   0.99834  
 18  7.4852   2118.958428  x:  0.20463   0.04166   0.02581   0.01873   0.06161   0.03229   0.05546   0.11420   0.03579   0.18594   0.25012   0.02272   0.05403   0.05030   0.07447   0.01875   0.07912   0.12242   0.05459   0.19982   0.26698   8.32592   1.55439   0.89052   1.28437   0.98742  
 19 19.9198   2118.936041  x:  0.20450   0.04218   0.02577   0.01865   0.06302   0.03232   0.05760   0.11487   0.03560   0.18557   0.24987   0.02287   0.05417   0.05057   0.07624   0.01873   0.07749   0.12162   0.05371   0.20113   0.26681   8.31446   1.54486   0.88176   1.27527   0.98397  
 20 29.4244   2118.923759  x:  0.20322   0.04214   0.02578   0.01865   0.06345   0.03231   0.05643   0.11437   0.03559   0.18222   0.24914   0.02291   0.05415   0.05060   0.07581   0.01874   0.07781   0.12223   0.05359   0.20423   0.26608   8.30655   1.54019   0.87726   1.27051   0.98309  
 21  9.1830   2118.920994  x:  0.20284   0.04215   0.02578   0.01866   0.06255   0.03229   0.05729   0.11424   0.03556   0.18165   0.24908   0.02285   0.05397   0.05044   0.07550   0.01874   0.07807   0.12241   0.05397   0.20476   0.26590   8.30383   1.53943   0.87661   1.26971   0.98348  
 22  4.5431   2118.837487  x:  0.19506   0.04222   0.02580   0.01864   0.06274   0.03221   0.05696   0.11452   0.03548   0.18455   0.25328   0.02287   0.05445   0.05038   0.07574   0.01870   0.07796   0.12255   0.05326   0.20380   0.26270   8.18383   1.52792   0.87213   1.25791   1.01795  
 23  4.1716   2118.779624  x:  0.20282   0.04188   0.02581   0.01861   0.06415   0.03215   0.05702   0.11462   0.03546   0.18298   0.25187   0.02264   0.05178   0.05033   0.07589   0.01869   0.07795   0.12246   0.05529   0.20408   0.26495   8.09790   1.52181   0.87001   1.25158   1.03831  
 24 38.3989   2118.755533  x:  0.20629   0.04207   0.02576   0.01863   0.06276   0.03213   0.05702   0.11457   0.03543   0.18219   0.25057   0.02290   0.05446   0.05028   0.07572   0.01867   0.07798   0.12252   0.05323   0.20427   0.26647   8.06149   1.51999   0.86944   1.24960   1.04479  
 25 54.3978   2118.551233  x:  0.19795   0.04161   0.02579   0.01854   0.06305   0.03191   0.05701   0.11475   0.03551   0.18546   0.23231   0.02293   0.05407   0.04999   0.07577   0.01855   0.07794   0.12218   0.05381   0.20345   0.28021   7.74113   1.52539   0.87391   1.25198   1.03596  
 26 16.8298   2117.839498  x:  0.20078   0.04105   0.02576   0.01825   0.06303   0.03118   0.05697   0.11577   0.03452   0.18312   0.24549   0.02237   0.05361   0.04876   0.07604   0.01825   0.07800   0.12362   0.05298   0.20417   0.26852   6.66925   1.55167   0.89052   1.26683   0.98219  
 27 134.2459   2117.813172  x:  0.20205   0.04116   0.02579   0.01830   0.06293   0.03130   0.05692   0.11539   0.03460   0.18230   0.24799   0.02242   0.05347   0.04882   0.07584   0.01838   0.07778   0.12321   0.05277   0.20384   0.26513   6.75439   1.56099   0.89570   1.27557   0.96435  
 28  0.1055   2117.812842  x:  0.20236   0.04115   0.02580   0.01833   0.06290   0.03133   0.05690   0.11520   0.03462   0.18220   0.24812   0.02245   0.05341   0.04880   0.07575   0.01841   0.07770   0.12298   0.05270   0.20370   0.26498   6.73802   1.56210   0.89639   1.27649   0.96403  
 29  0.0174   2117.812830  x:  0.20238   0.04114   0.02580   0.01834   0.06290   0.03132   0.05690   0.11517   0.03461   0.18221   0.24812   0.02245   0.05338   0.04876   0.07573   0.01840   0.07768   0.12294   0.05267   0.20368   0.26503   6.74018   1.56213   0.89642   1.27645   0.96427  
 30  0.0018   2117.812829  x:  0.20236   0.04113   0.02580   0.01834   0.06290   0.03132   0.05690   0.11517   0.03461   0.18221   0.24811   0.02245   0.05338   0.04875   0.07573   0.01840   0.07768   0.12294   0.05266   0.20368   0.26502   6.73989   1.56209   0.89640   1.27642   0.96420  
 31  0.0003   2117.812829  x:  0.20236   0.04113   0.02580   0.01834   0.06290   0.03132   0.05690   0.11517   0.03461   0.18221   0.24811   0.02245   0.05338   0.04875   0.07573   0.01840   0.07768   0.12294   0.05266   0.20368   0.26501   6.73990   1.56209   0.89640   1.27642   0.96421  
 32  0.0000   2117.812829  x:  0.20236   0.04113   0.02580   0.01834   0.06290   0.03132   0.05690   0.11517   0.03461   0.18221   0.24811   0.02245   0.05338   0.04875   0.07573   0.01840   0.07768   0.12294   0.05266   0.20368   0.26501   6.73990   1.56209   0.89640   1.27642   0.96421  
 33  0.0000   2117.812829  x:  0.20236   0.04113   0.02580   0.01834   0.06290   0.03132   0.05690   0.11517   0.03461   0.18221   0.24811   0.02245   0.05338   0.04875   0.07573   0.01840   0.07768   0.12294   0.05266   0.20368   0.26501   6.73990   1.56209   0.89640   1.27642   0.96421  