

TREE # 1

  0  0.0000   2107.897374  x:  0.20925   0.02571   0.03211   0.02495   0.05815   0.02188   0.05666   0.08536   0.02661   0.17168   0.20925   0.02571   0.03211   0.02495   0.05815   0.02188   0.05666   0.08536   0.02661   0.17168   0.21568   8.40433   1.79018   1.22919   1.51025   1.00000  
  1 99.0000   2085.891731  x:  0.21802   0.00000   0.02120   0.02895   0.07508   0.03101   0.05609   0.09081   0.02551   0.16951   0.21486   0.00674   0.06904   0.01202   0.08942   0.02149   0.05228   0.12081   0.03928   0.16868   0.22700   8.40442   1.78943   1.22540   1.51325   0.99871  
  2 431.9331   2082.371709  x:  0.23742   0.00000   0.01672   0.02329   0.08506   0.01654   0.05585   0.09946   0.03311   0.16300   0.22723   0.01521   0.05379   0.02030   0.10216   0.01523   0.04426   0.14790   0.03360   0.16029   0.25197   8.40466   1.78729   1.21588   1.52096   0.99517  
  3 131.7831   2080.529998  x:  0.25511   0.00000   0.01964   0.02721   0.08734   0.02729   0.05647   0.10472   0.03285   0.15561   0.23917   0.01130   0.03714   0.01951   0.10283   0.02128   0.04164   0.16097   0.03058   0.15125   0.27426   8.40494   1.78497   1.20592   1.52912   0.99130  
  4 167.5032   2077.814944  x:  0.29289   0.00000   0.02531   0.02623   0.07778   0.02038   0.05709   0.10800   0.02326   0.13510   0.26569   0.00549   0.03770   0.01044   0.08375   0.01911   0.05000   0.16507   0.04217   0.12777   0.32006   8.40571   1.77885   1.18070   1.55001   0.98106  
  5 130.7709   2076.310917  x:  0.32078   0.00000   0.02360   0.02782   0.07122   0.02701   0.05708   0.10637   0.02361   0.11602   0.28598   0.01682   0.05013   0.01782   0.07400   0.02208   0.05444   0.16042   0.04558   0.10728   0.35235   8.40643   1.77352   1.15952   1.56790   0.97217  
  6 246.6047   2071.787442  x:  0.38104   0.00000   0.00982   0.02556   0.06457   0.03030   0.05435   0.08827   0.04311   0.05382   0.33544   0.00491   0.07111   0.01913   0.08031   0.01910   0.05379   0.11421   0.02099   0.04620   0.41522   8.40863   1.75815   1.10387   1.61694   0.94730  
  7 198.3098   2067.510934  x:  0.41510   0.00000   0.01805   0.02616   0.06738   0.03050   0.05318   0.07718   0.04859   0.00546   0.36726   0.00734   0.08249   0.01458   0.09217   0.01860   0.04995   0.08418   0.01184   0.00000   0.44768   8.41015   1.74763   1.06962   1.64871   0.93122  
  8 635.9002   2067.459216  x:  0.41573   0.00000   0.01768   0.02615   0.06759   0.03051   0.05315   0.07682   0.04870   0.00424   0.36819   0.00727   0.08218   0.01479   0.09266   0.01869   0.04964   0.08331   0.01291   0.00000   0.44793   8.41020   1.74722   1.06868   1.64974   0.93069  
  9 63.1182   2067.221568  x:  0.41782   0.00000   0.01833   0.02639   0.06944   0.03015   0.05309   0.07523   0.04775   0.00636   0.37263   0.00810   0.08108   0.01464   0.09576   0.01912   0.04797   0.07956   0.01623   0.00000   0.44750   8.41051   1.74507   1.06433   1.65491   0.92806  
 10 66.5304   2065.514291  x:  0.41430   0.00000   0.01821   0.02801   0.07557   0.02677   0.05434   0.07352   0.02435   0.00567   0.39309   0.01051   0.07704   0.01852   0.09933   0.02098   0.04509   0.08425   0.01421   0.00000   0.42035   8.41253   1.73061   1.04585   1.68405   0.91306  
 11 61.2366   2064.082682  x:  0.40520   0.00000   0.03040   0.02677   0.07600   0.02884   0.05536   0.08004   0.03092   0.00524   0.40885   0.01386   0.07415   0.01396   0.09625   0.01580   0.04712   0.09772   0.01662   0.00000   0.38687   8.41473   1.71536   1.03159   1.71230   0.89832  
 12 112.1988   2063.983339  x:  0.40408   0.00000   0.03140   0.02648   0.07586   0.02690   0.05483   0.08188   0.03214   0.00519   0.40890   0.01375   0.07444   0.01359   0.09614   0.02012   0.04734   0.09851   0.01671   0.00000   0.38513   8.41499   1.71380   1.03193   1.71439   0.89720  
 13 40.8209   2063.854745  x:  0.40033   0.00000   0.03256   0.02961   0.07628   0.02614   0.05211   0.08932   0.03086   0.00516   0.40232   0.01361   0.07447   0.01449   0.09729   0.01928   0.04726   0.09703   0.01698   0.00000   0.38844   8.41603   1.70854   1.04135   1.71779   0.89515  
 14 15.5720   2063.707809  x:  0.39571   0.00000   0.03285   0.02546   0.07711   0.02752   0.05310   0.09067   0.02882   0.00503   0.39304   0.01544   0.07383   0.01212   0.09807   0.01947   0.04668   0.09726   0.01713   0.00000   0.39407   8.41760   1.70108   1.05605   1.72219   0.89255  
 15 34.4205   2063.576483  x:  0.39201   0.00000   0.03643   0.02650   0.07811   0.02658   0.05595   0.08578   0.02854   0.00506   0.38509   0.01417   0.07364   0.01449   0.09834   0.01962   0.04702   0.09935   0.01770   0.00000   0.39954   8.41942   1.69311   1.07187   1.72721   0.88989  
 16 46.7896   2063.544111  x:  0.39205   0.00000   0.03571   0.02852   0.07813   0.02604   0.05508   0.08387   0.02887   0.00499   0.38477   0.01518   0.07335   0.01298   0.09801   0.01973   0.04684   0.10002   0.01760   0.00000   0.40017   8.42013   1.69065   1.07669   1.72917   0.88914  
 17 19.4698   2063.452156  x:  0.39662   0.00000   0.03646   0.02699   0.07825   0.02667   0.04995   0.08220   0.02910   0.00500   0.39183   0.01459   0.07383   0.01379   0.09780   0.01962   0.04707   0.09996   0.01743   0.00000   0.39896   8.42332   1.68178   1.09332   1.73839   0.88653  
 18 15.3154   2063.350783  x:  0.40283   0.00000   0.03544   0.02755   0.07750   0.02661   0.05481   0.08435   0.02980   0.00497   0.40156   0.01459   0.07465   0.01357   0.09824   0.01956   0.04693   0.09829   0.01699   0.00000   0.39676   8.42750   1.67184   1.11214   1.75021   0.88370  
 19 36.0648   2062.961095  x:  0.40556   0.00000   0.03104   0.02758   0.08384   0.02718   0.05501   0.08494   0.03117   0.00515   0.39570   0.01457   0.07338   0.01312   0.09962   0.01976   0.05872   0.09893   0.01698   0.00000   0.40122   8.46607   1.68655   1.11574   1.83021   0.89011  
 20  2.9209   2062.307548  x:  0.40867   0.00000   0.02829   0.02736   0.07760   0.02778   0.05417   0.08555   0.03204   0.00554   0.38638   0.01186   0.07597   0.01364   0.09797   0.01929   0.04499   0.10274   0.01763   0.00000   0.40866   8.52747   1.71325   1.12145   1.95242   0.90037  
 21 127.2157   2062.012735  x:  0.40637   0.00000   0.02834   0.02735   0.06711   0.02786   0.05363   0.08519   0.03061   0.00565   0.39198   0.01263   0.07472   0.01362   0.10629   0.01931   0.04870   0.10561   0.01812   0.00000   0.41421   8.55769   1.74635   1.13669   1.97310   0.90334  
 22 13.9728   2060.202384  x:  0.39466   0.00000   0.02634   0.02795   0.08187   0.02862   0.05473   0.09005   0.03039   0.00593   0.43329   0.01085   0.07781   0.01294   0.10269   0.01957   0.04405   0.11597   0.01941   0.00000   0.44996   8.75886   1.97892   1.24664   2.07992   0.92117  
 23 102.9988   2059.603977  x:  0.44301   0.00000   0.02750   0.02827   0.08359   0.02857   0.05490   0.09163   0.02792   0.00602   0.40948   0.01078   0.07746   0.01266   0.10521   0.01975   0.04373   0.12036   0.02052   0.00000   0.43673   8.82576   2.03864   1.27566   2.09045   0.92147  
 24 23.7842   2055.802743  x:  0.46321   0.00000   0.01453   0.02933   0.08941   0.03088   0.05562   0.10036   0.02803   0.00744   0.43139   0.00607   0.07987   0.01242   0.11641   0.02009   0.04540   0.14316   0.02435   0.00000   0.48316   9.27168   1.75388   1.11828   1.81770   0.78188  
 25  5.6392   2054.717349  x:  0.47213   0.00000   0.01447   0.02965   0.09211   0.03125   0.05583   0.10300   0.02642   0.00760   0.44207   0.00564   0.08060   0.01193   0.12119   0.02030   0.04585   0.15070   0.02550   0.00000   0.49759   9.41128   1.63713   1.07779   1.70983   0.89901  
 26 20.4065   2053.853745  x:  0.46063   0.00000   0.02330   0.02819   0.09476   0.02885   0.05586   0.10336   0.02487   0.00694   0.42796   0.00406   0.08231   0.01157   0.12780   0.01988   0.04349   0.17384   0.02988   0.00000   0.47709   9.54886   1.69274   1.13462   1.76716   0.90652  
 27  0.1254   2053.628893  x:  0.45512   0.00000   0.01885   0.02817   0.09542   0.02811   0.05592   0.10380   0.02550   0.00661   0.42368   0.00720   0.08239   0.01055   0.12879   0.01959   0.04392   0.18311   0.03130   0.00000   0.46763   9.57028   1.70465   1.14429   1.77852   0.91187  
 28  0.0625   2053.532174  x:  0.45348   0.00000   0.01576   0.02826   0.09545   0.02778   0.05597   0.10349   0.02677   0.00639   0.42424   0.00553   0.08367   0.01130   0.12846   0.01931   0.04475   0.18878   0.03232   0.00000   0.46635   9.54296   1.69178   1.12900   1.76731   0.90823  
 29  0.0509   2053.502873  x:  0.45483   0.00000   0.01714   0.02833   0.09531   0.02756   0.05585   0.10304   0.02677   0.00612   0.42669   0.00559   0.08465   0.01143   0.12838   0.01920   0.04501   0.19123   0.03261   0.00000   0.47132   9.49678   1.67250   1.11204   1.74725   0.90050  
 30  0.0915   2053.497118  x:  0.45551   0.00000   0.01717   0.02841   0.09479   0.02769   0.05580   0.10275   0.02615   0.00604   0.42753   0.00539   0.08528   0.01135   0.12746   0.01916   0.04477   0.19231   0.03283   0.00000   0.47188   9.44846   1.68046   1.11592   1.75551   0.90118  
 31  0.0437   2053.496283  x:  0.45560   0.00000   0.01720   0.02838   0.09456   0.02780   0.05582   0.10272   0.02640   0.00606   0.42716   0.00546   0.08547   0.01134   0.12705   0.01920   0.04486   0.19251   0.03293   0.00000   0.47171   9.42870   1.68022   1.11744   1.75434   0.90115  
 32  0.0185   2053.496230  x:  0.45549   0.00000   0.01718   0.02838   0.09452   0.02780   0.05582   0.10275   0.02634   0.00608   0.42704   0.00548   0.08548   0.01134   0.12699   0.01921   0.04488   0.19246   0.03297   0.00000   0.47160   9.42566   1.67946   1.11694   1.75399   0.90108  
 33  0.0027   2053.496209  x:  0.45547   0.00000   0.01718   0.02838   0.09451   0.02779   0.05582   0.10277   0.02637   0.00608   0.42698   0.00547   0.08550   0.01134   0.12700   0.01921   0.04487   0.19237   0.03302   0.00000   0.47161   9.42483   1.67967   1.11678   1.75417   0.90118  
 34  0.0004   2053.496199  x:  0.45550   0.00000   0.01718   0.02838   0.09453   0.02779   0.05582   0.10277   0.02635   0.00608   0.42704   0.00547   0.08551   0.01134   0.12703   0.01920   0.04487   0.19233   0.03307   0.00000   0.47163   9.42567   1.67967   1.11695   1.75408   0.90114  
 35  0.0005   2053.496198  x:  0.45550   0.00000   0.01718   0.02838   0.09453   0.02779   0.05582   0.10276   0.02636   0.00608   0.42703   0.00547   0.08551   0.01134   0.12702   0.01921   0.04487   0.19234   0.03308   0.00000   0.47162   9.42585   1.67964   1.11693   1.75412   0.90112  
 36  0.0001   2053.496198  x:  0.45550   0.00000   0.01718   0.02838   0.09453   0.02779   0.05582   0.10275   0.02636   0.00608   0.42703   0.00547   0.08550   0.01134   0.12702   0.01921   0.04487   0.19233   0.03308   0.00000   0.47162   9.42593   1.67965   1.11693   1.75411   0.90113  
 37  0.0001   2053.496198  x:  0.45550   0.00000   0.01718   0.02838   0.09453   0.02779   0.05582   0.10275   0.02636   0.00608   0.42703   0.00547   0.08550   0.01134   0.12702   0.01921   0.04487   0.19234   0.03308   0.00000   0.47162   9.42594   1.67965   1.11693   1.75411   0.90113  
 38  0.0000   2053.496198  x:  0.45550   0.00000   0.01718   0.02838   0.09453   0.02779   0.05582   0.10276   0.02636   0.00608   0.42703   0.00547   0.08550   0.01134   0.12702   0.01921   0.04487   0.19234   0.03308   0.00000   0.47162   9.42593   1.67965   1.11693   1.75411   0.90113  
 39  0.0000   2053.496198  x:  0.45550   0.00000   0.01718   0.02838   0.09453   0.02779   0.05582   0.10276   0.02636   0.00608   0.42703   0.00547   0.08550   0.01134   0.12702   0.01921   0.04487   0.19234   0.03308   0.00000   0.47162   9.42592   1.67965   1.11693   1.75411   0.90113  
 40  0.0000   2053.496198  x:  0.45550   0.00000   0.01718   0.02838   0.09453   0.02779   0.05582   0.10276   0.02636   0.00608   0.42703   0.00547   0.08550   0.01134   0.12702   0.01921   0.04487   0.19234   0.03308   0.00000   0.47162   9.42592   1.67965   1.11693   1.75411   0.90113  