

TREE # 1

  0  0.0000   2190.985313  x:  0.05507   0.00000   0.12306   0.02131   0.06737   0.07149   0.05082   0.03998   0.07869   0.05133   0.04631   0.13055   0.01373   0.07062   0.00691   0.09934   0.03568   0.09568   0.06795   0.07507   0.10576   0.08451   0.09247   0.07369   2.00000   1.58214   1.08824   1.56431   0.40000  
  1 99.0000   2190.983826  x:  0.05507   0.00000   0.12306   0.02131   0.06737   0.07149   0.05082   0.03998   0.07869   0.05133   0.04631   0.13055   0.01373   0.07063   0.00691   0.09934   0.03568   0.09568   0.06795   0.07507   0.10576   0.08451   0.09247   0.07369   2.00000   1.58214   1.08824   1.56431   0.40000  
  2 431.9900   2186.356694  x:  0.05609   0.00000   0.12853   0.01611   0.06335   0.06634   0.05084   0.03752   0.07645   0.05205   0.04000   0.13474   0.00000   0.06527   0.00677   0.10059   0.03486   0.09423   0.06713   0.07425   0.10509   0.08515   0.09494   0.07471   2.00444   1.58220   1.08942   1.56428   0.41228  
  3 273.7918   2182.303674  x:  0.04473   0.00000   0.13496   0.03016   0.05293   0.05313   0.05118   0.04594   0.07346   0.04949   0.03021   0.13539   0.00000   0.08396   0.01424   0.10423   0.04069   0.08956   0.05036   0.07206   0.10370   0.08312   0.08567   0.06326   2.03782   1.58281   1.09805   1.56480   0.46937  
  4 141.4946   2178.325536  x:  0.04999   0.00000   0.13013   0.05576   0.05297   0.05034   0.05112   0.05782   0.07724   0.04554   0.03828   0.12441   0.00000   0.07950   0.00379   0.10671   0.04537   0.08886   0.07208   0.07222   0.10035   0.07222   0.07185   0.06836   2.09687   1.58419   1.11284   1.56616   0.53796  
  5 163.3620   2175.856024  x:  0.06023   0.00000   0.12083   0.07153   0.06367   0.06017   0.05062   0.05807   0.08294   0.04981   0.04920   0.11634   0.00000   0.07406   0.02566   0.10809   0.03964   0.09043   0.07363   0.07245   0.09880   0.07450   0.08601   0.07843   2.16065   1.58610   1.12826   1.56787   0.58074  
  6 173.4438   2171.300551  x:  0.05978   0.00000   0.11327   0.07757   0.08109   0.08024   0.05001   0.03854   0.08725   0.04837   0.05975   0.11853   0.00000   0.07912   0.00000   0.10421   0.02486   0.09507   0.05859   0.07330   0.09817   0.08573   0.10753   0.07764   2.28750   1.59067   1.15794   1.57196   0.61263  
  7 154.3132   2164.822602  x:  0.04774   0.00000   0.11521   0.06819   0.09212   0.09706   0.05080   0.01239   0.08437   0.03878   0.06359   0.13553   0.00000   0.08530   0.00435   0.09735   0.03542   0.10174   0.07386   0.07697   0.10198   0.09694   0.10730   0.06509   2.48179   1.59872   1.20167   1.57878   0.62481  
  8 304.3443   2147.051018  x:  0.04250   0.00000   0.13709   0.00703   0.11304   0.14007   0.05820   0.07114   0.06414   0.04972   0.05635   0.19686   0.00000   0.10392   0.00308   0.07461   0.05830   0.11726   0.09337   0.08559   0.11855   0.12890   0.10319   0.05785   3.22036   1.63135   1.36320   1.60648   0.62845  
  9 898.3239   2130.531229  x:  0.09010   0.00000   0.15329   0.00900   0.07686   0.12098   0.04486   0.04991   0.05044   0.06849   0.02372   0.19997   0.00000   0.12112   0.00620   0.08438   0.05988   0.10476   0.06936   0.08116   0.12865   0.10626   0.06048   0.10373   3.84377   1.66461   1.48579   1.63499   0.58703  
 10 694.3749   2119.069818  x:  0.08845   0.00000   0.16617   0.01810   0.02737   0.06811   0.05017   0.04859   0.06171   0.07296   0.01560   0.17445   0.00000   0.13265   0.00664   0.10113   0.04436   0.08746   0.08426   0.07409   0.12547   0.07677   0.09770   0.10102   4.22177   1.68967   1.54674   1.65805   0.54896  
 11 684.3710   2116.390144  x:  0.08792   0.00000   0.17339   0.00921   0.03944   0.03520   0.05038   0.04710   0.06453   0.07432   0.02519   0.16260   0.00000   0.13701   0.00809   0.11051   0.03555   0.08051   0.08589   0.07068   0.11877   0.07568   0.09648   0.10022   4.31175   1.69871   1.55202   1.66749   0.54125  
 12 301.1570   2115.515233  x:  0.08668   0.00000   0.17754   0.00932   0.04407   0.03467   0.05124   0.04769   0.06671   0.07429   0.01431   0.15208   0.00000   0.13743   0.00805   0.11825   0.03327   0.08014   0.08904   0.06975   0.10829   0.08388   0.09476   0.09888   4.34073   1.70681   1.53744   1.67774   0.53917  
 13 72.7968   2114.058830  x:  0.08692   0.00000   0.19371   0.00694   0.03509   0.04079   0.05162   0.04720   0.06404   0.07685   0.02240   0.14096   0.00000   0.13824   0.00744   0.13411   0.03528   0.08015   0.08948   0.06819   0.08649   0.09915   0.09137   0.09890   4.39476   1.72726   1.49300   1.70427   0.53820  
 14 136.8058   2111.011479  x:  0.08981   0.00000   0.22028   0.02110   0.04909   0.04316   0.04855   0.04777   0.05394   0.07777   0.02191   0.15829   0.00000   0.14217   0.00591   0.14883   0.04322   0.08517   0.08951   0.07029   0.08160   0.08322   0.10201   0.10127   4.51118   1.78370   1.35410   1.77906   0.53847  
 15 119.1652   2108.420978  x:  0.09191   0.00000   0.21517   0.00540   0.04376   0.04672   0.04978   0.04726   0.06690   0.07150   0.02085   0.16347   0.00000   0.14840   0.00832   0.14487   0.03309   0.08728   0.08897   0.07036   0.09379   0.07245   0.09728   0.10296   4.59540   1.82703   1.24292   1.83672   0.54595  
 16 238.4405   2107.469986  x:  0.09176   0.00000   0.20290   0.01034   0.03795   0.03694   0.05087   0.04647   0.06221   0.07707   0.02050   0.16808   0.00000   0.14530   0.00759   0.12795   0.03039   0.08441   0.09088   0.06911   0.10173   0.08738   0.09510   0.10264   4.62870   1.84470   1.19530   1.86051   0.54765  
 17 111.1714   2107.309674  x:  0.09226   0.00000   0.19857   0.00762   0.03793   0.03565   0.04932   0.04587   0.05939   0.07830   0.01988   0.16489   0.00000   0.14543   0.00667   0.12198   0.03647   0.08165   0.08994   0.06864   0.10030   0.08713   0.09733   0.10310   4.63310   1.84730   1.18772   1.86401   0.54868  
 18 36.2265   2107.237194  x:  0.09208   0.00000   0.20025   0.00743   0.03832   0.03694   0.05011   0.04556   0.05707   0.07840   0.01977   0.16435   0.00000   0.14603   0.00750   0.11573   0.03370   0.07875   0.09048   0.06784   0.09671   0.08491   0.09687   0.10288   4.63212   1.84739   1.18619   1.86406   0.54921  
 19  8.5406   2107.001177  x:  0.09378   0.00000   0.20875   0.00879   0.03848   0.03527   0.04874   0.04505   0.06558   0.07865   0.01976   0.16450   0.00000   0.14684   0.00768   0.10408   0.03537   0.08237   0.08960   0.07025   0.09294   0.08585   0.09747   0.10439   4.62099   1.84474   1.18585   1.86053   0.55139  
 20  7.3435   2104.991152  x:  0.10133   0.00000   0.23813   0.00442   0.03968   0.03613   0.05587   0.04158   0.05069   0.07509   0.02030   0.14868   0.00000   0.15836   0.00642   0.09065   0.03198   0.09975   0.09411   0.07982   0.11605   0.09536   0.10575   0.11017   4.51135   1.81752   1.19094   1.82390   0.57516  
 21 22.7157   2101.862184  x:  0.10620   0.00000   0.25243   0.00000   0.04391   0.04545   0.03966   0.03718   0.06014   0.09577   0.02095   0.17237   0.00000   0.17741   0.00165   0.10107   0.03060   0.07344   0.11022   0.06382   0.12799   0.10981   0.11543   0.11208   4.32685   1.77165   1.20129   1.76079   0.61301  
 22 113.6636   2101.862184  x:  0.10620   0.00000   0.25243   0.00000   0.04391   0.04545   0.03966   0.03718   0.06014   0.09577   0.02095   0.17237   0.00000   0.17741   0.00165   0.10107   0.03060   0.07344   0.11022   0.06382   0.12799   0.10981   0.11543   0.11208   4.32685   1.77165   1.20129   1.76079   0.61301  
 23 110.4086   2101.089598  x:  0.10692   0.00000   0.24974   0.01751   0.04469   0.04410   0.04395   0.03199   0.06043   0.09385   0.02271   0.17342   0.00000   0.17910   0.00000   0.10181   0.03000   0.07583   0.11388   0.06530   0.12522   0.11003   0.11808   0.11280   4.32761   1.77152   1.20194   1.76054   0.61841  
 24 206.1439   2098.597698  x:  0.10963   0.00000   0.23791   0.01557   0.04503   0.03815   0.05662   0.01469   0.06241   0.08436   0.01730   0.17782   0.00000   0.18609   0.00000   0.10497   0.02796   0.08451   0.12779   0.07058   0.11404   0.11123   0.12854   0.11552   4.33086   1.77095   1.20473   1.75945   0.64139  
 25 131.3092   2096.233311  x:  0.11362   0.00000   0.21580   0.01412   0.04537   0.03351   0.06788   0.03062   0.06515   0.07038   0.02015   0.18551   0.00000   0.19808   0.00000   0.11046   0.02584   0.09600   0.14879   0.07710   0.09482   0.11254   0.14497   0.11950   4.33745   1.76985   1.21035   1.75721   0.68573  
 26 188.4900   2093.972796  x:  0.11370   0.00000   0.18778   0.01355   0.04497   0.05020   0.04545   0.02528   0.06375   0.07628   0.02811   0.19302   0.00000   0.20881   0.00000   0.11632   0.02881   0.09265   0.15685   0.07205   0.08293   0.10962   0.15355   0.11958   4.34946   1.76798   1.22060   1.75281   0.75373  
 27 101.1768   2092.459849  x:  0.11084   0.00000   0.17496   0.01644   0.04484   0.04288   0.04379   0.02801   0.05968   0.08507   0.01413   0.19538   0.00000   0.21139   0.00000   0.11890   0.02620   0.08238   0.15035   0.06540   0.08925   0.10550   0.15088   0.11672   4.36169   1.76629   1.23064   1.74836   0.81099  
 28 105.2181   2091.417304  x:  0.10785   0.00000   0.17153   0.01444   0.04443   0.03347   0.05153   0.02642   0.05834   0.08970   0.02450   0.19528   0.00000   0.21021   0.00000   0.11945   0.02715   0.07438   0.14008   0.06229   0.09880   0.10248   0.14467   0.11374   4.37445   1.76476   1.24055   1.74392   0.86350  
 29 168.0122   2090.367698  x:  0.10630   0.00000   0.18662   0.01466   0.04606   0.04487   0.05898   0.02699   0.06523   0.08275   0.02200   0.19045   0.00000   0.20191   0.00000   0.11521   0.03386   0.07861   0.12626   0.06940   0.10778   0.10350   0.13375   0.11218   4.39318   1.76318   1.25341   1.73816   0.92312  
 30 93.3147   2089.847759  x:  0.10776   0.00000   0.20263   0.01503   0.04427   0.04050   0.05082   0.02629   0.06369   0.07788   0.02273   0.18541   0.00000   0.19450   0.00000   0.10952   0.02580   0.08478   0.12339   0.07165   0.10744   0.10714   0.12972   0.11364   4.40670   1.76270   1.26108   1.73472   0.95226  
 31 69.6554   2089.715338  x:  0.10895   0.00000   0.20955   0.01507   0.04464   0.03783   0.04942   0.02641   0.06143   0.08008   0.02224   0.18303   0.00000   0.19152   0.00000   0.10733   0.03121   0.08507   0.12635   0.07015   0.10540   0.10901   0.13072   0.11483   4.41433   1.76296   1.26405   1.73342   0.95948  
 32 32.4940   2089.609732  x:  0.10990   0.00000   0.21565   0.01464   0.04537   0.04049   0.05238   0.02669   0.06093   0.08428   0.02239   0.18085   0.00000   0.18912   0.00000   0.10634   0.02887   0.08186   0.13067   0.06732   0.10353   0.11031   0.13321   0.11579   4.42601   1.76378   1.26748   1.73194   0.96366  
 33 24.7214   2089.585141  x:  0.10985   0.00000   0.21605   0.01465   0.04517   0.04047   0.05230   0.02669   0.06124   0.08429   0.02238   0.18075   0.00000   0.18906   0.00209   0.10673   0.02886   0.08144   0.13105   0.06745   0.10364   0.11023   0.13348   0.11573   4.42905   1.76405   1.26820   1.73163   0.96379  
 34 22.9153   2089.240596  x:  0.10865   0.00000   0.22266   0.01500   0.04086   0.03899   0.04952   0.02665   0.06808   0.08254   0.02214   0.17904   0.00000   0.18750   0.00126   0.11547   0.02925   0.07328   0.13821   0.07150   0.10558   0.10286   0.13811   0.11453   4.50361   1.77055   1.28528   1.72465   0.96511  
 35 34.7045   2088.052594  x:  0.10573   0.00000   0.22699   0.01386   0.05894   0.03970   0.04819   0.02657   0.06001   0.07775   0.02298   0.18056   0.00000   0.19142   0.00162   0.13237   0.02812   0.08041   0.14133   0.06648   0.10821   0.08998   0.13947   0.11161   4.79068   1.79573   1.34618   1.70066   0.96278  
 36 120.3962   2086.115795  x:  0.10890   0.00000   0.21929   0.01400   0.03610   0.04312   0.05488   0.02704   0.05479   0.08441   0.02232   0.18692   0.00000   0.20302   0.00000   0.13247   0.02941   0.09224   0.13190   0.06193   0.10056   0.10255   0.13254   0.11478   5.27219   1.83754   1.43894   1.66673   0.95779  
 37 333.2485   2086.115795  x:  0.10890   0.00000   0.21929   0.01400   0.03610   0.04312   0.05488   0.02704   0.05479   0.08441   0.02232   0.18692   0.00000   0.20302   0.00000   0.13247   0.02941   0.09224   0.13190   0.06193   0.10056   0.10255   0.13254   0.11478   5.27219   1.83754   1.43894   1.66673   0.95779  
 38 294.2422   2085.400997  x:  0.10941   0.00000   0.21753   0.00450   0.04119   0.04208   0.05327   0.02525   0.05793   0.08350   0.01911   0.18714   0.00000   0.20310   0.00001   0.13011   0.02883   0.09044   0.13308   0.06436   0.09995   0.10358   0.13380   0.11529   5.27285   1.83748   1.43728   1.66800   0.95896  
 39 89.7137   2085.386922  x:  0.10944   0.00000   0.21744   0.00456   0.04135   0.04205   0.05320   0.02521   0.05803   0.08348   0.01914   0.18715   0.00000   0.20311   0.00000   0.12999   0.02881   0.09035   0.13314   0.06446   0.09992   0.10363   0.13386   0.11532   5.27288   1.83747   1.43718   1.66807   0.95902  
 40 53.2229   2085.091377  x:  0.11093   0.00000   0.20939   0.00302   0.03724   0.04139   0.05197   0.02926   0.05963   0.08256   0.02318   0.18819   0.00000   0.20305   0.00000   0.12035   0.02926   0.08558   0.13708   0.06811   0.09856   0.10720   0.13837   0.11681   5.27667   1.83707   1.42804   1.67513   0.96539  
 41 44.7808   2084.864820  x:  0.11164   0.00000   0.20220   0.00455   0.03418   0.04187   0.05294   0.02824   0.05789   0.08224   0.01766   0.18915   0.00000   0.20260   0.00000   0.11287   0.02976   0.08362   0.13950   0.06803   0.09844   0.10958   0.14152   0.11752   5.28097   1.83662   1.41797   1.68287   0.97239  
 42 59.6160   2084.588316  x:  0.11121   0.00000   0.19329   0.00370   0.03678   0.04362   0.05604   0.02389   0.05269   0.08290   0.02052   0.19039   0.00000   0.20102   0.00000   0.10697   0.02997   0.08577   0.14011   0.06310   0.10062   0.11080   0.14345   0.11710   5.28902   1.83572   1.39998   1.69667   0.98499  
 43 53.7109   2084.238808  x:  0.10922   0.00000   0.18595   0.00409   0.04080   0.04337   0.05592   0.03150   0.05404   0.08389   0.01882   0.19150   0.00000   0.19773   0.00000   0.10787   0.02912   0.09132   0.13730   0.05959   0.10490   0.10976   0.14241   0.11510   5.30311   1.83408   1.37029   1.71937   1.00594  
 44 63.7648   2083.771690  x:  0.10687   0.00000   0.18376   0.00419   0.03546   0.04045   0.05181   0.02618   0.05971   0.08385   0.01957   0.19184   0.00000   0.19359   0.00000   0.11496   0.02893   0.09508   0.13223   0.06372   0.10776   0.10704   0.13873   0.11275   5.32396   1.83155   1.32934   1.75071   1.03518  
 45 99.3779   2083.481655  x:  0.10814   0.00000   0.19446   0.00412   0.03714   0.04343   0.05385   0.02720   0.05394   0.08118   0.01931   0.18973   0.00000   0.19361   0.00000   0.11954   0.02964   0.08806   0.13093   0.06816   0.10116   0.10565   0.13590   0.11402   5.34137   1.82920   1.30244   1.77164   1.05558  
 46 49.4247   2083.395193  x:  0.10920   0.00000   0.20080   0.00415   0.03671   0.04126   0.05378   0.02691   0.05604   0.08176   0.01943   0.18788   0.00000   0.19600   0.00000   0.11866   0.02827   0.08619   0.13253   0.06273   0.09784   0.10566   0.13573   0.11509   5.34964   1.82788   1.29546   1.77760   1.06224  
 47 25.7584   2083.383448  x:  0.10924   0.00000   0.20137   0.00414   0.03673   0.04136   0.05363   0.02690   0.05618   0.08190   0.01943   0.18762   0.00000   0.19649   0.00136   0.11846   0.02876   0.08642   0.13286   0.06258   0.09787   0.10568   0.13578   0.11513   5.35094   1.82766   1.29516   1.77799   1.06287  
 48 17.2215   2083.350346  x:  0.10939   0.00000   0.20412   0.00411   0.03684   0.04223   0.05271   0.02688   0.05669   0.08277   0.01940   0.18600   0.00000   0.19922   0.00075   0.11687   0.03130   0.08831   0.13484   0.06264   0.09853   0.10483   0.13597   0.11527   5.35910   1.82622   1.29447   1.77963   1.06621  
 49 16.6590   2083.289378  x:  0.10913   0.00000   0.20690   0.00407   0.03666   0.04247   0.05267   0.02695   0.05572   0.08330   0.01937   0.18352   0.00000   0.20386   0.00097   0.11443   0.02778   0.09107   0.13690   0.06503   0.10118   0.10349   0.13600   0.11501   5.37763   1.82299   1.29587   1.78123   1.07214  
 50 22.6916   2083.054847  x:  0.10803   0.00000   0.20627   0.00435   0.03734   0.03604   0.05782   0.02713   0.05584   0.07904   0.01947   0.18042   0.00000   0.21185   0.00072   0.11308   0.03059   0.08871   0.13310   0.06620   0.10522   0.10359   0.13337   0.11392   5.46402   1.80887   1.30809   1.78397   1.09539  
 51 29.0803   2082.567463  x:  0.10754   0.00000   0.20179   0.00436   0.03686   0.04573   0.05519   0.02636   0.05997   0.07637   0.01948   0.17867   0.00000   0.22016   0.00053   0.11419   0.02969   0.08220   0.12509   0.06291   0.10600   0.10545   0.12957   0.11343   5.65516   1.77915   1.33573   1.78829   1.14432  
 52 179.6360   2082.007596  x:  0.11001   0.00000   0.19774   0.00422   0.03811   0.04082   0.04681   0.02660   0.05332   0.08548   0.01887   0.18340   0.00000   0.21499   0.00093   0.11977   0.02971   0.08395   0.12758   0.06362   0.09692   0.10603   0.13185   0.11591   5.87054   1.74975   1.36488   1.79093   1.19488  
 53 198.7943   2081.702876  x:  0.11127   0.00000   0.19846   0.00427   0.03800   0.04246   0.05546   0.02620   0.05798   0.08648   0.01897   0.18793   0.00000   0.20467   0.00151   0.12267   0.02910   0.08830   0.13500   0.06574   0.09227   0.10422   0.13636   0.11717   5.99470   1.73726   1.37859   1.79073   1.21975  
 54 172.6572   2081.468477  x:  0.10983   0.00000   0.20362   0.00451   0.03797   0.04207   0.05175   0.02621   0.05685   0.07707   0.01908   0.19018   0.00000   0.19221   0.00195   0.12051   0.02902   0.08772   0.14041   0.06356   0.09797   0.10205   0.14003   0.11573   6.09047   1.73717   1.38223   1.78711   1.23019  
 55 71.4878   2080.956539  x:  0.10659   0.00000   0.21353   0.00418   0.03884   0.04189   0.05347   0.02611   0.05819   0.08996   0.01902   0.18869   0.00000   0.17707   0.00168   0.11056   0.02969   0.08078   0.13583   0.06544   0.10952   0.10833   0.13855   0.11249   6.31792   1.75927   1.37324   1.77174   1.23431  
 56 69.8141   2079.519452  x:  0.11472   0.00000   0.21325   0.00463   0.03982   0.04156   0.05186   0.02598   0.05920   0.07975   0.01930   0.18577   0.00000   0.18178   0.00029   0.10368   0.02853   0.09875   0.12427   0.06919   0.09762   0.12388   0.13330   0.12065   6.96613   1.84113   1.33093   1.72431   1.22347  
 57 176.3363   2078.632062  x:  0.11208   0.00000   0.20057   0.00468   0.04087   0.04177   0.05215   0.02552   0.05943   0.08245   0.01926   0.18897   0.00000   0.20107   0.00008   0.11929   0.02851   0.08656   0.13840   0.06663   0.09838   0.10736   0.13996   0.11801   7.36094   1.89083   1.30229   1.69961   1.20733  
 58 238.6078   2078.451256  x:  0.10573   0.00000   0.20096   0.00464   0.04114   0.04157   0.05165   0.02561   0.05980   0.08216   0.01933   0.19494   0.00000   0.20261   0.00072   0.11317   0.02851   0.08720   0.13600   0.06756   0.09238   0.10084   0.13730   0.11166   7.44392   1.88386   1.29906   1.71770   1.17807  
 59 17.8557   2078.062865  x:  0.10954   0.00000   0.20196   0.00457   0.04146   0.04153   0.05172   0.02548   0.05992   0.08216   0.01936   0.19796   0.00000   0.20443   0.00000   0.11477   0.02836   0.08693   0.13621   0.06761   0.09661   0.10432   0.13815   0.11548   7.57630   1.86749   1.29379   1.75421   1.12500  
 60 74.2978   2078.010382  x:  0.10790   0.00000   0.19964   0.00457   0.04154   0.04155   0.05163   0.02545   0.05981   0.08189   0.01935   0.18812   0.00000   0.20199   0.00002   0.11613   0.02827   0.08687   0.13769   0.06751   0.09481   0.10531   0.13855   0.11384   7.60124   1.86437   1.29330   1.76149   1.11466  
 61 21.5167   2078.008299  x:  0.10865   0.00000   0.19931   0.00457   0.04155   0.04152   0.05163   0.02545   0.05986   0.08197   0.01935   0.18746   0.00000   0.20156   0.00019   0.11576   0.02829   0.08678   0.13734   0.06753   0.09484   0.10407   0.13821   0.11459   7.60256   1.86450   1.29356   1.76191   1.11433  
 62  2.0534   2077.926671  x:  0.10958   0.00000   0.19882   0.00487   0.04207   0.04130   0.05128   0.02526   0.06020   0.08165   0.01955   0.18814   0.00000   0.20142   0.00025   0.11554   0.02809   0.08577   0.14217   0.06784   0.09567   0.10571   0.13080   0.11553   7.70296   1.89875   1.32598   1.80422   1.12368  
 63  0.8251   2077.834250  x:  0.11001   0.00000   0.20066   0.00520   0.04268   0.04101   0.05098   0.02503   0.06054   0.08167   0.01977   0.18761   0.00000   0.20247   0.00026   0.11577   0.02811   0.08569   0.13809   0.06848   0.09598   0.10519   0.13906   0.11597   7.81872   1.93721   1.36251   1.85215   1.13448  
 64 65.0494   2077.539238  x:  0.11182   0.00000   0.20028   0.00622   0.04464   0.04022   0.05021   0.02451   0.06174   0.08129   0.02035   0.18861   0.00000   0.20302   0.00000   0.11347   0.02799   0.08433   0.13875   0.06996   0.09872   0.10830   0.14009   0.11782   8.16216   1.85500   1.32815   1.81761   1.14076  
 65  2.0012   2077.481834  x:  0.11174   0.00000   0.20081   0.00637   0.04563   0.04009   0.05072   0.02453   0.06218   0.08111   0.01961   0.18881   0.00000   0.20258   0.00002   0.11344   0.02812   0.08495   0.13794   0.06997   0.09912   0.10865   0.13962   0.11774   8.52077   1.83488   1.31779   1.80145   1.15307  
 66  0.2736   2077.478873  x:  0.11157   0.00000   0.20097   0.00638   0.04511   0.04029   0.05071   0.02471   0.06186   0.08127   0.01997   0.18878   0.00000   0.20253   0.00002   0.11355   0.02814   0.08489   0.13793   0.06972   0.09885   0.10844   0.13950   0.11757   8.55377   1.84322   1.32079   1.80327   1.15332  
 67  0.0352   2077.478519  x:  0.11157   0.00000   0.20092   0.00625   0.04510   0.04029   0.05062   0.02460   0.06191   0.08123   0.01984   0.18879   0.00000   0.20250   0.00002   0.11350   0.02811   0.08482   0.13800   0.06977   0.09875   0.10844   0.13954   0.11756   8.55843   1.84506   1.32151   1.80373   1.15351  
 68  0.0073   2077.478487  x:  0.11157   0.00000   0.20092   0.00622   0.04504   0.04029   0.05064   0.02462   0.06189   0.08126   0.01985   0.18879   0.00000   0.20249   0.00001   0.11351   0.02812   0.08486   0.13799   0.06977   0.09875   0.10845   0.13954   0.11756   8.55923   1.84424   1.32120   1.80323   1.15347  
 69  0.0011   2077.478487  x:  0.11157   0.00000   0.20092   0.00621   0.04503   0.04029   0.05064   0.02462   0.06189   0.08126   0.01985   0.18879   0.00000   0.20249   0.00001   0.11351   0.02812   0.08486   0.13799   0.06977   0.09876   0.10845   0.13954   0.11756   8.55920   1.84424   1.32121   1.80325   1.15347  