

TREE # 1

  0  0.0000   2298.277661  x:  0.01972   0.20925   0.02571   0.03211   0.02495   0.05815   0.02188   0.05666   0.08536   0.02661   0.17168   0.01972   0.20925   0.02571   0.03211   0.02495   0.05815   0.02188   0.05666   0.08536   0.02661   0.17168   0.21568   8.40433   1.32641   0.93020   1.35223   1.00000  
  1 99.0000   2203.831330  x:  0.02136   0.21236   0.00517   0.03520   0.03071   0.06149   0.00000   0.03557   0.13564   0.01111   0.16974   0.01565   0.22816   0.02830   0.00412   0.26383   0.05850   0.03030   0.25357   0.08938   0.02715   0.16571   0.21923   8.40464   1.32720   0.92609   1.35552   0.99813  
  2 1280.4597   2201.604015  x:  0.02147   0.21262   0.00514   0.03534   0.03134   0.06185   0.01258   0.03411   0.13885   0.01083   0.16958   0.01542   0.22964   0.02825   0.00173   0.27535   0.05850   0.03040   0.26384   0.08971   0.02716   0.16523   0.21953   8.40467   1.32726   0.92577   1.35579   0.99796  
  3 2078.9398   2200.975128  x:  0.02151   0.21281   0.00682   0.03531   0.03127   0.06193   0.01258   0.03345   0.14002   0.01172   0.16947   0.01537   0.23057   0.02795   0.00000   0.27493   0.05847   0.02986   0.26476   0.08993   0.02713   0.16491   0.21974   8.40469   1.32729   0.92557   1.35597   0.99783  
  4 216.8836   2197.043678  x:  0.02183   0.21804   0.00123   0.03221   0.02941   0.06404   0.01239   0.01705   0.17057   0.01633   0.16645   0.01412   0.25672   0.01988   0.00000   0.25489   0.05790   0.01562   0.28536   0.09625   0.02669   0.15585   0.22559   8.40534   1.32800   0.92000   1.36126   0.99406  
  5 233.6597   2194.787759  x:  0.02257   0.22211   0.00405   0.03299   0.02949   0.06494   0.01223   0.02127   0.19015   0.00558   0.16400   0.01345   0.27604   0.01852   0.00000   0.23938   0.05901   0.01726   0.30116   0.10062   0.02698   0.14919   0.23008   8.40590   1.32858   0.91541   1.36571   0.99078  
  6 258.0449   2193.196965  x:  0.02234   0.22656   0.00104   0.03503   0.03069   0.06520   0.01211   0.03323   0.20803   0.01151   0.16134   0.01293   0.29675   0.02186   0.00000   0.22279   0.06090   0.02709   0.31932   0.10458   0.02737   0.14226   0.23503   8.40662   1.32927   0.90988   1.37121   0.98666  
  7 323.8483   2192.597853  x:  0.01967   0.22922   0.00127   0.04024   0.03250   0.06165   0.01204   0.02658   0.20015   0.01069   0.15974   0.01428   0.30735   0.03593   0.00000   0.21186   0.05860   0.03011   0.33366   0.09962   0.02443   0.14141   0.23821   8.40778   1.33012   0.90323   1.37862   0.98015  
  8 50.1705   2192.074985  x:  0.02094   0.23171   0.00158   0.03588   0.02993   0.06094   0.01212   0.03065   0.18337   0.01113   0.15917   0.01314   0.31708   0.03465   0.00000   0.20118   0.05651   0.02488   0.35175   0.08886   0.02166   0.14226   0.24137   8.40974   1.33160   0.89317   1.39004   0.96941  
  9 53.8755   2191.937533  x:  0.02125   0.23197   0.00180   0.03481   0.03149   0.06277   0.01205   0.02833   0.17779   0.01110   0.15939   0.01243   0.31881   0.03118   0.00000   0.19808   0.05866   0.02768   0.35650   0.08829   0.02663   0.14316   0.24185   8.41089   1.33250   0.88838   1.39584   0.96346  
 10 35.6352   2191.783608  x:  0.01994   0.23115   0.00167   0.03859   0.03149   0.06465   0.01202   0.02819   0.17441   0.01126   0.15987   0.01286   0.31695   0.02778   0.00000   0.19661   0.06075   0.02755   0.35906   0.09584   0.02351   0.14568   0.24087   8.41379   1.33469   0.87880   1.40865   0.94918  
 11 21.3228   2191.613828  x:  0.02083   0.22990   0.00183   0.03553   0.03049   0.06332   0.01205   0.02940   0.17518   0.01126   0.16068   0.01291   0.31325   0.03101   0.00000   0.19672   0.05926   0.02529   0.35905   0.10215   0.02642   0.14758   0.23920   8.41810   1.33768   0.86695   1.42627   0.92872  
 12 41.8135   2191.449196  x:  0.02133   0.22883   0.00184   0.03347   0.03184   0.06083   0.01202   0.02805   0.18023   0.01107   0.16098   0.01169   0.30926   0.02997   0.00000   0.19809   0.05699   0.02857   0.35597   0.09774   0.02362   0.14703   0.23760   8.42334   1.34096   0.85662   1.44514   0.90549  
 13 42.7735   2191.363454  x:  0.02084   0.22860   0.00153   0.03741   0.03120   0.06179   0.01202   0.02880   0.18333   0.01119   0.16074   0.01320   0.30790   0.02994   0.00000   0.19956   0.05749   0.02726   0.35351   0.09257   0.02555   0.14574   0.23720   8.42675   1.34295   0.85284   1.45551   0.89179  
 14 42.4699   2191.331912  x:  0.01996   0.22926   0.00163   0.03626   0.03120   0.06420   0.01200   0.02880   0.18334   0.01112   0.16007   0.01243   0.30892   0.03135   0.00000   0.20066   0.06033   0.02672   0.35198   0.09183   0.02474   0.14410   0.23792   8.42916   1.34422   0.85523   1.45929   0.88509  
 15 11.8052   2191.279755  x:  0.02257   0.23125   0.00160   0.03596   0.03156   0.06388   0.01199   0.02851   0.18171   0.01124   0.15914   0.01460   0.31265   0.03092   0.00000   0.20265   0.06051   0.02696   0.34953   0.09319   0.02417   0.14178   0.24018   8.43489   1.34723   0.86446   1.46537   0.87214  
 16 15.4104   2191.235253  x:  0.02106   0.23248   0.00162   0.03677   0.03128   0.06237   0.01202   0.02869   0.18039   0.01129   0.15846   0.01231   0.31558   0.02987   0.00000   0.20394   0.05871   0.02694   0.34802   0.09461   0.02493   0.14058   0.24183   8.44028   1.35017   0.87341   1.47033   0.86133  
 17 34.9501   2191.206105  x:  0.01933   0.23166   0.00170   0.03605   0.03123   0.06311   0.01200   0.02878   0.18155   0.01124   0.15967   0.01345   0.31553   0.02978   0.00000   0.20282   0.05804   0.02727   0.34941   0.09423   0.02494   0.14524   0.24141   8.44586   1.35376   0.88124   1.47371   0.85531  
 18  9.0147   2191.185742  x:  0.02124   0.23078   0.00163   0.03682   0.03141   0.06322   0.01199   0.02875   0.18249   0.01131   0.16098   0.01172   0.31459   0.03028   0.00000   0.20156   0.05875   0.02703   0.35093   0.09385   0.02483   0.14798   0.24055   8.45056   1.35695   0.88672   1.47624   0.85197  
 19 16.5357   2191.153037  x:  0.02080   0.22879   0.00173   0.03657   0.03056   0.06091   0.01202   0.02861   0.18296   0.01133   0.16083   0.01270   0.31071   0.02997   0.00000   0.19924   0.06074   0.02692   0.35417   0.09392   0.02494   0.14487   0.23781   8.46171   1.36518   0.89336   1.48134   0.85143  
 20  6.3665   2191.120576  x:  0.02094   0.22764   0.00180   0.03657   0.03261   0.06289   0.01193   0.02888   0.18318   0.01140   0.16024   0.01310   0.30761   0.03004   0.00000   0.19756   0.05872   0.02644   0.35643   0.09420   0.02490   0.14158   0.23597   8.47410   1.37421   0.89873   1.48699   0.85254  
 21 21.2413   2191.088717  x:  0.02159   0.22784   0.00187   0.03660   0.02992   0.06486   0.01198   0.02828   0.18343   0.01141   0.15957   0.01296   0.30665   0.03015   0.00000   0.19711   0.05715   0.02760   0.35694   0.09433   0.02481   0.14051   0.23597   8.48699   1.38322   0.90227   1.49293   0.85519  
 22 21.9736   2190.854279  x:  0.02133   0.23432   0.00242   0.03638   0.03129   0.06268   0.01192   0.02841   0.18600   0.01176   0.15507   0.01233   0.31011   0.02934   0.00000   0.19951   0.05874   0.02645   0.35321   0.09374   0.02489   0.14455   0.24362   8.58913   1.45159   0.92216   1.54002   0.88159  
 23 38.6532   2190.789286  x:  0.02068   0.22913   0.00266   0.03627   0.03123   0.06274   0.01191   0.02838   0.18551   0.01179   0.16372   0.01262   0.31790   0.02933   0.00000   0.20142   0.05863   0.02639   0.35057   0.09376   0.02452   0.14283   0.23943   8.62090   1.45990   0.92592   1.55153   0.88877  
 24 12.7567   2190.642270  x:  0.02223   0.22185   0.00305   0.03610   0.03117   0.06284   0.01189   0.02823   0.18637   0.01211   0.15235   0.01217   0.32514   0.02876   0.00000   0.20218   0.05861   0.02615   0.34937   0.09400   0.02452   0.14538   0.23099   8.70152   1.44644   0.93158   1.56792   0.90011  
 25  9.9809   2190.248787  x:  0.02069   0.23371   0.00432   0.03552   0.03097   0.06321   0.01181   0.02774   0.19219   0.01275   0.16018   0.01264   0.31824   0.02735   0.00000   0.19830   0.05872   0.02529   0.35412   0.09549   0.02445   0.14232   0.24206   8.93023   1.39744   0.94102   1.59520   0.92234  
 26 35.1353   2189.064984  x:  0.02246   0.21976   0.00779   0.03423   0.03051   0.06427   0.01145   0.02622   0.20505   0.01520   0.15792   0.01167   0.33370   0.02570   0.00000   0.19228   0.05878   0.02273   0.36050   0.09649   0.02378   0.14037   0.25878   9.65246   1.35983   0.88007   1.46650   0.88602  
 27 21.4732   2188.931728  x:  0.02195   0.23488   0.00817   0.03406   0.03046   0.06437   0.01141   0.02604   0.20624   0.01547   0.15880   0.01149   0.33711   0.02541   0.00000   0.19192   0.05878   0.02246   0.36081   0.09643   0.02393   0.14127   0.24476   9.73443   1.35656   0.87278   1.45077   0.88132  
 28 42.7269   2188.675510  x:  0.02071   0.23584   0.00859   0.03464   0.03063   0.06378   0.01078   0.02409   0.20848   0.01485   0.15895   0.01134   0.34066   0.02781   0.00000   0.19029   0.05842   0.02280   0.36387   0.09654   0.02397   0.14061   0.24396  10.47097   1.39698   0.90141   1.51127   0.89932  
 29  0.5713   2188.618318  x:  0.02096   0.23413   0.00927   0.03420   0.03074   0.06379   0.00998   0.02593   0.20667   0.01443   0.15882   0.01152   0.33854   0.02637   0.00000   0.19339   0.05846   0.02276   0.36386   0.09618   0.02401   0.14151   0.24517  10.76933   1.38306   0.89261   1.49220   0.89707  
 30  0.1544   2188.565430  x:  0.02109   0.23526   0.00978   0.03477   0.03103   0.06412   0.00809   0.02414   0.20516   0.01327   0.15917   0.01134   0.33720   0.02787   0.00000   0.19489   0.05896   0.02342   0.36798   0.09653   0.02394   0.14083   0.24399  10.79544   1.38362   0.89158   1.49033   0.89630  
 31  0.0070   2188.539605  x:  0.02100   0.23549   0.00984   0.03447   0.03112   0.06396   0.00700   0.02519   0.20627   0.01313   0.15898   0.01138   0.33852   0.02694   0.00000   0.19576   0.05864   0.02255   0.36973   0.09650   0.02404   0.14090   0.24425  10.64386   1.38838   0.89560   1.49891   0.89712  
 32  0.1033   2188.535690  x:  0.02094   0.23482   0.00971   0.03432   0.03112   0.06385   0.00708   0.02515   0.20724   0.01367   0.15887   0.01146   0.33899   0.02681   0.00000   0.19607   0.05850   0.02288   0.36879   0.09629   0.02397   0.14123   0.24475  10.58159   1.38546   0.89443   1.49547   0.89659  
 33  0.0468   2188.534457  x:  0.02093   0.23475   0.00959   0.03442   0.03115   0.06389   0.00687   0.02512   0.20717   0.01396   0.15894   0.01143   0.33874   0.02705   0.00000   0.19620   0.05863   0.02279   0.36916   0.09634   0.02398   0.14112   0.24456  10.61220   1.38520   0.89401   1.49484   0.89654  
 34  0.0152   2188.534167  x:  0.02095   0.23491   0.00943   0.03442   0.03114   0.06390   0.00692   0.02513   0.20697   0.01403   0.15892   0.01143   0.33875   0.02691   0.00000   0.19603   0.05859   0.02284   0.36921   0.09636   0.02399   0.14109   0.24455  10.61799   1.38610   0.89455   1.49610   0.89673  
 35  0.0039   2188.534088  x:  0.02095   0.23491   0.00935   0.03442   0.03114   0.06389   0.00690   0.02513   0.20698   0.01398   0.15891   0.01144   0.33882   0.02696   0.00000   0.19609   0.05857   0.02283   0.36919   0.09634   0.02398   0.14113   0.24462  10.61447   1.38570   0.89431   1.49554   0.89663  
 36  0.0021   2188.534084  x:  0.02095   0.23490   0.00935   0.03442   0.03114   0.06390   0.00690   0.02512   0.20704   0.01397   0.15893   0.01143   0.33882   0.02694   0.00000   0.19610   0.05859   0.02282   0.36918   0.09635   0.02398   0.14112   0.24459  10.61614   1.38565   0.89426   1.49545   0.89661  
 37  0.0014   2188.534083  x:  0.02095   0.23490   0.00935   0.03441   0.03114   0.06390   0.00690   0.02512   0.20706   0.01397   0.15892   0.01143   0.33881   0.02694   0.00000   0.19610   0.05858   0.02282   0.36920   0.09635   0.02398   0.14112   0.24459  10.61628   1.38568   0.89428   1.49549   0.89662  
 38  0.0001   2188.534083  x:  0.02095   0.23490   0.00935   0.03442   0.03114   0.06390   0.00690   0.02512   0.20705   0.01397   0.15892   0.01143   0.33882   0.02694   0.00000   0.19612   0.05858   0.02282   0.36922   0.09635   0.02398   0.14112   0.24459  10.61616   1.38566   0.89427   1.49547   0.89662  
 39  0.0000   2188.534083  x:  0.02095   0.23490   0.00935   0.03442   0.03114   0.06390   0.00690   0.02512   0.20705   0.01397   0.15892   0.01143   0.33882   0.02694   0.00000   0.19612   0.05858   0.02282   0.36922   0.09635   0.02398   0.14112   0.24459  10.61619   1.38566   0.89427   1.49547   0.89662  
 40  0.0000   2188.534083  x:  0.02095   0.23490   0.00935   0.03442   0.03114   0.06390   0.00690   0.02512   0.20705   0.01397   0.15892   0.01143   0.33882   0.02694   0.00000   0.19612   0.05858   0.02282   0.36922   0.09635   0.02398   0.14112   0.24459  10.61619   1.38566   0.89427   1.49547   0.89662  
 41  0.0000   2188.534083  x:  0.02095   0.23490   0.00935   0.03442   0.03114   0.06390   0.00690   0.02512   0.20705   0.01397   0.15892   0.01143   0.33882   0.02694   0.00000   0.19612   0.05858   0.02282   0.36922   0.09635   0.02398   0.14112   0.24459  10.61619   1.38566   0.89427   1.49547   0.89662  

TREE # 2

  0  0.0000   2632.643699  x:  0.02095   0.23490   0.00935   0.03442   0.03114   0.06390   0.00690   0.02512   0.20705   0.01397   0.15892   0.01143   0.33882   0.02694   0.00000   0.19612   0.05858   0.02282   0.36922   0.09635   0.02398   0.14112   0.24459  10.61619   1.36225   0.82328   1.37833   0.89662  
  1 99.0000   2398.873391  x:  0.07178   0.23106   0.14389   0.12923   0.03284   0.06274   0.10818   0.02605   0.21669   0.13487   0.15168   0.02917   0.33461   0.11103   0.59957   0.19439   0.06672   0.07016   0.36211   0.08832   0.02100   0.13475   0.23390  10.61620   1.36231   0.82351   1.37895   0.89687  
  2 8424.1060   2353.488133  x:  0.11632   0.21144   0.14754   0.17125   0.02538   0.04813   0.10343   0.00000   0.23782   0.14958   0.13129   0.02067   0.31564   0.11246   0.58822   0.17157   0.04068   0.10698   0.33840   0.06598   0.01538   0.11729   0.20311  10.61629   1.35989   0.82719   1.38031   0.89621  
  3 487.3921   2320.368396  x:  0.11480   0.17636   0.14715   0.18756   0.03321   0.03846   0.10587   0.00000   0.25571   0.16339   0.10776   0.03205   0.28353   0.11437   0.58464   0.13573   0.00000   0.10749   0.29997   0.04378   0.03645   0.09924   0.15796  10.61639   1.35700   0.83176   1.38207   0.89542  
  4 642.7966   2262.220077  x:  0.09798   0.05383   0.14059   0.18883   0.02746   0.02946   0.11923   0.00000   0.28447   0.17995   0.05047   0.00879   0.17054   0.12442   0.58707   0.02273   0.00000   0.11127   0.16131   0.00713   0.00602   0.05952   0.00000  10.61655   1.35040   0.84293   1.38769   0.89290  
  5 1318.2366   2260.922597  x:  0.09720   0.04603   0.14016   0.18875   0.02687   0.02901   0.12005   0.00000   0.28614   0.18082   0.04708   0.00720   0.16330   0.12508   0.58718   0.01571   0.00000   0.11177   0.15239   0.00573   0.00468   0.05720   0.00057  10.61656   1.35000   0.84361   1.38805   0.89274  
  6 762.7759   2257.065576  x:  0.09780   0.03194   0.13938   0.18814   0.02457   0.02872   0.12134   0.00000   0.28841   0.18158   0.04237   0.00445   0.14990   0.12645   0.58739   0.00435   0.00000   0.11444   0.13576   0.00960   0.00647   0.05398   0.00053  10.61657   1.34940   0.84467   1.38872   0.89247  
  7 2627.4788   2249.759382  x:  0.10110   0.00000   0.13743   0.18536   0.01930   0.02905   0.12401   0.00000   0.29245   0.18208   0.03621   0.01374   0.11788   0.12989   0.58719   0.00329   0.00000   0.12206   0.09636   0.01230   0.00448   0.04902   0.00060  10.61659   1.34820   0.84683   1.39034   0.89184  
  8 908.4385   2249.759382  x:  0.10110   0.00000   0.13743   0.18536   0.01930   0.02905   0.12401   0.00000   0.29245   0.18208   0.03621   0.01374   0.11788   0.12989   0.58719   0.00329   0.00000   0.12206   0.09636   0.01230   0.00448   0.04902   0.00060  10.61659   1.34820   0.84683   1.39034   0.89184  
  9 1196.8740   2239.738089  x:  0.10556   0.00344   0.13781   0.18784   0.02072   0.02856   0.12328   0.00000   0.29324   0.18235   0.03846   0.01617   0.11611   0.13010   0.58553   0.01544   0.00000   0.12465   0.09447   0.01660   0.02527   0.05013   0.03496  10.61659   1.34819   0.84685   1.39049   0.89182  
 10 1861.7170   2219.123925  x:  0.18797   0.04352   0.14375   0.23565   0.04369   0.01898   0.10886   0.00000   0.30906   0.18766   0.07645   0.04909   0.08063   0.13343   0.55194   0.04434   0.00000   0.17133   0.05317   0.05407   0.04766   0.06943   0.00708  10.61662   1.34769   0.84783   1.39321   0.89136  
 11 346.4908   2206.042679  x:  0.23798   0.02560   0.14284   0.27847   0.03205   0.02372   0.09687   0.00000   0.32662   0.19308   0.07348   0.02690   0.03303   0.13757   0.50615   0.02898   0.00000   0.20383   0.01360   0.03224   0.04702   0.07182   0.01408  10.61666   1.34599   0.85057   1.39658   0.89070  
 12 250.4110   2201.679093  x:  0.26627   0.01471   0.14191   0.30385   0.02617   0.02566   0.09053   0.00000   0.33750   0.19622   0.07103   0.01652   0.00554   0.14102   0.47579   0.02341   0.02019   0.22171   0.02015   0.02206   0.04754   0.07210   0.01634  10.61669   1.34489   0.85231   1.39883   0.89025  
 13 550.1705   2198.903862  x:  0.27989   0.00845   0.14061   0.32073   0.02382   0.02730   0.08903   0.00000   0.34590   0.19821   0.06551   0.02144   0.00000   0.14820   0.44692   0.01129   0.00935   0.22945   0.03519   0.02401   0.04733   0.06864   0.01986  10.61672   1.34372   0.85382   1.40115   0.88998  
 14 193.2407   2195.333806  x:  0.29633   0.00667   0.13818   0.35540   0.02012   0.03164   0.09057   0.00000   0.36527   0.20122   0.04601   0.01822   0.02740   0.17026   0.36989   0.02045   0.00488   0.23732   0.04317   0.02051   0.03859   0.05712   0.02218  10.61683   1.34039   0.85781   1.40759   0.88927  
 15 185.0881   2192.615598  x:  0.28428   0.00000   0.13582   0.37066   0.02206   0.03231   0.09669   0.00000   0.37762   0.20057   0.04982   0.02843   0.03083   0.17724   0.29682   0.01539   0.01523   0.22745   0.03445   0.02867   0.03513   0.05602   0.02522  10.61695   1.33742   0.86198   1.41373   0.88833  
 16 144.3413   2190.684137  x:  0.26817   0.01426   0.13724   0.37959   0.02256   0.02859   0.10025   0.00000   0.38649   0.19874   0.05709   0.02214   0.02448   0.17760   0.23074   0.01583   0.01211   0.21493   0.03622   0.02430   0.03911   0.06106   0.02289  10.61705   1.33491   0.86604   1.41972   0.88744  
 17 213.1945   2190.538377  x:  0.26624   0.01052   0.13749   0.37900   0.02219   0.02831   0.09894   0.00000   0.38671   0.19849   0.05630   0.02165   0.02255   0.17570   0.22481   0.02065   0.00975   0.21411   0.03695   0.02529   0.04097   0.06159   0.02054  10.61707   1.33471   0.86661   1.42109   0.88746  
 18 41.1551   2190.480556  x:  0.26624   0.00957   0.13942   0.37717   0.02275   0.02900   0.09523   0.00000   0.38603   0.19832   0.05452   0.02243   0.02468   0.17126   0.22152   0.01958   0.01012   0.21544   0.03671   0.02423   0.04466   0.06184   0.01894  10.61709   1.33466   0.86746   1.42395   0.88759  
 19 14.5963   2190.461005  x:  0.26661   0.00977   0.14055   0.37579   0.02204   0.02938   0.09397   0.00000   0.38552   0.19816   0.05457   0.02148   0.02538   0.16852   0.22020   0.01933   0.01013   0.21663   0.03685   0.02580   0.04375   0.06140   0.01942  10.61710   1.33477   0.86817   1.42650   0.88772  
 20 11.2026   2190.444114  x:  0.26718   0.00980   0.14138   0.37416   0.02222   0.02976   0.09368   0.00000   0.38494   0.19798   0.05525   0.02235   0.02568   0.16600   0.21906   0.01993   0.00982   0.21796   0.03721   0.02493   0.04184   0.06095   0.02030  10.61712   1.33505   0.86913   1.43003   0.88791  
 21 13.6027   2190.423172  x:  0.26848   0.00925   0.14085   0.37147   0.02390   0.02848   0.09636   0.00000   0.38418   0.19769   0.05483   0.02150   0.02602   0.16509   0.21822   0.01961   0.00972   0.21954   0.03731   0.02491   0.04169   0.06156   0.02049  10.61717   1.33617   0.87140   1.43850   0.88838  
 22  7.2763   2190.401940  x:  0.26949   0.00953   0.14010   0.36896   0.02191   0.02737   0.09835   0.00000   0.38348   0.19762   0.05438   0.02208   0.02596   0.16534   0.21775   0.01951   0.00990   0.22050   0.03710   0.02470   0.04228   0.06163   0.02019  10.61723   1.33770   0.87408   1.44813   0.88890  
 23 20.7287   2190.372031  x:  0.26995   0.01037   0.13895   0.36649   0.02191   0.03031   0.09815   0.00000   0.38272   0.19817   0.05440   0.02200   0.02484   0.16774   0.21786   0.01956   0.01005   0.22015   0.03689   0.02489   0.04301   0.06043   0.01972  10.61734   1.34097   0.87877   1.46377   0.88972  
 24 17.8780   2190.343447  x:  0.26978   0.01016   0.13846   0.36601   0.02243   0.02870   0.09445   0.00000   0.38260   0.19870   0.05532   0.02179   0.02470   0.17054   0.21866   0.01944   0.01008   0.21870   0.03687   0.02478   0.04237   0.06093   0.02010  10.61745   1.34535   0.88368   1.47899   0.89050  
 25 20.2517   2190.322654  x:  0.26849   0.01030   0.14084   0.36988   0.02245   0.02905   0.09495   0.00000   0.38364   0.19861   0.05392   0.02230   0.02447   0.16923   0.22038   0.01967   0.01010   0.21677   0.03687   0.02510   0.04192   0.06287   0.02024  10.61758   1.35223   0.88807   1.48932   0.89096  
 26  7.4144   2190.305756  x:  0.26738   0.00966   0.14209   0.37351   0.02238   0.02865   0.09596   0.00000   0.38451   0.19821   0.05545   0.02191   0.02510   0.16748   0.22180   0.01964   0.00989   0.21567   0.03700   0.02493   0.04281   0.06123   0.01978  10.61770   1.35925   0.89187   1.49700   0.89127  
 27 15.3195   2190.289150  x:  0.26576   0.01062   0.13865   0.37462   0.02277   0.02812   0.09542   0.00000   0.38401   0.19740   0.05437   0.02228   0.02472   0.16588   0.22196   0.01973   0.00994   0.21687   0.03685   0.02514   0.04267   0.06027   0.01978  10.61789   1.37029   0.89623   1.50141   0.89125  
 28  5.0931   2190.277034  x:  0.26534   0.01031   0.13704   0.37434   0.02226   0.02905   0.09527   0.00000   0.38332   0.19708   0.05543   0.02204   0.02554   0.16575   0.22170   0.01965   0.00978   0.21796   0.03711   0.02502   0.04274   0.06188   0.01975  10.61805   1.37917   0.89946   1.50385   0.89123  
 29 12.3660   2190.255212  x:  0.26634   0.01007   0.14053   0.37043   0.02249   0.02863   0.09542   0.00000   0.38158   0.19757   0.05515   0.02207   0.02497   0.16811   0.22039   0.01957   0.00988   0.21830   0.03691   0.02502   0.04266   0.06133   0.01977  10.61842   1.39602   0.90508   1.50631   0.89126  
 30  7.8342   2190.244938  x:  0.26940   0.01008   0.13931   0.36837   0.02242   0.02866   0.09544   0.00000   0.38291   0.19875   0.05503   0.02202   0.02519   0.16654   0.22034   0.01952   0.00984   0.21433   0.03690   0.02497   0.04253   0.06128   0.01984  10.61879   1.39871   0.90650   1.50613   0.89191  
 31  1.1774   2190.061502  x:  0.26420   0.01147   0.14070   0.35158   0.02320   0.02881   0.09445   0.00000   0.40009   0.18885   0.05630   0.02265   0.02373   0.16488   0.22784   0.01938   0.00936   0.21610   0.03659   0.02555   0.04361   0.06227   0.01848  10.62686   1.39568   0.91552   1.49965   0.90789  
 32  0.7363   2189.760514  x:  0.25290   0.01339   0.14085   0.34003   0.02460   0.02605   0.09629   0.00000   0.38323   0.20859   0.05865   0.02326   0.02209   0.15917   0.23623   0.01907   0.00860   0.21740   0.03615   0.02655   0.04512   0.06369   0.01642  10.64046   1.38850   0.91466   1.49236   0.92715  
 33  6.2587   2189.602440  x:  0.25378   0.01375   0.14094   0.33729   0.02493   0.02598   0.09605   0.00000   0.36199   0.19660   0.05915   0.02367   0.02115   0.15747   0.23903   0.01866   0.00827   0.21058   0.03592   0.02681   0.04540   0.06415   0.01572  10.64750   1.38568   0.90641   1.49066   0.93009  
 34  9.9498   2189.543655  x:  0.25206   0.01409   0.14096   0.33280   0.02514   0.02601   0.09559   0.00000   0.36554   0.19658   0.05951   0.02375   0.02073   0.15644   0.24062   0.01859   0.00806   0.21047   0.03581   0.02695   0.04565   0.06438   0.01532  10.65017   1.38874   0.88778   1.49457   0.91052  
 35  3.5905   2189.526974  x:  0.25176   0.01400   0.14125   0.33219   0.02520   0.02586   0.09584   0.00000   0.36467   0.19677   0.05965   0.02378   0.02074   0.15629   0.24157   0.01862   0.00794   0.21035   0.03581   0.02700   0.04573   0.06450   0.01518  10.65091   1.38574   0.89412   1.49351   0.89482  
 36  1.9451   2189.059308  x:  0.23169   0.01200   0.14179   0.33918   0.02350   0.02755   0.09660   0.00000   0.37050   0.19400   0.06097   0.02251   0.01719   0.15686   0.23280   0.01369   0.01016   0.20174   0.03071   0.02534   0.03958   0.06487   0.01289  10.63582   1.38469   0.89476   1.49573   0.89582  
 37  0.0169   2188.594950  x:  0.23587   0.00910   0.14079   0.33691   0.02311   0.02777   0.09733   0.00000   0.36995   0.19524   0.05959   0.02270   0.02257   0.15913   0.23326   0.01458   0.00901   0.20233   0.03301   0.02487   0.03215   0.06368   0.00680  10.60196   1.38454   0.89359   1.49461   0.89516  
 38  0.0229   2188.545647  x:  0.24263   0.01111   0.14079   0.33719   0.02370   0.02711   0.09675   0.00000   0.36892   0.19613   0.05836   0.02257   0.02195   0.15936   0.23471   0.01398   0.00922   0.20591   0.03405   0.02482   0.03014   0.06356   0.00764  10.60146   1.38539   0.89390   1.49521   0.89622  
 39  0.0109   2188.535743  x:  0.24409   0.01166   0.14094   0.33774   0.02393   0.02693   0.09649   0.00000   0.36882   0.19626   0.05810   0.02264   0.02142   0.15926   0.23508   0.01394   0.00931   0.20684   0.03430   0.02493   0.03121   0.06362   0.00686  10.60366   1.38564   0.89414   1.49547   0.89667  
 40  0.0071   2188.534216  x:  0.24451   0.01148   0.14117   0.33886   0.02401   0.02693   0.09634   0.00000   0.36920   0.19611   0.05844   0.02281   0.02097   0.15893   0.23490   0.01410   0.00933   0.20703   0.03439   0.02514   0.03116   0.06386   0.00692  10.60924   1.38565   0.89427   1.49553   0.89660  
 41  0.0055   2188.534092  x:  0.24459   0.01144   0.14115   0.33886   0.02399   0.02694   0.09634   0.00000   0.36923   0.19611   0.05856   0.02282   0.02096   0.15891   0.23487   0.01396   0.00934   0.20704   0.03440   0.02514   0.03115   0.06390   0.00691  10.61184   1.38565   0.89427   1.49549   0.89659  
 42  0.0033   2188.534085  x:  0.24460   0.01143   0.14112   0.33881   0.02398   0.02695   0.09635   0.00000   0.36922   0.19612   0.05859   0.02282   0.02095   0.15892   0.23490   0.01398   0.00935   0.20705   0.03441   0.02512   0.03114   0.06390   0.00690  10.61393   1.38565   0.89427   1.49545   0.89659  
 43  0.0019   2188.534083  x:  0.24459   0.01143   0.14112   0.33882   0.02398   0.02694   0.09635   0.00000   0.36922   0.19612   0.05859   0.02282   0.02095   0.15893   0.23490   0.01397   0.00935   0.20705   0.03442   0.02512   0.03115   0.06390   0.00691  10.61551   1.38566   0.89427   1.49546   0.89661  
 44  0.0012   2188.534083  x:  0.24459   0.01143   0.14112   0.33882   0.02398   0.02694   0.09635   0.00000   0.36922   0.19612   0.05858   0.02282   0.02095   0.15892   0.23490   0.01397   0.00935   0.20705   0.03442   0.02512   0.03114   0.06390   0.00690  10.61610   1.38566   0.89427   1.49547   0.89662  
 45  0.0006   2188.534083  x:  0.24459   0.01143   0.14112   0.33882   0.02398   0.02694   0.09635   0.00000   0.36922   0.19612   0.05858   0.02282   0.02095   0.15892   0.23490   0.01397   0.00935   0.20705   0.03442   0.02512   0.03114   0.06390   0.00690  10.61616   1.38566   0.89427   1.49547   0.89662  
 46  0.0001   2188.534083  x:  0.24459   0.01143   0.14112   0.33882   0.02398   0.02694   0.09635   0.00000   0.36922   0.19612   0.05858   0.02282   0.02095   0.15892   0.23490   0.01397   0.00935   0.20705   0.03442   0.02512   0.03114   0.06390   0.00690  10.61619   1.38566   0.89427   1.49547   0.89662  
 47  0.0000   2188.534083  x:  0.24459   0.01143   0.14112   0.33882   0.02398   0.02694   0.09635   0.00000   0.36922   0.19612   0.05858   0.02282   0.02095   0.15892   0.23490   0.01397   0.00935   0.20705   0.03442   0.02512   0.03114   0.06390   0.00690  10.61619   1.38566   0.89427   1.49547   0.89662  
 48  0.0000   2188.534083  x:  0.24459   0.01143   0.14112   0.33882   0.02398   0.02694   0.09635   0.00000   0.36922   0.19612   0.05858   0.02282   0.02095   0.15892   0.23490   0.01397   0.00935   0.20705   0.03442   0.02512   0.03114   0.06390   0.00690  10.61619   1.38566   0.89427   1.49547   0.89662  