

TREE # 1

  0  0.0000   1885.849508  x:  0.01972   0.20925   0.02571   0.03211   0.02495   0.05815   0.02188   0.05666   0.08536   0.02661   0.17168   0.01972   0.20925   0.02571   0.03211   0.02495   0.05815   0.02188   0.05666   0.08536   0.02661   0.17168   0.21568   8.40433   1.55955   1.02997   1.37387   1.00000  
  1 99.0000   1871.042861  x:  0.00000   0.19602   0.00396   0.03007   0.02640   0.09497   0.03985   0.07215   0.07287   0.03206   0.17299   0.01615   0.20760   0.02405   0.01949   0.00126   0.05366   0.00783   0.06385   0.08422   0.06450   0.16995   0.21402   8.40447   1.55877   1.03160   1.37532   0.99985  
  2 369.9514   1869.983470  x:  0.00000   0.19259   0.00085   0.02959   0.02650   0.10185   0.04217   0.07521   0.06993   0.03332   0.17342   0.01571   0.20719   0.02312   0.01773   0.00700   0.05273   0.00806   0.06536   0.08396   0.07027   0.16953   0.21363   8.40451   1.55857   1.03202   1.37572   0.99982  
  3 425.6141   1868.824891  x:  0.00000   0.18422   0.00969   0.02880   0.02617   0.11291   0.04302   0.08048   0.06360   0.03644   0.17462   0.01574   0.20626   0.01993   0.01654   0.00901   0.05104   0.01466   0.06793   0.08339   0.07619   0.16857   0.21275   8.40460   1.55803   1.03308   1.37675   0.99976  
  4 258.6210   1867.044542  x:  0.00000   0.15911   0.00522   0.02702   0.02397   0.12598   0.03177   0.08750   0.04932   0.03739   0.17851   0.01913   0.20382   0.01076   0.02469   0.00678   0.04879   0.01977   0.07117   0.08219   0.06938   0.16599   0.21046   8.40491   1.55639   1.03643   1.37995   0.99955  
  5 129.3203   1865.992509  x:  0.00000   0.13168   0.00824   0.02886   0.02554   0.13304   0.02670   0.09041   0.04327   0.03674   0.18262   0.02062   0.20136   0.01869   0.02181   0.00782   0.04876   0.01236   0.07216   0.08144   0.06131   0.16309   0.20814   8.40531   1.55446   1.04044   1.38395   0.99928  
  6 114.7533   1865.490163  x:  0.00000   0.11251   0.00639   0.03021   0.02656   0.13423   0.03143   0.08967   0.04704   0.03577   0.18556   0.01854   0.19929   0.01935   0.01805   0.00696   0.04971   0.01642   0.07143   0.08135   0.05633   0.16122   0.20664   8.40567   1.55281   1.04390   1.38763   0.99904  
  7 91.8130   1865.353820  x:  0.00000   0.10587   0.00758   0.02913   0.02543   0.13331   0.03300   0.08833   0.05016   0.03638   0.18696   0.01714   0.19824   0.01726   0.02085   0.00746   0.05000   0.01419   0.07072   0.08161   0.05778   0.16076   0.20619   8.40592   1.55176   1.04615   1.39022   0.99890  
  8 44.0175   1865.287012  x:  0.00000   0.10276   0.00721   0.02759   0.02482   0.13072   0.03065   0.08659   0.05101   0.03738   0.18858   0.01804   0.19727   0.01779   0.02020   0.00735   0.04984   0.01510   0.07010   0.08198   0.06146   0.16088   0.20604   8.40633   1.55021   1.04955   1.39436   0.99869  
  9 21.1880   1865.213348  x:  0.00000   0.10182   0.00744   0.02941   0.02726   0.12728   0.03114   0.08548   0.04852   0.03740   0.19126   0.01879   0.19567   0.01570   0.01937   0.00748   0.04936   0.01453   0.07018   0.08220   0.06340   0.16129   0.20603   8.40728   1.54688   1.05711   1.40375   0.99822  
 10 19.4910   1865.091746  x:  0.00000   0.10291   0.00717   0.03027   0.02517   0.12521   0.03356   0.08622   0.04591   0.03653   0.19532   0.01802   0.19324   0.01832   0.02163   0.00733   0.04922   0.01552   0.07120   0.08210   0.06396   0.16174   0.20612   8.40935   1.54026   1.07285   1.42364   0.99723  
 11 39.4220   1864.931292  x:  0.00000   0.10600   0.00739   0.02801   0.02315   0.12685   0.03256   0.08867   0.04817   0.03650   0.19870   0.01687   0.19111   0.01699   0.01886   0.00742   0.04969   0.01440   0.07216   0.08166   0.06148   0.16221   0.20640   8.41237   1.53176   1.09459   1.45166   0.99586  
 12 70.4623   1864.863754  x:  0.00000   0.10721   0.00718   0.02776   0.02627   0.12925   0.03169   0.08923   0.05082   0.03718   0.19839   0.01772   0.19136   0.01781   0.02031   0.00735   0.04991   0.01480   0.07164   0.08163   0.06090   0.16235   0.20659   8.41388   1.52866   1.10432   1.46478   0.99525  
 13 58.1645   1864.813043  x:  0.00000   0.10710   0.00719   0.03003   0.02493   0.13144   0.03130   0.08643   0.05084   0.03714   0.19317   0.01857   0.19451   0.01750   0.02023   0.00741   0.04969   0.01482   0.06914   0.08213   0.06090   0.16210   0.20688   8.41556   1.52888   1.11148   1.47631   0.99480  
 14 18.6200   1864.786943  x:  0.00000   0.10666   0.00726   0.02813   0.02565   0.13137   0.03162   0.08509   0.04957   0.03669   0.18931   0.01737   0.19670   0.01757   0.02014   0.00741   0.04974   0.01484   0.06920   0.08223   0.06075   0.16174   0.20698   8.41673   1.53068   1.11491   1.48297   0.99459  
 15 19.5447   1864.761500  x:  0.00000   0.10579   0.00718   0.02856   0.02543   0.12954   0.03173   0.08695   0.05005   0.03743   0.18580   0.01798   0.19883   0.01747   0.02013   0.00737   0.04986   0.01477   0.07214   0.08177   0.06106   0.16144   0.20690   8.41861   1.53637   1.11760   1.49099   0.99448  
 16 11.1316   1864.708746  x:  0.00000   0.10544   0.00730   0.02911   0.02570   0.12819   0.03082   0.09075   0.05042   0.03525   0.18530   0.01655   0.19948   0.01739   0.02015   0.00739   0.04909   0.01491   0.06947   0.08151   0.06206   0.16095   0.20620   8.42404   1.55662   1.12179   1.50977   0.99452  
 17 12.1139   1864.626804  x:  0.00000   0.10575   0.00717   0.02734   0.02541   0.12815   0.03264   0.09122   0.04964   0.03763   0.18723   0.01905   0.19906   0.01742   0.01995   0.00740   0.04958   0.01458   0.06681   0.08170   0.06102   0.16083   0.20528   8.43321   1.59113   1.12843   1.53981   0.99468  
 18 55.6286   1864.554607  x:  0.00000   0.10652   0.00697   0.02870   0.02556   0.13033   0.03142   0.08690   0.04998   0.03841   0.18993   0.01695   0.19726   0.01764   0.02005   0.00732   0.05012   0.01470   0.06981   0.08203   0.06076   0.16078   0.20486   8.44161   1.62222   1.13488   1.56539   0.99490  
 19 61.3414   1864.546646  x:  0.00000   0.10654   0.00713   0.02841   0.02552   0.13075   0.03157   0.08621   0.05027   0.03698   0.19008   0.01788   0.19682   0.01756   0.02006   0.00735   0.04965   0.01468   0.07053   0.08188   0.06085   0.16102   0.20510   8.44277   1.62587   1.13621   1.56776   0.99498  
 20 14.8770   1864.529334  x:  0.00000   0.10639   0.00708   0.02845   0.02553   0.13072   0.03161   0.08623   0.05031   0.03749   0.18824   0.01772   0.19380   0.01772   0.02007   0.00733   0.04874   0.01466   0.07024   0.08057   0.06068   0.16250   0.20803   8.44783   1.63588   1.14612   1.56783   0.99571  
 21  4.1738   1864.520042  x:  0.00000   0.10640   0.00713   0.02851   0.02554   0.13075   0.03155   0.08653   0.05020   0.03707   0.18787   0.01792   0.19339   0.01763   0.02009   0.00734   0.05061   0.01469   0.07023   0.08164   0.06091   0.16260   0.20866   8.45109   1.64148   1.15236   1.56722   0.99623  
 22 12.1045   1864.508558  x:  0.00000   0.10670   0.00710   0.02844   0.02554   0.13062   0.03164   0.08664   0.05038   0.03728   0.18875   0.01788   0.19527   0.01764   0.02006   0.00733   0.04943   0.01467   0.07044   0.08334   0.06081   0.16144   0.20745   8.45589   1.64836   1.16075   1.56580   0.99704  
 23 10.0979   1864.504209  x:  0.00000   0.10686   0.00711   0.02846   0.02555   0.13061   0.03164   0.08643   0.05039   0.03723   0.18943   0.01788   0.19658   0.01759   0.02008   0.00733   0.04978   0.01468   0.07036   0.08178   0.06095   0.16100   0.20638   8.45823   1.65080   1.16388   1.56519   0.99745  
 24  6.5630   1864.499339  x:  0.00000   0.10672   0.00709   0.02846   0.02555   0.13065   0.03166   0.08647   0.05040   0.03723   0.18946   0.01762   0.19713   0.01764   0.02007   0.00732   0.04977   0.01466   0.07037   0.08196   0.06091   0.16408   0.20486   8.46711   1.65117   1.16442   1.56522   0.99919  
 25  1.0236   1864.295633  x:  0.00000   0.10921   0.00605   0.02850   0.02555   0.12928   0.03308   0.08566   0.05174   0.03698   0.18744   0.01732   0.19445   0.01785   0.01958   0.00692   0.04989   0.01370   0.07002   0.08205   0.06344   0.16101   0.20376   8.88856   1.65005   1.16536   1.57306   1.07718  
 26  6.7328   1864.262413  x:  0.00000   0.10878   0.00589   0.02848   0.02556   0.12920   0.03331   0.08576   0.05191   0.03693   0.19066   0.01666   0.19975   0.01784   0.01948   0.00686   0.04994   0.01355   0.07005   0.08205   0.06379   0.16311   0.21090   8.95762   1.64996   1.16500   1.57390   1.07843  
 27 19.7874   1863.975171  x:  0.00000   0.11218   0.00459   0.02856   0.02570   0.12735   0.03524   0.08490   0.05384   0.03660   0.18881   0.01639   0.19727   0.01795   0.01883   0.00633   0.05011   0.01225   0.06956   0.08232   0.06720   0.16335   0.20756   9.55318   1.64909   1.16259   1.57586   1.01129  
 28 24.7698   1863.936220  x:  0.00000   0.10857   0.00448   0.02853   0.02562   0.13009   0.03410   0.08593   0.05249   0.03634   0.18979   0.01694   0.19705   0.01774   0.01954   0.00594   0.05005   0.01231   0.06988   0.08210   0.06525   0.16272   0.20705   9.78922   1.64859   1.16290   1.57411   1.01719  
 29  0.2018   1863.931049  x:  0.00000   0.10935   0.00501   0.02854   0.02564   0.12986   0.03394   0.08574   0.05239   0.03646   0.18951   0.01689   0.19725   0.01773   0.01950   0.00594   0.05003   0.01236   0.06988   0.08214   0.06539   0.16291   0.20721   9.86799   1.64846   1.16177   1.57278   1.01758  
 30  0.0698   1863.930561  x:  0.00000   0.10949   0.00493   0.02854   0.02564   0.12963   0.03397   0.08569   0.05246   0.03654   0.18951   0.01684   0.19726   0.01774   0.01945   0.00584   0.05003   0.01253   0.06987   0.08216   0.06542   0.16297   0.20724   9.88601   1.64868   1.16178   1.57315   1.01828  
 31  0.0197   1863.930481  x:  0.00000   0.10941   0.00493   0.02855   0.02564   0.12957   0.03402   0.08570   0.05251   0.03654   0.18956   0.01683   0.19723   0.01776   0.01943   0.00579   0.05003   0.01247   0.06986   0.08215   0.06538   0.16296   0.20723   9.88727   1.64882   1.16197   1.57354   1.01842  
 32  0.0009   1863.930460  x:  0.00000   0.10943   0.00495   0.02854   0.02564   0.12960   0.03401   0.08569   0.05250   0.03652   0.18954   0.01684   0.19724   0.01775   0.01946   0.00577   0.05004   0.01248   0.06986   0.08215   0.06539   0.16295   0.20723   9.88152   1.64876   1.16195   1.57342   1.01819  
 33  0.0037   1863.930459  x:  0.00000   0.10943   0.00495   0.02854   0.02564   0.12960   0.03400   0.08569   0.05249   0.03653   0.18954   0.01684   0.19724   0.01775   0.01945   0.00577   0.05004   0.01248   0.06986   0.08215   0.06540   0.16296   0.20723   9.88114   1.64875   1.16192   1.57338   1.01824  
 34  0.0004   1863.930459  x:  0.00000   0.10943   0.00495   0.02854   0.02564   0.12960   0.03400   0.08569   0.05249   0.03653   0.18954   0.01684   0.19724   0.01775   0.01945   0.00577   0.05003   0.01248   0.06986   0.08215   0.06540   0.16296   0.20723   9.88120   1.64875   1.16192   1.57338   1.01823  
 35  0.0000   1863.930459  x:  0.00000   0.10943   0.00495   0.02854   0.02564   0.12960   0.03400   0.08569   0.05249   0.03653   0.18954   0.01684   0.19724   0.01775   0.01945   0.00577   0.05003   0.01248   0.06986   0.08215   0.06540   0.16296   0.20723   9.88120   1.64875   1.16192   1.57338   1.01823  
 36  0.0000   1863.930459  x:  0.00000   0.10943   0.00495   0.02854   0.02564   0.12960   0.03400   0.08569   0.05249   0.03653   0.18954   0.01684   0.19724   0.01775   0.01945   0.00577   0.05003   0.01248   0.06986   0.08215   0.06540   0.16296   0.20723   9.88120   1.64875   1.16192   1.57338   1.01823  

TREE # 2

  0  0.0000   2163.015265  x:  0.00000   0.10943   0.00495   0.02854   0.02564   0.12960   0.03400   0.08569   0.05249   0.03653   0.18954   0.01684   0.19724   0.01775   0.01945   0.00577   0.05003   0.01248   0.06986   0.08215   0.06540   0.16296   0.20723   9.88120   1.61740   1.05896   1.43580   1.01823  
  1 99.0000   1977.549739  x:  0.41417   0.11691   0.19500   0.06660   0.03504   0.12508   0.04157   0.08118   0.05474   0.03080   0.18441   0.01447   0.19729   0.07196   0.05857   0.03792   0.04486   0.03063   0.06652   0.08237   0.06122   0.16137   0.20177   9.88120   1.61734   1.05927   1.43602   1.01819  
  2 10094.2710   1931.781616  x:  0.40232   0.09234   0.19541   0.11567   0.05767   0.09884   0.07324   0.05444   0.06526   0.00000   0.15603   0.00589   0.16612   0.12941   0.08919   0.03357   0.01332   0.05187   0.04764   0.08332   0.03851   0.15301   0.17131   9.88125   1.61603   1.06283   1.43639   1.01776  
  3 503.0546   1919.783800  x:  0.39826   0.08031   0.19583   0.13364   0.06438   0.08603   0.08327   0.04255   0.06949   0.01425   0.14254   0.01324   0.15091   0.14956   0.09957   0.03226   0.00000   0.05790   0.03944   0.08380   0.02888   0.14933   0.15668   9.88128   1.61542   1.06451   1.43657   1.01758  
  4 1391.2882   1904.420510  x:  0.39025   0.04519   0.19734   0.17111   0.07342   0.04874   0.09922   0.00984   0.07701   0.03656   0.10423   0.02824   0.10626   0.18915   0.11907   0.03365   0.03823   0.06558   0.02083   0.08532   0.00712   0.13992   0.11458   9.88135   1.61359   1.06922   1.43718   1.01708  
  5 1060.3027   1889.408115  x:  0.38719   0.00000   0.20004   0.19478   0.06892   0.00310   0.09843   0.01072   0.07796   0.04482   0.05709   0.02590   0.04440   0.20935   0.12432   0.03463   0.04716   0.05810   0.02226   0.08770   0.04775   0.13194   0.06143   9.88142   1.61119   1.07518   1.43813   1.01641  
  6 512.0433   1889.408115  x:  0.38719   0.00000   0.20004   0.19478   0.06892   0.00310   0.09843   0.01072   0.07796   0.04482   0.05709   0.02590   0.04440   0.20935   0.12432   0.03463   0.04716   0.05810   0.02226   0.08770   0.04775   0.13194   0.06143   9.88142   1.61119   1.07518   1.43813   1.01641  
  7 351.0185   1878.809477  x:  0.37386   0.01849   0.19550   0.19690   0.07118   0.06403   0.09290   0.03447   0.07495   0.01584   0.05264   0.00727   0.02294   0.20610   0.11909   0.03162   0.01867   0.05383   0.03012   0.08766   0.03268   0.13092   0.04699   9.88146   1.61024   1.07692   1.43889   1.01625  
  8 396.0840   1875.006036  x:  0.36627   0.01842   0.19273   0.19688   0.06937   0.06554   0.09031   0.03202   0.07349   0.00240   0.05125   0.01406   0.01047   0.20437   0.11663   0.03172   0.00495   0.05229   0.03107   0.08744   0.02726   0.13056   0.04101   9.88147   1.60972   1.07792   1.43934   1.01615  
  9 296.8064   1873.993073  x:  0.36095   0.01829   0.19084   0.19685   0.06812   0.06532   0.08872   0.03034   0.07276   0.00496   0.05053   0.01297   0.00236   0.20324   0.11514   0.03228   0.00078   0.05155   0.03148   0.08728   0.02472   0.13036   0.03770   9.88148   1.60936   1.07860   1.43967   1.01609  
 10 231.8372   1873.614332  x:  0.35934   0.01831   0.19027   0.19685   0.06775   0.06532   0.08825   0.02986   0.07254   0.00501   0.05032   0.01267   0.00000   0.20291   0.11472   0.03252   0.00109   0.05136   0.03160   0.08723   0.02402   0.13030   0.03675   9.88148   1.60925   1.07880   1.43978   1.01608  
 11 558.5879   1872.895543  x:  0.34582   0.02120   0.18606   0.19704   0.06571   0.06316   0.08581   0.02744   0.07149   0.00258   0.04992   0.00711   0.00000   0.20127   0.11329   0.03535   0.00072   0.05235   0.02975   0.08684   0.02725   0.13010   0.03568   9.88150   1.60828   1.08032   1.44094   1.01604  
 12 142.1475   1870.843595  x:  0.28679   0.03800   0.16843   0.19840   0.05964   0.06463   0.07714   0.02631   0.06806   0.00449   0.04910   0.01181   0.00000   0.19522   0.10909   0.04489   0.00220   0.05799   0.02212   0.08536   0.04337   0.12942   0.03648   9.88159   1.60403   1.08678   1.44631   1.01593  
 13 278.8436   1869.197141  x:  0.22752   0.03793   0.15510   0.19891   0.06289   0.05997   0.08121   0.03262   0.07084   0.00385   0.05274   0.01089   0.00000   0.19216   0.11212   0.03416   0.00247   0.06029   0.03282   0.08629   0.04110   0.12951   0.04778   9.88167   1.59959   1.09315   1.45308   1.01592  
 14 115.0698   1868.651309  x:  0.20655   0.03469   0.15493   0.19918   0.06703   0.06041   0.08551   0.03342   0.07272   0.00384   0.05185   0.01065   0.00000   0.19284   0.11675   0.03552   0.00203   0.05733   0.02284   0.08654   0.03466   0.12970   0.04577   9.88170   1.59743   1.09606   1.45730   1.01605  
 15 57.2501   1868.373839  x:  0.19590   0.03329   0.15827   0.19955   0.06692   0.06204   0.08521   0.02964   0.07188   0.00425   0.04985   0.01130   0.00000   0.19402   0.11942   0.04094   0.00100   0.05621   0.02808   0.08702   0.03445   0.12953   0.03966   9.88172   1.59532   1.09885   1.46217   1.01629  
 16 29.5415   1868.266704  x:  0.19323   0.03344   0.15951   0.19970   0.06306   0.06274   0.08138   0.02779   0.06978   0.00446   0.05034   0.01141   0.00000   0.19362   0.11758   0.03642   0.00077   0.05647   0.02738   0.08632   0.03399   0.12944   0.03730   9.88174   1.59367   1.10126   1.46634   1.01649  
 17 18.6725   1868.227608  x:  0.19341   0.03292   0.15866   0.19969   0.06137   0.06233   0.07967   0.02906   0.06950   0.00443   0.05038   0.01143   0.00000   0.19219   0.11408   0.03819   0.00054   0.05608   0.02736   0.08575   0.03200   0.12942   0.03909   9.88177   1.59199   1.10396   1.47093   1.01668  
 18 11.2132   1868.170916  x:  0.19498   0.03222   0.15558   0.19962   0.06405   0.06237   0.08128   0.02870   0.07111   0.00446   0.04964   0.01155   0.00000   0.18902   0.10914   0.03755   0.00048   0.05576   0.02734   0.08587   0.03328   0.12916   0.03755   9.88184   1.58762   1.11152   1.48392   1.01721  
 19 11.1742   1868.063572  x:  0.19774   0.03415   0.15420   0.19942   0.06363   0.06256   0.08299   0.02684   0.06866   0.00457   0.05192   0.01147   0.00000   0.18739   0.11398   0.03805   0.00050   0.05703   0.02740   0.08667   0.03141   0.12913   0.03808   9.88202   1.57827   1.12993   1.51642   1.01864  
 20 16.8725   1868.019943  x:  0.19805   0.03290   0.15572   0.19921   0.06237   0.06184   0.08158   0.02905   0.06956   0.00449   0.04926   0.01138   0.00000   0.18857   0.11621   0.03760   0.00060   0.05574   0.02744   0.08618   0.03257   0.12916   0.03777   9.88211   1.57554   1.13754   1.53039   1.01931  
 21 26.1951   1867.998668  x:  0.19730   0.03191   0.15865   0.19913   0.06324   0.06242   0.08012   0.02844   0.07117   0.00447   0.05087   0.01136   0.00000   0.19129   0.11490   0.03779   0.00069   0.05575   0.02736   0.08537   0.03296   0.12922   0.03824   9.88217   1.57679   1.14086   1.53770   1.01978  
 22  9.2890   1867.978320  x:  0.19659   0.03214   0.16101   0.19909   0.06337   0.06213   0.08167   0.02854   0.06952   0.00448   0.04967   0.01130   0.00000   0.19431   0.11242   0.03765   0.00077   0.05710   0.02726   0.08570   0.03266   0.12924   0.03850   9.88226   1.58156   1.14330   1.54473   1.02039  
 23  7.8209   1867.924387  x:  0.19655   0.03264   0.15975   0.19885   0.06142   0.06123   0.08351   0.02973   0.06892   0.00446   0.05200   0.01130   0.00000   0.19699   0.11125   0.03780   0.00081   0.05374   0.02740   0.08736   0.03330   0.12902   0.03716   9.88257   1.60248   1.14829   1.56263   1.02225  
 24  9.1336   1867.776127  x:  0.19751   0.03237   0.15390   0.19828   0.06167   0.06162   0.08097   0.02672   0.07144   0.00459   0.04889   0.01119   0.00000   0.19824   0.11304   0.03758   0.00081   0.05469   0.02742   0.08729   0.03148   0.12880   0.03834   9.88348   1.66366   1.16222   1.61087   1.02741  
 25 46.7813   1867.730996  x:  0.19744   0.03068   0.15467   0.19819   0.06318   0.06065   0.07996   0.02891   0.06975   0.00454   0.05013   0.01113   0.00000   0.19492   0.11393   0.03802   0.00078   0.05703   0.02741   0.08514   0.03174   0.12895   0.03667   9.88379   1.68222   1.16764   1.62417   1.02879  
 26 33.5978   1867.699302  x:  0.19687   0.03110   0.15870   0.19843   0.06350   0.06066   0.08066   0.02805   0.06899   0.00457   0.04972   0.01114   0.00000   0.18940   0.11399   0.03771   0.00084   0.05510   0.02753   0.08425   0.03210   0.12937   0.03784   9.88405   1.69437   1.17352   1.63111   1.02944  
 27 15.2675   1867.681962  x:  0.19683   0.03166   0.16054   0.19863   0.06226   0.06023   0.08121   0.02841   0.07110   0.00454   0.04990   0.01113   0.00000   0.18752   0.11392   0.03775   0.00084   0.05644   0.02743   0.08616   0.03170   0.12939   0.03736   9.88424   1.69988   1.17884   1.63247   1.02944  
 28  7.6082   1867.585918  x:  0.19854   0.02872   0.15978   0.19932   0.06374   0.06017   0.07970   0.02808   0.06904   0.00465   0.04992   0.01108   0.00000   0.18998   0.11392   0.03777   0.00088   0.05593   0.02714   0.08980   0.03214   0.12850   0.03808   9.88555   1.72378   1.21643   1.62895   1.02788  
 29  8.0713   1867.544104  x:  0.19956   0.03087   0.15913   0.19949   0.06343   0.05884   0.08113   0.02819   0.07029   0.00469   0.04986   0.01106   0.00000   0.19206   0.11396   0.03758   0.00089   0.05564   0.02763   0.08517   0.03120   0.12895   0.03728   9.88614   1.73267   1.23118   1.62709   1.02713  
 30 21.1174   1867.459484  x:  0.20003   0.02669   0.15834   0.19598   0.06033   0.06026   0.08361   0.02688   0.07046   0.00477   0.05006   0.01103   0.00000   0.19206   0.11353   0.03788   0.00094   0.05647   0.02749   0.08382   0.03202   0.13726   0.03734   9.88770   1.73220   1.23165   1.62567   1.02535  
 31  1.0326   1866.833432  x:  0.20530   0.03184   0.16153   0.18225   0.06971   0.04680   0.07675   0.02847   0.06955   0.00526   0.04911   0.01032   0.00000   0.19247   0.11135   0.03639   0.00134   0.05221   0.02891   0.08960   0.02597   0.15531   0.03362   9.89939   1.71989   1.21986   1.61712   1.01265  
 32  7.5850   1864.960229  x:  0.21764   0.01501   0.16783   0.17754   0.06689   0.02811   0.08170   0.02367   0.07033   0.00664   0.04855   0.00860   0.00000   0.18956   0.10668   0.03484   0.00248   0.04936   0.02993   0.08594   0.01831   0.13076   0.03061   9.93117   1.68269   1.18131   1.59445   0.97964  
 33 28.7378   1864.853402  x:  0.21866   0.01383   0.16767   0.19286   0.06727   0.02615   0.08133   0.02357   0.07027   0.00672   0.04846   0.00849   0.00000   0.18985   0.10632   0.03465   0.00256   0.04891   0.03012   0.08634   0.01757   0.13532   0.03007   9.93316   1.68000   1.17849   1.59304   0.98013  
 34 12.4810   1864.762426  x:  0.21869   0.01354   0.16757   0.19210   0.06728   0.02478   0.08134   0.02329   0.07026   0.00673   0.04848   0.00850   0.00000   0.18943   0.10598   0.03462   0.00265   0.04878   0.03026   0.08626   0.01754   0.13494   0.02995   9.93336   1.67489   1.17833   1.58664   1.03904  
 35  1.8600   1864.136293  x:  0.21483   0.01718   0.16419   0.19547   0.06573   0.01464   0.08130   0.02008   0.06968   0.00633   0.04907   0.00985   0.00000   0.18676   0.10471   0.03474   0.00361   0.04990   0.03089   0.08594   0.02438   0.13079   0.03097   9.92984   1.65824   1.16696   1.57597   1.01945  
 36  0.1010   1863.982378  x:  0.21023   0.01648   0.16281   0.19852   0.06491   0.01932   0.08200   0.01815   0.06971   0.00563   0.04970   0.01159   0.00000   0.18786   0.10717   0.03600   0.00378   0.05158   0.02973   0.08585   0.02595   0.12897   0.03315   9.91787   1.64791   1.16085   1.57125   1.02077  
 37  0.0386   1863.947061  x:  0.20676   0.01671   0.16226   0.19778   0.06528   0.01798   0.08220   0.02001   0.06990   0.00538   0.05006   0.01228   0.00000   0.18905   0.10918   0.03659   0.00397   0.05254   0.02892   0.08577   0.02553   0.12927   0.03440   9.90736   1.64720   1.16126   1.57239   1.01904  
 38  0.0193   1863.938426  x:  0.20661   0.01698   0.16289   0.19715   0.06548   0.01736   0.08225   0.01915   0.06986   0.00568   0.05010   0.01247   0.00000   0.18984   0.10986   0.03681   0.00421   0.05274   0.02831   0.08565   0.02557   0.12967   0.03417   9.89601   1.64819   1.16162   1.57353   1.01816  
 39  0.0110   1863.933803  x:  0.20746   0.01670   0.16308   0.19725   0.06541   0.01768   0.08210   0.01952   0.06987   0.00593   0.05009   0.01257   0.00000   0.18976   0.10934   0.03650   0.00454   0.05259   0.02820   0.08562   0.02611   0.12964   0.03396   9.88243   1.64886   1.16166   1.57343   1.01828  
 40  0.0095   1863.931363  x:  0.20737   0.01714   0.16282   0.19718   0.06533   0.01774   0.08213   0.01943   0.06987   0.00586   0.05004   0.01267   0.00000   0.18930   0.10918   0.03640   0.00481   0.05245   0.02855   0.08568   0.02564   0.12952   0.03410   9.87448   1.64910   1.16217   1.57338   1.01832  
 41  0.0054   1863.930651  x:  0.20719   0.01674   0.16289   0.19719   0.06543   0.01773   0.08216   0.01941   0.06987   0.00579   0.05001   0.01260   0.00000   0.18944   0.10942   0.03654   0.00490   0.05246   0.02863   0.08573   0.02561   0.12958   0.03402   9.87460   1.64878   1.16202   1.57341   1.01815  
 42  0.0007   1863.930478  x:  0.20718   0.01685   0.16296   0.19727   0.06540   0.01777   0.08216   0.01946   0.06986   0.00578   0.05003   0.01249   0.00000   0.18957   0.10949   0.03657   0.00494   0.05251   0.02857   0.08570   0.02563   0.12961   0.03399   9.87697   1.64858   1.16183   1.57332   1.01821  
 43  0.0022   1863.930461  x:  0.20723   0.01684   0.16296   0.19725   0.06540   0.01775   0.08215   0.01945   0.06986   0.00577   0.05004   0.01248   0.00000   0.18955   0.10943   0.03653   0.00495   0.05250   0.02854   0.08569   0.02564   0.12961   0.03401   9.87871   1.64874   1.16192   1.57336   1.01819  
 44  0.0017   1863.930460  x:  0.20724   0.01684   0.16296   0.19724   0.06540   0.01775   0.08215   0.01945   0.06986   0.00577   0.05003   0.01248   0.00000   0.18953   0.10943   0.03653   0.00495   0.05249   0.02854   0.08569   0.02564   0.12960   0.03400   9.88004   1.64875   1.16192   1.57338   1.01822  
 45  0.0010   1863.930459  x:  0.20723   0.01684   0.16295   0.19724   0.06540   0.01775   0.08215   0.01945   0.06986   0.00577   0.05003   0.01248   0.00000   0.18954   0.10943   0.03653   0.00495   0.05249   0.02855   0.08570   0.02564   0.12960   0.03401   9.88103   1.64874   1.16192   1.57338   1.01823  
 46  0.0007   1863.930459  x:  0.20723   0.01684   0.16296   0.19724   0.06540   0.01775   0.08215   0.01945   0.06986   0.00577   0.05004   0.01248   0.00000   0.18954   0.10943   0.03653   0.00495   0.05249   0.02854   0.08569   0.02564   0.12960   0.03400   9.88120   1.64875   1.16192   1.57338   1.01823  
 47  0.0002   1863.930459  x:  0.20723   0.01684   0.16296   0.19724   0.06540   0.01775   0.08215   0.01945   0.06986   0.00577   0.05003   0.01248   0.00000   0.18954   0.10943   0.03653   0.00495   0.05249   0.02854   0.08569   0.02564   0.12960   0.03400   9.88120   1.64875   1.16192   1.57338   1.01823  
 48  0.0000   1863.930459  x:  0.20723   0.01684   0.16296   0.19724   0.06540   0.01775   0.08215   0.01945   0.06986   0.00577   0.05003   0.01248   0.00000   0.18954   0.10943   0.03653   0.00495   0.05249   0.02854   0.08569   0.02564   0.12960   0.03400   9.88120   1.64875   1.16192   1.57338   1.01823  
 49  0.0000   1863.930459  x:  0.20723   0.01684   0.16296   0.19724   0.06540   0.01775   0.08215   0.01945   0.06986   0.00577   0.05003   0.01248   0.00000   0.18954   0.10943   0.03653   0.00495   0.05249   0.02854   0.08569   0.02564   0.12960   0.03400   9.88120   1.64875   1.16192   1.57338   1.01823  