

TREE # 1

  0  0.0000   2086.288179  x:  0.20925   0.02571   0.03211   0.02495   0.05815   0.02188   0.05666   0.08536   0.02661   0.17168   0.20925   0.02571   0.03211   0.02495   0.05815   0.02188   0.05666   0.08536   0.02661   0.17168   0.21568   8.40433   1.54933   1.05614   1.30057   1.00000  
  1 99.0000   2065.349050  x:  0.21242   0.01522   0.01972   0.00806   0.06828   0.11520   0.07164   0.12832   0.02872   0.17956   0.21285   0.00000   0.02620   0.00813   0.07377   0.08912   0.06500   0.09904   0.03590   0.16476   0.21441   8.40452   1.54788   1.05115   1.30483   0.99988  
  2 567.2033   2064.694999  x:  0.21296   0.01476   0.01948   0.00871   0.06911   0.11819   0.07294   0.13307   0.02926   0.18087   0.21356   0.00730   0.02684   0.00879   0.07511   0.09095   0.06567   0.10091   0.03655   0.16357   0.21417   8.40456   1.54759   1.05020   1.30563   0.99985  
  3 254.4012   2061.973444  x:  0.21870   0.01445   0.02220   0.02037   0.07483   0.11426   0.08237   0.17438   0.03488   0.19460   0.22042   0.00429   0.03291   0.02055   0.08465   0.08347   0.07013   0.11777   0.03395   0.15088   0.21154   8.40501   1.54436   1.03984   1.31444   0.99944  
  4 144.8501   2060.030446  x:  0.22359   0.01274   0.01887   0.00907   0.07645   0.10555   0.08662   0.20273   0.03496   0.20564   0.22617   0.00428   0.03117   0.00891   0.08848   0.07393   0.07163   0.12820   0.03357   0.14032   0.20929   8.40549   1.54101   1.02965   1.32313   0.99895  
  5 167.5517   2059.692592  x:  0.22596   0.01495   0.01538   0.00996   0.07446   0.10361   0.08367   0.20784   0.03052   0.20950   0.22864   0.00424   0.02424   0.01083   0.08522   0.07514   0.06978   0.12628   0.03688   0.13669   0.20831   8.40596   1.53785   1.02097   1.33045   0.99841  
  6 43.8362   2059.280255  x:  0.22990   0.01658   0.02088   0.01181   0.07118   0.10223   0.07793   0.21175   0.02811   0.21483   0.23283   0.00416   0.02731   0.00817   0.07877   0.07951   0.06684   0.11945   0.03779   0.13186   0.20690   8.40706   1.53050   1.00157   1.34673   0.99715  
  7 56.7138   2059.060827  x:  0.23190   0.01504   0.02098   0.00849   0.06980   0.10170   0.07572   0.21224   0.02887   0.21703   0.23491   0.00414   0.02976   0.01133   0.07653   0.08124   0.06601   0.11580   0.03667   0.13002   0.20632   8.40780   1.52565   0.98922   1.35707   0.99632  
  8 111.0538   2058.715176  x:  0.23435   0.01087   0.01579   0.01100   0.06974   0.10169   0.07565   0.20957   0.03352   0.21856   0.23728   0.00424   0.03028   0.01010   0.07660   0.08157   0.06655   0.11180   0.03323   0.12937   0.20584   8.40925   1.51635   0.96657   1.37591   0.99464  
  9 92.3481   2058.346588  x:  0.23596   0.01617   0.01669   0.00999   0.07226   0.10296   0.07967   0.20418   0.03847   0.21806   0.23845   0.00443   0.02737   0.00995   0.08057   0.08021   0.06867   0.11109   0.03263   0.13127   0.20567   8.41126   1.50385   0.93771   1.39981   0.99229  
 10 110.8002   2058.072016  x:  0.23551   0.01254   0.01948   0.00992   0.07466   0.10406   0.08326   0.19970   0.03331   0.21565   0.23756   0.00413   0.02700   0.01031   0.08428   0.07769   0.07000   0.11457   0.03642   0.13396   0.20585   8.41301   1.49352   0.91633   1.41755   0.99019  
 11 90.6117   2058.009216  x:  0.23395   0.01444   0.01743   0.01005   0.07394   0.10482   0.08267   0.19945   0.03095   0.21354   0.23572   0.00406   0.02949   0.01018   0.08403   0.07699   0.06949   0.11764   0.03593   0.13485   0.20600   8.41375   1.48964   0.91140   1.42185   0.98925  
 12 27.5709   2057.956058  x:  0.23055   0.01379   0.01844   0.01002   0.07221   0.10530   0.08057   0.20074   0.03199   0.20985   0.23203   0.00420   0.02808   0.01029   0.08196   0.07685   0.06814   0.12163   0.03433   0.13530   0.20631   8.41498   1.48392   0.90779   1.42542   0.98767  
 13 18.3149   2057.936550  x:  0.22833   0.01374   0.01798   0.01000   0.07244   0.10451   0.08039   0.20198   0.03323   0.20816   0.22983   0.00405   0.02860   0.01020   0.08153   0.07718   0.06856   0.12088   0.03655   0.13496   0.20638   8.41614   1.47930   0.90729   1.42630   0.98622  
 14  9.2858   2057.911700  x:  0.22558   0.01391   0.01801   0.00993   0.07349   0.10357   0.08123   0.20373   0.03203   0.20679   0.22726   0.00417   0.02831   0.01015   0.08219   0.07785   0.06947   0.11805   0.03526   0.13439   0.20637   8.41837   1.47104   0.90752   1.42671   0.98348  
 15 12.5725   2057.869016  x:  0.22578   0.01388   0.01816   0.01000   0.07173   0.10487   0.08188   0.20320   0.03225   0.20977   0.22808   0.00415   0.02839   0.01023   0.08393   0.07626   0.06659   0.11733   0.03560   0.13520   0.20629   8.42491   1.45017   0.90961   1.42423   0.97605  
 16  8.0473   2057.838801  x:  0.22744   0.01392   0.01819   0.00999   0.07272   0.10483   0.08081   0.20193   0.03225   0.21186   0.22989   0.00413   0.02833   0.01025   0.08230   0.07649   0.06963   0.11910   0.03552   0.13578   0.20632   8.43047   1.43458   0.91046   1.42104   0.97024  
 17 19.2435   2057.825719  x:  0.22933   0.01394   0.01799   0.00994   0.07411   0.10320   0.08147   0.20155   0.03233   0.21020   0.23112   0.00410   0.02842   0.01020   0.08223   0.07850   0.06814   0.12017   0.03540   0.13497   0.20663   8.43457   1.42870   0.90801   1.41646   0.96740  
 18  5.4215   2057.798184  x:  0.23212   0.01399   0.01816   0.01002   0.07144   0.10335   0.08172   0.20234   0.03217   0.20610   0.23296   0.00407   0.02835   0.01019   0.08302   0.07793   0.06953   0.11939   0.03552   0.13353   0.20751   8.44563   1.41826   0.89865   1.40250   0.96146  
 19  8.5847   2057.771509  x:  0.23188   0.01404   0.01810   0.00994   0.07405   0.10488   0.08021   0.20326   0.03227   0.20611   0.23305   0.00406   0.02831   0.01027   0.08214   0.07558   0.06862   0.11815   0.03555   0.13404   0.20792   8.45772   1.40913   0.88789   1.38752   0.95630  
 20 15.6166   2057.745103  x:  0.22876   0.01394   0.01798   0.00995   0.07299   0.10344   0.08132   0.20293   0.03247   0.21071   0.23126   0.00405   0.02836   0.01022   0.08186   0.07718   0.06878   0.11866   0.03550   0.13560   0.20723   8.47124   1.40079   0.87647   1.37223   0.95228  
 21 14.9240   2057.741045  x:  0.22859   0.01394   0.01803   0.00997   0.07311   0.10336   0.08025   0.20231   0.03251   0.21118   0.23063   0.00405   0.02835   0.01021   0.08303   0.07732   0.06892   0.11898   0.03551   0.13435   0.20619   8.47489   1.39970   0.87552   1.37078   0.95325  
 22  2.6495   2057.726657  x:  0.22932   0.01394   0.01802   0.01001   0.07315   0.10398   0.08197   0.20137   0.03250   0.21135   0.22924   0.00405   0.02842   0.01031   0.08150   0.07642   0.06883   0.11918   0.03547   0.13209   0.20346   8.49128   1.39636   0.87406   1.36797   0.95988  
 23  4.5472   2057.658369  x:  0.23270   0.01387   0.01797   0.01000   0.07295   0.10190   0.08070   0.20362   0.03250   0.21038   0.22857   0.00393   0.02835   0.01019   0.08239   0.07662   0.06887   0.11840   0.03555   0.13736   0.20215   8.57465   1.38199   0.86918   1.35804   0.99364  
 24 16.8874   2057.618509  x:  0.22871   0.01406   0.01795   0.01007   0.07304   0.10157   0.08100   0.20256   0.03237   0.21087   0.23236   0.00384   0.02838   0.01024   0.08234   0.07614   0.06890   0.11895   0.03553   0.13386   0.20963   8.62536   1.37656   0.86755   1.35449   1.00821  
 25 19.4879   2057.236574  x:  0.21464   0.01416   0.01782   0.01041   0.07321   0.09496   0.08126   0.20328   0.03250   0.20542   0.25075   0.00316   0.02847   0.01047   0.08232   0.07270   0.06888   0.12014   0.03526   0.13664   0.19492   9.14985   1.39416   0.87710   1.36512   1.00497  
 26  9.9740   2056.563571  x:  0.23078   0.01393   0.01804   0.01105   0.07341   0.08403   0.08175   0.20249   0.03273   0.21170   0.23017   0.00239   0.02887   0.01093   0.08285   0.06584   0.06938   0.12176   0.03487   0.13443   0.20808  10.08338   1.42992   0.89502   1.38669   0.99030  
 27 195.9752   2056.495329  x:  0.22951   0.01424   0.01800   0.01084   0.07252   0.08139   0.08006   0.19420   0.03246   0.21018   0.23198   0.00335   0.02870   0.01083   0.08112   0.06438   0.06859   0.11911   0.03471   0.13461   0.20710  10.16586   1.42056   0.88708   1.38879   0.98940  
 28  0.0592   2056.488764  x:  0.22929   0.01431   0.01820   0.01115   0.07253   0.08037   0.08008   0.19376   0.03246   0.20986   0.23102   0.00351   0.02877   0.01112   0.08116   0.06406   0.06860   0.11884   0.03470   0.13502   0.20728  10.06943   1.42371   0.89020   1.38569   0.98911  
 29  0.0614   2056.487685  x:  0.22946   0.01425   0.01808   0.01099   0.07254   0.08025   0.08011   0.19395   0.03245   0.21004   0.23105   0.00353   0.02870   0.01098   0.08120   0.06368   0.06862   0.11900   0.03467   0.13488   0.20730  10.02496   1.42378   0.88993   1.38680   0.98842  
 30  0.0437   2056.487609  x:  0.22952   0.01427   0.01810   0.01103   0.07254   0.08023   0.08009   0.19390   0.03246   0.21008   0.23111   0.00351   0.02872   0.01100   0.08117   0.06378   0.06861   0.11902   0.03466   0.13484   0.20731  10.01759   1.42341   0.88959   1.38722   0.98815  
 31  0.0081   2056.487607  x:  0.22953   0.01427   0.01810   0.01103   0.07254   0.08025   0.08009   0.19388   0.03246   0.21008   0.23112   0.00350   0.02873   0.01100   0.08117   0.06375   0.06861   0.11902   0.03466   0.13484   0.20731  10.01756   1.42337   0.88957   1.38717   0.98813  
 32  0.0001   2056.487606  x:  0.22953   0.01427   0.01810   0.01103   0.07254   0.08023   0.08009   0.19388   0.03246   0.21008   0.23112   0.00350   0.02873   0.01100   0.08117   0.06376   0.06861   0.11902   0.03466   0.13484   0.20732  10.01755   1.42338   0.88958   1.38716   0.98814  
 33  0.0000   2056.487606  x:  0.22952   0.01427   0.01810   0.01103   0.07253   0.08024   0.08009   0.19388   0.03246   0.21008   0.23111   0.00350   0.02873   0.01100   0.08117   0.06376   0.06861   0.11902   0.03466   0.13484   0.20731  10.01747   1.42339   0.88959   1.38717   0.98814  
 34  0.0001   2056.487606  x:  0.22952   0.01427   0.01810   0.01103   0.07253   0.08024   0.08009   0.19388   0.03246   0.21008   0.23111   0.00350   0.02873   0.01100   0.08117   0.06376   0.06861   0.11902   0.03466   0.13484   0.20731  10.01748   1.42339   0.88959   1.38717   0.98814  
 35  0.0000   2056.487606  x:  0.22952   0.01427   0.01810   0.01103   0.07253   0.08024   0.08009   0.19388   0.03246   0.21008   0.23111   0.00350   0.02873   0.01100   0.08117   0.06376   0.06861   0.11902   0.03466   0.13484   0.20731  10.01748   1.42339   0.88959   1.38717   0.98814  