

TREE # 1

  0  0.0000   1965.799409  x:  0.20925   0.02571   0.03211   0.02495   0.05815   0.02188   0.05666   0.08536   0.02661   0.17168   0.20925   0.02571   0.03211   0.02495   0.05815   0.02188   0.05666   0.08536   0.02661   0.17168   0.21568   8.40433   1.35246   0.91182   1.31042   1.00000  
  1 99.0000   1952.038344  x:  0.19916   0.04120   0.03816   0.02173   0.07210   0.05377   0.05567   0.09355   0.02734   0.17003   0.20049   0.03069   0.03144   0.11116   0.06846   0.02819   0.05476   0.09191   0.02270   0.17839   0.20942   8.40440   1.35186   0.91109   1.31355   1.00006  
  2 476.3284   1948.863911  x:  0.16821   0.04177   0.03872   0.02252   0.08983   0.04100   0.05266   0.10881   0.02238   0.16582   0.17391   0.02106   0.02490   0.11408   0.08116   0.01870   0.04201   0.10956   0.01563   0.19667   0.19069   8.40464   1.34951   0.90970   1.32339   0.99993  
  3 98.5041   1947.547326  x:  0.14610   0.04110   0.03826   0.02159   0.09541   0.03847   0.05269   0.11552   0.02551   0.16367   0.15498   0.02672   0.02894   0.11211   0.08508   0.02648   0.04034   0.11774   0.02696   0.20837   0.17770   8.40484   1.34764   0.90857   1.33150   0.99981  
  4 154.5649   1946.874730  x:  0.13002   0.03977   0.03779   0.02085   0.09106   0.04748   0.05524   0.11506   0.02703   0.16365   0.14073   0.02766   0.02987   0.10848   0.08108   0.02605   0.04873   0.11779   0.02145   0.21576   0.16877   8.40506   1.34574   0.90742   1.34054   0.99969  
  5 74.2826   1946.692634  x:  0.12550   0.04093   0.03863   0.02109   0.08554   0.04630   0.05534   0.11157   0.02390   0.16528   0.13603   0.02638   0.02738   0.11017   0.07706   0.02432   0.04689   0.11334   0.02437   0.21836   0.16636   8.40529   1.34418   0.90638   1.34916   0.99964  
  6 30.5068   1946.591912  x:  0.12441   0.04135   0.03837   0.02140   0.08322   0.04332   0.05449   0.10901   0.02689   0.16701   0.13401   0.02635   0.02810   0.11152   0.07605   0.02577   0.04460   0.11024   0.02197   0.22005   0.16570   8.40555   1.34261   0.90524   1.35908   0.99960  
  7 28.7939   1946.367301  x:  0.12676   0.03919   0.03676   0.02209   0.08565   0.04294   0.05256   0.10585   0.02385   0.17142   0.13357   0.02830   0.03250   0.11175   0.07971   0.02404   0.04568   0.10702   0.02142   0.22354   0.16672   8.40657   1.33756   0.90159   1.39517   0.99954  
  8 28.4911   1946.138535  x:  0.12971   0.04037   0.03825   0.02060   0.08855   0.04551   0.05353   0.10583   0.02640   0.17416   0.13525   0.02571   0.02781   0.10992   0.08191   0.02512   0.04719   0.10709   0.02347   0.22565   0.16843   8.40776   1.33267   0.89834   1.43524   0.99942  
  9 77.7277   1946.040182  x:  0.13011   0.04169   0.03891   0.02233   0.08719   0.04551   0.05576   0.10932   0.02517   0.17203   0.13738   0.02821   0.02711   0.10963   0.07857   0.02596   0.04597   0.11088   0.02222   0.22381   0.16930   8.40848   1.33175   0.89851   1.45467   0.99924  
 10 35.2422   1945.992618  x:  0.12973   0.04129   0.03817   0.02038   0.08571   0.04509   0.05555   0.11131   0.02566   0.16951   0.13856   0.02697   0.02884   0.11024   0.07649   0.02499   0.04593   0.11301   0.02267   0.22152   0.16952   8.40894   1.33235   0.89983   1.46437   0.99907  
 11 30.9338   1945.968093  x:  0.12899   0.03965   0.03776   0.02178   0.08504   0.04496   0.05433   0.11156   0.02571   0.16703   0.13883   0.02599   0.02843   0.11073   0.07685   0.02564   0.04650   0.11310   0.02293   0.21894   0.16919   8.40935   1.33437   0.90244   1.46988   0.99886  
 12 14.4380   1945.936065  x:  0.12796   0.03981   0.03833   0.02061   0.08507   0.04471   0.05348   0.11070   0.02567   0.16371   0.13860   0.02757   0.02739   0.11056   0.07855   0.02524   0.04657   0.11208   0.02260   0.21495   0.16835   8.41012   1.33920   0.90807   1.47740   0.99847  
 13 18.1329   1945.904504  x:  0.12759   0.04177   0.03864   0.02152   0.08616   0.04513   0.05513   0.10969   0.02575   0.16212   0.13797   0.02660   0.02882   0.11006   0.07940   0.02500   0.04602   0.11098   0.02279   0.21211   0.16745   8.41109   1.34621   0.91557   1.48509   0.99800  
 14 20.6467   1945.835418  x:  0.12876   0.04061   0.03640   0.02015   0.08837   0.04529   0.05639   0.10920   0.02455   0.16441   0.13680   0.02618   0.02806   0.11016   0.07731   0.02677   0.04529   0.11098   0.02230   0.21125   0.16635   8.41367   1.36626   0.93516   1.50198   0.99691  
 15 22.2787   1945.766713  x:  0.12995   0.03948   0.03764   0.02125   0.08876   0.04504   0.05561   0.10982   0.02639   0.16752   0.13630   0.02727   0.02772   0.11056   0.07569   0.02454   0.04587   0.11186   0.02309   0.21239   0.16600   8.41640   1.38762   0.95502   1.51891   0.99588  
 16 70.8161   1945.732398  x:  0.12998   0.04061   0.03938   0.02098   0.08662   0.04476   0.05407   0.11074   0.02548   0.16866   0.13697   0.02667   0.02833   0.11032   0.07691   0.02558   0.04676   0.11259   0.02270   0.21457   0.16686   8.41793   1.39940   0.96451   1.52743   0.99548  
 17 37.0872   1945.717556  x:  0.12939   0.04103   0.03778   0.02115   0.08501   0.04528   0.05439   0.11103   0.02573   0.16818   0.13795   0.02686   0.02807   0.11019   0.07837   0.02521   0.04626   0.11260   0.02285   0.21651   0.16804   8.41875   1.40542   0.96771   1.53111   0.99548  
 18 16.0651   1945.708548  x:  0.12863   0.04003   0.03853   0.02090   0.08539   0.04515   0.05537   0.11054   0.02570   0.16654   0.13884   0.02681   0.02820   0.11033   0.07818   0.02528   0.04609   0.11196   0.02278   0.21829   0.16935   8.41959   1.41068   0.96793   1.53343   0.99583  
 19  6.7054   1945.701962  x:  0.12853   0.04089   0.03807   0.02111   0.08626   0.04495   0.05449   0.11025   0.02568   0.16541   0.13894   0.02687   0.02809   0.11025   0.07724   0.02529   0.04662   0.11159   0.02280   0.21900   0.16980   8.42050   1.41570   0.96666   1.53517   0.99639  
 20  6.3813   1945.692387  x:  0.12943   0.04058   0.03832   0.02105   0.08582   0.04571   0.05412   0.11029   0.02567   0.16555   0.13798   0.02681   0.02821   0.10997   0.07740   0.02530   0.04570   0.11194   0.02279   0.21801   0.16883   8.42242   1.42452   0.96283   1.53778   0.99777  
 21  5.9490   1945.689477  x:  0.12947   0.04057   0.03820   0.02102   0.08557   0.04507   0.05474   0.11039   0.02566   0.16598   0.13784   0.02682   0.02808   0.11023   0.07771   0.02526   0.04636   0.11207   0.02282   0.21743   0.16845   8.42316   1.42728   0.96154   1.53857   0.99831  
 22  7.3228   1945.688785  x:  0.12877   0.04058   0.03821   0.02102   0.08571   0.04511   0.05466   0.11051   0.02566   0.16656   0.13833   0.02681   0.02810   0.11019   0.07769   0.02526   0.04629   0.11193   0.02280   0.21701   0.16851   8.42375   1.42783   0.96129   1.53873   0.99873  
 23  1.1824   1945.684468  x:  0.12843   0.04059   0.03820   0.02105   0.08563   0.04511   0.05462   0.10982   0.02567   0.16691   0.13728   0.02679   0.02807   0.11013   0.07767   0.02526   0.04629   0.11259   0.02282   0.21633   0.17045   8.43548   1.42821   0.96202   1.53937   1.00637  
 24  0.5879   1945.676487  x:  0.12916   0.04052   0.03818   0.02100   0.08543   0.04514   0.05469   0.11086   0.02565   0.16648   0.13793   0.02682   0.02812   0.10992   0.07752   0.02525   0.04638   0.11109   0.02275   0.21674   0.16911   8.45816   1.42860   0.96351   1.54050   1.01990  
 25  8.2348   1945.674535  x:  0.12919   0.04056   0.03818   0.02104   0.08534   0.04515   0.05464   0.10973   0.02564   0.16638   0.13872   0.02680   0.02812   0.10991   0.07747   0.02525   0.04637   0.11182   0.02273   0.21698   0.16821   8.46416   1.42867   0.96376   1.54074   1.02189  
 26  4.2972   1945.540684  x:  0.13245   0.04034   0.03800   0.02113   0.08225   0.04564   0.05476   0.10630   0.02548   0.16825   0.14079   0.02682   0.02828   0.10653   0.07553   0.02491   0.04743   0.10706   0.02199   0.21343   0.17121   8.93400   1.43309   0.96538   1.55426   1.00963  
 27  2.8855   1945.514358  x:  0.13085   0.04003   0.03786   0.02107   0.08383   0.04477   0.05472   0.10796   0.02559   0.16777   0.13934   0.02672   0.02828   0.10360   0.07648   0.02494   0.04712   0.10912   0.02233   0.21554   0.16995   9.09585   1.43342   0.96523   1.55498   1.01216  
 28  0.1171   1945.510565  x:  0.13104   0.04001   0.03796   0.02116   0.08308   0.04432   0.05473   0.10773   0.02551   0.16758   0.13980   0.02676   0.02823   0.10200   0.07606   0.02497   0.04697   0.10881   0.02239   0.21492   0.17022   9.07625   1.43288   0.96461   1.55129   1.01216  
 29  0.0099   1945.510003  x:  0.13107   0.03993   0.03788   0.02113   0.08333   0.04440   0.05473   0.10769   0.02556   0.16771   0.13968   0.02674   0.02828   0.10166   0.07618   0.02493   0.04709   0.10879   0.02234   0.21505   0.17018   9.04167   1.43295   0.96481   1.55233   1.01155  
 30  0.0251   1945.509994  x:  0.13105   0.03994   0.03788   0.02113   0.08329   0.04437   0.05473   0.10771   0.02554   0.16770   0.13966   0.02674   0.02827   0.10168   0.07616   0.02493   0.04708   0.10881   0.02235   0.21506   0.17016   9.04032   1.43302   0.96487   1.55274   1.01158  
 31  0.0013   1945.509994  x:  0.13105   0.03994   0.03788   0.02113   0.08330   0.04437   0.05473   0.10770   0.02554   0.16770   0.13966   0.02674   0.02827   0.10167   0.07616   0.02493   0.04708   0.10881   0.02235   0.21506   0.17016   9.04051   1.43302   0.96486   1.55276   1.01158  
 32  0.0002   1945.509994  x:  0.13105   0.03994   0.03788   0.02113   0.08330   0.04437   0.05473   0.10770   0.02554   0.16770   0.13966   0.02674   0.02827   0.10167   0.07616   0.02493   0.04708   0.10881   0.02235   0.21506   0.17016   9.04051   1.43302   0.96487   1.55276   1.01158  
 33  0.0000   1945.509994  x:  0.13105   0.03994   0.03788   0.02113   0.08330   0.04437   0.05473   0.10770   0.02554   0.16770   0.13966   0.02674   0.02827   0.10167   0.07616   0.02493   0.04708   0.10881   0.02235   0.21506   0.17016   9.04051   1.43302   0.96487   1.55276   1.01158  
 34  0.0000   1945.509994  x:  0.13105   0.03994   0.03788   0.02113   0.08330   0.04437   0.05473   0.10770   0.02554   0.16770   0.13966   0.02674   0.02827   0.10167   0.07616   0.02493   0.04708   0.10881   0.02235   0.21506   0.17016   9.04051   1.43302   0.96487   1.55276   1.01158  