

TREE # 1

  0  0.0000   2236.195497  x:  0.04506   0.01553   0.10437   0.02238   0.08093   0.07150   0.04068   0.04421   0.08596   0.06335   0.06250   0.07877   0.02230   0.06206   0.01173   0.00000   0.15839   0.03597   0.05498   0.09953   0.13067   0.07239   0.06623   0.06368   2.00000   1.50632   0.94779   1.44528   0.40000  
  1 99.0000   2236.191075  x:  0.04506   0.01553   0.10437   0.02238   0.08093   0.07150   0.04068   0.04421   0.08596   0.06335   0.06250   0.07877   0.02230   0.06206   0.01173   0.00000   0.15839   0.03597   0.05498   0.09953   0.13067   0.07238   0.06623   0.06368   2.00000   1.50632   0.94779   1.44528   0.40000  
  2 868.7871   2225.349355  x:  0.04632   0.01294   0.11119   0.01906   0.07621   0.05851   0.03476   0.03518   0.08085   0.06707   0.05392   0.08509   0.01958   0.05991   0.00000   0.00000   0.14747   0.03513   0.04514   0.09717   0.12803   0.06252   0.06903   0.06492   2.00359   1.50610   0.94835   1.44622   0.40674  
  3 416.7828   2206.301487  x:  0.03647   0.02441   0.11536   0.02492   0.06260   0.00000   0.02772   0.01070   0.06611   0.05152   0.02487   0.07955   0.02541   0.07289   0.00000   0.00000   0.09259   0.03896   0.00999   0.10540   0.12405   0.02601   0.05340   0.05500   2.02082   1.50531   0.95030   1.45122   0.43349  
  4 659.6594   2205.210226  x:  0.03575   0.02571   0.11584   0.02575   0.06077   0.00324   0.02698   0.00868   0.06406   0.05016   0.02076   0.07860   0.02623   0.07415   0.00000   0.00000   0.08278   0.03955   0.00617   0.10629   0.12331   0.02071   0.05210   0.05426   2.02401   1.50520   0.95061   1.45215   0.43816  
  5 366.7886   2201.752451  x:  0.03743   0.02746   0.11620   0.02784   0.05610   0.00385   0.02662   0.01430   0.05851   0.05115   0.01268   0.07529   0.02832   0.07434   0.00000   0.00000   0.04949   0.04126   0.01409   0.10697   0.12075   0.01076   0.05369   0.05588   2.03544   1.50492   0.95148   1.45556   0.45377  
  6 411.7002   2199.808643  x:  0.03858   0.02790   0.11609   0.02899   0.05365   0.00381   0.02702   0.01507   0.05540   0.05250   0.01404   0.07343   0.02933   0.07370   0.00000   0.00000   0.02766   0.04206   0.01244   0.10696   0.11893   0.01709   0.05529   0.05699   2.04437   1.50476   0.95209   1.45823   0.46521  
  7 395.8959   2198.266001  x:  0.03945   0.02646   0.11293   0.03047   0.05357   0.00347   0.03120   0.01409   0.05416   0.05479   0.02857   0.07118   0.03007   0.07240   0.00000   0.00000   0.02450   0.04237   0.01074   0.10828   0.11573   0.01029   0.05759   0.05774   2.06874   1.50460   0.95346   1.46547   0.49194  
  8 97.5917   2188.460621  x:  0.03780   0.01915   0.09676   0.03742   0.04876   0.00591   0.04680   0.00688   0.04380   0.05511   0.02734   0.06556   0.03352   0.07398   0.00000   0.00000   0.04855   0.04383   0.02259   0.11680   0.09115   0.02233   0.05672   0.05511   2.27473   1.50327   0.96619   1.52590   0.71033  
  9 336.3676   2185.478460  x:  0.04065   0.02110   0.09599   0.03726   0.05320   0.00482   0.04801   0.03165   0.05083   0.05324   0.02452   0.06984   0.03274   0.07710   0.00000   0.00000   0.05663   0.04243   0.01015   0.11593   0.09037   0.02416   0.05613   0.05757   2.35533   1.50346   0.97166   1.54869   0.78383  
 10 624.9140   2180.564923  x:  0.04396   0.03899   0.11025   0.02968   0.08060   0.00491   0.03616   0.02303   0.09224   0.04858   0.02687   0.07936   0.02604   0.08606   0.00000   0.00000   0.05303   0.03648   0.01789   0.11062   0.12871   0.02498   0.05519   0.06022   2.48846   1.50761   0.98306   1.58205   0.84945  
 11 214.5524   2177.198452  x:  0.03757   0.03565   0.10682   0.02690   0.08944   0.00366   0.03076   0.02251   0.10669   0.06608   0.01929   0.06655   0.02608   0.07249   0.00000   0.00000   0.05257   0.03962   0.01363   0.12271   0.15202   0.02447   0.06116   0.05333   2.58639   1.51366   0.99332   1.60314   0.85954  
 12 198.0493   2167.282258  x:  0.05745   0.00424   0.09481   0.02238   0.08084   0.00260   0.02724   0.01834   0.10330   0.05385   0.01430   0.06042   0.03440   0.06778   0.00000   0.00000   0.05252   0.04833   0.00910   0.13030   0.18399   0.02310   0.06259   0.07183   2.85084   1.53462   1.02365   1.65478   0.83741  
 13 308.6875   2138.915504  x:  0.06726   0.03058   0.08539   0.01330   0.02001   0.00481   0.02405   0.02015   0.04099   0.06573   0.02437   0.09691   0.04482   0.08094   0.00000   0.00000   0.05984   0.06266   0.01011   0.13981   0.23359   0.02373   0.07379   0.07720   3.69291   1.60509   1.12184   1.81509   0.73652  
 14 1210.8932   2127.715548  x:  0.06256   0.02079   0.10078   0.02309   0.04428   0.00501   0.03012   0.02144   0.01380   0.07049   0.02555   0.10797   0.03689   0.09608   0.00000   0.00000   0.05653   0.05613   0.01144   0.14591   0.21869   0.02315   0.07482   0.07076   4.01929   1.63460   1.15927   1.87535   0.69019  
 15 1350.7010   2107.840389  x:  0.05257   0.00000   0.12705   0.03799   0.04721   0.00458   0.04726   0.01914   0.03932   0.07830   0.02488   0.12481   0.01896   0.12212   0.00000   0.00000   0.04559   0.03883   0.01484   0.16100   0.14073   0.02098   0.07625   0.05768   4.59410   1.68928   1.22465   1.97895   0.60125  
 16 2170.3986   2100.573176  x:  0.06928   0.02334   0.13760   0.03503   0.06432   0.00332   0.04603   0.01285   0.04713   0.07556   0.02014   0.11040   0.01513   0.11139   0.00000   0.00000   0.04493   0.02942   0.01250   0.17008   0.08458   0.01971   0.07926   0.07293   4.86097   1.71727   1.25273   2.02523   0.55826  
 17 1171.7003   2099.318456  x:  0.06605   0.02212   0.14292   0.02016   0.06631   0.00391   0.02932   0.01507   0.04633   0.07160   0.02520   0.10450   0.01982   0.11385   0.00000   0.00000   0.04486   0.03395   0.01484   0.17324   0.07288   0.02015   0.07757   0.06946   4.89616   1.72490   1.25310   2.02832   0.55363  
 18 130.9796   2098.919345  x:  0.06659   0.02171   0.14272   0.01773   0.06379   0.00400   0.02593   0.01553   0.04494   0.07304   0.02569   0.09729   0.01356   0.11890   0.00000   0.00000   0.04533   0.02809   0.01475   0.17136   0.07317   0.02018   0.07732   0.06987   4.90079   1.73672   1.24378   2.02079   0.55438  
 19 24.5777   2096.984501  x:  0.07070   0.02125   0.15152   0.02054   0.06226   0.00360   0.02465   0.01374   0.04600   0.08466   0.02299   0.08591   0.02768   0.13554   0.00000   0.00000   0.04833   0.02900   0.01213   0.16115   0.07372   0.02012   0.08466   0.07308   4.91384   1.81662   1.17699   1.96493   0.56175  
 20 75.5815   2092.233981  x:  0.07258   0.02169   0.16356   0.01532   0.06157   0.00381   0.03133   0.01425   0.04542   0.07796   0.02208   0.09841   0.01517   0.12749   0.00000   0.00000   0.04727   0.04236   0.01229   0.18069   0.07735   0.02043   0.08315   0.07283   4.93570   2.00309   1.01910   1.82936   0.58105  
 21 266.2558   2091.548034  x:  0.07186   0.02093   0.15971   0.01887   0.06197   0.00397   0.02492   0.01449   0.04532   0.07602   0.02276   0.10524   0.02118   0.12291   0.00000   0.00000   0.04654   0.03033   0.01300   0.18601   0.07768   0.02043   0.08260   0.07178   4.93623   2.02649   1.00022   1.80953   0.58405  
 22 119.8776   2090.979607  x:  0.07218   0.02127   0.14193   0.01245   0.06877   0.00361   0.02327   0.01287   0.04677   0.07933   0.02054   0.11289   0.02085   0.12767   0.00000   0.00000   0.04469   0.03068   0.01225   0.18464   0.07556   0.01978   0.08493   0.07175   4.92486   2.03017   1.00328   1.79166   0.58700  
 23 20.3659   2090.323094  x:  0.07390   0.02164   0.13732   0.01952   0.07016   0.00361   0.01485   0.01252   0.04779   0.08103   0.02108   0.11524   0.01717   0.12988   0.00000   0.00000   0.04522   0.03616   0.01231   0.18552   0.07508   0.01986   0.08622   0.07300   4.90655   2.02703   1.01480   1.77091   0.59151  
 24 48.2384   2081.216384  x:  0.08730   0.02020   0.17169   0.01008   0.06759   0.00402   0.01724   0.01472   0.04873   0.08556   0.02390   0.11446   0.02171   0.14006   0.00000   0.00000   0.05280   0.03315   0.01281   0.21776   0.09452   0.02275   0.09565   0.07968   4.62200   1.94872   1.21021   1.47595   0.65943  
 25 154.3319   2069.537403  x:  0.10077   0.01540   0.19920   0.00000   0.06329   0.00391   0.00700   0.01268   0.04804   0.08904   0.02106   0.12174   0.02167   0.15989   0.00000   0.00000   0.05620   0.03209   0.01007   0.25123   0.10580   0.02339   0.12216   0.08465   4.18939   1.64309   1.07508   1.56333   0.67703  
 26 29.5905   2069.006659  x:  0.09856   0.01586   0.19955   0.00151   0.06289   0.00383   0.00748   0.01259   0.04798   0.08099   0.01996   0.12101   0.02027   0.16130   0.00000   0.00000   0.05670   0.03160   0.00933   0.25238   0.10586   0.02343   0.13879   0.08197   4.17350   1.62422   1.06715   1.56136   0.67789  
 27  6.4985   2063.835421  x:  0.11739   0.01035   0.20848   0.00525   0.06038   0.00418   0.00941   0.01166   0.04852   0.11612   0.02123   0.13333   0.02151   0.17304   0.00000   0.00000   0.05676   0.03254   0.01076   0.27056   0.10239   0.02397   0.10016   0.09638   4.03100   1.44790   0.99108   1.54379   0.68579  
 28 46.7010   2060.497946  x:  0.12505   0.00770   0.21184   0.00590   0.05914   0.00456   0.01429   0.01194   0.04879   0.12212   0.02115   0.14536   0.01878   0.17710   0.00000   0.00000   0.05666   0.03036   0.01196   0.28998   0.10184   0.02491   0.10204   0.10044   3.92100   1.80691   1.21212   1.91172   0.70291  
 29  5.2678   2047.641403  x:  0.14190   0.00147   0.21013   0.00269   0.05492   0.00624   0.03847   0.01104   0.05011   0.12267   0.02040   0.17035   0.00190   0.21239   0.00000   0.00000   0.05193   0.02884   0.01739   0.34798   0.09007   0.02771   0.17704   0.10321   4.93364   1.54412   1.03663   1.71500   0.68243  
 30  1.8800   2040.370268  x:  0.14983   0.00000   0.22303   0.00508   0.05193   0.00534   0.03355   0.00950   0.05181   0.13158   0.01734   0.18137   0.01966   0.22853   0.00000   0.00000   0.04218   0.02671   0.01547   0.38509   0.10009   0.02679   0.17516   0.10429   5.82587   1.63659   1.07045   1.74480   0.70427  
 31  1.7176   2035.763890  x:  0.16271   0.00000   0.22339   0.00947   0.05407   0.00478   0.01689   0.01648   0.05464   0.14552   0.02397   0.19218   0.01298   0.23588   0.00000   0.00000   0.03618   0.03325   0.01279   0.43834   0.11743   0.02684   0.15226   0.10947   6.95973   1.80559   1.18202   1.80660   0.75777  
 32  1.1288   2033.970404  x:  0.16834   0.00000   0.21659   0.01006   0.04902   0.00401   0.01934   0.01287   0.05308   0.14189   0.01883   0.19084   0.01272   0.24134   0.00000   0.00000   0.03999   0.02868   0.01085   0.48197   0.10577   0.02532   0.16008   0.10872   7.67637   1.61687   1.11045   1.65321   0.80040  
 33  0.4119   2033.433132  x:  0.17060   0.00000   0.20422   0.01030   0.05190   0.00525   0.01863   0.01234   0.05330   0.13969   0.02391   0.18462   0.01268   0.23634   0.00000   0.00000   0.04498   0.03019   0.01550   0.49798   0.11040   0.02648   0.16479   0.10931   7.96719   1.60817   1.07726   1.66376   0.79135  
 34  0.3455   2033.080908  x:  0.16804   0.00000   0.19931   0.01084   0.05022   0.00483   0.01684   0.01115   0.05145   0.13494   0.02078   0.17706   0.01049   0.22939   0.00000   0.00000   0.04388   0.03203   0.01367   0.51151   0.10765   0.02551   0.15874   0.10635   8.22243   1.67360   1.09647   1.73844   0.79588  
 35  0.2442   2032.946582  x:  0.16525   0.00000   0.19589   0.01045   0.05092   0.00496   0.01888   0.01361   0.05073   0.13248   0.02090   0.17084   0.01170   0.22387   0.00000   0.00000   0.04423   0.03189   0.01254   0.51643   0.10620   0.02587   0.15891   0.10378   8.27074   1.66776   1.11073   1.73760   0.79227  
 36  0.0446   2032.885087  x:  0.16382   0.00000   0.19805   0.01030   0.05113   0.00518   0.01911   0.01198   0.05039   0.13308   0.02111   0.16738   0.01251   0.22047   0.00000   0.00000   0.04275   0.03077   0.01274   0.52140   0.10737   0.02615   0.15819   0.10213   8.23491   1.66195   1.10728   1.71080   0.78722  
 37  0.0248   2032.836648  x:  0.16342   0.00000   0.20270   0.01031   0.05158   0.00555   0.01849   0.01261   0.05059   0.13714   0.02087   0.16711   0.01289   0.21913   0.00000   0.00000   0.04260   0.03139   0.01253   0.52952   0.10801   0.02677   0.15923   0.10063   8.10933   1.66560   1.10355   1.71995   0.78758  
 38  0.0503   2032.822696  x:  0.16314   0.00000   0.19995   0.01026   0.05183   0.00561   0.01869   0.01221   0.05067   0.13833   0.02089   0.16779   0.01228   0.21883   0.00000   0.00000   0.04302   0.03141   0.01268   0.53373   0.10699   0.02659   0.15962   0.09983   8.05513   1.66134   1.10890   1.72089   0.78805  
 39  0.0280   2032.819433  x:  0.16282   0.00000   0.19887   0.01020   0.05142   0.00555   0.01875   0.01240   0.05061   0.13841   0.02094   0.16816   0.01213   0.21908   0.00000   0.00000   0.04307   0.03134   0.01256   0.53389   0.10695   0.02638   0.15935   0.09951   8.02304   1.66256   1.10467   1.71681   0.78739  
 40  0.0251   2032.818160  x:  0.16265   0.00000   0.19892   0.01014   0.05126   0.00547   0.01865   0.01239   0.05071   0.13802   0.02102   0.16820   0.01224   0.21941   0.00000   0.00000   0.04298   0.03146   0.01261   0.53365   0.10759   0.02620   0.15912   0.09937   7.99857   1.66179   1.10580   1.71840   0.78711  
 41  0.0139   2032.817619  x:  0.16273   0.00000   0.19900   0.01010   0.05139   0.00541   0.01861   0.01240   0.05081   0.13762   0.02099   0.16797   0.01234   0.21950   0.00000   0.00000   0.04301   0.03135   0.01270   0.53444   0.10720   0.02615   0.15899   0.09935   7.99714   1.66221   1.10565   1.71817   0.78739  
 42  0.0009   2032.817474  x:  0.16290   0.00000   0.19911   0.01007   0.05146   0.00539   0.01867   0.01239   0.05087   0.13758   0.02100   0.16800   0.01230   0.21965   0.00000   0.00000   0.04304   0.03145   0.01266   0.53489   0.10727   0.02618   0.15900   0.09944   7.99738   1.66219   1.10558   1.71787   0.78708  
 43  0.0004   2032.817430  x:  0.16297   0.00000   0.19914   0.01006   0.05141   0.00539   0.01866   0.01241   0.05085   0.13759   0.02101   0.16804   0.01227   0.21969   0.00000   0.00000   0.04303   0.03138   0.01267   0.53499   0.10729   0.02622   0.15895   0.09949   7.99701   1.66232   1.10584   1.71805   0.78678  
 44  0.0004   2032.817406  x:  0.16296   0.00000   0.19908   0.01003   0.05140   0.00539   0.01865   0.01240   0.05083   0.13756   0.02098   0.16803   0.01228   0.21967   0.00000   0.00000   0.04300   0.03140   0.01268   0.53492   0.10727   0.02626   0.15890   0.09949   7.99641   1.66199   1.10559   1.71790   0.78664  
 45  0.0003   2032.817392  x:  0.16295   0.00000   0.19906   0.01001   0.05143   0.00539   0.01864   0.01240   0.05083   0.13758   0.02100   0.16806   0.01229   0.21967   0.00000   0.00000   0.04302   0.03140   0.01266   0.53487   0.10726   0.02628   0.15890   0.09949   7.99621   1.66213   1.10569   1.71803   0.78678  
 46  0.0001   2032.817383  x:  0.16295   0.00000   0.19909   0.00998   0.05140   0.00539   0.01864   0.01240   0.05083   0.13759   0.02100   0.16806   0.01229   0.21968   0.00000   0.00000   0.04303   0.03140   0.01267   0.53490   0.10727   0.02627   0.15893   0.09948   7.99772   1.66225   1.10573   1.71804   0.78695  
 47  0.0006   2032.817380  x:  0.16295   0.00000   0.19908   0.00998   0.05142   0.00539   0.01864   0.01240   0.05083   0.13761   0.02100   0.16805   0.01228   0.21967   0.00000   0.00000   0.04302   0.03140   0.01267   0.53491   0.10729   0.02625   0.15892   0.09948   7.99851   1.66221   1.10571   1.71803   0.78689  
 48  0.0004   2032.817379  x:  0.16295   0.00000   0.19909   0.00998   0.05142   0.00539   0.01864   0.01240   0.05083   0.13762   0.02100   0.16805   0.01228   0.21967   0.00000   0.00000   0.04302   0.03140   0.01267   0.53489   0.10728   0.02625   0.15892   0.09948   7.99829   1.66219   1.10570   1.71803   0.78686  
 49  0.0002   2032.817379  x:  0.16295   0.00000   0.19909   0.00998   0.05142   0.00539   0.01864   0.01240   0.05083   0.13762   0.02100   0.16805   0.01228   0.21967   0.00000   0.00000   0.04302   0.03140   0.01267   0.53489   0.10728   0.02625   0.15892   0.09948   7.99825   1.66220   1.10571   1.71804   0.78685  
 50  0.0000   2032.817379  x:  0.16295   0.00000   0.19909   0.00998   0.05142   0.00539   0.01864   0.01240   0.05083   0.13762   0.02100   0.16805   0.01228   0.21967   0.00000   0.00000   0.04302   0.03140   0.01267   0.53489   0.10728   0.02625   0.15892   0.09949   7.99823   1.66219   1.10571   1.71803   0.78686  
 51  0.0000   2032.817379  x:  0.16295   0.00000   0.19909   0.00998   0.05142   0.00539   0.01864   0.01240   0.05083   0.13762   0.02100   0.16805   0.01228   0.21967   0.00000   0.00000   0.04302   0.03140   0.01267   0.53489   0.10728   0.02625   0.15892   0.09949   7.99824   1.66219   1.10570   1.71803   0.78686  
 52  0.0000   2032.817379  x:  0.16295   0.00000   0.19909   0.00998   0.05142   0.00539   0.01864   0.01240   0.05083   0.13762   0.02100   0.16805   0.01228   0.21967   0.00000   0.00000   0.04302   0.03140   0.01267   0.53489   0.10728   0.02625   0.15892   0.09948   7.99825   1.66219   1.10571   1.71803   0.78686  
 53  0.0000   2032.817379  x:  0.16295   0.00000   0.19909   0.00998   0.05142   0.00539   0.01864   0.01240   0.05083   0.13762   0.02100   0.16805   0.01228   0.21967   0.00000   0.00000   0.04302   0.03140   0.01267   0.53489   0.10728   0.02625   0.15892   0.09948   7.99825   1.66219   1.10571   1.71803   0.78686  
 54  0.0000   2032.817379  x:  0.16295   0.00000   0.19909   0.00998   0.05142   0.00539   0.01864   0.01240   0.05083   0.13762   0.02100   0.16805   0.01228   0.21967   0.00000   0.00000   0.04302   0.03140   0.01267   0.53489   0.10728   0.02625   0.15892   0.09948   7.99825   1.66219   1.10571   1.71803   0.78686  