

TREE # 1

  0  0.0000   2388.440300  x:  0.01972   0.20925   0.02571   0.03211   0.02495   0.05815   0.02188   0.05666   0.08536   0.02661   0.17168   0.01972   0.20925   0.02571   0.03211   0.02495   0.05815   0.02188   0.05666   0.08536   0.02661   0.17168   0.21568   8.40433   1.45929   1.01134   1.30377   1.00000  
  1 99.0000   2266.495552  x:  0.00257   0.19381   0.17524   0.03028   0.01502   0.06490   0.00541   0.05635   0.09559   0.15810   0.17139   0.00000   0.20631   0.02063   0.14657   0.02866   0.06157   0.03415   0.05505   0.11452   0.05981   0.17325   0.22189   8.40426   1.45852   1.01011   1.30609   0.99955  
  2 1688.6509   2265.428967  x:  0.00000   0.19146   0.17476   0.02976   0.01430   0.06544   0.00572   0.05645   0.09629   0.15757   0.17139   0.00000   0.20570   0.01928   0.14754   0.02823   0.06194   0.03388   0.05462   0.11627   0.06058   0.17349   0.22274   8.40425   1.45841   1.00999   1.30639   0.99948  
  3 231.4260   2263.918854  x:  0.00000   0.18233   0.17322   0.02895   0.01523   0.06641   0.00107   0.05675   0.09813   0.15571   0.17162   0.00000   0.20328   0.01610   0.15020   0.02782   0.06270   0.03357   0.05362   0.12076   0.06251   0.17443   0.22569   8.40421   1.45796   1.00950   1.30752   0.99922  
  4 588.6278   2251.751340  x:  0.00000   0.06877   0.16428   0.03186   0.06519   0.06732   0.00272   0.05973   0.11224   0.14069   0.17651   0.00000   0.17222   0.00000   0.17510   0.03621   0.06492   0.03848   0.04886   0.15177   0.07625   0.18615   0.25857   8.40369   1.45227   1.00333   1.32158   0.99603  
  5 523.1393   2248.515893  x:  0.00000   0.02043   0.16221   0.03131   0.06358   0.06794   0.00272   0.05803   0.11271   0.13877   0.17868   0.00000   0.15973   0.01889   0.17913   0.03246   0.06440   0.03524   0.04910   0.15591   0.07909   0.19038   0.26851   8.40343   1.44972   1.00051   1.32800   0.99442  
  6 284.4531   2247.826527  x:  0.00000   0.00810   0.16354   0.03430   0.05818   0.06653   0.00266   0.05692   0.10889   0.14207   0.18108   0.00000   0.15157   0.01261   0.17531   0.03154   0.06302   0.03515   0.05100   0.14905   0.07624   0.19314   0.27203   8.40322   1.44829   0.99864   1.33211   0.99327  
  7 78.3254   2246.935459  x:  0.00000   0.01000   0.16267   0.03838   0.05239   0.06630   0.00271   0.05686   0.10314   0.14450   0.19294   0.00000   0.11453   0.01398   0.17351   0.03191   0.06280   0.03556   0.05089   0.14371   0.07998   0.20831   0.29532   8.40225   1.44188   0.98947   1.35159   0.98792  
  8 45.5187   2246.785536  x:  0.00000   0.00951   0.16646   0.03244   0.05164   0.06525   0.00273   0.05743   0.10368   0.14170   0.19636   0.00000   0.11397   0.01341   0.17044   0.03355   0.06277   0.03626   0.05104   0.13889   0.08718   0.21161   0.29817   8.40157   1.43902   0.98479   1.36236   0.98446  
  9 20.6616   2246.659818  x:  0.00000   0.00969   0.17017   0.03771   0.05150   0.06648   0.00273   0.05724   0.10659   0.13838   0.19876   0.00000   0.11711   0.01320   0.16909   0.03092   0.06283   0.03450   0.05034   0.13761   0.08927   0.21339   0.29785   8.40032   1.43488   0.97788   1.37975   0.97843  
 10 19.6572   2246.434881  x:  0.00000   0.00999   0.17028   0.03595   0.04998   0.06642   0.00274   0.05604   0.10690   0.13779   0.19950   0.00000   0.12140   0.01344   0.17064   0.03347   0.06301   0.03835   0.05130   0.14159   0.08021   0.21316   0.29298   8.39723   1.42643   0.96426   1.41828   0.96421  
 11 30.1016   2246.372941  x:  0.00000   0.01028   0.16839   0.03424   0.05140   0.06520   0.00276   0.05715   0.10509   0.14003   0.19789   0.00000   0.12184   0.01294   0.17153   0.03230   0.06229   0.03429   0.05087   0.14191   0.07945   0.21176   0.29133   8.39607   1.42459   0.96177   1.42935   0.95953  
 12 25.5566   2246.327490  x:  0.00000   0.01029   0.16502   0.03512   0.05172   0.06584   0.00275   0.05738   0.10326   0.14273   0.19410   0.00000   0.12152   0.01286   0.17216   0.03119   0.06281   0.03629   0.05017   0.14082   0.08287   0.20880   0.28995   8.39464   1.42442   0.96259   1.43786   0.95483  
 13 13.3234   2246.295126  x:  0.00000   0.01042   0.16462   0.03595   0.05091   0.06623   0.00274   0.05613   0.10448   0.14258   0.19092   0.00000   0.12016   0.01281   0.17263   0.03394   0.06271   0.03503   0.05151   0.14002   0.08424   0.20621   0.28964   8.39298   1.42605   0.96638   1.44341   0.95052  
 14  9.4451   2246.213609  x:  0.00000   0.01088   0.16766   0.03458   0.05049   0.06461   0.00275   0.05675   0.10773   0.13973   0.18612   0.00000   0.11662   0.01269   0.17278   0.03140   0.06188   0.03602   0.05075   0.13848   0.08264   0.20195   0.29017   8.38781   1.43325   0.98031   1.45585   0.93895  
 15 14.5825   2246.029843  x:  0.00000   0.01051   0.17030   0.03437   0.04972   0.06954   0.00274   0.05929   0.10232   0.13924   0.18969   0.00000   0.11923   0.01260   0.17075   0.03252   0.06511   0.03507   0.04993   0.14026   0.08081   0.20402   0.29252   8.37431   1.45545   1.01502   1.48215   0.91379  
 16 20.9541   2245.914493  x:  0.00000   0.01063   0.16830   0.03531   0.04821   0.06479   0.00281   0.05595   0.10225   0.14119   0.19419   0.00000   0.12231   0.01234   0.17091   0.03199   0.06200   0.03576   0.05097   0.14263   0.08202   0.20794   0.29350   8.36547   1.47095   1.03446   1.49770   0.90067  
 17 41.7650   2245.816844  x:  0.00000   0.01032   0.16426   0.03446   0.04730   0.06626   0.00277   0.05875   0.10954   0.14498   0.19715   0.00000   0.12221   0.01241   0.17273   0.03199   0.06245   0.03582   0.05153   0.13904   0.08118   0.21208   0.29077   8.35648   1.48869   1.04248   1.50939   0.89845  
 18 12.5733   2245.488877  x:  0.00000   0.00996   0.16466   0.03296   0.04520   0.06735   0.00289   0.05081   0.10728   0.14139   0.19721   0.00000   0.11731   0.01120   0.17912   0.03118   0.06578   0.03448   0.04608   0.13502   0.08163   0.21647   0.28126   8.32463   1.55159   1.05294   1.54448   0.90822  
 19 21.3765   2245.126959  x:  0.00000   0.00960   0.16755   0.03532   0.03957   0.06465   0.00297   0.05871   0.10164   0.13634   0.19502   0.00000   0.11319   0.01052   0.18194   0.03179   0.06251   0.03549   0.05134   0.13802   0.08473   0.21696   0.27500   8.28778   1.62156   1.06224   1.58357   0.92273  
 20 96.5898   2244.842851  x:  0.00000   0.00972   0.17046   0.03383   0.03844   0.06758   0.00304   0.05651   0.10440   0.14368   0.19250   0.00000   0.11481   0.01037   0.16885   0.03081   0.06029   0.03557   0.05159   0.14508   0.08408   0.20870   0.28498   8.25846   1.66647   1.06780   1.61114   0.93814  
 21 36.6705   2244.747886  x:  0.00000   0.00972   0.17004   0.03492   0.03622   0.06318   0.00308   0.05775   0.10488   0.14477   0.19211   0.00000   0.11787   0.01050   0.16894   0.03215   0.06546   0.03522   0.04980   0.14427   0.08284   0.20547   0.29116   8.24811   1.67430   1.07051   1.61818   0.94442  
 22 18.8034   2244.493085  x:  0.00000   0.01064   0.16709   0.03430   0.03200   0.06600   0.00310   0.05724   0.10272   0.14291   0.19188   0.00000   0.12691   0.00962   0.17898   0.03124   0.06124   0.03546   0.05088   0.13661   0.07883   0.20006   0.30656   8.21947   1.67925   1.07992   1.63161   0.96244  
 23 20.2322   2243.202726  x:  0.00000   0.01205   0.17039   0.03168   0.01988   0.06667   0.00339   0.05360   0.10397   0.14603   0.18400   0.00000   0.12552   0.00608   0.17686   0.02417   0.06967   0.03491   0.06263   0.14250   0.08062   0.21497   0.29424   8.07168   1.63779   1.13393   1.66955   1.04424  
 24 19.1378   2242.817347  x:  0.00000   0.01163   0.17146   0.03302   0.01376   0.06650   0.00343   0.05659   0.10470   0.14723   0.18488   0.00000   0.12400   0.00561   0.17518   0.02917   0.06385   0.03496   0.05214   0.14460   0.08167   0.21624   0.28828   8.02899   1.62533   1.14736   1.67783   1.06442  
 25 101.3904   2242.542550  x:  0.00000   0.01153   0.17114   0.03245   0.01115   0.06685   0.00350   0.05583   0.10523   0.14698   0.20190   0.00000   0.11912   0.00465   0.17702   0.02755   0.06557   0.03477   0.05456   0.14554   0.08424   0.20023   0.28227   7.99682   1.61869   1.14256   1.67000   1.05869  
 26 14.2120   2242.026203  x:  0.00000   0.01181   0.17196   0.03188   0.00582   0.06717   0.00365   0.05534   0.10505   0.14774   0.19336   0.00000   0.12182   0.00354   0.17799   0.02624   0.06687   0.03459   0.05634   0.14555   0.08339   0.20584   0.28760   7.94242   1.61368   1.11190   1.63752   1.01927  
 27 15.8735   2239.168077  x:  0.00000   0.01275   0.17374   0.02723   0.00988   0.07215   0.00399   0.05714   0.11039   0.15052   0.18531   0.00000   0.12406   0.00000   0.18887   0.02268   0.06841   0.03135   0.05029   0.16308   0.09075   0.20524   0.28927   7.62625   1.52037   1.01997   1.50424   0.92730  
 28  0.9404   2237.430393  x:  0.00000   0.01332   0.18264   0.02357   0.00940   0.07892   0.00509   0.05927   0.11977   0.15826   0.18531   0.00000   0.12260   0.00431   0.21427   0.02338   0.06968   0.02894   0.03995   0.19782   0.10567   0.20131   0.29102   7.46118   1.41142   0.98597   1.42113   0.93306  
 29  0.2068   2236.805820  x:  0.00000   0.01359   0.18804   0.02472   0.01031   0.07942   0.00539   0.05912   0.11980   0.16306   0.18391   0.00000   0.12293   0.00000   0.21874   0.02400   0.07004   0.02973   0.04220   0.20228   0.10701   0.20156   0.29069   7.51897   1.41488   0.97958   1.41369   0.92577  
 30  0.1504   2235.599444  x:  0.00000   0.01250   0.22021   0.02550   0.01299   0.07829   0.00683   0.05956   0.11721   0.18837   0.18421   0.00000   0.12171   0.00000   0.24680   0.02281   0.06871   0.03173   0.04481   0.21634   0.11174   0.20363   0.29128   7.83594   1.47595   1.00328   1.46321   0.93342  
 31  0.3013   2235.234962  x:  0.00000   0.01077   0.23091   0.02701   0.01184   0.07505   0.00676   0.05785   0.11480   0.19436   0.18683   0.00000   0.11811   0.00000   0.24733   0.02589   0.06949   0.03199   0.04917   0.19397   0.10470   0.20538   0.29174   7.78160   1.44768   0.99823   1.43355   0.93047  
 32  0.0433   2235.169355  x:  0.00000   0.01037   0.23447   0.02665   0.01108   0.07523   0.00654   0.05857   0.11553   0.19625   0.18523   0.00000   0.11994   0.00000   0.24837   0.02382   0.06889   0.03199   0.04668   0.18676   0.10386   0.20382   0.29138   7.72644   1.46842   1.00349   1.45136   0.93445  
 33  0.0541   2235.157771  x:  0.00000   0.01034   0.23564   0.02567   0.01074   0.07605   0.00627   0.05860   0.11627   0.19685   0.18532   0.00000   0.12099   0.00000   0.25096   0.02423   0.06905   0.03170   0.04630   0.18755   0.10555   0.20382   0.29123   7.72186   1.46208   1.00276   1.45108   0.93524  
 34  0.0062   2235.153989  x:  0.00000   0.01020   0.23564   0.02640   0.01053   0.07593   0.00592   0.05842   0.11612   0.19654   0.18589   0.00000   0.12018   0.00000   0.25192   0.02402   0.06906   0.03176   0.04639   0.18742   0.10596   0.20421   0.29159   7.73162   1.46135   1.00226   1.44973   0.93434  
 35  0.0057   2235.152705  x:  0.00000   0.01030   0.23541   0.02606   0.01059   0.07572   0.00572   0.05844   0.11589   0.19640   0.18558   0.00000   0.12019   0.00000   0.25175   0.02416   0.06905   0.03183   0.04657   0.18744   0.10561   0.20408   0.29135   7.73350   1.46352   1.00286   1.45053   0.93477  
 36  0.0025   2235.152495  x:  0.00000   0.01036   0.23545   0.02612   0.01068   0.07573   0.00569   0.05851   0.11592   0.19655   0.18549   0.00000   0.12041   0.00000   0.25153   0.02412   0.06902   0.03178   0.04644   0.18766   0.10544   0.20399   0.29123   7.73112   1.46273   1.00275   1.45015   0.93491  
 37  0.0022   2235.152474  x:  0.00000   0.01032   0.23551   0.02610   0.01070   0.07575   0.00568   0.05849   0.11597   0.19662   0.18557   0.00000   0.12038   0.00000   0.25145   0.02411   0.06903   0.03178   0.04647   0.18764   0.10544   0.20402   0.29135   7.72995   1.46275   1.00267   1.45029   0.93473  
 38  0.0010   2235.152473  x:  0.00000   0.01032   0.23553   0.02611   0.01070   0.07576   0.00568   0.05849   0.11597   0.19664   0.18555   0.00000   0.12038   0.00000   0.25142   0.02412   0.06903   0.03179   0.04647   0.18764   0.10547   0.20402   0.29132   7.73019   1.46275   1.00267   1.45025   0.93474  
 39  0.0002   2235.152473  x:  0.00000   0.01032   0.23553   0.02611   0.01070   0.07576   0.00568   0.05849   0.11597   0.19664   0.18555   0.00000   0.12037   0.00000   0.25141   0.02412   0.06903   0.03178   0.04648   0.18764   0.10547   0.20402   0.29132   7.73025   1.46276   1.00268   1.45025   0.93475  
 40  0.0001   2235.152473  x:  0.00000   0.01032   0.23553   0.02610   0.01070   0.07576   0.00568   0.05849   0.11597   0.19664   0.18555   0.00000   0.12037   0.00000   0.25141   0.02412   0.06903   0.03178   0.04648   0.18764   0.10547   0.20402   0.29133   7.73024   1.46276   1.00268   1.45025   0.93474  
 41  0.0000   2235.152473  x:  0.00000   0.01032   0.23553   0.02611   0.01070   0.07576   0.00568   0.05849   0.11597   0.19664   0.18555   0.00000   0.12038   0.00000   0.25141   0.02412   0.06903   0.03178   0.04648   0.18764   0.10547   0.20402   0.29133   7.73024   1.46275   1.00268   1.45025   0.93474  
 42  0.0000   2235.152473  x:  0.00000   0.01032   0.23553   0.02611   0.01070   0.07576   0.00568   0.05849   0.11597   0.19664   0.18555   0.00000   0.12038   0.00000   0.25141   0.02412   0.06903   0.03178   0.04648   0.18764   0.10547   0.20402   0.29133   7.73024   1.46275   1.00268   1.45025   0.93474  

TREE # 2

  0  0.0000   2821.879073  x:  0.00000   0.01032   0.23553   0.02611   0.01070   0.07576   0.00568   0.05849   0.11597   0.19664   0.18555   0.00000   0.12038   0.00000   0.25141   0.02412   0.06903   0.03178   0.04648   0.18764   0.10547   0.20402   0.29133   7.73024   1.43732   0.92093   1.33359   0.93474  
  1 99.0000   2555.806911  x:  0.61560   0.02423   0.23551   0.03049   0.01659   0.07547   0.01990   0.06106   0.11568   0.19623   0.18522   0.00153   0.12227   0.02110   0.25133   0.02889   0.07069   0.03373   0.04618   0.18713   0.10484   0.20355   0.29062   7.73024   1.43733   0.92092   1.33363   0.93477  
  2 128514.4394   2377.249478  x:  0.60656   0.00000   0.23158   0.14700   0.17239   0.05344   0.25650   0.15947   0.10039   0.17479   0.16846   0.06156   0.10227   0.18142   0.23154   0.20568   0.15064   0.11997   0.03195   0.16266   0.07422   0.18128   0.25682   7.73043   1.43618   0.92331   1.33507   0.93483  
  3 1858.0142   2314.414658  x:  0.60686   0.00000   0.21780   0.14427   0.15748   0.00000   0.25751   0.18684   0.06147   0.11621   0.12528   0.02638   0.03741   0.18360   0.17592   0.21582   0.18182   0.12436   0.01289   0.11398   0.01163   0.13723   0.18459   7.73070   1.43077   0.93393   1.33528   0.93468  
  4 394.9957   2291.868410  x:  0.60704   0.00000   0.21260   0.14355   0.15061   0.00000   0.25614   0.19785   0.05013   0.08659   0.10810   0.03295   0.00000   0.18490   0.14499   0.21661   0.19140   0.12608   0.03588   0.09360   0.00445   0.11909   0.14352   7.73080   1.42855   0.93769   1.33614   0.93463  
  5 1004.5782   2262.391478  x:  0.60737   0.00000   0.20021   0.14231   0.13421   0.00000   0.25342   0.22496   0.02977   0.00994   0.06623   0.04135   0.00000   0.19044   0.06066   0.21874   0.21431   0.12729   0.04706   0.04634   0.04486   0.07573   0.03140   7.73108   1.42293   0.94689   1.33875   0.93455  
  6 1560.4112   2257.214966  x:  0.60741   0.00000   0.19838   0.14194   0.13098   0.00000   0.25248   0.23002   0.03647   0.01494   0.06172   0.04353   0.00000   0.19203   0.04009   0.21875   0.21786   0.12684   0.04651   0.04313   0.04555   0.07006   0.00330   7.73114   1.42175   0.94862   1.33963   0.93450  
  7 428.3670   2254.778607  x:  0.60738   0.00000   0.19655   0.14089   0.12568   0.00000   0.25041   0.23839   0.04576   0.01264   0.06055   0.04771   0.00000   0.19608   0.00000   0.21846   0.22269   0.12535   0.04462   0.04848   0.04383   0.06752   0.00728   7.73125   1.41960   0.95158   1.34180   0.93440  
  8 136.2822   2254.778607  x:  0.60738   0.00000   0.19655   0.14089   0.12568   0.00000   0.25041   0.23839   0.04576   0.01264   0.06055   0.04771   0.00000   0.19608   0.00000   0.21846   0.22269   0.12535   0.04462   0.04848   0.04383   0.06752   0.00728   7.73125   1.41960   0.95158   1.34180   0.93440  
  9 37.5669   2251.116043  x:  0.59692   0.00000   0.19793   0.13654   0.12182   0.00000   0.24555   0.23869   0.04756   0.02922   0.06416   0.03984   0.00000   0.19525   0.00405   0.21673   0.22341   0.12300   0.03637   0.05267   0.02577   0.07071   0.00097   7.73127   1.41910   0.95255   1.34248   0.93436  
 10 195.6662   2249.012044  x:  0.58720   0.00000   0.19915   0.13264   0.11834   0.00000   0.24107   0.23894   0.04884   0.04159   0.06725   0.03295   0.00000   0.19445   0.00713   0.21512   0.22406   0.12093   0.02911   0.05634   0.00980   0.07359   0.00652   7.73129   1.41863   0.95345   1.34311   0.93433  
 11 1106.7874   2246.934851  x:  0.55787   0.00000   0.20156   0.12422   0.11019   0.00000   0.22863   0.23966   0.04532   0.03044   0.07094   0.02570   0.00000   0.19168   0.00329   0.21026   0.22613   0.11700   0.02013   0.06114   0.00318   0.07730   0.00480   7.73136   1.41729   0.95588   1.34509   0.93422  
 12 113.3518   2245.244154  x:  0.52324   0.00000   0.20464   0.11414   0.10086   0.00000   0.21409   0.24060   0.04326   0.02732   0.07564   0.01813   0.00000   0.18873   0.00242   0.20470   0.22870   0.11250   0.01125   0.06722   0.00868   0.08186   0.00468   7.73144   1.41575   0.95872   1.34746   0.93410  
 13 592.8118   2240.650771  x:  0.41533   0.00000   0.21405   0.08706   0.07764   0.00000   0.17147   0.24413   0.04127   0.02472   0.08574   0.02855   0.00000   0.18131   0.00661   0.18862   0.23730   0.10343   0.02537   0.07876   0.00963   0.09155   0.00468   7.73165   1.41126   0.96713   1.35513   0.93373  
 14 399.0032   2237.611662  x:  0.34243   0.00000   0.21828   0.09354   0.09050   0.00000   0.15631   0.24858   0.04821   0.02806   0.07857   0.02985   0.00000   0.18130   0.00000   0.18191   0.24163   0.10582   0.02287   0.06858   0.00961   0.08539   0.00499   7.73177   1.40899   0.97158   1.36152   0.93357  
 15 159.9808   2236.703427  x:  0.30663   0.00000   0.21984   0.09732   0.09764   0.00000   0.15505   0.25132   0.04653   0.02453   0.07422   0.02607   0.00000   0.18340   0.01569   0.18171   0.24340   0.10831   0.02205   0.06329   0.00922   0.08138   0.00481   7.73180   1.40825   0.97348   1.36547   0.93356  
 16 179.1838   2236.356157  x:  0.28979   0.00000   0.21593   0.10178   0.09540   0.00000   0.16782   0.25349   0.03843   0.02604   0.07591   0.02891   0.00000   0.18436   0.01547   0.18625   0.24219   0.11109   0.02044   0.06765   0.00929   0.08184   0.00488   7.73181   1.40823   0.97410   1.36972   0.93361  
 17 38.4113   2236.239254  x:  0.28333   0.00000   0.21298   0.10327   0.09247   0.00000   0.17464   0.25413   0.04166   0.02544   0.07696   0.02581   0.00000   0.18431   0.01476   0.18902   0.24117   0.11191   0.02310   0.06904   0.00931   0.08265   0.00482   7.73181   1.40836   0.97441   1.37259   0.93364  
 18 35.3091   2236.211125  x:  0.28184   0.00000   0.21146   0.10334   0.09092   0.00000   0.17643   0.25393   0.04400   0.02495   0.07702   0.02731   0.00000   0.18391   0.01542   0.19014   0.24051   0.11121   0.02172   0.06834   0.00928   0.08298   0.00480   7.73181   1.40852   0.97462   1.37445   0.93367  
 19 16.3777   2236.185928  x:  0.28111   0.00000   0.20819   0.10372   0.08923   0.00000   0.17639   0.25241   0.04293   0.02550   0.07603   0.02686   0.00000   0.18210   0.01543   0.19140   0.23897   0.10906   0.02202   0.06533   0.00931   0.08303   0.00484   7.73182   1.40911   0.97542   1.38005   0.93375  
 20  7.5498   2236.146438  x:  0.28108   0.00000   0.20344   0.10642   0.09064   0.00000   0.17380   0.24921   0.04323   0.02522   0.07630   0.02703   0.00000   0.17904   0.01636   0.19242   0.23616   0.10836   0.02218   0.06819   0.00931   0.08250   0.00481   7.73185   1.41118   0.97780   1.39511   0.93395  
 21  9.0431   2236.095267  x:  0.28234   0.00000   0.20506   0.10586   0.08944   0.00000   0.17305   0.24893   0.04315   0.02522   0.07748   0.02707   0.00000   0.17983   0.01623   0.19109   0.23552   0.11434   0.02168   0.06627   0.00934   0.08333   0.00480   7.73190   1.41665   0.98319   1.42053   0.93426  
 22  9.6401   2236.045739  x:  0.28370   0.00000   0.20982   0.10450   0.08967   0.00000   0.17521   0.25150   0.04326   0.02524   0.07493   0.02705   0.00000   0.18278   0.01545   0.18931   0.23768   0.11047   0.02195   0.06734   0.00931   0.08224   0.00482   7.73197   1.42468   0.99036   1.44532   0.93449  
 23 15.7995   2236.031998  x:  0.28397   0.00000   0.20996   0.10435   0.09125   0.00000   0.17557   0.25239   0.04321   0.02506   0.07778   0.02707   0.00000   0.18290   0.01530   0.18981   0.23916   0.10904   0.02213   0.06639   0.00935   0.08272   0.00482   7.73202   1.43009   0.99427   1.45025   0.93444  
 24  5.9740   2235.976905  x:  0.28480   0.00000   0.20682   0.10229   0.09230   0.00000   0.17504   0.25431   0.04327   0.02515   0.07551   0.02713   0.00000   0.18132   0.01479   0.19317   0.24385   0.11107   0.02193   0.06684   0.00932   0.08245   0.00482   7.73227   1.46027   1.01460   1.46361   0.93400  
 25  8.7762   2235.945316  x:  0.28489   0.00000   0.20815   0.10637   0.08975   0.00000   0.17500   0.25250   0.04335   0.02507   0.07594   0.02719   0.00000   0.18273   0.01512   0.19026   0.24008   0.11067   0.02203   0.06657   0.00935   0.08167   0.00482   7.73245   1.47892   1.02543   1.46929   0.93395  
 26 10.0475   2235.937500  x:  0.28461   0.00000   0.20900   0.10494   0.09133   0.00000   0.17590   0.25140   0.04336   0.02502   0.07539   0.02725   0.00000   0.18253   0.01493   0.18989   0.23735   0.11055   0.02216   0.06649   0.00937   0.08329   0.00480   7.73254   1.48279   1.02592   1.47013   0.93422  
 27  2.8245   2235.929507  x:  0.28440   0.00000   0.20948   0.10313   0.09196   0.00000   0.17646   0.25049   0.04337   0.02509   0.07595   0.02722   0.00000   0.18246   0.01462   0.19028   0.23577   0.11067   0.02216   0.06641   0.00937   0.08105   0.00483   7.73267   1.48552   1.02454   1.47056   0.93472  
 28  2.4761   2235.858423  x:  0.28429   0.00000   0.20971   0.10560   0.09188   0.00000   0.17531   0.24805   0.04345   0.02494   0.07502   0.02742   0.00000   0.18553   0.01386   0.19409   0.23905   0.11068   0.02236   0.06574   0.00941   0.08162   0.00485   7.73398   1.50040   1.00418   1.47197   0.93987  
 29  2.3690   2235.783073  x:  0.28584   0.00000   0.20594   0.10727   0.09309   0.00000   0.17870   0.25413   0.04371   0.02475   0.07423   0.02771   0.00000   0.17923   0.01456   0.18611   0.24016   0.11162   0.02244   0.06458   0.00948   0.08049   0.00488   7.73552   1.50371   0.99499   1.47088   0.94280  
 30  3.5438   2235.356761  x:  0.29597   0.00000   0.20065   0.11581   0.10043   0.00000   0.18136   0.26748   0.04487   0.02352   0.06994   0.02934   0.00000   0.18851   0.01250   0.19856   0.22676   0.11454   0.02422   0.05927   0.01011   0.07657   0.00493   7.74488   1.47529   0.99902   1.45588   0.94723  
 31  3.0759   2235.219704  x:  0.29831   0.00000   0.20548   0.11891   0.10292   0.00000   0.18927   0.25177   0.04546   0.02323   0.06825   0.02994   0.00000   0.18390   0.01202   0.19929   0.23430   0.11590   0.02456   0.05728   0.01028   0.07499   0.00496   7.74787   1.46379   1.00358   1.45057   0.94592  
 32  9.4822   2235.214290  x:  0.29833   0.00000   0.20348   0.11811   0.10345   0.00000   0.18979   0.25028   0.04548   0.02323   0.06821   0.02997   0.00000   0.18622   0.01191   0.19768   0.23507   0.11595   0.02456   0.05723   0.01028   0.07496   0.00496   7.74798   1.46336   1.00364   1.45038   0.94441  
 33  2.5496   2235.209053  x:  0.29825   0.00000   0.20369   0.11830   0.10349   0.00000   0.18974   0.25058   0.04550   0.02325   0.06818   0.03000   0.00000   0.18598   0.01189   0.19789   0.23491   0.11598   0.02458   0.05718   0.01030   0.07491   0.00497   7.74794   1.46379   1.00201   1.45051   0.93328  
 34  0.8613   2235.158079  x:  0.29074   0.00000   0.20436   0.12012   0.10577   0.00000   0.18820   0.25145   0.04633   0.02513   0.06894   0.03118   0.00000   0.18597   0.01048   0.19690   0.23567   0.11625   0.02566   0.05847   0.01058   0.07557   0.00538   7.72934   1.46268   1.00316   1.45055   0.93464  
 35  0.0272   2235.153808  x:  0.29058   0.00000   0.20412   0.12041   0.10574   0.00000   0.18771   0.25149   0.04642   0.02406   0.06907   0.03161   0.00000   0.18561   0.01014   0.19664   0.23562   0.11605   0.02599   0.05860   0.01067   0.07578   0.00542   7.72799   1.46272   1.00279   1.45033   0.93465  
 36  0.0024   2235.152714  x:  0.29171   0.00000   0.20389   0.12055   0.10550   0.00000   0.18759   0.25136   0.04654   0.02416   0.06910   0.03185   0.00000   0.18543   0.01034   0.19659   0.23547   0.11592   0.02612   0.05851   0.01072   0.07583   0.00558   7.73096   1.46273   1.00250   1.45007   0.93480  
 37  0.0026   2235.152507  x:  0.29126   0.00000   0.20403   0.12037   0.10543   0.00000   0.18757   0.25144   0.04648   0.02413   0.06898   0.03184   0.00000   0.18557   0.01033   0.19662   0.23554   0.11595   0.02614   0.05845   0.01072   0.07571   0.00565   7.73049   1.46280   1.00270   1.45033   0.93476  
 38  0.0006   2235.152476  x:  0.29132   0.00000   0.20403   0.12034   0.10545   0.00000   0.18767   0.25139   0.04647   0.02412   0.06904   0.03179   0.00000   0.18557   0.01032   0.19666   0.23554   0.11598   0.02612   0.05851   0.01071   0.07576   0.00567   7.73012   1.46274   1.00270   1.45026   0.93473  
 39  0.0003   2235.152473  x:  0.29133   0.00000   0.20401   0.12037   0.10547   0.00000   0.18765   0.25141   0.04647   0.02412   0.06903   0.03178   0.00000   0.18555   0.01032   0.19664   0.23553   0.11597   0.02611   0.05849   0.01070   0.07576   0.00568   7.73018   1.46276   1.00267   1.45025   0.93475  
 40  0.0001   2235.152473  x:  0.29133   0.00000   0.20402   0.12038   0.10547   0.00000   0.18764   0.25141   0.04648   0.02412   0.06903   0.03178   0.00000   0.18555   0.01032   0.19664   0.23553   0.11597   0.02610   0.05849   0.01070   0.07576   0.00568   7.73024   1.46275   1.00268   1.45025   0.93474  
 41  0.0001   2235.152473  x:  0.29133   0.00000   0.20402   0.12038   0.10547   0.00000   0.18764   0.25141   0.04648   0.02412   0.06903   0.03178   0.00000   0.18555   0.01032   0.19664   0.23553   0.11597   0.02610   0.05849   0.01070   0.07576   0.00568   7.73025   1.46275   1.00268   1.45025   0.93474  
 42  0.0000   2235.152473  x:  0.29133   0.00000   0.20402   0.12038   0.10547   0.00000   0.18764   0.25141   0.04648   0.02412   0.06903   0.03178   0.00000   0.18555   0.01032   0.19664   0.23553   0.11597   0.02610   0.05849   0.01070   0.07576   0.00568   7.73024   1.46276   1.00268   1.45025   0.93474  
 43  0.0000   2235.152473  x:  0.29133   0.00000   0.20402   0.12038   0.10547   0.00000   0.18764   0.25141   0.04648   0.02412   0.06903   0.03178   0.00000   0.18555   0.01032   0.19664   0.23553   0.11597   0.02610   0.05849   0.01070   0.07576   0.00568   7.73024   1.46275   1.00268   1.45025   0.93474  
 44  0.0000   2235.152473  x:  0.29133   0.00000   0.20402   0.12038   0.10547   0.00000   0.18764   0.25141   0.04648   0.02412   0.06903   0.03178   0.00000   0.18555   0.01032   0.19664   0.23553   0.11597   0.02611   0.05849   0.01070   0.07576   0.00568   7.73024   1.46276   1.00268   1.45025   0.93474  
 45  0.0000   2235.152473  x:  0.29133   0.00000   0.20402   0.12038   0.10547   0.00000   0.18764   0.25141   0.04648   0.02412   0.06903   0.03178   0.00000   0.18555   0.01032   0.19664   0.23553   0.11597   0.02610   0.05849   0.01070   0.07576   0.00568   7.73024   1.46275   1.00268   1.45025   0.93474  