

TREE # 1

  0  0.0000   2322.888073  x:  0.10448   0.00253   0.10483   0.01276   0.06859   0.04293   0.07017   0.03648   0.09998   0.11376   0.09039   0.14608   0.00000   0.10630   0.02188   0.04327   0.04772   0.07961   0.06293   0.06233   0.11198   0.05569   0.21139   0.12311   2.00000   1.57439   1.00910   1.32774   0.40000  
  1 99.0000   2310.801892  x:  0.10583   0.03747   0.11325   0.02286   0.06547   0.03750   0.07353   0.03016   0.09956   0.11881   0.09104   0.14596   0.06045   0.11720   0.02409   0.04060   0.04437   0.08340   0.06110   0.06318   0.11191   0.05462   0.21278   0.12445   2.00244   1.57369   1.00986   1.32775   0.40869  
  2 1200.1367   2294.658384  x:  0.10954   0.03206   0.14327   0.03297   0.05093   0.01358   0.08675   0.00345   0.09807   0.13935   0.09416   0.14144   0.05794   0.15333   0.02983   0.02978   0.03050   0.09873   0.05344   0.06645   0.11166   0.04968   0.21544   0.12816   2.01380   1.57033   1.01392   1.32762   0.44699  
  3 304.4162   2289.217718  x:  0.11182   0.02905   0.16177   0.03760   0.04187   0.00316   0.09424   0.01543   0.09742   0.15192   0.09572   0.13817   0.05678   0.17545   0.03178   0.02465   0.02327   0.10769   0.04913   0.06825   0.11158   0.04679   0.21690   0.13044   2.02189   1.56802   1.01676   1.32750   0.47244  
  4 766.2654   2283.359498  x:  0.11580   0.02418   0.19481   0.04372   0.02705   0.02649   0.10635   0.02671   0.09705   0.17407   0.09787   0.13149   0.05493   0.21481   0.03280   0.01981   0.01493   0.12276   0.04278   0.07104   0.11163   0.04225   0.21911   0.13442   2.03844   1.56338   1.02247   1.32720   0.52117  
  5 854.5892   2278.503512  x:  0.11804   0.02414   0.22042   0.03432   0.03236   0.02931   0.10830   0.02956   0.09717   0.19042   0.09612   0.12236   0.05372   0.24538   0.02258   0.04496   0.04988   0.12899   0.04920   0.07062   0.11263   0.04395   0.21855   0.13666   2.06366   1.55687   1.03106   1.32648   0.57693  
  6 272.4401   2274.599570  x:  0.11569   0.03105   0.22366   0.01072   0.05115   0.02927   0.09174   0.02918   0.09803   0.18830   0.08972   0.11271   0.05232   0.25066   0.02673   0.04247   0.04018   0.11500   0.05530   0.06328   0.11046   0.04749   0.21239   0.13431   2.10284   1.54784   1.04408   1.32464   0.63147  
  7 129.7223   2271.107526  x:  0.11111   0.03634   0.21790   0.03273   0.06735   0.02891   0.06918   0.02925   0.09862   0.17751   0.08523   0.10141   0.04719   0.24443   0.02261   0.04135   0.03338   0.09231   0.06157   0.05693   0.10786   0.05029   0.20243   0.12973   2.16455   1.53471   1.06342   1.32166   0.70298  
  8 255.8541   2264.441045  x:  0.10343   0.03718   0.17844   0.02944   0.03746   0.02662   0.08897   0.02680   0.09883   0.13706   0.08519   0.10387   0.05045   0.19781   0.02193   0.03534   0.04130   0.08029   0.04992   0.07923   0.10820   0.04251   0.18446   0.12205   2.31773   1.50736   1.10424   1.31485   0.82861  
  9 169.2447   2261.478961  x:  0.10716   0.02964   0.15652   0.03268   0.04142   0.02643   0.09328   0.02675   0.09827   0.13872   0.09479   0.12124   0.05558   0.16828   0.03059   0.04369   0.03450   0.11461   0.05488   0.06621   0.11223   0.05461   0.18946   0.12578   2.42393   1.49497   1.12297   1.31126   0.87221  
 10 140.6994   2259.789597  x:  0.11042   0.02812   0.15215   0.03021   0.04297   0.02600   0.09073   0.02614   0.09802   0.14778   0.09702   0.13026   0.05706   0.16103   0.01429   0.03659   0.03408   0.11939   0.05435   0.06208   0.11329   0.04920   0.19886   0.12904   2.49074   1.49080   1.12954   1.30953   0.87745  
 11 132.7792   2255.148007  x:  0.11967   0.02790   0.15014   0.03077   0.04376   0.02709   0.07737   0.02697   0.09750   0.17948   0.09805   0.15273   0.05623   0.15401   0.03014   0.02313   0.04964   0.10734   0.05090   0.06465   0.11686   0.02898   0.23498   0.13829   2.73476   1.48032   1.14661   1.30403   0.86996  
 12 290.4918   2248.498453  x:  0.12506   0.03201   0.15871   0.02858   0.02912   0.02656   0.07753   0.02658   0.09714   0.20617   0.09253   0.16884   0.05248   0.16499   0.02864   0.04260   0.03822   0.07435   0.04261   0.07728   0.11620   0.06214   0.27941   0.14368   3.12961   1.46806   1.16688   1.29622   0.83755  
 13 516.6871   2238.477726  x:  0.10431   0.03750   0.18894   0.03425   0.06033   0.02813   0.12098   0.02869   0.09924   0.16947   0.07769   0.12882   0.04605   0.21641   0.02550   0.04393   0.02717   0.09121   0.08350   0.09048   0.10517   0.05164   0.28899   0.12293   3.76200   1.46007   1.17952   1.28832   0.75799  
 14 399.0514   2232.995051  x:  0.10037   0.03383   0.20885   0.02908   0.04279   0.02772   0.09539   0.02831   0.09963   0.13986   0.09098   0.09147   0.04850   0.24361   0.02601   0.04248   0.03708   0.11268   0.05856   0.06021   0.10658   0.04960   0.25273   0.11899   4.06492   1.46490   1.16887   1.28942   0.71569  
 15 325.4557   2230.861870  x:  0.11091   0.03007   0.21688   0.02869   0.05104   0.02779   0.08738   0.02848   0.09938   0.14629   0.09361   0.10192   0.05056   0.25084   0.02454   0.04824   0.03282   0.11576   0.05126   0.07480   0.11138   0.04521   0.19127   0.12954   4.18958   1.47871   1.13977   1.29748   0.70305  
 16 110.0729   2230.281422  x:  0.11207   0.02923   0.21728   0.02878   0.04469   0.02783   0.09230   0.02841   0.09921   0.15376   0.09038   0.10388   0.05115   0.24980   0.02549   0.04208   0.03606   0.11060   0.06158   0.06584   0.11069   0.04947   0.17334   0.13069   4.22568   1.48828   1.11950   1.30348   0.70312  
 17 66.4383   2229.537287  x:  0.10614   0.02906   0.21339   0.02931   0.04828   0.02756   0.09901   0.02818   0.09887   0.16117   0.08621   0.09595   0.05153   0.24161   0.02605   0.04641   0.03406   0.10819   0.05296   0.06107   0.10691   0.04566   0.17547   0.12476   4.27375   1.51647   1.06012   1.32176   0.71520  
 18 35.7985   2229.156952  x:  0.10574   0.03078   0.21308   0.02876   0.04573   0.02744   0.09203   0.02802   0.09857   0.15573   0.08923   0.09629   0.05047   0.24053   0.02552   0.04285   0.03492   0.11149   0.05836   0.06855   0.10687   0.04943   0.18249   0.12436   4.29913   1.53397   1.02445   1.33296   0.72372  
 19 59.1377   2229.100594  x:  0.10787   0.03042   0.21366   0.02888   0.04598   0.02740   0.09284   0.02801   0.09852   0.15056   0.08911   0.10042   0.05046   0.24251   0.02554   0.04386   0.03435   0.10995   0.05853   0.06595   0.10874   0.04809   0.18450   0.12649   4.30303   1.53748   1.01962   1.33488   0.72547  
 20 13.8466   2229.076230  x:  0.10879   0.02869   0.21257   0.02917   0.04759   0.02748   0.09352   0.02808   0.09859   0.14964   0.08802   0.10070   0.05136   0.24376   0.02564   0.04185   0.03560   0.10985   0.05701   0.06604   0.10838   0.05001   0.18493   0.12741   4.30511   1.54048   1.02043   1.33586   0.72624  
 21  3.1617   2228.672467  x:  0.11346   0.02508   0.19443   0.02890   0.04318   0.02696   0.09025   0.02751   0.09909   0.15195   0.08275   0.09767   0.05313   0.25474   0.02537   0.04497   0.03321   0.11160   0.05962   0.06679   0.10445   0.04668   0.18674   0.13208   4.34148   1.59609   1.04910   1.35319   0.73728  
 22  7.5104   2227.904135  x:  0.10984   0.03870   0.18449   0.02881   0.04521   0.02679   0.09455   0.02713   0.09816   0.15576   0.09616   0.10308   0.04421   0.26163   0.02530   0.04100   0.03472   0.11190   0.05552   0.06491   0.10735   0.04966   0.18723   0.12846   4.41495   1.70382   1.10796   1.39036   0.75927  
 23 72.5111   2226.811968  x:  0.10169   0.02476   0.21110   0.02747   0.04319   0.02584   0.09177   0.02594   0.09731   0.15563   0.09475   0.10829   0.05186   0.24174   0.02491   0.04024   0.03239   0.11055   0.05732   0.06620   0.11550   0.05027   0.19053   0.12031   4.51512   1.83700   1.18608   1.44673   0.78795  
 24 89.1918   2226.477169  x:  0.11038   0.03156   0.22232   0.02793   0.04227   0.02549   0.09301   0.02555   0.09848   0.15412   0.08805   0.10428   0.04753   0.23023   0.02497   0.03957   0.03230   0.11370   0.05613   0.06618   0.10979   0.05101   0.19200   0.12900   4.54655   1.86610   1.20673   1.46936   0.79604  
 25 47.8470   2225.786371  x:  0.11848   0.02473   0.22316   0.02644   0.04375   0.02500   0.09766   0.02489   0.09716   0.15590   0.10699   0.09668   0.05109   0.22771   0.02503   0.04000   0.03018   0.10749   0.05917   0.06639   0.10286   0.05008   0.19444   0.13710   4.61249   1.86389   1.22850   1.53838   0.80989  
 26 17.4848   2223.864574  x:  0.10964   0.02836   0.21413   0.02696   0.03798   0.02352   0.09234   0.02300   0.09672   0.16205   0.09108   0.10939   0.04648   0.23849   0.02402   0.03630   0.02954   0.11633   0.05362   0.06518   0.11357   0.05200   0.19648   0.12825   4.79728   1.83119   1.27808   1.72935   0.84752  
 27 88.5186   2222.312822  x:  0.10431   0.02565   0.21699   0.02608   0.03454   0.02232   0.08881   0.02159   0.09917   0.16298   0.09441   0.12718   0.04625   0.24105   0.02440   0.03688   0.02943   0.11937   0.04994   0.06201   0.08030   0.05028   0.19644   0.12292   4.93805   1.77151   1.24356   1.65971   0.88239  
 28  9.4612   2215.020132  x:  0.11991   0.02056   0.21128   0.02303   0.02599   0.01588   0.09459   0.01404   0.09915   0.18663   0.10407   0.11852   0.04188   0.23573   0.02200   0.02848   0.02063   0.12548   0.04399   0.06065   0.10960   0.05195   0.20551   0.13852   5.61985   1.47777   1.06340   1.28765   1.05050  
 29 230.2439   2215.011464  x:  0.11995   0.02062   0.21129   0.02301   0.02602   0.01593   0.09456   0.01404   0.09586   0.18658   0.10386   0.11851   0.04183   0.23573   0.02201   0.02848   0.02064   0.12553   0.04398   0.06066   0.10942   0.05193   0.20550   0.13856   5.62107   1.47761   1.06330   1.28738   1.05071  
 30  3.7074   2211.453912  x:  0.11722   0.02647   0.22356   0.03012   0.05235   0.01276   0.10299   0.00977   0.09830   0.18306   0.09101   0.11604   0.02574   0.25182   0.02489   0.02885   0.02617   0.11917   0.05272   0.07372   0.11482   0.04183   0.20562   0.13582   6.54771   1.59050   1.11649   1.36796   1.16007  
 31  1.0529   2209.971773  x:  0.11599   0.01709   0.23081   0.02967   0.03765   0.01409   0.09114   0.01121   0.09751   0.18115   0.09137   0.11158   0.02154   0.26546   0.02763   0.03616   0.03122   0.11337   0.05367   0.06419   0.11320   0.04366   0.21244   0.13458   7.34307   1.60524   1.10635   1.38656   1.19225  
 32  0.4173   2209.568555  x:  0.11530   0.02368   0.22803   0.02842   0.03701   0.01525   0.09398   0.01242   0.09815   0.18005   0.09313   0.11165   0.01472   0.26275   0.02605   0.03377   0.02770   0.11195   0.05196   0.06659   0.11012   0.04718   0.21285   0.13389   7.69296   1.56336   1.08921   1.35047   1.19065  
 33  0.2774   2209.339674  x:  0.11619   0.01761   0.22378   0.02723   0.03847   0.01600   0.09697   0.01308   0.09813   0.17990   0.09290   0.11436   0.01839   0.25581   0.02437   0.03155   0.02509   0.11189   0.05040   0.06954   0.10928   0.04833   0.21256   0.13478   7.92425   1.56098   1.09403   1.35040   1.17316  
 34  0.2222   2209.199864  x:  0.11714   0.01924   0.22050   0.02705   0.03680   0.01622   0.09631   0.01304   0.09786   0.18087   0.09299   0.11522   0.01821   0.24948   0.02438   0.03240   0.02699   0.11369   0.05148   0.06799   0.11139   0.04516   0.21296   0.13573   8.16126   1.58999   1.10867   1.37661   1.14272  
 35  0.1427   2209.167400  x:  0.11713   0.01928   0.21987   0.02766   0.03897   0.01595   0.09510   0.01261   0.09804   0.18040   0.09327   0.11543   0.01885   0.25000   0.02508   0.03273   0.02733   0.11429   0.05185   0.06723   0.11169   0.04512   0.21231   0.13572   8.23395   1.56851   1.09535   1.35760   1.13106  
 36  0.0666   2209.160633  x:  0.11673   0.01946   0.22091   0.02786   0.03858   0.01555   0.09516   0.01213   0.09800   0.17989   0.09297   0.11491   0.01909   0.25115   0.02523   0.03228   0.02692   0.11411   0.05179   0.06752   0.11173   0.04586   0.21206   0.13532   8.26336   1.57111   1.09737   1.36214   1.12780  
 37  0.0229   2209.159359  x:  0.11673   0.01950   0.22156   0.02800   0.03839   0.01558   0.09567   0.01220   0.09803   0.18005   0.09304   0.11488   0.01936   0.25187   0.02526   0.03258   0.02704   0.11394   0.05170   0.06777   0.11155   0.04567   0.21222   0.13532   8.26767   1.57137   1.09732   1.36060   1.12697  
 38  0.0036   2209.158871  x:  0.11682   0.01964   0.22175   0.02802   0.03848   0.01563   0.09551   0.01230   0.09803   0.18026   0.09306   0.11482   0.01956   0.25209   0.02521   0.03243   0.02702   0.11389   0.05170   0.06765   0.11157   0.04570   0.21217   0.13540   8.27615   1.57135   1.09764   1.36183   1.12809  
 39  0.0041   2209.158736  x:  0.11679   0.01965   0.22167   0.02801   0.03845   0.01560   0.09545   0.01228   0.09802   0.18025   0.09302   0.11483   0.01963   0.25195   0.02520   0.03249   0.02695   0.11395   0.05172   0.06767   0.11158   0.04566   0.21211   0.13537   8.28435   1.57171   1.09752   1.36127   1.12947  
 40  0.0059   2209.158720  x:  0.11677   0.01965   0.22161   0.02801   0.03844   0.01559   0.09550   0.01228   0.09802   0.18021   0.09303   0.11483   0.01964   0.25191   0.02521   0.03247   0.02701   0.11396   0.05171   0.06768   0.11158   0.04568   0.21212   0.13536   8.28582   1.57164   1.09754   1.36135   1.12975  
 41  0.0014   2209.158719  x:  0.11677   0.01965   0.22160   0.02801   0.03845   0.01559   0.09550   0.01228   0.09803   0.18020   0.09304   0.11483   0.01964   0.25190   0.02522   0.03248   0.02700   0.11396   0.05171   0.06768   0.11158   0.04568   0.21212   0.13536   8.28583   1.57169   1.09758   1.36144   1.12976  
 42  0.0001   2209.158718  x:  0.11678   0.01965   0.22160   0.02801   0.03845   0.01559   0.09550   0.01228   0.09803   0.18019   0.09304   0.11483   0.01964   0.25190   0.02522   0.03248   0.02700   0.11396   0.05172   0.06767   0.11157   0.04568   0.21213   0.13536   8.28580   1.57170   1.09758   1.36142   1.12975  
 43  0.0000   2209.158718  x:  0.11678   0.01965   0.22160   0.02801   0.03845   0.01559   0.09550   0.01228   0.09803   0.18019   0.09304   0.11483   0.01964   0.25190   0.02522   0.03248   0.02700   0.11396   0.05172   0.06767   0.11157   0.04568   0.21213   0.13536   8.28580   1.57169   1.09758   1.36142   1.12975  
 44  0.0000   2209.158718  x:  0.11678   0.01965   0.22160   0.02801   0.03845   0.01559   0.09550   0.01228   0.09803   0.18019   0.09304   0.11483   0.01964   0.25190   0.02522   0.03248   0.02700   0.11396   0.05172   0.06767   0.11157   0.04568   0.21213   0.13536   8.28580   1.57170   1.09758   1.36142   1.12975  
 45  0.0000   2209.158718  x:  0.11678   0.01965   0.22160   0.02801   0.03845   0.01559   0.09550   0.01228   0.09803   0.18019   0.09304   0.11483   0.01964   0.25190   0.02522   0.03248   0.02700   0.11396   0.05172   0.06767   0.11157   0.04568   0.21213   0.13536   8.28580   1.57170   1.09758   1.36142   1.12975  