

TREE # 1

  0  0.0000   2258.634069  x:  0.01972   0.20925   0.02571   0.03211   0.02495   0.05815   0.02188   0.05666   0.08536   0.02661   0.17168   0.01972   0.20925   0.02571   0.03211   0.02495   0.05815   0.02188   0.05666   0.08536   0.02661   0.17168   0.21568   8.40433   1.74905   1.34383   1.74845   1.00000  
  1 99.0000   2202.810467  x:  0.00000   0.20093   0.11774   0.15168   0.05010   0.07552   0.04628   0.04122   0.26068   0.12744   0.18111   0.01011   0.20666   0.03760   0.01329   0.01736   0.06801   0.03571   0.09205   0.07056   0.02453   0.18061   0.20304   8.40374   1.74870   1.33872   1.75259   0.99961  
  2 746.9340   2201.437131  x:  0.01328   0.19943   0.11971   0.15622   0.04996   0.07628   0.04581   0.04029   0.26916   0.13095   0.18227   0.01070   0.20637   0.03751   0.01439   0.01776   0.06845   0.03534   0.09364   0.06946   0.02452   0.18157   0.20175   8.40367   1.74863   1.33823   1.75302   0.99956  
  3 553.3753   2197.678970  x:  0.01195   0.18011   0.09978   0.15833   0.03606   0.07767   0.02636   0.03414   0.29991   0.12704   0.19110   0.01971   0.20373   0.02989   0.03482   0.02602   0.06932   0.02289   0.09723   0.06176   0.02550   0.19025   0.18904   8.40293   1.74788   1.33346   1.75721   0.99899  
  4 145.3907   2193.877958  x:  0.01237   0.14558   0.05707   0.15232   0.02764   0.07808   0.02471   0.03792   0.34187   0.11244   0.20500   0.01228   0.19875   0.02841   0.02138   0.01677   0.06963   0.02738   0.09841   0.05398   0.02570   0.20342   0.16674   8.40144   1.74641   1.32382   1.76560   0.99775  
  5 152.0212   2193.346944  x:  0.01234   0.13838   0.04989   0.14884   0.03481   0.07758   0.03072   0.03893   0.35043   0.10844   0.20810   0.01345   0.19766   0.03109   0.02222   0.02310   0.06930   0.02639   0.09760   0.05708   0.02545   0.20605   0.16238   8.40086   1.74587   1.32009   1.76882   0.99719  
  6 93.2721   2193.104344  x:  0.01246   0.13515   0.05419   0.14159   0.03896   0.07617   0.02818   0.03623   0.35678   0.10366   0.21050   0.01387   0.19667   0.03246   0.02263   0.01916   0.06831   0.02532   0.09456   0.06418   0.02492   0.20740   0.16037   8.39966   1.74484   1.31273   1.77515   0.99594  
  7 31.9687   2192.881374  x:  0.01254   0.13570   0.06159   0.13118   0.03600   0.07532   0.02909   0.03501   0.36441   0.09760   0.21249   0.01333   0.19570   0.02989   0.02113   0.02291   0.06797   0.02858   0.09202   0.06577   0.02559   0.20814   0.15947   8.39758   1.74311   1.30031   1.78584   0.99378  
  8 39.6525   2192.629621  x:  0.01250   0.14232   0.06655   0.11948   0.03481   0.07588   0.03225   0.03903   0.37364   0.09127   0.21320   0.01492   0.19515   0.03163   0.02166   0.02100   0.06833   0.02490   0.09196   0.06080   0.02538   0.20785   0.16006   8.39431   1.74047   1.28169   1.80184   0.99052  
  9 51.4846   2192.431924  x:  0.01252   0.15227   0.06454   0.11341   0.03896   0.07680   0.02866   0.03822   0.38039   0.08731   0.21169   0.01375   0.19535   0.03276   0.02232   0.02146   0.06890   0.02811   0.09430   0.05804   0.02458   0.20634   0.16144   8.39078   1.73774   1.26321   1.81777   0.98721  
 10 49.9619   2192.302958  x:  0.01257   0.15922   0.06075   0.11325   0.03843   0.07665   0.03007   0.03436   0.38359   0.08561   0.20938   0.01415   0.19590   0.03065   0.02067   0.02108   0.06860   0.02617   0.09544   0.06090   0.02567   0.20481   0.16236   8.38775   1.73547   1.24911   1.83011   0.98450  
 11 45.1239   2192.231459  x:  0.01255   0.16028   0.05911   0.11672   0.03610   0.07554   0.03032   0.03694   0.38335   0.08545   0.20726   0.01385   0.19631   0.03148   0.02221   0.02094   0.06792   0.02720   0.09417   0.06421   0.02458   0.20387   0.16204   8.38507   1.73358   1.23920   1.83915   0.98227  
 12 25.3190   2192.156619  x:  0.01263   0.15652   0.05916   0.12153   0.03689   0.07475   0.02840   0.03820   0.37946   0.08693   0.20513   0.01456   0.19660   0.03155   0.02030   0.02202   0.06764   0.02609   0.09183   0.06298   0.02611   0.20328   0.16080   8.38106   1.73086   1.22737   1.85055   0.97915  
 13 23.9780   2192.088642  x:  0.01268   0.15111   0.05937   0.12517   0.03758   0.07503   0.02978   0.03588   0.37433   0.08939   0.20380   0.01389   0.19662   0.03081   0.02181   0.02102   0.06795   0.02657   0.09106   0.06028   0.02487   0.20305   0.15953   8.37668   1.72796   1.21626   1.86173   0.97588  
 14 41.9198   2192.066202  x:  0.01265   0.14870   0.05932   0.12505   0.03680   0.07626   0.02970   0.03567   0.37200   0.09198   0.20474   0.01414   0.19628   0.03203   0.02163   0.02112   0.06842   0.02678   0.09400   0.06101   0.02532   0.20345   0.15984   8.37420   1.72647   1.21295   1.86604   0.97431  
 15 12.8025   2192.060091  x:  0.01264   0.14819   0.05926   0.12496   0.03704   0.07635   0.02954   0.03631   0.37142   0.09292   0.20550   0.01376   0.19606   0.03109   0.02152   0.02117   0.06839   0.02645   0.09485   0.06135   0.02485   0.20367   0.16022   8.37302   1.72582   1.21241   1.86738   0.97367  
 16  8.9776   2192.053595  x:  0.01259   0.14825   0.05892   0.12516   0.03720   0.07554   0.02971   0.03650   0.37103   0.09379   0.20740   0.01385   0.19559   0.03077   0.02188   0.02086   0.06797   0.02682   0.09461   0.06123   0.02563   0.20416   0.16128   8.37019   1.72442   1.21295   1.86926   0.97238  
 17  4.7787   2192.045633  x:  0.01256   0.14852   0.05860   0.12561   0.03693   0.07495   0.02959   0.03607   0.37065   0.09433   0.20960   0.01365   0.19504   0.03142   0.02152   0.02117   0.06774   0.02655   0.09392   0.06100   0.02486   0.20467   0.16246   8.36592   1.72240   1.21420   1.87174   0.97053  
 18 12.1640   2192.029405  x:  0.01253   0.14893   0.05871   0.12685   0.03704   0.07731   0.02963   0.03621   0.37030   0.09309   0.21126   0.01319   0.19464   0.03130   0.02167   0.02111   0.06918   0.02646   0.09315   0.06131   0.02525   0.20484   0.16286   8.35441   1.71756   1.21857   1.87713   0.96599  
 19  8.5841   2192.012249  x:  0.01251   0.14903   0.05889   0.12714   0.03721   0.07735   0.02969   0.03629   0.37031   0.09240   0.21060   0.01495   0.19487   0.03091   0.02127   0.02085   0.06882   0.02710   0.09382   0.06126   0.02456   0.20451   0.16204   8.34073   1.71248   1.22380   1.88277   0.96102  
 20 19.1792   2191.983140  x:  0.01257   0.14902   0.05929   0.12672   0.03720   0.07581   0.02970   0.03612   0.37058   0.09208   0.20811   0.01364   0.19548   0.03128   0.02151   0.02102   0.06747   0.02662   0.09529   0.06103   0.02507   0.20366   0.16013   8.31716   1.70443   1.23255   1.89189   0.95290  
 21 50.3278   2191.971260  x:  0.01258   0.14883   0.05862   0.12521   0.03708   0.07558   0.02964   0.03620   0.37117   0.09426   0.20612   0.01367   0.19588   0.03123   0.02153   0.02101   0.06898   0.02663   0.09378   0.06124   0.02504   0.20358   0.16036   8.30561   1.70292   1.23530   1.89472   0.95037  
 22 10.9490   2191.940973  x:  0.01261   0.14758   0.05808   0.12453   0.03704   0.07812   0.02959   0.03620   0.37201   0.09499   0.20351   0.01347   0.19608   0.03124   0.02152   0.02104   0.06569   0.02671   0.09256   0.06116   0.02504   0.20456   0.16374   8.26999   1.70633   1.23827   1.89826   0.94743  
 23  8.7150   2191.741579  x:  0.01265   0.14287   0.05855   0.12706   0.03750   0.07406   0.02987   0.03611   0.37322   0.09010   0.19692   0.01283   0.19559   0.03134   0.02112   0.02070   0.06987   0.02678   0.09606   0.06091   0.02501   0.20934   0.17586   8.02614   1.73655   1.25322   1.91769   0.93256  
 24 53.7048   2190.996441  x:  0.01216   0.14952   0.05896   0.12922   0.03799   0.07574   0.03086   0.03649   0.36801   0.09637   0.20261   0.01206   0.19321   0.03178   0.01977   0.02001   0.06811   0.02751   0.09436   0.06113   0.02485   0.20849   0.16076   7.13430   1.84904   1.30227   1.98397   0.88775  
 25 189.4614   2190.904883  x:  0.01212   0.14620   0.05838   0.12906   0.03789   0.07563   0.03084   0.03658   0.36922   0.09634   0.20590   0.01194   0.19822   0.03177   0.01969   0.01993   0.06818   0.02753   0.09436   0.06099   0.02485   0.19560   0.16387   7.02124   1.85174   1.30653   1.99048   0.89667  
 26 34.8804   2190.682271  x:  0.01200   0.14759   0.05918   0.13002   0.03810   0.07563   0.03122   0.03680   0.36757   0.09719   0.20301   0.01155   0.19553   0.03188   0.01923   0.01968   0.06820   0.02778   0.09452   0.06112   0.02489   0.20353   0.16334   6.73450   1.83297   1.31132   2.00077   0.94622  
 27 36.1112   2190.525637  x:  0.01191   0.14740   0.05921   0.12973   0.03808   0.07566   0.03137   0.03706   0.36872   0.09683   0.20079   0.01181   0.18250   0.03200   0.01903   0.01957   0.06830   0.02793   0.09453   0.06120   0.02493   0.19852   0.16461   6.53412   1.78007   1.27432   1.93976   0.92847  
 28  6.2638   2190.388614  x:  0.01179   0.14828   0.05984   0.12948   0.03816   0.07570   0.03161   0.03733   0.36909   0.09633   0.20265   0.01129   0.19485   0.03218   0.01878   0.01947   0.06842   0.02812   0.09453   0.06135   0.02489   0.20353   0.16490   6.35546   1.73148   1.23951   1.88316   0.91069  
 29 78.0211   2190.335727  x:  0.01140   0.14872   0.06011   0.12910   0.03797   0.07595   0.03122   0.03717   0.37030   0.09649   0.20489   0.01189   0.19540   0.03198   0.01981   0.02008   0.06830   0.02779   0.09430   0.06144   0.02496   0.20305   0.16246   6.53850   1.70465   1.22142   1.85531   0.92312  
 30  0.2251   2190.321203  x:  0.01025   0.14812   0.05986   0.12955   0.03772   0.07609   0.03089   0.03702   0.37301   0.09727   0.20681   0.01199   0.19599   0.03178   0.02000   0.02033   0.06819   0.02751   0.09419   0.06139   0.02497   0.20254   0.16068   6.50974   1.71552   1.22691   1.86410   0.92709  
 31  0.0132   2190.312474  x:  0.00933   0.14837   0.06015   0.13048   0.03778   0.07605   0.03115   0.03723   0.37450   0.09787   0.20593   0.01174   0.19568   0.03193   0.01952   0.02003   0.06829   0.02771   0.09442   0.06142   0.02495   0.20285   0.16216   6.52715   1.70995   1.22438   1.85914   0.92503  
 32  0.0131   2190.312186  x:  0.00933   0.14836   0.06023   0.13054   0.03782   0.07603   0.03117   0.03724   0.37445   0.09779   0.20558   0.01183   0.19551   0.03195   0.01968   0.02007   0.06830   0.02774   0.09443   0.06142   0.02496   0.20301   0.16230   6.52392   1.70929   1.22410   1.85896   0.92374  
 33  0.0042   2190.312179  x:  0.00934   0.14831   0.06021   0.13053   0.03782   0.07603   0.03119   0.03725   0.37444   0.09777   0.20555   0.01182   0.19548   0.03195   0.01967   0.02007   0.06830   0.02775   0.09442   0.06142   0.02495   0.20303   0.16225   6.52452   1.70924   1.22406   1.85901   0.92361  
 34  0.0007   2190.312178  x:  0.00934   0.14832   0.06021   0.13054   0.03783   0.07603   0.03119   0.03725   0.37442   0.09777   0.20555   0.01182   0.19548   0.03196   0.01967   0.02007   0.06830   0.02775   0.09442   0.06142   0.02495   0.20303   0.16225   6.52455   1.70926   1.22408   1.85903   0.92362  
 35  0.0000   2190.312178  x:  0.00934   0.14831   0.06021   0.13053   0.03783   0.07603   0.03119   0.03725   0.37441   0.09777   0.20556   0.01182   0.19548   0.03196   0.01967   0.02007   0.06830   0.02775   0.09442   0.06142   0.02495   0.20303   0.16225   6.52451   1.70925   1.22407   1.85902   0.92363  
 36  0.0000   2190.312178  x:  0.00934   0.14832   0.06021   0.13053   0.03782   0.07603   0.03119   0.03725   0.37441   0.09777   0.20555   0.01182   0.19548   0.03196   0.01967   0.02007   0.06830   0.02775   0.09442   0.06142   0.02495   0.20303   0.16225   6.52452   1.70926   1.22408   1.85902   0.92362  
 37  0.0000   2190.312178  x:  0.00934   0.14832   0.06021   0.13053   0.03782   0.07603   0.03119   0.03725   0.37441   0.09777   0.20555   0.01182   0.19548   0.03196   0.01967   0.02007   0.06830   0.02775   0.09442   0.06142   0.02495   0.20303   0.16225   6.52452   1.70926   1.22408   1.85902   0.92362  

TREE # 2

  0  0.0000   2454.774547  x:  0.00934   0.14832   0.06021   0.13053   0.03782   0.07603   0.03119   0.03725   0.37441   0.09777   0.20555   0.01182   0.19548   0.03196   0.01967   0.02007   0.06830   0.02775   0.09442   0.06142   0.02495   0.20303   0.16225   6.52452   1.67435   1.10817   1.68529   0.92362  
  1 99.0000   2279.674930  x:  0.22383   0.13740   0.12189   0.15151   0.02657   0.05811   0.05905   0.02022   0.35125   0.07478   0.18464   0.03723   0.17998   0.18700   0.11363   0.25191   0.08053   0.30020   0.13479   0.04975   0.02814   0.18360   0.13671   6.52459   1.67289   1.10994   1.68688   0.92359  
  2 2150.2239   2242.301073  x:  0.21026   0.08550   0.16235   0.17438   0.02048   0.02684   0.06224   0.00000   0.30203   0.02728   0.14018   0.01576   0.12428   0.19838   0.11330   0.23232   0.06943   0.31922   0.15330   0.03155   0.03559   0.14355   0.08320   6.52477   1.66858   1.11704   1.68851   0.92422  
  3 328.1380   2227.915011  x:  0.20280   0.05543   0.18432   0.18682   0.01843   0.01198   0.06417   0.01381   0.27358   0.00446   0.11477   0.00811   0.09183   0.20489   0.11315   0.22125   0.06325   0.33023   0.16354   0.02277   0.03964   0.12061   0.05256   6.52487   1.66613   1.12105   1.68952   0.92458  
  4 3291.4789   2210.072745  x:  0.19189   0.01215   0.21251   0.20279   0.02016   0.01190   0.06617   0.01683   0.23190   0.00821   0.07940   0.02699   0.04426   0.21326   0.11250   0.20457   0.05496   0.34469   0.17694   0.01738   0.04488   0.08855   0.01088   6.52501   1.66264   1.12668   1.69109   0.92504  
  5 1306.8132   2205.015899  x:  0.18917   0.00000   0.22062   0.20724   0.02173   0.01946   0.06648   0.01755   0.21661   0.00840   0.06900   0.02452   0.02727   0.21623   0.11245   0.19930   0.05260   0.35001   0.18092   0.02164   0.04633   0.07906   0.01510   6.52505   1.66142   1.12857   1.69178   0.92516  
  6 598.5312   2200.581085  x:  0.18536   0.00792   0.23145   0.21321   0.02326   0.02300   0.06659   0.01861   0.19413   0.01163   0.05619   0.02174   0.00369   0.22010   0.11222   0.19137   0.04940   0.35690   0.18603   0.02672   0.04722   0.06708   0.01842   6.52509   1.65967   1.13127   1.69284   0.92532  
  7 599.6206   2197.311726  x:  0.17941   0.00946   0.24589   0.21956   0.02316   0.01422   0.06445   0.02004   0.13888   0.01639   0.05117   0.02489   0.01751   0.22749   0.11289   0.17352   0.04659   0.36962   0.19299   0.03590   0.03919   0.05837   0.02783   6.52516   1.65552   1.13741   1.69587   0.92545  
  8 157.4863   2195.360268  x:  0.17690   0.01267   0.25149   0.22113   0.02353   0.02451   0.06278   0.02051   0.10022   0.01144   0.05890   0.02539   0.02152   0.23169   0.11424   0.16154   0.04716   0.37841   0.19511   0.03529   0.03305   0.06285   0.02446   6.52520   1.65245   1.14185   1.69844   0.92549  
  9 254.2705   2194.666474  x:  0.17681   0.01034   0.25070   0.21958   0.02291   0.02046   0.06226   0.02079   0.08437   0.01620   0.06650   0.02262   0.01673   0.23297   0.11612   0.15550   0.04928   0.38349   0.19357   0.03272   0.03415   0.07041   0.02495   6.52523   1.65055   1.14451   1.70034   0.92545  
 10 116.1174   2194.507544  x:  0.17695   0.01019   0.24863   0.21769   0.02372   0.01859   0.06227   0.02053   0.08166   0.01338   0.06729   0.02630   0.01488   0.23313   0.11804   0.15125   0.05028   0.38673   0.19097   0.03387   0.03633   0.07224   0.02642   6.52525   1.64911   1.14651   1.70194   0.92540  
 11 41.9056   2193.719285  x:  0.17821   0.01095   0.23324   0.20337   0.02327   0.01957   0.06374   0.01983   0.07849   0.01361   0.05930   0.02275   0.01739   0.23484   0.13753   0.11448   0.05461   0.41731   0.16660   0.03687   0.04299   0.07176   0.02240   6.52542   1.63605   1.16483   1.71676   0.92495  
 12 43.3368   2193.386982  x:  0.17673   0.01101   0.22924   0.20000   0.02291   0.01938   0.06354   0.01977   0.07964   0.01337   0.05911   0.02406   0.01680   0.23484   0.14751   0.09776   0.05478   0.43232   0.15416   0.03036   0.03853   0.06894   0.02516   6.52551   1.62981   1.17383   1.72434   0.92477  
 13 99.3923   2193.231115  x:  0.17229   0.01080   0.23155   0.20331   0.02445   0.01876   0.06233   0.01974   0.08208   0.01343   0.06420   0.02364   0.01627   0.23269   0.15427   0.09149   0.05422   0.44149   0.14512   0.03426   0.03680   0.06777   0.02407   6.52561   1.62604   1.17978   1.73017   0.92464  
 14 35.7945   2193.147458  x:  0.16799   0.01120   0.23450   0.20725   0.02171   0.01960   0.06226   0.02000   0.08277   0.01355   0.06411   0.02412   0.01724   0.22974   0.15813   0.09021   0.05541   0.44639   0.13914   0.03372   0.03963   0.06945   0.02476   6.52569   1.62367   1.18398   1.73483   0.92452  
 15 28.9789   2193.117023  x:  0.16637   0.01137   0.23551   0.20885   0.02393   0.01973   0.06256   0.02002   0.08271   0.01369   0.06298   0.02393   0.01785   0.22792   0.15941   0.09048   0.05662   0.44808   0.13678   0.03281   0.04035   0.07068   0.02498   6.52574   1.62268   1.18602   1.73739   0.92444  
 16 25.3913   2193.095183  x:  0.16631   0.01122   0.23498   0.20932   0.02342   0.01947   0.06311   0.01996   0.08222   0.01356   0.06174   0.02400   0.01743   0.22507   0.15935   0.09182   0.05849   0.44857   0.13558   0.03360   0.03819   0.07136   0.02478   6.52584   1.62184   1.18867   1.74153   0.92426  
 17  8.9444   2193.046945  x:  0.16884   0.01123   0.23338   0.20954   0.02350   0.01955   0.06280   0.01993   0.08120   0.01358   0.06325   0.02389   0.01760   0.21870   0.15709   0.09467   0.05844   0.44846   0.13618   0.03289   0.03941   0.06808   0.02482   6.52618   1.62007   1.19712   1.75590   0.92363  
 18 10.1661   2192.982767  x:  0.17137   0.01121   0.23390   0.21018   0.02355   0.01960   0.06212   0.02002   0.08296   0.01371   0.06266   0.02406   0.01761   0.21647   0.15407   0.09546   0.05375   0.44755   0.14117   0.03313   0.03899   0.07155   0.02499   6.52678   1.61908   1.20955   1.77863   0.92260  
 19 17.0968   2192.917184  x:  0.16966   0.01134   0.23473   0.20936   0.02358   0.01978   0.06367   0.02009   0.08515   0.01384   0.06424   0.02421   0.01757   0.22220   0.15328   0.09665   0.05778   0.44370   0.14608   0.03312   0.03907   0.07133   0.02528   6.52753   1.62155   1.22189   1.80419   0.92124  
 20 17.3676   2192.864447  x:  0.16785   0.01120   0.23319   0.20740   0.02352   0.01965   0.06096   0.02001   0.08414   0.01378   0.06360   0.02413   0.01714   0.22850   0.15426   0.10085   0.05590   0.43850   0.14262   0.03304   0.03868   0.07082   0.02513   6.52826   1.62836   1.22997   1.82463   0.92003  
 21 15.8469   2192.834477  x:  0.16919   0.01116   0.23315   0.20785   0.02352   0.01963   0.06506   0.01997   0.08357   0.01380   0.06387   0.02416   0.01708   0.22990   0.15467   0.10094   0.05429   0.43627   0.13983   0.03313   0.03866   0.07065   0.02517   6.52880   1.63709   1.23285   1.83556   0.91937  
 22 10.8172   2192.718097  x:  0.17788   0.01104   0.23476   0.21165   0.02354   0.01981   0.06210   0.02003   0.08384   0.01392   0.06338   0.02422   0.01707   0.22918   0.15626   0.09580   0.05768   0.43337   0.13487   0.03319   0.03897   0.07106   0.02525   6.53114   1.68039   1.24065   1.87457   0.91718  
 23 18.7686   2192.584874  x:  0.16984   0.01125   0.22983   0.20533   0.02353   0.01996   0.06249   0.01989   0.08418   0.01394   0.06369   0.02415   0.01712   0.22269   0.15906   0.09671   0.05589   0.44201   0.13953   0.03302   0.03908   0.07116   0.02538   6.53413   1.73462   1.25107   1.91306   0.91634  
 24 19.2629   2192.550973  x:  0.16838   0.01128   0.22807   0.20564   0.02354   0.02002   0.06239   0.01987   0.08512   0.01398   0.06403   0.02413   0.01718   0.22436   0.15125   0.09701   0.05646   0.44522   0.13731   0.03301   0.03907   0.07140   0.02546   6.53527   1.74602   1.25967   1.91550   0.91845  
 25  4.9120   2192.430528  x:  0.17127   0.01140   0.22234   0.20800   0.02364   0.02031   0.06247   0.01991   0.08632   0.01423   0.06479   0.02429   0.01684   0.22465   0.15628   0.09915   0.05653   0.43929   0.13852   0.03330   0.03895   0.07218   0.02591   6.54031   1.77582   1.30102   1.90630   0.93157  
 26  5.5750   2192.392028  x:  0.17285   0.01146   0.22882   0.20003   0.02367   0.02048   0.06245   0.02001   0.08713   0.01438   0.06527   0.02443   0.01671   0.22297   0.15619   0.09981   0.05702   0.43764   0.13652   0.03348   0.03889   0.07264   0.02614   6.54234   1.77803   1.30507   1.90360   0.93480  
 27  2.9271   2191.560233  x:  0.18012   0.01226   0.20028   0.19222   0.02404   0.02285   0.06224   0.02001   0.09597   0.01600   0.06991   0.02524   0.01433   0.21902   0.15783   0.10536   0.05988   0.42904   0.12727   0.03502   0.03838   0.07730   0.02898   6.59217   1.71488   1.22350   1.86695   0.97505  
 28  1.9831   2191.433219  x:  0.18125   0.01241   0.19717   0.19067   0.02408   0.02330   0.06220   0.02011   0.09746   0.01629   0.07074   0.02542   0.01380   0.21801   0.15804   0.10671   0.05992   0.42711   0.12648   0.03526   0.03827   0.07806   0.02945   6.60077   1.70632   1.22083   1.85159   0.92043  
 29  3.5283   2190.877936  x:  0.17717   0.01163   0.20891   0.19766   0.02488   0.02808   0.06159   0.02136   0.09564   0.01926   0.07051   0.02781   0.00641   0.21674   0.15378   0.10861   0.05859   0.41346   0.13279   0.03763   0.03624   0.07695   0.03209   6.56405   1.70519   1.21786   1.84581   0.92213  
 30  0.0401   2190.633893  x:  0.17081   0.01314   0.20722   0.19703   0.02553   0.03363   0.06178   0.02162   0.09311   0.02076   0.06738   0.02847   0.01091   0.21443   0.15289   0.10212   0.05903   0.40829   0.13202   0.03835   0.03802   0.07530   0.03278   6.54083   1.70638   1.22953   1.85442   0.92593  
 31  0.0237   2190.448131  x:  0.16686   0.01184   0.19947   0.19287   0.02499   0.03612   0.06179   0.02060   0.09428   0.02167   0.06645   0.02832   0.00797   0.20981   0.15253   0.09802   0.06023   0.39174   0.12774   0.03723   0.03905   0.07531   0.03162   6.52840   1.70717   1.22813   1.85906   0.92448  
 32  0.0133   2190.354441  x:  0.16460   0.01101   0.20525   0.19690   0.02469   0.03522   0.06134   0.01959   0.09542   0.02080   0.06879   0.02799   0.00909   0.20659   0.14896   0.10055   0.06002   0.37671   0.13096   0.03663   0.03770   0.07638   0.03044   6.53763   1.70691   1.21689   1.85210   0.92122  
 33  0.0154   2190.321898  x:  0.16266   0.01099   0.20314   0.19538   0.02486   0.03284   0.06145   0.01900   0.09423   0.01983   0.06872   0.02778   0.00951   0.20632   0.14802   0.09779   0.06002   0.37708   0.13134   0.03722   0.03758   0.07626   0.03047   6.52068   1.71131   1.22743   1.86106   0.92452  
 34  0.0142   2190.314478  x:  0.16263   0.01138   0.20315   0.19554   0.02503   0.03204   0.06151   0.01916   0.09435   0.01997   0.06817   0.02792   0.00942   0.20583   0.14866   0.09805   0.06017   0.37480   0.13015   0.03744   0.03804   0.07598   0.03134   6.52562   1.70761   1.22354   1.85843   0.92334  
 35  0.0050   2190.312836  x:  0.16225   0.01168   0.20308   0.19552   0.02495   0.03204   0.06139   0.01942   0.09443   0.02021   0.06827   0.02782   0.00933   0.20552   0.14824   0.09778   0.06017   0.37469   0.13077   0.03725   0.03771   0.07600   0.03148   6.52469   1.70973   1.22401   1.85887   0.92351  
 36  0.0014   2190.312267  x:  0.16233   0.01184   0.20308   0.19544   0.02492   0.03192   0.06143   0.01957   0.09444   0.02016   0.06835   0.02771   0.00935   0.20569   0.14829   0.09778   0.06023   0.37436   0.13048   0.03722   0.03783   0.07607   0.03121   6.52395   1.70937   1.22434   1.85919   0.92378  
 37  0.0006   2190.312198  x:  0.16223   0.01186   0.20302   0.19550   0.02495   0.03196   0.06142   0.01962   0.09442   0.02010   0.06830   0.02775   0.00934   0.20551   0.14834   0.09776   0.06021   0.37448   0.13053   0.03725   0.03784   0.07603   0.03116   6.52504   1.70916   1.22400   1.85900   0.92359  
 38  0.0009   2190.312185  x:  0.16226   0.01185   0.20304   0.19547   0.02496   0.03196   0.06142   0.01965   0.09442   0.02007   0.06829   0.02778   0.00933   0.20558   0.14831   0.09777   0.06021   0.37439   0.13054   0.03725   0.03782   0.07602   0.03118   6.52419   1.70930   1.22409   1.85899   0.92362  
 39  0.0005   2190.312179  x:  0.16225   0.01183   0.20303   0.19548   0.02495   0.03195   0.06142   0.01967   0.09443   0.02007   0.06830   0.02776   0.00934   0.20555   0.14831   0.09776   0.06021   0.37443   0.13053   0.03724   0.03783   0.07603   0.03119   6.52479   1.70927   1.22408   1.85903   0.92365  
 40  0.0003   2190.312178  x:  0.16225   0.01182   0.20303   0.19548   0.02495   0.03196   0.06142   0.01967   0.09442   0.02007   0.06830   0.02776   0.00934   0.20556   0.14832   0.09777   0.06021   0.37441   0.13054   0.03725   0.03783   0.07603   0.03119   6.52445   1.70925   1.22408   1.85902   0.92362  
 41  0.0003   2190.312178  x:  0.16225   0.01182   0.20303   0.19548   0.02495   0.03195   0.06142   0.01967   0.09442   0.02007   0.06830   0.02775   0.00934   0.20555   0.14832   0.09777   0.06021   0.37441   0.13053   0.03725   0.03782   0.07603   0.03119   6.52453   1.70926   1.22408   1.85902   0.92362  
 42  0.0001   2190.312178  x:  0.16225   0.01182   0.20303   0.19548   0.02495   0.03195   0.06142   0.01967   0.09442   0.02007   0.06830   0.02775   0.00934   0.20555   0.14832   0.09777   0.06021   0.37441   0.13053   0.03725   0.03782   0.07603   0.03119   6.52451   1.70926   1.22408   1.85902   0.92362  
 43  0.0000   2190.312178  x:  0.16225   0.01182   0.20303   0.19548   0.02495   0.03196   0.06142   0.01967   0.09442   0.02007   0.06830   0.02775   0.00934   0.20555   0.14832   0.09777   0.06021   0.37441   0.13053   0.03725   0.03782   0.07603   0.03119   6.52452   1.70926   1.22408   1.85902   0.92362  
 44  0.0000   2190.312178  x:  0.16225   0.01182   0.20303   0.19548   0.02495   0.03196   0.06142   0.01967   0.09442   0.02007   0.06830   0.02775   0.00934   0.20555   0.14832   0.09777   0.06021   0.37441   0.13053   0.03725   0.03782   0.07603   0.03119   6.52452   1.70926   1.22408   1.85902   0.92362  
 45  0.0000   2190.312178  x:  0.16225   0.01182   0.20303   0.19548   0.02495   0.03196   0.06142   0.01967   0.09442   0.02007   0.06830   0.02775   0.00934   0.20555   0.14832   0.09777   0.06021   0.37441   0.13053   0.03725   0.03782   0.07603   0.03119   6.52452   1.70926   1.22408   1.85902   0.92362  