

TREE # 1

  0  0.0000   2158.298079  x:  0.20925   0.02571   0.03211   0.02495   0.05815   0.02188   0.05666   0.08536   0.02661   0.17168   0.20925   0.02571   0.03211   0.02495   0.05815   0.02188   0.05666   0.08536   0.02661   0.17168   0.21568   8.40433   1.77798   1.40186   1.41575   1.00000  
  1 99.0000   2137.413076  x:  0.20884   0.00089   0.06877   0.03557   0.07374   0.02673   0.07370   0.10459   0.01427   0.17637   0.21540   0.00000   0.03829   0.02713   0.09741   0.11571   0.06044   0.09803   0.01081   0.17731   0.22245   8.40406   1.77679   1.39977   1.41911   1.00022  
  2 541.8364   2136.603013  x:  0.20883   0.00190   0.07137   0.03596   0.07528   0.02678   0.07533   0.10683   0.01400   0.17707   0.21637   0.00690   0.03923   0.02701   0.10076   0.12088   0.06076   0.09967   0.01156   0.17816   0.22348   8.40402   1.77661   1.39945   1.41963   1.00027  
  3 370.0434   2135.710270  x:  0.20888   0.01135   0.07464   0.03400   0.08006   0.02492   0.08017   0.11534   0.01695   0.18055   0.22113   0.00433   0.04095   0.02501   0.10893   0.11954   0.06141   0.10575   0.01735   0.18230   0.22863   8.40377   1.77564   1.39784   1.42231   1.00055  
  4 122.4183   2133.943390  x:  0.20884   0.00174   0.07714   0.02907   0.08971   0.02175   0.08987   0.13400   0.01584   0.18961   0.23360   0.00432   0.04374   0.02148   0.12539   0.10552   0.06233   0.11975   0.02022   0.19304   0.24230   8.40308   1.77294   1.39332   1.42983   1.00135  
  5 145.9560   2133.531718  x:  0.20871   0.00346   0.07768   0.03149   0.09086   0.02529   0.09114   0.13879   0.01549   0.19298   0.23847   0.00465   0.04286   0.02451   0.12970   0.10100   0.06220   0.12293   0.01286   0.19698   0.24782   8.40269   1.77152   1.39104   1.43374   1.00180  
  6 83.2745   2133.352922  x:  0.20822   0.00248   0.07772   0.03624   0.08759   0.02664   0.08814   0.13909   0.01641   0.19617   0.24383   0.00459   0.03971   0.02698   0.13101   0.10084   0.06174   0.12190   0.01585   0.20065   0.25413   8.40200   1.76902   1.38730   1.44040   1.00256  
  7 32.1995   2133.157425  x:  0.20733   0.00344   0.07738   0.03537   0.08289   0.02295   0.08353   0.13745   0.01520   0.19996   0.25078   0.00479   0.03829   0.02394   0.13094   0.10248   0.06166   0.11892   0.01427   0.20497   0.26259   8.40077   1.76474   1.38103   1.45168   1.00384  
  8 45.1478   2133.041259  x:  0.20660   0.00320   0.07682   0.03133   0.08225   0.02611   0.08257   0.13498   0.01671   0.20149   0.25447   0.00474   0.04127   0.02400   0.12938   0.10390   0.06220   0.11660   0.01452   0.20670   0.26743   8.39955   1.76069   1.37524   1.46216   1.00499  
  9 36.8947   2132.907415  x:  0.20557   0.00387   0.07597   0.03215   0.08593   0.02462   0.08601   0.13158   0.01378   0.20103   0.25607   0.00452   0.04379   0.02650   0.12578   0.10441   0.06220   0.11523   0.01522   0.20615   0.27042   8.39738   1.75386   1.36577   1.47946   1.00688  
 10 30.8631   2132.794051  x:  0.20486   0.00328   0.07593   0.03413   0.08903   0.02341   0.08910   0.12952   0.01723   0.19960   0.25585   0.00472   0.04301   0.02498   0.12315   0.10473   0.06158   0.11531   0.01420   0.20452   0.27123   8.39510   1.74698   1.35641   1.49665   1.00873  
 11 62.8398   2132.681607  x:  0.20450   0.00360   0.07648   0.03356   0.08921   0.02605   0.08948   0.13020   0.01533   0.19722   0.25338   0.00475   0.03927   0.02231   0.12289   0.10445   0.06082   0.11709   0.01474   0.20180   0.26921   8.39240   1.73948   1.34653   1.51502   1.01067  
 12 46.9344   2132.568452  x:  0.20460   0.00336   0.07731   0.03127   0.08638   0.02454   0.08701   0.13295   0.01601   0.19449   0.24923   0.00480   0.03820   0.02544   0.12516   0.10390   0.06108   0.11945   0.01457   0.19870   0.26481   8.38914   1.73114   1.33598   1.53497   1.01271  
 13 54.4017   2132.534004  x:  0.20492   0.00331   0.07713   0.03302   0.08492   0.02470   0.08558   0.13422   0.01584   0.19404   0.24755   0.00467   0.04109   0.02447   0.12668   0.10325   0.06170   0.11946   0.01457   0.19824   0.26247   8.38777   1.72831   1.33280   1.54135   1.01329  
 14 26.1966   2132.524306  x:  0.20561   0.00334   0.07617   0.03292   0.08559   0.02470   0.08573   0.13441   0.01588   0.19548   0.24688   0.00472   0.04081   0.02448   0.12807   0.10321   0.06110   0.11732   0.01455   0.20000   0.26001   8.38623   1.72695   1.33253   1.54329   1.01329  
 15  4.6361   2132.520829  x:  0.20580   0.00332   0.07694   0.03290   0.08537   0.02470   0.08600   0.13396   0.01585   0.19648   0.24689   0.00472   0.04063   0.02448   0.12757   0.10306   0.06208   0.11766   0.01454   0.20123   0.25871   8.38422   1.72590   1.33322   1.54397   1.01306  
 16  2.4724   2132.516194  x:  0.20566   0.00332   0.07707   0.03288   0.08521   0.02469   0.08578   0.13372   0.01583   0.19713   0.24720   0.00469   0.04101   0.02452   0.12683   0.10321   0.06067   0.11884   0.01456   0.20204   0.25781   8.37960   1.72394   1.33510   1.54472   1.01245  
 17  3.0545   2132.494824  x:  0.20446   0.00337   0.07450   0.03297   0.08594   0.02471   0.08504   0.13467   0.01592   0.19655   0.24848   0.00470   0.04067   0.02451   0.12648   0.10380   0.06203   0.11956   0.01450   0.20148   0.25765   8.35374   1.71442   1.34511   1.54758   1.00913  
 18  6.6689   2132.474393  x:  0.20423   0.00324   0.07699   0.03287   0.08520   0.02473   0.08607   0.13474   0.01584   0.19543   0.24865   0.00471   0.04077   0.02452   0.12742   0.10242   0.06141   0.11734   0.01446   0.20012   0.25883   8.32738   1.70636   1.35369   1.54991   1.00600  
 19 20.7050   2132.442646  x:  0.20943   0.00328   0.07678   0.03287   0.08619   0.02470   0.08498   0.13151   0.01573   0.19622   0.24411   0.00468   0.04070   0.02448   0.12930   0.10169   0.06156   0.11894   0.01446   0.20041   0.26270   8.28052   1.70364   1.35665   1.55085   1.00248  
 20  7.7124   2132.313900  x:  0.21337   0.00311   0.07361   0.03263   0.08124   0.02478   0.09004   0.13734   0.01576   0.19851   0.23730   0.00467   0.04081   0.02457   0.12391   0.10179   0.06125   0.11816   0.01437   0.20257   0.26744   8.08495   1.70464   1.35600   1.55132   0.99068  
 21 30.0712   2131.912621  x:  0.20757   0.00234   0.07779   0.03246   0.08928   0.02461   0.08106   0.14345   0.01545   0.20017   0.23459   0.00452   0.04071   0.02471   0.11734   0.09554   0.06139   0.11508   0.01395   0.20491   0.26864   7.48256   1.71340   1.34814   1.55082   0.95743  
 22 184.1976   2131.602035  x:  0.20070   0.00235   0.07354   0.03205   0.08485   0.02465   0.08559   0.13432   0.01526   0.19833   0.24195   0.00429   0.04043   0.02456   0.12518   0.09028   0.06144   0.11816   0.01358   0.20353   0.26401   7.01377   1.72119   1.34115   1.54974   0.93496  
 23 336.5068   2131.564439  x:  0.20847   0.00225   0.07362   0.03202   0.08498   0.02466   0.08542   0.13529   0.01516   0.19650   0.24830   0.00425   0.04045   0.02458   0.12407   0.08991   0.06143   0.11790   0.01354   0.20135   0.26154   6.95565   1.72150   1.34109   1.54898   0.94035  
 24 23.2490   2131.507679  x:  0.20602   0.00216   0.07345   0.03198   0.08499   0.02465   0.08537   0.13527   0.01519   0.19665   0.24576   0.00420   0.04050   0.02457   0.12401   0.08904   0.06143   0.11795   0.01352   0.20281   0.26277   6.86810   1.71929   1.34469   1.54554   0.97443  
 25  9.6948   2131.507234  x:  0.20596   0.00216   0.07345   0.03198   0.08499   0.02465   0.08537   0.13527   0.01519   0.19751   0.24577   0.00420   0.04050   0.02457   0.12401   0.08904   0.06143   0.11795   0.01352   0.20210   0.26274   6.86792   1.71921   1.34464   1.54545   0.97464  
 26  0.5268   2131.454008  x:  0.20509   0.00344   0.07246   0.03202   0.08440   0.02452   0.08481   0.13268   0.01565   0.19591   0.24724   0.00395   0.04035   0.02461   0.12312   0.08780   0.06145   0.11733   0.01444   0.20095   0.25994   6.95811   1.69722   1.32354   1.52194   0.98065  
 27  0.2037   2131.438344  x:  0.20491   0.00377   0.07220   0.03204   0.08419   0.02449   0.08462   0.13204   0.01581   0.19540   0.24750   0.00388   0.04032   0.02463   0.12301   0.08719   0.06142   0.11719   0.01472   0.20043   0.25882   6.99091   1.72378   1.34184   1.54130   0.98408  
 28  0.6282   2131.422033  x:  0.20473   0.00323   0.07138   0.03202   0.08397   0.02453   0.08416   0.13157   0.01584   0.19534   0.24784   0.00407   0.04010   0.02469   0.12188   0.08428   0.06137   0.11693   0.01435   0.20035   0.25860   7.06290   1.72190   1.33908   1.53877   0.98642  
 29  0.0655   2131.420242  x:  0.20498   0.00330   0.07115   0.03194   0.08392   0.02451   0.08406   0.13174   0.01585   0.19551   0.24704   0.00414   0.04009   0.02470   0.12120   0.08378   0.06135   0.11675   0.01442   0.20051   0.25909   7.03017   1.72188   1.34039   1.54048   0.98376  
 30  0.0341   2131.419992  x:  0.20507   0.00331   0.07115   0.03192   0.08389   0.02451   0.08411   0.13175   0.01583   0.19557   0.24701   0.00427   0.04011   0.02468   0.12131   0.08389   0.06136   0.11682   0.01441   0.20056   0.25922   7.03490   1.72176   1.34064   1.54096   0.98374  
 31  0.0025   2131.419968  x:  0.20501   0.00332   0.07118   0.03194   0.08392   0.02451   0.08410   0.13176   0.01584   0.19554   0.24708   0.00429   0.04010   0.02469   0.12132   0.08383   0.06136   0.11681   0.01442   0.20053   0.25913   7.03317   1.72181   1.34043   1.54063   0.98383  
 32  0.0016   2131.419968  x:  0.20501   0.00332   0.07117   0.03194   0.08392   0.02451   0.08410   0.13176   0.01584   0.19554   0.24709   0.00429   0.04010   0.02469   0.12132   0.08383   0.06136   0.11681   0.01442   0.20053   0.25913   7.03316   1.72180   1.34042   1.54061   0.98385  
 33  0.0000   2131.419968  x:  0.20501   0.00332   0.07117   0.03194   0.08392   0.02451   0.08410   0.13176   0.01584   0.19554   0.24709   0.00429   0.04010   0.02469   0.12132   0.08383   0.06136   0.11681   0.01442   0.20053   0.25913   7.03317   1.72180   1.34042   1.54060   0.98385  
 34  0.0000   2131.419968  x:  0.20501   0.00332   0.07117   0.03194   0.08392   0.02451   0.08410   0.13176   0.01584   0.19554   0.24709   0.00429   0.04010   0.02469   0.12132   0.08383   0.06136   0.11681   0.01442   0.20053   0.25913   7.03317   1.72180   1.34042   1.54060   0.98385  
 35  0.0000   2131.419968  x:  0.20501   0.00332   0.07117   0.03194   0.08392   0.02451   0.08410   0.13176   0.01584   0.19554   0.24709   0.00429   0.04010   0.02469   0.12132   0.08383   0.06136   0.11681   0.01442   0.20053   0.25913   7.03317   1.72180   1.34042   1.54060   0.98385  
 36  0.0000   2131.419968  x:  0.20501   0.00332   0.07117   0.03194   0.08392   0.02451   0.08410   0.13176   0.01584   0.19554   0.24709   0.00429   0.04010   0.02469   0.12132   0.08383   0.06136   0.11681   0.01442   0.20053   0.25913   7.03317   1.72180   1.34042   1.54060   0.98385  
check convergence!
