

TREE # 1

  0  0.0000   2352.833187  x:  0.06473   0.00000   0.09659   0.02819   0.07957   0.07353   0.04792   0.05636   0.09967   0.06056   0.07706   0.11139   0.00775   0.06260   0.01766   0.07730   0.06744   0.04491   0.05520   0.06492   0.11732   0.06764   0.14146   0.08335   2.00000   1.77014   1.26931   1.25679   0.40000  
  1 99.0000   2324.900077  x:  0.10424   0.14073   0.14278   0.05738   0.06851   0.04429   0.05300   0.04615   0.09770   0.08743   0.07767   0.13810   0.00496   0.16702   0.03232   0.07242   0.05879   0.06265   0.02032   0.07181   0.11874   0.07028   0.18713   0.12286   2.01129   1.76956   1.26861   1.26139   0.44842  
  2 651.8158   2321.346660  x:  0.10707   0.13484   0.14738   0.05599   0.06685   0.03998   0.05322   0.04557   0.09746   0.08901   0.07647   0.14054   0.00000   0.17264   0.02949   0.07160   0.05792   0.06285   0.01804   0.07232   0.11896   0.06934   0.19293   0.12569   2.01420   1.76930   1.26878   1.26232   0.45792  
  3 240.1241   2310.626691  x:  0.13574   0.07756   0.18851   0.05941   0.06069   0.04891   0.05364   0.05031   0.09760   0.10118   0.06930   0.15804   0.00000   0.24233   0.05514   0.07076   0.06009   0.06726   0.10426   0.07400   0.12203   0.06836   0.25062   0.15436   2.06192   1.76664   1.27156   1.27636   0.57196  
  4 308.5279   2306.416016  x:  0.11745   0.06370   0.16975   0.08356   0.08454   0.08007   0.04941   0.04004   0.10262   0.08355   0.08747   0.13482   0.00000   0.27637   0.06069   0.08074   0.06363   0.05835   0.08280   0.06744   0.11876   0.07033   0.23785   0.13607   2.14982   1.76399   1.28233   1.29493   0.64847  
  5 69.8929   2303.736876  x:  0.10880   0.06307   0.15102   0.07710   0.07615   0.08809   0.06285   0.07197   0.09877   0.08611   0.08119   0.12756   0.00000   0.28327   0.06859   0.07615   0.06252   0.07337   0.07255   0.07659   0.11804   0.06873   0.21305   0.12742   2.25010   1.76352   1.29401   1.31364   0.69184  
  6 100.8669   2298.197560  x:  0.11117   0.07112   0.13790   0.05055   0.05130   0.08641   0.04044   0.04977   0.09486   0.09874   0.06560   0.13611   0.00000   0.26300   0.08165   0.06784   0.05977   0.06984   0.07375   0.07505   0.12068   0.06636   0.17122   0.12979   2.47643   1.76632   1.31902   1.35238   0.73765  
  7 148.3711   2288.632842  x:  0.12557   0.07979   0.16188   0.05232   0.07229   0.06053   0.09190   0.03092   0.10206   0.10587   0.07810   0.15589   0.00000   0.18557   0.08402   0.07389   0.06376   0.05237   0.08407   0.06681   0.12632   0.06748   0.16158   0.14419   2.97186   1.77993   1.36884   1.43243   0.77173  
  8 280.5684   2279.253099  x:  0.13024   0.07879   0.18203   0.07219   0.08440   0.04608   0.04507   0.06427   0.10422   0.08927   0.08982   0.15910   0.00000   0.13554   0.06577   0.08087   0.06478   0.06165   0.08939   0.06671   0.12560   0.07612   0.21244   0.14886   3.44943   1.80082   1.41210   1.50366   0.76030  
  9 450.5901   2269.141320  x:  0.11907   0.04368   0.17551   0.06486   0.06766   0.07024   0.05917   0.03953   0.09976   0.07326   0.07014   0.14525   0.00000   0.18929   0.02815   0.07239   0.05841   0.07649   0.09938   0.08841   0.11785   0.08152   0.28375   0.13769   3.98090   1.84026   1.45017   1.56940   0.66736  
 10 317.8126   2265.785526  x:  0.11952   0.01522   0.17294   0.06262   0.07148   0.06581   0.05619   0.05102   0.09973   0.09702   0.07539   0.14461   0.00000   0.22776   0.04710   0.07547   0.06068   0.05813   0.09044   0.07094   0.12040   0.07331   0.29407   0.13814   4.15533   1.86183   1.45632   1.58370   0.62134  
 11 232.2127   2265.315216  x:  0.12304   0.00815   0.17595   0.06532   0.07359   0.05965   0.05422   0.04987   0.10125   0.08965   0.08066   0.14757   0.00000   0.23588   0.04891   0.07714   0.06455   0.06718   0.09109   0.07155   0.12214   0.06795   0.28419   0.14167   4.17825   1.87315   1.45051   1.57813   0.61520  
 12 41.1990   2264.857863  x:  0.12317   0.00788   0.18120   0.06210   0.07604   0.05533   0.05291   0.05556   0.10199   0.08075   0.08113   0.14787   0.00000   0.24241   0.03950   0.07737   0.06086   0.05722   0.09700   0.07229   0.12220   0.06665   0.27430   0.14179   4.19964   1.89719   1.43446   1.56069   0.61567  
 13 30.8584   2264.083234  x:  0.11728   0.00555   0.18734   0.06023   0.08072   0.05526   0.05196   0.05397   0.10163   0.09356   0.07837   0.14213   0.00000   0.23902   0.03047   0.07814   0.06267   0.06279   0.09981   0.06858   0.12032   0.07571   0.27159   0.13591   4.23483   1.95220   1.39533   1.51690   0.62441  
 14 45.1649   2263.515852  x:  0.11481   0.00379   0.18369   0.05850   0.07339   0.05784   0.05463   0.05120   0.10036   0.08957   0.07805   0.14084   0.00000   0.22896   0.04276   0.07769   0.06297   0.05973   0.09398   0.07299   0.12050   0.07034   0.28332   0.13343   4.26016   1.99559   1.36378   1.47988   0.63350  
 15 61.2187   2263.420506  x:  0.11613   0.00467   0.17733   0.05689   0.07306   0.05991   0.05545   0.05135   0.10085   0.08941   0.07970   0.14366   0.00000   0.22736   0.04038   0.07713   0.06389   0.06053   0.09423   0.06866   0.12126   0.06568   0.28673   0.13475   4.26402   2.00144   1.35931   1.47342   0.63564  
 16 21.2321   2263.370388  x:  0.11852   0.00380   0.17103   0.05826   0.07404   0.06015   0.05546   0.05128   0.10101   0.09030   0.08061   0.14703   0.00000   0.22679   0.03929   0.07682   0.06278   0.05978   0.09417   0.07034   0.12174   0.06794   0.28769   0.13715   4.26530   2.00225   1.35827   1.46990   0.63654  
 17  9.7813   2263.243970  x:  0.11595   0.00422   0.16567   0.05314   0.07617   0.05326   0.05561   0.05066   0.10036   0.08885   0.08129   0.14770   0.00000   0.22732   0.03961   0.07984   0.06673   0.05938   0.09608   0.07069   0.12181   0.07048   0.29077   0.13458   4.26637   1.99298   1.36214   1.46169   0.63930  
 18  3.7973   2262.738449  x:  0.11125   0.00087   0.16551   0.05466   0.07440   0.04895   0.05642   0.04999   0.09971   0.09006   0.07990   0.14595   0.00000   0.22434   0.03723   0.07793   0.06157   0.05940   0.09802   0.06709   0.12087   0.06442   0.29290   0.12988   4.26902   1.95297   1.37798   1.43293   0.64700  
 19 18.5599   2262.543959  x:  0.11228   0.00000   0.16943   0.04940   0.07455   0.05526   0.05572   0.05118   0.10232   0.09222   0.08298   0.14588   0.00000   0.22302   0.03492   0.07813   0.06675   0.05786   0.09566   0.07144   0.12308   0.06267   0.29293   0.13091   4.27176   1.93732   1.38127   1.42299   0.64958  
 20 26.8621   2262.543959  x:  0.11228   0.00000   0.16943   0.04940   0.07455   0.05526   0.05572   0.05118   0.10232   0.09222   0.08298   0.14588   0.00000   0.22302   0.03492   0.07813   0.06675   0.05786   0.09566   0.07144   0.12308   0.06267   0.29293   0.13091   4.27176   1.93732   1.38127   1.42299   0.64958  
 21  8.2480   2259.651563  x:  0.11663   0.04451   0.17504   0.04593   0.06697   0.03928   0.05458   0.04702   0.10066   0.09443   0.07923   0.15182   0.00000   0.22203   0.02213   0.07438   0.06115   0.05983   0.06524   0.07326   0.12288   0.06289   0.29118   0.13526   4.27295   1.93637   1.38114   1.42455   0.66117  
 22 250.7828   2254.167962  x:  0.12229   0.03698   0.18212   0.04272   0.05929   0.02165   0.05368   0.04355   0.09869   0.09641   0.07284   0.15825   0.00000   0.22051   0.01297   0.07013   0.05466   0.06206   0.01789   0.07532   0.12290   0.06411   0.28826   0.14092   4.27501   1.93469   1.38086   1.42722   0.67963  
 23 211.9753   2253.658764  x:  0.12426   0.03762   0.18504   0.04267   0.05791   0.02662   0.05371   0.04377   0.09833   0.09734   0.07118   0.16072   0.00000   0.22000   0.01878   0.06944   0.05390   0.06267   0.01188   0.07582   0.12312   0.06509   0.28699   0.14289   4.27607   1.93389   1.38058   1.42864   0.68843  
 24 89.6009   2251.423403  x:  0.14079   0.03403   0.21006   0.04188   0.04642   0.03070   0.05333   0.04388   0.09487   0.10450   0.05788   0.18136   0.00000   0.21474   0.01975   0.06233   0.04852   0.06785   0.02045   0.07985   0.12418   0.06877   0.27560   0.15942   4.28590   1.92647   1.37824   1.44157   0.76832  
 25 99.3633   2249.874675  x:  0.14431   0.03400   0.22242   0.04850   0.06544   0.03069   0.05391   0.04790   0.09726   0.10495   0.07034   0.18816   0.00000   0.21140   0.01624   0.06936   0.06120   0.06238   0.01914   0.07728   0.12486   0.06596   0.26774   0.16294   4.29706   1.91915   1.37596   1.45447   0.84338  
 26 108.4815   2249.054023  x:  0.13549   0.03448   0.21711   0.04112   0.06455   0.02333   0.05429   0.04311   0.10003   0.09827   0.07613   0.17962   0.00000   0.21223   0.02442   0.07366   0.05770   0.06000   0.02082   0.07372   0.12438   0.06401   0.26701   0.15412   4.30671   1.91434   1.37478   1.46287   0.88998  
 27 74.5622   2248.426426  x:  0.12555   0.03453   0.20787   0.03774   0.06070   0.03068   0.05458   0.04240   0.10162   0.09300   0.07770   0.16844   0.00000   0.21396   0.01772   0.07418   0.05342   0.06047   0.01973   0.07245   0.12340   0.06230   0.26833   0.14417   4.31622   1.91035   1.37378   1.46997   0.92775  
 28 122.7815   2248.174044  x:  0.12139   0.03516   0.19936   0.04512   0.05883   0.02886   0.05412   0.04671   0.10024   0.09431   0.07436   0.16124   0.00000   0.21621   0.01859   0.07127   0.05509   0.06299   0.01953   0.07519   0.12304   0.06456   0.27114   0.14002   4.32305   1.90860   1.37312   1.47355   0.94404  
 29 49.3303   2248.093525  x:  0.12270   0.03525   0.19328   0.04317   0.06130   0.02906   0.05388   0.04401   0.09881   0.09782   0.07131   0.15909   0.00000   0.21815   0.01847   0.06988   0.05742   0.06215   0.01953   0.07624   0.12333   0.06532   0.27432   0.14133   4.32943   1.90806   1.37258   1.47535   0.94872  
 30 18.0111   2248.022747  x:  0.12639   0.03520   0.18704   0.04281   0.06125   0.02894   0.05501   0.04659   0.09830   0.09924   0.07302   0.15986   0.00000   0.22041   0.01848   0.07106   0.05457   0.06148   0.01960   0.07469   0.12393   0.06418   0.27930   0.14501   4.34275   1.90773   1.37154   1.47798   0.95130  
 31 13.3529   2247.921166  x:  0.12865   0.03486   0.18324   0.04551   0.05837   0.02943   0.05334   0.04276   0.09941   0.09647   0.07605   0.16324   0.00000   0.22183   0.01824   0.07200   0.05622   0.06326   0.01958   0.07469   0.12399   0.06411   0.28541   0.14728   4.36999   1.90756   1.36969   1.48242   0.95280  
 32 20.6559   2247.499347  x:  0.12614   0.03440   0.18322   0.03935   0.05902   0.02876   0.05368   0.04866   0.10214   0.08790   0.07416   0.17468   0.00000   0.22100   0.01809   0.06892   0.06137   0.06353   0.01937   0.07883   0.12231   0.06735   0.30161   0.14477   4.50013   1.90766   1.36201   1.50128   0.95453  
 33 48.2823   2246.613351  x:  0.11791   0.03337   0.19193   0.04658   0.06676   0.02861   0.05564   0.04298   0.10115   0.09275   0.06803   0.18383   0.00000   0.21460   0.01815   0.06721   0.05029   0.05867   0.01946   0.07634   0.12109   0.06581   0.31943   0.13654   4.77974   1.90856   1.34778   1.53853   0.95588  
 34 183.7095   2245.394628  x:  0.11747   0.03182   0.20315   0.04122   0.05676   0.02824   0.05221   0.04603   0.09360   0.10954   0.07195   0.17002   0.00000   0.20527   0.01789   0.07539   0.05892   0.06633   0.01865   0.06921   0.12441   0.05979   0.31449   0.13609   5.17789   1.91119   1.33282   1.58429   0.95635  
 35 246.0147   2244.268070  x:  0.12878   0.03114   0.20384   0.04200   0.05625   0.02846   0.05658   0.04428   0.09811   0.10209   0.07801   0.14900   0.00000   0.20583   0.01694   0.07027   0.05560   0.05929   0.01869   0.07991   0.12562   0.06920   0.28489   0.14741   5.54512   1.91534   1.32654   1.61659   0.95729  
 36 266.1778   2243.833390  x:  0.13102   0.03115   0.19727   0.04273   0.06189   0.02812   0.05092   0.04522   0.09914   0.09455   0.07146   0.15081   0.00000   0.21305   0.01753   0.06821   0.05442   0.06488   0.01858   0.07431   0.12443   0.06387   0.26583   0.14964   5.68404   1.91841   1.33065   1.62025   0.95910  
 37 147.1861   2243.597717  x:  0.12848   0.03078   0.19163   0.04391   0.05828   0.02818   0.05749   0.04458   0.09781   0.09610   0.06981   0.15916   0.00000   0.22024   0.01713   0.07120   0.05753   0.06120   0.01841   0.07329   0.12347   0.06324   0.25500   0.14711   5.76362   1.92192   1.33990   1.61286   0.96203  
 38 76.5163   2243.366446  x:  0.12573   0.03002   0.18947   0.04218   0.05843   0.02847   0.05148   0.04535   0.09696   0.10206   0.07559   0.16529   0.00000   0.22541   0.01681   0.07167   0.05487   0.06138   0.01867   0.07789   0.12359   0.06744   0.25159   0.14436   5.84099   1.92744   1.35603   1.59496   0.96719  
 39 62.7962   2242.867100  x:  0.12741   0.02919   0.19554   0.04178   0.06099   0.02841   0.05859   0.04428   0.10043   0.10255   0.07809   0.16130   0.00000   0.22617   0.01738   0.06688   0.05542   0.06848   0.01885   0.07714   0.12635   0.06542   0.26253   0.14604   6.01312   1.94320   1.40152   1.53807   0.98248  
 40 75.0543   2242.701077  x:  0.12911   0.02910   0.19778   0.04309   0.05934   0.02858   0.05435   0.04550   0.09993   0.09963   0.07399   0.15838   0.00000   0.22413   0.01718   0.07063   0.05658   0.06219   0.01885   0.07569   0.12635   0.06512   0.26743   0.14774   6.06881   1.94875   1.41598   1.51798   0.98781  
 41 97.0615   2242.689582  x:  0.12932   0.02911   0.19699   0.04307   0.05994   0.02860   0.05484   0.04533   0.09879   0.09905   0.07348   0.15851   0.00000   0.22210   0.01709   0.07265   0.05615   0.06328   0.01886   0.07633   0.12502   0.06607   0.26741   0.14795   6.07262   1.94952   1.41523   1.51560   0.98837  
 42  6.0634   2242.670411  x:  0.12938   0.02897   0.19456   0.04309   0.05964   0.02861   0.05470   0.04533   0.09834   0.09924   0.07433   0.15957   0.00000   0.21712   0.01733   0.07088   0.05634   0.06268   0.01886   0.07616   0.12318   0.06521   0.26669   0.14801   6.07861   1.95147   1.40978   1.50970   0.98966  
 43  4.9605   2242.636601  x:  0.12905   0.02872   0.19316   0.04311   0.05964   0.02851   0.05467   0.04541   0.10145   0.09993   0.07348   0.16042   0.00000   0.21540   0.01706   0.07164   0.05626   0.06304   0.01881   0.07553   0.12724   0.06656   0.26618   0.14767   6.08890   1.95474   1.39542   1.49768   0.99214  
 44  7.1485   2242.589588  x:  0.12888   0.02825   0.19520   0.04305   0.05980   0.02850   0.05482   0.04521   0.09816   0.09892   0.07403   0.15976   0.00000   0.22038   0.01713   0.07151   0.05607   0.06288   0.01879   0.07729   0.12742   0.06460   0.26689   0.14750   6.10272   1.95733   1.37466   1.48112   0.99543  
 45 13.7600   2242.573941  x:  0.12900   0.02807   0.19615   0.04299   0.05968   0.02848   0.05480   0.04522   0.09872   0.09940   0.07423   0.15928   0.00000   0.22246   0.01696   0.07115   0.05625   0.06290   0.01877   0.07528   0.12457   0.06641   0.26728   0.14762   6.10716   1.95616   1.36880   1.47624   0.99629  
 46  9.1664   2242.542565  x:  0.12923   0.02766   0.19659   0.04298   0.05941   0.02834   0.05463   0.04542   0.10259   0.10094   0.07340   0.15912   0.00000   0.22337   0.01713   0.07247   0.05616   0.06312   0.01872   0.07738   0.12136   0.06426   0.26764   0.14786   6.11548   1.94582   1.36215   1.46923   0.99705  
 47  4.5026   2242.102160  x:  0.12962   0.02226   0.19686   0.04306   0.05947   0.02796   0.05467   0.04531   0.09988   0.10013   0.07333   0.16364   0.00000   0.22118   0.01686   0.07097   0.05585   0.06331   0.01824   0.07680   0.12486   0.06594   0.27018   0.14825   6.22510   1.78634   1.28919   1.38367   1.00456  
 48 20.3323   2240.612617  x:  0.13179   0.00372   0.20014   0.04334   0.05886   0.02688   0.05409   0.04511   0.09919   0.09969   0.07017   0.17190   0.00000   0.21935   0.01611   0.06945   0.05476   0.06336   0.01664   0.07719   0.12450   0.06656   0.27938   0.15041   6.46789   1.83565   1.30750   1.44800   1.03719  
 49  1.3126   2240.416492  x:  0.12980   0.00388   0.19882   0.04399   0.06050   0.03078   0.05462   0.04601   0.09952   0.09879   0.07167   0.16990   0.00000   0.21859   0.02038   0.07064   0.05632   0.06256   0.01942   0.07615   0.12472   0.06627   0.28044   0.14842   6.50114   1.88782   1.33774   1.49317   1.03489  
 50  0.1129   2240.398995  x:  0.12918   0.00406   0.19886   0.04395   0.06013   0.03051   0.05469   0.04624   0.09927   0.09877   0.07165   0.16781   0.00000   0.21835   0.01975   0.07062   0.05623   0.06275   0.01846   0.07599   0.12486   0.06621   0.27897   0.14780   6.48201   1.91218   1.35408   1.51150   1.03535  
 51  0.0440   2240.398346  x:  0.12912   0.00381   0.19882   0.04396   0.06015   0.03054   0.05469   0.04625   0.09927   0.09877   0.07170   0.16764   0.00000   0.21836   0.01975   0.07063   0.05624   0.06274   0.01839   0.07599   0.12486   0.06620   0.27883   0.14774   6.48007   1.91194   1.35386   1.51148   1.03506  
 52  0.0050   2240.397924  x:  0.12904   0.00387   0.19862   0.04398   0.06026   0.03063   0.05467   0.04626   0.09931   0.09876   0.07178   0.16739   0.00000   0.21842   0.01979   0.07068   0.05628   0.06269   0.01825   0.07599   0.12483   0.06618   0.27861   0.14766   6.46901   1.90986   1.35235   1.51011   1.03346  
 53  0.0102   2240.397899  x:  0.12907   0.00386   0.19862   0.04399   0.06027   0.03063   0.05467   0.04626   0.09930   0.09875   0.07176   0.16749   0.00000   0.21842   0.01981   0.07067   0.05628   0.06270   0.01825   0.07599   0.12483   0.06619   0.27873   0.14769   6.46650   1.91017   1.35275   1.51000   1.03309  
 54  0.0021   2240.397898  x:  0.12906   0.00386   0.19862   0.04399   0.06025   0.03063   0.05467   0.04626   0.09930   0.09875   0.07176   0.16747   0.00000   0.21842   0.01981   0.07067   0.05628   0.06270   0.01826   0.07599   0.12483   0.06619   0.27871   0.14769   6.46589   1.91022   1.35275   1.51005   1.03306  
 55  0.0005   2240.397898  x:  0.12906   0.00386   0.19862   0.04399   0.06026   0.03062   0.05467   0.04626   0.09930   0.09875   0.07176   0.16747   0.00000   0.21842   0.01981   0.07067   0.05628   0.06270   0.01826   0.07599   0.12483   0.06619   0.27871   0.14769   6.46578   1.91022   1.35276   1.51004   1.03307  
 56  0.0001   2240.397898  x:  0.12906   0.00386   0.19862   0.04399   0.06026   0.03062   0.05467   0.04626   0.09930   0.09875   0.07176   0.16747   0.00000   0.21842   0.01981   0.07067   0.05628   0.06270   0.01826   0.07599   0.12483   0.06619   0.27871   0.14769   6.46577   1.91022   1.35275   1.51004   1.03308  
 57  0.0000   2240.397898  x:  0.12906   0.00386   0.19862   0.04399   0.06026   0.03062   0.05467   0.04626   0.09930   0.09875   0.07176   0.16747   0.00000   0.21842   0.01981   0.07067   0.05628   0.06270   0.01826   0.07599   0.12483   0.06619   0.27871   0.14769   6.46577   1.91022   1.35275   1.51004   1.03308  
 58  0.0000   2240.397898  x:  0.12906   0.00386   0.19862   0.04399   0.06026   0.03062   0.05467   0.04626   0.09930   0.09875   0.07176   0.16747   0.00000   0.21842   0.01981   0.07067   0.05628   0.06270   0.01826   0.07599   0.12483   0.06619   0.27871   0.14769   6.46577   1.91022   1.35275   1.51004   1.03308  