

TREE # 1

  0  0.0000   1791.748421  x:  0.01972   0.20925   0.02571   0.03211   0.02495   0.05815   0.02188   0.05666   0.08536   0.02661   0.17168   0.01972   0.20925   0.02571   0.03211   0.02495   0.05815   0.02188   0.05666   0.08536   0.02661   0.17168   0.21568   8.40433   1.79067   1.26074   1.60115   1.00000  
  1 99.0000   1779.107439  x:  0.00069   0.20269   0.02810   0.00999   0.01131   0.05490   0.02637   0.05731   0.08309   0.02237   0.16928   0.00000   0.20089   0.06120   0.03282   0.00423   0.05486   0.01815   0.04400   0.09000   0.04629   0.16961   0.21487   8.40438   1.79057   1.25844   1.60293   1.00073  
  2 339.2534   1778.781879  x:  0.00000   0.20172   0.02839   0.00799   0.01184   0.05458   0.02625   0.05738   0.08280   0.02221   0.16906   0.00000   0.19960   0.06149   0.03277   0.00564   0.05456   0.01849   0.04261   0.09047   0.04621   0.16943   0.21475   8.40439   1.79057   1.25801   1.60324   1.00088  
  3 123.9785   1778.229526  x:  0.00000   0.19684   0.02975   0.00430   0.01435   0.05322   0.02521   0.05767   0.08146   0.02188   0.16819   0.00000   0.19286   0.05924   0.03228   0.00273   0.05327   0.01971   0.03648   0.09261   0.04367   0.16861   0.21416   8.40443   1.79052   1.25563   1.60499   1.00168  
  4 138.2028   1777.429234  x:  0.00000   0.18533   0.03254   0.00877   0.01319   0.05043   0.02427   0.05829   0.07869   0.02096   0.16622   0.00000   0.17685   0.05841   0.03157   0.00324   0.05069   0.02017   0.02461   0.09738   0.04103   0.16668   0.21271   8.40454   1.79041   1.24984   1.60925   1.00364  
  5 177.2127   1776.476317  x:  0.00000   0.16516   0.03192   0.00771   0.00850   0.04903   0.02565   0.05861   0.07554   0.02098   0.16369   0.00000   0.14816   0.05557   0.03115   0.00329   0.04944   0.01696   0.03138   0.10303   0.03896   0.16401   0.20993   8.40476   1.79014   1.23791   1.61802   1.00771  
  6 101.8161   1776.228525  x:  0.00000   0.15877   0.03118   0.00921   0.01294   0.04953   0.02620   0.05852   0.07528   0.02098   0.16317   0.00000   0.13902   0.05694   0.03148   0.00313   0.04986   0.01741   0.03400   0.10395   0.04076   0.16341   0.20892   8.40485   1.79002   1.23304   1.62161   1.00939  
  7 135.3346   1776.074793  x:  0.00000   0.15577   0.02994   0.00918   0.01174   0.05227   0.02452   0.05788   0.07742   0.02149   0.16411   0.00000   0.13461   0.05706   0.03235   0.00294   0.05233   0.02187   0.03364   0.10131   0.04328   0.16415   0.20790   8.40498   1.78978   1.22607   1.62675   1.01187  
  8 38.1424   1775.987699  x:  0.00314   0.15528   0.02989   0.00904   0.01171   0.05286   0.02448   0.05771   0.07814   0.02147   0.16457   0.00000   0.13390   0.05714   0.03248   0.00295   0.05289   0.02120   0.03316   0.10020   0.04377   0.16453   0.20757   8.40504   1.78968   1.22332   1.62877   1.01285  
  9 65.6393   1775.749470  x:  0.00201   0.15228   0.03004   0.00824   0.01167   0.05567   0.02483   0.05683   0.08221   0.02122   0.16668   0.00000   0.13068   0.05802   0.03295   0.00302   0.05560   0.01677   0.03042   0.09344   0.04615   0.16692   0.20553   8.40538   1.78902   1.20585   1.64168   1.01912  
 10 64.1674   1775.330922  x:  0.00191   0.15087   0.03431   0.00814   0.01121   0.05064   0.02936   0.05759   0.08312   0.01892   0.16929   0.00000   0.13185   0.06417   0.03106   0.00287   0.05083   0.01950   0.03147   0.08746   0.04451   0.17065   0.20219   8.40616   1.78737   1.16799   1.66979   1.03295  
 11 65.0642   1775.019606  x:  0.00177   0.15209   0.03166   0.00822   0.01129   0.04805   0.02325   0.05825   0.07965   0.02204   0.16943   0.00000   0.13492   0.06870   0.03200   0.00289   0.04834   0.01826   0.03201   0.09123   0.04457   0.17147   0.20057   8.40686   1.78577   1.13801   1.69230   1.04428  
 12 89.2682   1774.851066  x:  0.00165   0.15431   0.02878   0.00816   0.01110   0.05057   0.02600   0.05792   0.07629   0.01968   0.16763   0.00000   0.13741   0.06851   0.03224   0.00283   0.05063   0.01835   0.03108   0.09772   0.04553   0.16969   0.20078   8.40736   1.78444   1.12025   1.70604   1.05153  
 13 63.7005   1774.804743  x:  0.00163   0.15553   0.03175   0.00811   0.01111   0.05179   0.02626   0.05746   0.07635   0.02109   0.16590   0.00000   0.13791   0.06765   0.03139   0.00285   0.05180   0.01839   0.03138   0.09953   0.04637   0.16765   0.20166   8.40761   1.78368   1.11508   1.71049   1.05421  
 14 27.0427   1774.765200  x:  0.00164   0.15704   0.03214   0.00820   0.01123   0.05141   0.02485   0.05713   0.07833   0.01918   0.16313   0.00000   0.13789   0.06606   0.03107   0.00290   0.05150   0.01829   0.03185   0.09905   0.04633   0.16421   0.20349   8.40801   1.78233   1.11082   1.71506   1.05751  
 15 15.5680   1774.733403  x:  0.00167   0.15820   0.03067   0.00823   0.01133   0.05076   0.02588   0.05718   0.07969   0.02073   0.16091   0.00000   0.13779   0.06451   0.03170   0.00294   0.05090   0.01848   0.03158   0.09761   0.04551   0.16144   0.20517   8.40845   1.78083   1.10750   1.71923   1.06083  
 16 22.4441   1774.709028  x:  0.00165   0.15783   0.03084   0.00833   0.01152   0.05174   0.02545   0.05796   0.07699   0.02061   0.16141   0.00000   0.13817   0.06301   0.03184   0.00303   0.05167   0.01859   0.03177   0.09532   0.04390   0.16213   0.20586   8.40917   1.77858   1.10576   1.72344   1.06507  
 17  6.9226   1774.693017  x:  0.00159   0.15710   0.03074   0.00835   0.01162   0.05104   0.02550   0.05695   0.07734   0.02063   0.16328   0.00000   0.13875   0.06056   0.03146   0.00310   0.05123   0.01864   0.03182   0.09590   0.04470   0.16444   0.20534   8.40996   1.77633   1.10547   1.72680   1.06913  
 18  7.3778   1774.687741  x:  0.00156   0.15703   0.03100   0.00836   0.01167   0.05132   0.02551   0.05733   0.07845   0.02055   0.16394   0.00000   0.13881   0.06055   0.03220   0.00312   0.05136   0.01866   0.03191   0.09671   0.04385   0.16515   0.20476   8.41043   1.77519   1.10600   1.72813   1.07118  
 19  5.5977   1774.683356  x:  0.00154   0.15727   0.03068   0.00835   0.01169   0.05155   0.02545   0.05772   0.07893   0.02067   0.16413   0.00000   0.13864   0.06085   0.03110   0.00315   0.05154   0.01867   0.03189   0.09698   0.04342   0.16520   0.20406   8.41110   1.77381   1.10731   1.72940   1.07373  
 20  4.5404   1774.661425  x:  0.00149   0.15884   0.03095   0.00825   0.01163   0.05115   0.02552   0.05753   0.07796   0.02054   0.16383   0.00000   0.13772   0.06117   0.03180   0.00318   0.05142   0.01863   0.03181   0.09666   0.04425   0.16392   0.20103   8.41524   1.76592   1.11602   1.73611   1.08874  
 21  9.0490   1774.652338  x:  0.00155   0.15709   0.03089   0.00821   0.01160   0.05165   0.02552   0.05681   0.07803   0.02058   0.16328   0.00000   0.13863   0.06193   0.03171   0.00319   0.05099   0.01862   0.03178   0.09685   0.04410   0.16429   0.20405   8.41756   1.76337   1.11979   1.73845   1.09550  
 22  5.3463   1774.650402  x:  0.00155   0.15681   0.03091   0.00819   0.01159   0.05113   0.02555   0.05753   0.07809   0.02057   0.16325   0.00000   0.13875   0.06188   0.03174   0.00319   0.05147   0.01861   0.03177   0.09692   0.04439   0.16445   0.20486   8.41825   1.76320   1.12045   1.73877   1.09698  
 23  4.1298   1774.642222  x:  0.00144   0.15859   0.03098   0.00808   0.01159   0.05167   0.02558   0.05816   0.07797   0.02052   0.16437   0.00000   0.13717   0.06181   0.03175   0.00327   0.05055   0.01859   0.03169   0.09710   0.04476   0.16506   0.20650   8.42361   1.76762   1.12103   1.73754   1.10310  
 24  1.3845   1774.631391  x:  0.00137   0.15950   0.03095   0.00798   0.01163   0.05074   0.02553   0.05676   0.07787   0.02053   0.16494   0.00000   0.13633   0.06234   0.03170   0.00336   0.05175   0.01864   0.03167   0.09719   0.04406   0.16523   0.20707   8.43108   1.77399   1.12161   1.73561   1.11090  
 25 11.5387   1774.604594  x:  0.00147   0.15678   0.03092   0.00776   0.01170   0.05119   0.02551   0.05741   0.07800   0.02055   0.16338   0.00000   0.13865   0.06193   0.03172   0.00356   0.05126   0.01868   0.03165   0.09707   0.04441   0.16404   0.20423   8.45045   1.79018   1.12301   1.73057   1.12902  
 26 13.9169   1774.570424  x:  0.00161   0.15796   0.03094   0.00740   0.01178   0.05114   0.02549   0.05740   0.07797   0.02051   0.15719   0.00000   0.13785   0.06205   0.03177   0.00385   0.05123   0.01876   0.03155   0.09709   0.04447   0.16905   0.20353   8.48340   1.79473   1.12644   1.73733   1.12381  
 27  1.4682   1774.400542  x:  0.00144   0.15579   0.03114   0.00536   0.01222   0.05077   0.02542   0.05750   0.07755   0.02028   0.16193   0.00000   0.13858   0.06318   0.03189   0.00548   0.05093   0.01908   0.03094   0.09803   0.04479   0.16342   0.20425   8.65154   1.81287   1.14298   1.77483   1.09070  
 28 24.8349   1774.371088  x:  0.00133   0.15543   0.03119   0.00499   0.01230   0.05070   0.02543   0.05756   0.07760   0.02029   0.16215   0.00000   0.13821   0.06358   0.03191   0.00578   0.05086   0.01913   0.03084   0.09808   0.04490   0.16370   0.20423   8.69867   1.77464   1.11910   1.73828   1.09349  
 29  0.9113   1774.324114  x:  0.00099   0.15747   0.03100   0.00570   0.01299   0.05094   0.02516   0.05756   0.07784   0.02050   0.16249   0.00000   0.13964   0.06255   0.03186   0.00607   0.05105   0.01917   0.03185   0.09770   0.04448   0.16448   0.20483   9.05648   1.77804   1.12083   1.73927   1.10822  
 30  0.2592   1774.319570  x:  0.00108   0.15679   0.03110   0.00533   0.01283   0.05086   0.02525   0.05756   0.07772   0.02045   0.16216   0.00000   0.13882   0.06258   0.03182   0.00603   0.05097   0.01914   0.03145   0.09788   0.04448   0.16451   0.20469   9.13920   1.78274   1.12281   1.74409   1.10960  
 31  0.0782   1774.319039  x:  0.00111   0.15668   0.03110   0.00543   0.01273   0.05085   0.02529   0.05756   0.07775   0.02043   0.16229   0.00000   0.13884   0.06279   0.03184   0.00596   0.05098   0.01913   0.03138   0.09788   0.04460   0.16438   0.20465   9.15544   1.78085   1.12185   1.74313   1.10769  
 32  0.0146   1774.318981  x:  0.00110   0.15679   0.03109   0.00541   0.01271   0.05087   0.02527   0.05756   0.07776   0.02044   0.16232   0.00000   0.13895   0.06276   0.03185   0.00591   0.05099   0.01913   0.03141   0.09785   0.04459   0.16439   0.20468   9.15772   1.78086   1.12190   1.74299   1.10799  
 33  0.0018   1774.318977  x:  0.00109   0.15675   0.03109   0.00542   0.01272   0.05086   0.02527   0.05756   0.07775   0.02043   0.16232   0.00000   0.13891   0.06275   0.03184   0.00590   0.05099   0.01913   0.03142   0.09787   0.04458   0.16439   0.20468   9.15701   1.78084   1.12187   1.74298   1.10799  
 34  0.0007   1774.318976  x:  0.00110   0.15675   0.03109   0.00541   0.01272   0.05086   0.02527   0.05756   0.07775   0.02044   0.16232   0.00000   0.13891   0.06276   0.03184   0.00590   0.05099   0.01913   0.03142   0.09787   0.04458   0.16439   0.20468   9.15691   1.78083   1.12186   1.74299   1.10796  
 35  0.0001   1774.318976  x:  0.00110   0.15675   0.03109   0.00541   0.01272   0.05086   0.02527   0.05756   0.07775   0.02044   0.16232   0.00000   0.13891   0.06276   0.03184   0.00590   0.05099   0.01913   0.03142   0.09787   0.04458   0.16439   0.20468   9.15695   1.78083   1.12186   1.74299   1.10796  
 36  0.0001   1774.318976  x:  0.00110   0.15675   0.03109   0.00541   0.01272   0.05086   0.02527   0.05756   0.07775   0.02044   0.16232   0.00000   0.13891   0.06276   0.03184   0.00590   0.05099   0.01913   0.03142   0.09787   0.04458   0.16439   0.20468   9.15695   1.78083   1.12186   1.74299   1.10796  

TREE # 2

  0  0.0000   2043.767090  x:  0.00110   0.15675   0.03109   0.00541   0.01272   0.05086   0.02527   0.05756   0.07775   0.02044   0.16232   0.00000   0.13891   0.06276   0.03184   0.00590   0.05099   0.01913   0.03142   0.09787   0.04458   0.16439   0.20468   9.15695   1.74536   1.01807   1.58385   1.10796  
  1 99.0000   1956.346895  x:  0.08180   0.15702   0.04134   0.03809   0.01850   0.05160   0.03090   0.05677   0.07651   0.02082   0.16116   0.29560   0.13933   0.06599   0.03909   0.01080   0.05025   0.02528   0.02981   0.09702   0.04306   0.16298   0.20291   9.15695   1.74531   1.01818   1.58392   1.10798  
  2 22920.8881   1877.028346  x:  0.11357   0.13742   0.11441   0.09248   0.05397   0.05823   0.08271   0.04673   0.06140   0.00000   0.14454   0.27985   0.12051   0.10207   0.10458   0.03490   0.04084   0.07602   0.01025   0.08686   0.02480   0.14598   0.18153   9.15697   1.74411   1.02021   1.58469   1.10781  
  3 983.1040   1861.415235  x:  0.13176   0.11789   0.11629   0.09593   0.04523   0.05900   0.08101   0.03934   0.04961   0.00000   0.13015   0.27522   0.10146   0.11116   0.10773   0.02220   0.03409   0.07000   0.00000   0.07893   0.01229   0.13061   0.16117   9.15700   1.74281   1.02250   1.58525   1.10758  
  4 389.8823   1849.396568  x:  0.15169   0.09579   0.11865   0.09997   0.03611   0.05988   0.07945   0.03144   0.03672   0.00000   0.11402   0.27010   0.07989   0.12114   0.11142   0.00931   0.02752   0.06401   0.00552   0.07027   0.00000   0.11341   0.13823   9.15702   1.74138   1.02504   1.58588   1.10734  
  5 4041.8531   1842.909157  x:  0.16458   0.08122   0.12015   0.10258   0.03037   0.06045   0.07845   0.02646   0.02850   0.00000   0.10347   0.26678   0.06567   0.12756   0.11379   0.00204   0.02347   0.06018   0.00782   0.06468   0.00259   0.10224   0.12321   9.15703   1.74044   1.02669   1.58631   1.10717  
  6 3959.9140   1827.451624  x:  0.19806   0.04106   0.12015   0.10668   0.01405   0.06172   0.07297   0.01446   0.00808   0.00000   0.07500   0.25830   0.02643   0.14301   0.11661   0.01043   0.01504   0.04730   0.01203   0.05009   0.00589   0.07199   0.08202   9.15707   1.73790   1.03117   1.58749   1.10672  
  7 3442.5517   1816.419160  x:  0.21761   0.01369   0.11825   0.10824   0.01519   0.06283   0.06933   0.01520   0.01835   0.00000   0.05771   0.25344   0.00000   0.15081   0.11654   0.01181   0.01703   0.04124   0.01314   0.04314   0.00686   0.05331   0.05448   9.15710   1.73629   1.03397   1.58836   1.10642  
  8 1230.0476   1816.419160  x:  0.21761   0.01369   0.11825   0.10824   0.01519   0.06283   0.06933   0.01520   0.01835   0.00000   0.05771   0.25344   0.00000   0.15081   0.11654   0.01181   0.01703   0.04124   0.01314   0.04314   0.00686   0.05331   0.05448   9.15710   1.73629   1.03397   1.58836   1.10642  
  9 376.1437   1804.454915  x:  0.21652   0.00313   0.12591   0.11402   0.05168   0.06461   0.07900   0.03670   0.03477   0.00000   0.05743   0.23374   0.00689   0.15244   0.12392   0.02945   0.03415   0.06094   0.00170   0.05072   0.02399   0.05242   0.04241   9.15709   1.73577   1.03466   1.58916   1.10632  
 10 456.9380   1802.372873  x:  0.21607   0.00000   0.12871   0.11596   0.05516   0.06460   0.08166   0.03849   0.03605   0.00000   0.05731   0.22544   0.00549   0.15293   0.12634   0.02968   0.03555   0.06524   0.00916   0.05260   0.02289   0.05209   0.03819   9.15710   1.73554   1.03501   1.58946   1.10628  
 11 333.6786   1796.905035  x:  0.21466   0.00000   0.13704   0.12162   0.05755   0.06401   0.08827   0.03889   0.03577   0.00000   0.05693   0.19915   0.00000   0.15437   0.13319   0.02547   0.03475   0.07417   0.00730   0.05668   0.01407   0.05120   0.02667   9.15710   1.73481   1.03617   1.59041   1.10615  
 12 435.5182   1787.933906  x:  0.20993   0.00000   0.16161   0.13828   0.05394   0.06158   0.10416   0.03356   0.03077   0.00000   0.05601   0.10129   0.02963   0.16060   0.15527   0.01295   0.02953   0.09145   0.00638   0.06365   0.00460   0.04965   0.00988   9.15712   1.73215   1.04024   1.59395   1.10575  
 13 607.4797   1782.580588  x:  0.20666   0.00000   0.17791   0.14908   0.04904   0.05994   0.11431   0.02900   0.02709   0.01614   0.05543   0.03265   0.03656   0.16432   0.16930   0.00774   0.02575   0.10187   0.00576   0.06778   0.00919   0.04873   0.01035   9.15713   1.73028   1.04315   1.59645   1.10545  
 14 1406.8296   1781.153766  x:  0.20585   0.00000   0.18159   0.15143   0.04723   0.05966   0.11631   0.02790   0.02649   0.01476   0.05493   0.01533   0.03657   0.16513   0.17239   0.01113   0.02551   0.10354   0.00568   0.06828   0.00840   0.04865   0.01356   9.15713   1.72977   1.04395   1.59713   1.10538  
 15 719.7595   1781.083698  x:  0.20547   0.00000   0.18274   0.15205   0.04623   0.05977   0.11641   0.02799   0.02708   0.01337   0.05443   0.01382   0.03598   0.16536   0.17330   0.01017   0.02616   0.10295   0.00565   0.06766   0.01007   0.04885   0.01305   9.15713   1.72944   1.04445   1.59757   1.10535  
 16 45.9928   1780.936934  x:  0.20340   0.00000   0.18893   0.15539   0.04293   0.06052   0.11690   0.02926   0.02988   0.01404   0.05212   0.01479   0.03592   0.16680   0.17842   0.01074   0.02956   0.09986   0.00566   0.06444   0.00970   0.04983   0.01299   9.15714   1.72757   1.04732   1.60016   1.10516  
 17 34.4923   1780.870371  x:  0.20191   0.00000   0.19316   0.15751   0.04426   0.06102   0.11714   0.02985   0.02898   0.01334   0.05167   0.01545   0.03571   0.16775   0.18194   0.00983   0.02861   0.09828   0.00578   0.06324   0.00987   0.04994   0.01461   9.15715   1.72594   1.04982   1.60244   1.10499  
 18 33.1420   1780.825941  x:  0.20083   0.00000   0.19593   0.15872   0.04500   0.06124   0.11683   0.02948   0.02768   0.01313   0.05178   0.01597   0.03549   0.16837   0.18424   0.01093   0.02726   0.09654   0.00589   0.06248   0.01068   0.04990   0.01394   9.15716   1.72454   1.05199   1.60442   1.10485  
 19 56.0588   1780.765701  x:  0.19941   0.00000   0.19782   0.15827   0.04748   0.06092   0.11375   0.02815   0.02903   0.01339   0.05417   0.01535   0.03493   0.16865   0.18571   0.01065   0.02761   0.09201   0.00609   0.06280   0.01012   0.04934   0.01363   9.15718   1.72086   1.05772   1.60980   1.10447  
 20 17.4911   1780.678697  x:  0.19818   0.00000   0.19859   0.15598   0.04634   0.05973   0.11038   0.03169   0.02682   0.01353   0.05437   0.01505   0.03477   0.16851   0.18614   0.01050   0.02868   0.09057   0.00612   0.06600   0.00992   0.04929   0.01344   9.15723   1.71314   1.06991   1.62169   1.10363  
 21 19.7578   1780.537997  x:  0.19731   0.00000   0.19897   0.15286   0.04442   0.05876   0.10879   0.02998   0.02960   0.01314   0.05231   0.01583   0.03511   0.16828   0.18610   0.01080   0.02630   0.09425   0.00600   0.06895   0.01045   0.04972   0.01396   9.15733   1.69985   1.09119   1.64319   1.10209  
 22 49.0491   1780.443057  x:  0.19809   0.00000   0.19738   0.15163   0.04479   0.06051   0.11038   0.02729   0.02749   0.01314   0.05202   0.01589   0.03504   0.16807   0.18444   0.01055   0.02886   0.09658   0.00590   0.06548   0.01039   0.05000   0.01400   9.15740   1.69129   1.10547   1.65873   1.10097  
 23 47.4115   1780.392838  x:  0.19937   0.00000   0.19540   0.15194   0.04454   0.06189   0.11248   0.02911   0.02810   0.01335   0.05304   0.01541   0.03487   0.16805   0.18260   0.01056   0.02729   0.09615   0.00602   0.06187   0.01004   0.04986   0.01372   9.15744   1.68753   1.11248   1.66754   1.10033  
 24 34.4664   1780.346428  x:  0.20216   0.00000   0.19315   0.15668   0.04399   0.06027   0.11731   0.02881   0.02817   0.01308   0.05409   0.01576   0.03483   0.16870   0.18075   0.01065   0.02764   0.09340   0.00603   0.06380   0.01029   0.04911   0.01394   9.15750   1.68736   1.11648   1.67733   1.09959  
 25 10.6824   1780.303970  x:  0.20390   0.00000   0.19101   0.15984   0.04496   0.06103   0.11613   0.02859   0.02800   0.01335   0.05079   0.01538   0.03449   0.16885   0.17953   0.01058   0.02716   0.09141   0.00616   0.06441   0.00999   0.05145   0.01369   9.15757   1.69128   1.11710   1.68721   1.09883  
 26  9.0545   1780.096652  x:  0.20705   0.00000   0.18707   0.16895   0.04213   0.06324   0.10572   0.02825   0.02777   0.01285   0.05263   0.01562   0.03333   0.16848   0.17975   0.01060   0.02708   0.09424   0.00628   0.06312   0.01010   0.04776   0.01396   9.15797   1.71866   1.11477   1.73626   1.09490  
 27 20.8520   1779.849001  x:  0.20366   0.00000   0.18655   0.16224   0.04040   0.05707   0.10694   0.02778   0.02721   0.01225   0.05610   0.01577   0.03181   0.16569   0.18121   0.01049   0.02676   0.09288   0.00644   0.06019   0.01006   0.05462   0.01418   9.15851   1.75634   1.11196   1.79299   1.09021  
 28 39.6394   1779.636078  x:  0.19919   0.00000   0.18708   0.15144   0.03959   0.05924   0.11193   0.02712   0.02699   0.01216   0.05166   0.01558   0.03077   0.16356   0.18107   0.01034   0.02641   0.08744   0.00661   0.06058   0.00984   0.04876   0.01412   9.15898   1.78932   1.11141   1.83756   1.08645  
 29 71.7040   1779.574650  x:  0.19843   0.00000   0.18885   0.14996   0.03830   0.06456   0.11290   0.02681   0.02711   0.01189   0.05382   0.01578   0.03059   0.16547   0.17862   0.01041   0.02641   0.08674   0.00659   0.06301   0.00999   0.05090   0.01429   9.15917   1.80076   1.11652   1.84413   1.08584  
 30 12.0223   1779.194101  x:  0.19774   0.00000   0.19666   0.14851   0.03724   0.06023   0.10933   0.02643   0.02673   0.01123   0.05220   0.01588   0.02859   0.17806   0.15942   0.01040   0.02614   0.08480   0.00696   0.05969   0.00991   0.04963   0.01450   9.16049   1.87347   1.16434   1.86225   1.08399  
 31 21.3702   1778.679905  x:  0.20236   0.00000   0.18072   0.14941   0.03475   0.06147   0.10779   0.02570   0.02655   0.01015   0.05225   0.01636   0.02549   0.16231   0.17255   0.01065   0.02579   0.07980   0.00718   0.05837   0.01013   0.05002   0.01508   9.16238   1.96835   1.23548   1.87462   1.08432  
 32 32.8933   1778.296111  x:  0.19433   0.00000   0.16223   0.14567   0.03651   0.06126   0.10717   0.02653   0.02719   0.00924   0.05206   0.01668   0.02201   0.18296   0.18007   0.01094   0.02673   0.07941   0.00695   0.05782   0.01058   0.05014   0.01548   9.16396   1.97107   1.23600   1.87760   1.10478  
 33  1.8178   1775.864147  x:  0.20427   0.00000   0.15749   0.13354   0.04902   0.06253   0.09736   0.03248   0.03176   0.00363   0.05178   0.01947   0.00988   0.15945   0.15339   0.01395   0.03191   0.07379   0.00634   0.05540   0.01415   0.05147   0.01863   9.17370   1.95548   1.21450   1.89194   1.23111  
 34 14.2959   1775.350961  x:  0.19825   0.00000   0.15177   0.13427   0.04748   0.06281   0.09417   0.03248   0.03180   0.00250   0.05169   0.01990   0.00610   0.15816   0.14832   0.01438   0.03197   0.07009   0.00652   0.05445   0.01436   0.05185   0.01936   9.17878   1.88968   1.17471   1.83981   1.09961  
 35  3.8075   1775.322637  x:  0.20512   0.00000   0.15286   0.13143   0.04741   0.06270   0.09360   0.03248   0.03178   0.00244   0.05167   0.01993   0.00568   0.16063   0.15039   0.01440   0.03197   0.06955   0.00654   0.05434   0.01437   0.05188   0.01941   9.17904   1.88534   1.17195   1.83639   1.09302  
 36  8.2926   1775.073024  x:  0.20473   0.00000   0.15295   0.13194   0.04237   0.06288   0.09147   0.03088   0.03082   0.00339   0.05144   0.01981   0.00273   0.16162   0.14862   0.01465   0.03083   0.06579   0.00687   0.05345   0.01360   0.05198   0.01989   9.17853   1.82068   1.13666   1.78367   1.13498  
 37  1.0322   1774.634994  x:  0.20637   0.00000   0.15611   0.13273   0.04704   0.06299   0.09271   0.03321   0.03238   0.00649   0.05091   0.01965   0.00136   0.15971   0.14961   0.01688   0.03274   0.07278   0.00587   0.05513   0.01325   0.05185   0.02137   9.17626   1.81017   1.13120   1.77580   1.06021  
 38  0.3780   1774.351345  x:  0.20478   0.00000   0.16538   0.13909   0.04428   0.06291   0.09715   0.03215   0.03174   0.00591   0.05066   0.01830   0.00104   0.16281   0.15646   0.01871   0.03188   0.07918   0.00517   0.05736   0.01303   0.05101   0.02358   9.17030   1.76461   1.11200   1.73240   1.10639  
 39  0.1287   1774.329930  x:  0.20450   0.00000   0.16504   0.13938   0.04483   0.06277   0.09859   0.03190   0.03152   0.00593   0.05102   0.01868   0.00055   0.16243   0.15747   0.01949   0.03133   0.07783   0.00532   0.05785   0.01285   0.05076   0.02437   9.16478   1.78628   1.12526   1.74627   1.11162  
 40  0.0283   1774.323570  x:  0.20461   0.00000   0.16487   0.13923   0.04479   0.06273   0.09875   0.03179   0.03141   0.00603   0.05110   0.01894   0.00126   0.16229   0.15742   0.01984   0.03106   0.07752   0.00545   0.05793   0.01275   0.05073   0.02472   9.16252   1.78559   1.12526   1.74532   1.10944  
 41  0.0079   1774.319351  x:  0.20465   0.00000   0.16434   0.13883   0.04451   0.06272   0.09790   0.03176   0.03134   0.00596   0.05101   0.01921   0.00108   0.16224   0.15672   0.02030   0.03094   0.07795   0.00549   0.05758   0.01270   0.05083   0.02521   9.15857   1.78025   1.12170   1.74243   1.10850  
 42  0.0082   1774.319009  x:  0.20465   0.00000   0.16448   0.13900   0.04460   0.06276   0.09784   0.03186   0.03142   0.00593   0.05097   0.01916   0.00108   0.16236   0.15677   0.02040   0.03109   0.07773   0.00543   0.05756   0.01272   0.05086   0.02529   9.15750   1.78065   1.12170   1.74311   1.10794  
 43  0.0013   1774.318980  x:  0.20468   0.00000   0.16438   0.13890   0.04458   0.06276   0.09788   0.03185   0.03142   0.00591   0.05099   0.01913   0.00109   0.16232   0.15676   0.02042   0.03110   0.07776   0.00541   0.05756   0.01272   0.05086   0.02529   9.15719   1.78087   1.12189   1.74302   1.10803  
 44  0.0004   1774.318977  x:  0.20467   0.00000   0.16439   0.13891   0.04458   0.06276   0.09786   0.03184   0.03142   0.00590   0.05099   0.01913   0.00110   0.16232   0.15675   0.02043   0.03109   0.07775   0.00541   0.05756   0.01273   0.05086   0.02528   9.15703   1.78084   1.12187   1.74297   1.10795  
 45  0.0001   1774.318976  x:  0.20468   0.00000   0.16438   0.13891   0.04458   0.06276   0.09787   0.03184   0.03142   0.00590   0.05099   0.01913   0.00110   0.16232   0.15675   0.02043   0.03109   0.07775   0.00541   0.05756   0.01273   0.05086   0.02528   9.15694   1.78082   1.12185   1.74301   1.10797  
 46  0.0001   1774.318976  x:  0.20467   0.00000   0.16439   0.13891   0.04458   0.06276   0.09787   0.03184   0.03142   0.00590   0.05099   0.01913   0.00110   0.16232   0.15676   0.02044   0.03109   0.07775   0.00541   0.05756   0.01273   0.05086   0.02527   9.15693   1.78084   1.12187   1.74299   1.10796  
 47  0.0000   1774.318976  x:  0.20468   0.00000   0.16439   0.13891   0.04458   0.06276   0.09787   0.03184   0.03142   0.00590   0.05099   0.01913   0.00110   0.16232   0.15675   0.02044   0.03109   0.07775   0.00541   0.05756   0.01272   0.05086   0.02527   9.15694   1.78083   1.12186   1.74298   1.10796  
 48  0.0000   1774.318976  x:  0.20468   0.00000   0.16439   0.13891   0.04458   0.06276   0.09787   0.03184   0.03142   0.00590   0.05099   0.01913   0.00110   0.16232   0.15675   0.02044   0.03109   0.07775   0.00541   0.05756   0.01272   0.05086   0.02527   9.15696   1.78083   1.12186   1.74299   1.10797  
 49  0.0000   1774.318976  x:  0.20468   0.00000   0.16439   0.13891   0.04458   0.06276   0.09787   0.03184   0.03142   0.00590   0.05099   0.01913   0.00110   0.16232   0.15675   0.02044   0.03109   0.07775   0.00541   0.05756   0.01272   0.05086   0.02527   9.15696   1.78083   1.12186   1.74299   1.10796  
 50  0.0000   1774.318976  x:  0.20468   0.00000   0.16439   0.13891   0.04458   0.06276   0.09787   0.03184   0.03142   0.00590   0.05099   0.01913   0.00110   0.16232   0.15675   0.02044   0.03109   0.07775   0.00541   0.05756   0.01272   0.05086   0.02527   9.15698   1.78083   1.12186   1.74299   1.10796  
 51  0.0000   1774.318976  x:  0.20468   0.00000   0.16439   0.13891   0.04458   0.06276   0.09787   0.03184   0.03142   0.00590   0.05099   0.01913   0.00110   0.16232   0.15675   0.02044   0.03109   0.07775   0.00541   0.05756   0.01272   0.05086   0.02527   9.15698   1.78083   1.12186   1.74299   1.10796  
 52  0.0000   1774.318976  x:  0.20468   0.00000   0.16439   0.13891   0.04458   0.06276   0.09787   0.03184   0.03142   0.00590   0.05099   0.01913   0.00110   0.16232   0.15675   0.02044   0.03109   0.07775   0.00541   0.05756   0.01272   0.05086   0.02527   9.15697   1.78083   1.12186   1.74299   1.10796  
 53  0.0000   1774.318976  x:  0.20468   0.00000   0.16439   0.13891   0.04458   0.06276   0.09787   0.03184   0.03142   0.00590   0.05099   0.01913   0.00110   0.16232   0.15675   0.02044   0.03109   0.07775   0.00541   0.05756   0.01272   0.05086   0.02527   9.15697   1.78083   1.12186   1.74299   1.10796  
 54  0.0000   1774.318976  x:  0.20468   0.00000   0.16439   0.13891   0.04458   0.06276   0.09787   0.03184   0.03142   0.00590   0.05099   0.01913   0.00110   0.16232   0.15675   0.02044   0.03109   0.07775   0.00541   0.05756   0.01272   0.05086   0.02527   9.15697   1.78083   1.12186   1.74299   1.10796  