

TREE # 1

  0  0.0000   2312.507535  x:  0.05806   0.00000   0.09198   0.01496   0.08209   0.08775   0.05331   0.04645   0.11163   0.06384   0.07428   0.12308   0.01013   0.04152   0.02690   0.07985   0.07633   0.03689   0.06047   0.04202   0.11544   0.05749   0.10523   0.07668   2.00000   1.47580   1.14884   1.25437   0.40000  
  1 99.0000   2312.503400  x:  0.05806   0.00000   0.09198   0.01496   0.08209   0.08775   0.05331   0.04645   0.11163   0.06384   0.07428   0.12308   0.01013   0.04152   0.02690   0.07985   0.07633   0.03689   0.06047   0.04202   0.11544   0.05749   0.10523   0.07668   2.00000   1.47580   1.14884   1.25437   0.40000  
  2 745.3759   2291.707936  x:  0.08034   0.00000   0.13780   0.01172   0.06463   0.09836   0.05879   0.02545   0.10221   0.09317   0.05176   0.14543   0.00000   0.02591   0.03148   0.07073   0.06981   0.03269   0.04360   0.02495   0.12388   0.04834   0.12796   0.09895   2.01029   1.47502   1.14510   1.25842   0.42262  
  3 480.2282   2287.353716  x:  0.09022   0.00000   0.15991   0.00917   0.05393   0.10398   0.06132   0.01479   0.09677   0.10588   0.03785   0.15724   0.01805   0.02037   0.02899   0.06570   0.06645   0.03099   0.03468   0.01669   0.12828   0.04373   0.13959   0.10883   2.01668   1.47452   1.14287   1.26086   0.43576  
  4 1326.4181   2284.382840  x:  0.08969   0.00000   0.16644   0.00969   0.04415   0.10702   0.06160   0.01625   0.09262   0.10475   0.02478   0.16323   0.01731   0.02368   0.01486   0.06277   0.06522   0.03193   0.03153   0.01873   0.13040   0.04255   0.14421   0.10828   2.02323   1.47393   1.14083   1.26318   0.44682  
  5 265.0761   2281.704699  x:  0.08549   0.00000   0.17025   0.01234   0.03131   0.11030   0.06114   0.02056   0.08731   0.09880   0.00809   0.16938   0.01764   0.02268   0.01851   0.06041   0.06417   0.03377   0.03011   0.02365   0.13291   0.04243   0.14801   0.10406   2.03317   1.47304   1.13781   1.26661   0.46216  
  6 311.5901   2279.803234  x:  0.07951   0.00000   0.17433   0.00801   0.01854   0.11474   0.06018   0.02062   0.08012   0.09042   0.01526   0.17734   0.01733   0.02371   0.02070   0.05795   0.06290   0.03506   0.03066   0.02510   0.13621   0.04256   0.15237   0.09806   2.05042   1.47156   1.13264   1.27239   0.48654  
  7 180.2471   2278.739696  x:  0.07543   0.00000   0.17667   0.01617   0.01703   0.11784   0.05943   0.01923   0.07550   0.08516   0.02040   0.18281   0.01762   0.02251   0.02050   0.05668   0.06215   0.03537   0.03178   0.02445   0.13850   0.04276   0.15498   0.09396   2.06581   1.47028   1.12812   1.27743   0.50685  
  8 357.4712   2275.569106  x:  0.06561   0.00000   0.17813   0.01276   0.04169   0.12597   0.05735   0.01544   0.06541   0.07337   0.01907   0.19581   0.01700   0.02401   0.02190   0.05613   0.06125   0.03433   0.03672   0.02003   0.14400   0.04417   0.15907   0.08404   2.12200   1.46568   1.11213   1.29524   0.57445  
  9 322.5530   2270.192792  x:  0.08047   0.00000   0.15279   0.01215   0.04621   0.12381   0.05891   0.03847   0.08032   0.09772   0.02451   0.19030   0.01933   0.02147   0.02168   0.06942   0.06806   0.02946   0.03805   0.02769   0.14127   0.04741   0.14313   0.09869   2.25544   1.45589   1.07757   1.33358   0.69658  
 10 194.9066   2266.826623  x:  0.08508   0.00000   0.13267   0.01205   0.03726   0.11209   0.05835   0.01580   0.09271   0.09814   0.01856   0.17317   0.01692   0.02330   0.02135   0.07108   0.06893   0.03495   0.03448   0.01669   0.13377   0.04542   0.13273   0.10315   2.33844   1.45067   1.05999   1.35356   0.74585  
 11 236.6077   2264.031352  x:  0.08594   0.00000   0.14579   0.01193   0.04013   0.09232   0.06224   0.01059   0.09799   0.09172   0.02006   0.14618   0.01736   0.02397   0.02238   0.05691   0.06313   0.02708   0.02935   0.03292   0.12085   0.03963   0.14250   0.10380   2.45591   1.44616   1.04456   1.37246   0.75663  
 12 116.1756   2261.299311  x:  0.08417   0.00000   0.16125   0.01195   0.04037   0.08015   0.06355   0.02489   0.10004   0.08747   0.02035   0.12545   0.01785   0.02479   0.02293   0.04716   0.05774   0.03319   0.03139   0.01838   0.11157   0.03768   0.14954   0.10180   2.58665   1.44206   1.03014   1.39069   0.75416  
 13 371.4910   2248.813819  x:  0.06404   0.00000   0.21266   0.01182   0.03209   0.10553   0.05103   0.01467   0.09280   0.10879   0.01572   0.11320   0.01886   0.02762   0.01968   0.08451   0.07034   0.04137   0.05981   0.02062   0.10581   0.07076   0.14019   0.08044   3.26100   1.42630   0.97035   1.47012   0.67607  
 14 371.1534   2236.619259  x:  0.07668   0.00000   0.20210   0.01314   0.03373   0.12566   0.06302   0.02184   0.07925   0.08203   0.01768   0.16318   0.01769   0.02796   0.02114   0.08251   0.07248   0.02272   0.02720   0.01491   0.13457   0.04920   0.11224   0.09195   3.86370   1.41578   0.93175   1.52871   0.59064  
 15 671.8405   2233.886319  x:  0.08298   0.00000   0.18318   0.01299   0.03771   0.12744   0.06148   0.02020   0.07446   0.08783   0.01976   0.18382   0.01778   0.02584   0.02145   0.06841   0.06732   0.04702   0.03437   0.02558   0.14589   0.03632   0.12513   0.09793   4.02465   1.41543   0.93218   1.53609   0.56923  
 16 389.4207   2231.581447  x:  0.08227   0.00000   0.15326   0.01270   0.03576   0.12417   0.05475   0.02002   0.07349   0.09979   0.01874   0.20109   0.01704   0.02367   0.02105   0.05303   0.05925   0.03373   0.04107   0.02136   0.15197   0.04784   0.15642   0.09693   4.14793   1.41887   0.94978   1.52844   0.55699  
 17 205.0736   2229.878493  x:  0.08550   0.00000   0.14099   0.01286   0.03674   0.11929   0.06065   0.02187   0.07729   0.09270   0.01976   0.21222   0.01668   0.02203   0.02083   0.07723   0.06776   0.03644   0.03229   0.01953   0.14197   0.04788   0.19080   0.09986   4.24845   1.42876   0.99565   1.49730   0.55900  
 18 93.3279   2228.005944  x:  0.09585   0.00000   0.14642   0.01305   0.03493   0.12169   0.05560   0.02114   0.07753   0.08279   0.01832   0.21787   0.01697   0.02244   0.02066   0.07483   0.07123   0.03060   0.05179   0.01944   0.12962   0.04438   0.18160   0.10979   4.36021   1.44609   1.07424   1.43827   0.57305  
 19 92.7751   2226.111584  x:  0.08851   0.00000   0.15312   0.01329   0.03752   0.12559   0.05816   0.02118   0.07617   0.09419   0.02012   0.21579   0.01713   0.02395   0.02208   0.06257   0.06725   0.03801   0.03663   0.02200   0.12819   0.05063   0.16050   0.10200   4.46702   1.46490   1.15554   1.37436   0.58982  
 20 183.6175   2225.840388  x:  0.08525   0.00000   0.15419   0.01329   0.03687   0.12588   0.05912   0.02120   0.07744   0.09749   0.01982   0.20950   0.01712   0.02451   0.02196   0.06557   0.06525   0.03527   0.03817   0.02146   0.14049   0.04255   0.15955   0.09863   4.48136   1.46888   1.16568   1.36412   0.59256  
 21 37.8143   2225.717898  x:  0.08778   0.00000   0.15524   0.01335   0.03710   0.12584   0.05825   0.02111   0.07753   0.09469   0.01991   0.20470   0.01718   0.02459   0.02181   0.06631   0.06503   0.03650   0.03774   0.02207   0.15061   0.04691   0.16017   0.10107   4.48666   1.47206   1.16744   1.35908   0.59384  
 22 17.8250   2224.721775  x:  0.09037   0.00000   0.15243   0.01381   0.03688   0.13084   0.06036   0.02086   0.06440   0.09805   0.01956   0.19649   0.01709   0.02576   0.02269   0.05897   0.08698   0.03497   0.03677   0.02038   0.15078   0.04438   0.16430   0.10205   4.50717   1.51451   1.13122   1.32085   0.59939  
 23  5.4739   2221.956977  x:  0.09355   0.00000   0.15833   0.01445   0.03703   0.13683   0.05642   0.02104   0.08632   0.09747   0.01953   0.20587   0.01724   0.02899   0.02459   0.06053   0.06974   0.03529   0.03589   0.02127   0.14255   0.04304   0.16830   0.10076   4.55906   1.62152   1.03313   1.22427   0.61386  
 24 87.1752   2221.182505  x:  0.09591   0.00000   0.15849   0.01466   0.03650   0.12212   0.06335   0.02035   0.07139   0.10078   0.01891   0.20993   0.01732   0.02984   0.02454   0.06890   0.05749   0.03493   0.03955   0.02144   0.14119   0.04590   0.16442   0.10185   4.57104   1.63364   1.01892   1.21127   0.61710  
 25 34.7006   2219.025691  x:  0.09694   0.00000   0.16797   0.01500   0.03680   0.09178   0.04185   0.02120   0.07000   0.10698   0.01900   0.22431   0.01760   0.03228   0.02578   0.07270   0.06677   0.03508   0.03604   0.02116   0.14646   0.04437   0.16126   0.09941   4.59725   1.61997   1.01557   1.21365   0.62423  
 26 19.7692   2210.836477  x:  0.10526   0.00000   0.19375   0.01720   0.03413   0.06069   0.08429   0.01718   0.10121   0.12012   0.01736   0.25527   0.01875   0.04360   0.03163   0.05919   0.09589   0.03589   0.05293   0.01852   0.16142   0.05602   0.16626   0.09204   4.71081   1.52161   1.02844   1.25471   0.65456  
 27 81.0023   2187.153461  x:  0.16573   0.00000   0.21584   0.02717   0.03366   0.13740   0.07002   0.01750   0.08667   0.14950   0.01823   0.23471   0.02087   0.07632   0.05149   0.05868   0.06257   0.03133   0.03348   0.01745   0.14209   0.04056   0.21054   0.10678   5.03902   1.20899   1.08788   1.39523   0.74025  
 28 247.3719   2185.301291  x:  0.16871   0.00000   0.22072   0.02775   0.03344   0.14111   0.06872   0.01711   0.08626   0.15292   0.01805   0.23193   0.02083   0.07952   0.05312   0.05719   0.05569   0.03125   0.03087   0.01748   0.14253   0.03951   0.20694   0.10594   5.07254   1.45106   1.20339   1.61532   0.74446  
 29  9.8910   2174.806060  x:  0.19185   0.00000   0.26921   0.03203   0.02236   0.14239   0.06428   0.01267   0.06677   0.16789   0.00690   0.22217   0.01444   0.10966   0.06531   0.05586   0.06637   0.02893   0.02233   0.02371   0.15301   0.03345   0.19291   0.09665   6.30037   1.43042   1.00109   1.29410   0.82148  
 30  0.6809   2170.022634  x:  0.20970   0.00000   0.30024   0.03652   0.03216   0.13713   0.06425   0.01894   0.08211   0.17582   0.02275   0.22483   0.00685   0.13873   0.07812   0.05586   0.06427   0.03040   0.04613   0.02411   0.15552   0.04219   0.18080   0.08477   7.36086   1.49829   1.07668   1.36941   0.84415  
 31  0.6455   2167.462125  x:  0.21389   0.00000   0.29767   0.03718   0.03061   0.12707   0.06194   0.01714   0.08018   0.17326   0.02105   0.22278   0.00000   0.15220   0.08226   0.05714   0.05547   0.03440   0.03594   0.01793   0.15043   0.03951   0.18223   0.07731   7.85814   1.48197   1.09794   1.42084   0.85156  
 32  0.5311   2165.673335  x:  0.21440   0.00000   0.28470   0.03649   0.02755   0.11462   0.06479   0.01722   0.07881   0.16411   0.01419   0.21493   0.00000   0.17409   0.08695   0.05772   0.06259   0.03124   0.02330   0.02026   0.14351   0.03677   0.18936   0.06152   8.67480   1.42670   1.06666   1.43346   0.85281  
 33  0.7300   2165.161144  x:  0.21331   0.00000   0.27985   0.03547   0.02622   0.11563   0.06580   0.01571   0.07949   0.15788   0.01019   0.20857   0.00000   0.18218   0.08742   0.05732   0.06405   0.03131   0.03284   0.01848   0.14389   0.03570   0.18793   0.05574   8.96001   1.41293   1.04678   1.40990   0.84648  
 34  0.3154   2164.816315  x:  0.21077   0.00000   0.27266   0.03391   0.03096   0.12081   0.06493   0.01715   0.07914   0.15142   0.01361   0.20049   0.00000   0.18839   0.08592   0.05711   0.06118   0.03159   0.03323   0.02153   0.14655   0.03723   0.18588   0.05091   9.13138   1.41964   1.04464   1.37752   0.83349  
 35  0.1172   2164.609323  x:  0.21046   0.00000   0.26223   0.03132   0.03014   0.12607   0.06440   0.01637   0.08006   0.14681   0.01301   0.20346   0.00000   0.19410   0.08179   0.05646   0.06402   0.03243   0.03057   0.01909   0.14506   0.03838   0.18761   0.04833   9.21621   1.45200   1.06750   1.42053   0.82540  
 36  0.0478   2164.356319  x:  0.21454   0.00000   0.26282   0.02786   0.02775   0.12701   0.06255   0.01697   0.07715   0.14962   0.01374   0.20991   0.00000   0.20003   0.07331   0.06045   0.05966   0.02986   0.03034   0.02101   0.14428   0.03553   0.18485   0.04940   9.10333   1.44546   1.05762   1.41933   0.83380  
 37  0.0381   2164.202038  x:  0.21687   0.00000   0.27203   0.02611   0.02848   0.12635   0.06464   0.01633   0.07918   0.15289   0.01440   0.20991   0.00000   0.20542   0.06787   0.05842   0.06249   0.03239   0.03092   0.01973   0.14691   0.03798   0.18078   0.04837   9.01098   1.42804   1.04949   1.39210   0.83921  
 38  0.0622   2164.135236  x:  0.21860   0.00000   0.27385   0.02647   0.03035   0.12250   0.06514   0.01683   0.07977   0.15358   0.01361   0.20439   0.00000   0.21033   0.06686   0.05746   0.06251   0.03089   0.03189   0.02092   0.14625   0.03891   0.18414   0.04630   8.99433   1.42790   1.05826   1.40306   0.83665  
 39  0.0121   2164.096134  x:  0.22035   0.00000   0.27307   0.02743   0.02999   0.12080   0.06411   0.01644   0.07970   0.15374   0.01372   0.20206   0.00000   0.21337   0.06567   0.05807   0.06176   0.03192   0.03129   0.01963   0.14437   0.03776   0.18723   0.04562   8.89818   1.43237   1.05252   1.40078   0.83194  
 40  0.0449   2164.058511  x:  0.22058   0.00000   0.27183   0.02917   0.02835   0.12219   0.06416   0.01673   0.08011   0.15389   0.01365   0.20334   0.00000   0.21499   0.06525   0.05752   0.06208   0.03175   0.03109   0.02077   0.14498   0.03839   0.18551   0.04458   8.70735   1.44194   1.06126   1.40400   0.82729  
 41  0.0658   2164.038166  x:  0.22085   0.00000   0.27027   0.03021   0.02945   0.12247   0.06459   0.01674   0.07920   0.15248   0.01339   0.20419   0.00000   0.21767   0.06659   0.05792   0.06223   0.03147   0.03140   0.02032   0.14587   0.03827   0.18397   0.04255   8.66042   1.42913   1.05266   1.39271   0.82710  
 42  0.0230   2164.033110  x:  0.22196   0.00000   0.27069   0.02990   0.02961   0.12295   0.06442   0.01656   0.07929   0.15239   0.01346   0.20535   0.00000   0.21950   0.06663   0.05808   0.06219   0.03164   0.03139   0.02021   0.14569   0.03792   0.18363   0.04209   8.63782   1.43186   1.05631   1.40050   0.83006  
 43  0.0126   2164.028936  x:  0.22259   0.00000   0.27159   0.02940   0.02939   0.12291   0.06432   0.01662   0.07953   0.15200   0.01350   0.20462   0.00000   0.22068   0.06790   0.05789   0.06194   0.03155   0.03126   0.02027   0.14556   0.03814   0.18404   0.04152   8.63640   1.43262   1.05623   1.39722   0.83226  
 44  0.0015   2164.027454  x:  0.22247   0.00000   0.27134   0.02904   0.02937   0.12268   0.06449   0.01667   0.07925   0.15202   0.01361   0.20453   0.00000   0.22046   0.06805   0.05795   0.06236   0.03157   0.03137   0.02031   0.14568   0.03785   0.18424   0.04162   8.60000   1.43259   1.05584   1.39709   0.83036  
 45  0.0183   2164.027171  x:  0.22231   0.00000   0.27112   0.02891   0.02941   0.12256   0.06446   0.01662   0.07942   0.15210   0.01356   0.20468   0.00000   0.22022   0.06810   0.05787   0.06214   0.03157   0.03134   0.02027   0.14568   0.03794   0.18414   0.04168   8.59274   1.43207   1.05574   1.39733   0.82949  
 46  0.0053   2164.027144  x:  0.22232   0.00000   0.27113   0.02891   0.02943   0.12254   0.06443   0.01663   0.07942   0.15224   0.01356   0.20464   0.00000   0.22023   0.06816   0.05792   0.06217   0.03158   0.03134   0.02026   0.14567   0.03795   0.18404   0.04167   8.59421   1.43223   1.05584   1.39744   0.82942  
 47  0.0008   2164.027138  x:  0.22236   0.00000   0.27106   0.02890   0.02943   0.12256   0.06443   0.01663   0.07943   0.15229   0.01356   0.20464   0.00000   0.22029   0.06815   0.05790   0.06217   0.03158   0.03134   0.02027   0.14565   0.03794   0.18404   0.04166   8.59441   1.43219   1.05577   1.39731   0.82941  
 48  0.0002   2164.027138  x:  0.22237   0.00000   0.27105   0.02890   0.02942   0.12256   0.06444   0.01663   0.07943   0.15229   0.01356   0.20464   0.00000   0.22029   0.06815   0.05791   0.06217   0.03158   0.03134   0.02027   0.14567   0.03794   0.18405   0.04166   8.59466   1.43217   1.05579   1.39734   0.82940  
 49  0.0002   2164.027138  x:  0.22237   0.00000   0.27105   0.02890   0.02942   0.12256   0.06444   0.01663   0.07943   0.15229   0.01356   0.20464   0.00000   0.22028   0.06815   0.05790   0.06217   0.03158   0.03134   0.02027   0.14567   0.03794   0.18405   0.04166   8.59467   1.43217   1.05578   1.39734   0.82940  
 50  0.0000   2164.027138  x:  0.22237   0.00000   0.27105   0.02890   0.02942   0.12256   0.06444   0.01663   0.07943   0.15229   0.01356   0.20464   0.00000   0.22029   0.06815   0.05790   0.06217   0.03158   0.03134   0.02027   0.14567   0.03794   0.18405   0.04166   8.59467   1.43217   1.05578   1.39734   0.82940  