

TREE # 1

  0  0.0000   2225.109478  x:  0.06041   0.00167   0.10509   0.00000   0.09457   0.06738   0.06439   0.05012   0.09083   0.08689   0.07324   0.13847   0.00843   0.08205   0.01772   0.05850   0.06606   0.04252   0.05561   0.05558   0.10370   0.05125   0.10432   0.07903   2.00000   1.67179   1.27059   1.54235   0.40000  
  1 99.0000   2203.458098  x:  0.07361   0.01974   0.13547   0.16681   0.09196   0.04323   0.08093   0.03566   0.08936   0.12708   0.06090   0.15184   0.02459   0.14598   0.00816   0.03857   0.05191   0.04995   0.03935   0.06594   0.10232   0.04286   0.11815   0.09223   2.00760   1.67006   1.27069   1.54340   0.43305  
  2 912.8910   2185.995401  x:  0.08123   0.00000   0.15627   0.15679   0.08383   0.02241   0.09093   0.02490   0.08615   0.14877   0.04041   0.16245   0.01110   0.17926   0.01684   0.02008   0.03974   0.05252   0.02705   0.07139   0.10170   0.03828   0.12782   0.09985   2.01715   1.66785   1.27143   1.54410   0.46862  
  3 322.1084   2176.680874  x:  0.08887   0.02693   0.18162   0.13440   0.07378   0.01479   0.09865   0.02887   0.08568   0.17172   0.01745   0.17545   0.01557   0.21338   0.00181   0.02155   0.03564   0.05268   0.03164   0.07483   0.10101   0.03237   0.13812   0.10749   2.03310   1.66441   1.27265   1.54534   0.51775  
  4 355.1083   2173.493169  x:  0.09276   0.04559   0.19717   0.12320   0.06840   0.01668   0.10223   0.03309   0.08636   0.18525   0.00641   0.18289   0.02022   0.23365   0.01637   0.02687   0.03600   0.05229   0.03657   0.07618   0.10076   0.03226   0.14373   0.11138   2.04452   1.66197   1.27358   1.54619   0.54977  
  5 788.9457   2169.598793  x:  0.09300   0.05060   0.22022   0.11259   0.06849   0.03954   0.10153   0.03321   0.09053   0.20135   0.03922   0.18895   0.01531   0.25993   0.01670   0.03112   0.04621   0.05061   0.03756   0.07438   0.10067   0.04454   0.14735   0.11163   2.07206   1.65629   1.27639   1.54757   0.60958  
  6 212.0355   2164.201552  x:  0.07016   0.03319   0.21349   0.12264   0.08149   0.03806   0.07118   0.03545   0.09927   0.18833   0.02509   0.17102   0.01638   0.25133   0.01285   0.04716   0.06038   0.04791   0.04253   0.05721   0.10228   0.04102   0.12430   0.08878   2.15992   1.63895   1.28787   1.55023   0.72318  
  7 96.5013   2159.421893  x:  0.07930   0.02901   0.18766   0.13049   0.08493   0.03576   0.09446   0.04234   0.09687   0.15456   0.02859   0.15233   0.03411   0.20948   0.01340   0.04239   0.04783   0.05612   0.03692   0.08195   0.10251   0.04564   0.11217   0.09792   2.28569   1.61643   1.30263   1.55399   0.83465  
  8 147.5103   2157.023596  x:  0.08830   0.03889   0.17210   0.13592   0.07837   0.03711   0.09432   0.02827   0.08909   0.14778   0.03201   0.16058   0.02296   0.18336   0.01600   0.03069   0.04402   0.04326   0.04313   0.06726   0.10116   0.03782   0.12906   0.10692   2.37607   1.60329   1.31072   1.55674   0.86707  
  9 107.3495   2154.563564  x:  0.08796   0.04216   0.16137   0.13998   0.07313   0.03585   0.08955   0.04408   0.08437   0.15590   0.02925   0.17655   0.00591   0.16930   0.01537   0.02954   0.04973   0.05912   0.03764   0.06443   0.10057   0.04639   0.14773   0.10658   2.50362   1.58795   1.31910   1.56099   0.87257  
 10 122.0863   2147.948928  x:  0.07682   0.02353   0.15133   0.13233   0.06946   0.02950   0.07341   0.04146   0.08467   0.18811   0.03470   0.21748   0.05254   0.16476   0.01385   0.04022   0.05485   0.06351   0.02058   0.07196   0.10075   0.04933   0.18751   0.09544   2.96121   1.53770   1.34508   1.57568   0.84835  
 11 287.4731   2141.598794  x:  0.07006   0.00000   0.16139   0.12991   0.07551   0.03024   0.09374   0.04470   0.09774   0.20464   0.03509   0.23001   0.05353   0.18918   0.01085   0.04589   0.04748   0.06281   0.07905   0.08289   0.10215   0.04450   0.18345   0.08868   3.45966   1.48894   1.36813   1.59092   0.80492  
 12 535.6496   2126.552228  x:  0.07246   0.00000   0.20263   0.11432   0.09250   0.02069   0.09624   0.02783   0.11404   0.19140   0.03799   0.18933   0.01166   0.24741   0.01812   0.02512   0.04112   0.04326   0.03843   0.08419   0.10480   0.04105   0.10027   0.09109   4.12971   1.43792   1.38787   1.60814   0.72986  
 13 476.1421   2125.102145  x:  0.08022   0.00000   0.21264   0.11202   0.09018   0.03014   0.09363   0.02438   0.10539   0.17954   0.03349   0.16323   0.01530   0.26245   0.01729   0.02301   0.04363   0.05885   0.03782   0.07129   0.10275   0.03832   0.10692   0.09884   4.22956   1.44194   1.38146   1.60850   0.71952  
 14 144.5871   2124.540804  x:  0.08245   0.00000   0.21749   0.11231   0.08689   0.02592   0.09298   0.03091   0.09780   0.17273   0.03480   0.15069   0.01393   0.26939   0.01689   0.02969   0.04305   0.05145   0.03754   0.06936   0.10171   0.04043   0.11483   0.10107   4.27535   1.45107   1.37261   1.60724   0.71611  
 15 102.8084   2123.890517  x:  0.07628   0.00000   0.21943   0.11261   0.08269   0.02713   0.08934   0.02509   0.09120   0.16560   0.03217   0.14676   0.01150   0.27182   0.01673   0.02535   0.04763   0.04916   0.03951   0.08104   0.10180   0.04456   0.12063   0.09490   4.31193   1.48719   1.34215   1.60065   0.71763  
 16 40.3501   2122.772828  x:  0.07428   0.00000   0.22038   0.11229   0.08402   0.03022   0.08932   0.03314   0.09344   0.16232   0.03467   0.15457   0.01318   0.27248   0.01777   0.02073   0.04120   0.04998   0.03830   0.07804   0.10303   0.03373   0.11700   0.09290   4.39624   1.56169   1.27898   1.58697   0.72121  
 17 101.1317   2122.235463  x:  0.07847   0.00000   0.21899   0.11210   0.08647   0.02709   0.09267   0.02738   0.09733   0.16445   0.03405   0.15895   0.01265   0.27084   0.01708   0.02932   0.04112   0.05285   0.03819   0.07333   0.10339   0.03810   0.11236   0.09709   4.44050   1.60032   1.24658   1.57975   0.72302  
 18 160.5604   2122.160689  x:  0.08006   0.00000   0.21804   0.11187   0.08763   0.02650   0.09348   0.02852   0.09900   0.16787   0.03299   0.15728   0.01405   0.26988   0.01687   0.02660   0.04451   0.05102   0.03892   0.07211   0.10288   0.04050   0.11147   0.09868   4.44776   1.60572   1.24289   1.57855   0.72321  
 19 27.5308   2122.114336  x:  0.08053   0.00000   0.21668   0.11165   0.08813   0.02757   0.09318   0.02818   0.10014   0.17391   0.03287   0.15281   0.01306   0.26803   0.01689   0.02732   0.04392   0.05056   0.03857   0.07374   0.10198   0.03881   0.11192   0.09915   4.45029   1.60937   1.24264   1.57727   0.72372  
 20  8.9827   2122.068810  x:  0.07955   0.00000   0.21644   0.11111   0.08683   0.02483   0.09260   0.02786   0.09957   0.17677   0.03491   0.15032   0.01371   0.26689   0.01741   0.02627   0.04208   0.05208   0.03931   0.07261   0.10225   0.03963   0.11159   0.09817   4.44865   1.61310   1.24497   1.57554   0.72484  
 21  6.0253   2121.511925  x:  0.07713   0.00000   0.21698   0.10987   0.07172   0.02810   0.10179   0.02756   0.09322   0.18278   0.03375   0.15109   0.01422   0.26676   0.01668   0.02794   0.04530   0.05091   0.03707   0.06849   0.10883   0.03844   0.10573   0.09575   4.48579   1.64993   1.28998   1.55683   0.73325  
 22 10.3490   2119.977840  x:  0.08815   0.00000   0.22269   0.10371   0.08214   0.02717   0.08876   0.02837   0.09845   0.17790   0.03166   0.16147   0.01162   0.27304   0.01645   0.02584   0.03967   0.05011   0.03860   0.07509   0.10553   0.04222   0.11167   0.10677   4.57287   1.75155   1.41407   1.51211   0.75970  
 23 71.7895   2119.624673  x:  0.08598   0.00000   0.22372   0.10150   0.08980   0.02163   0.09608   0.02700   0.10094   0.17552   0.03388   0.16174   0.01008   0.27406   0.01766   0.02620   0.04622   0.05197   0.03587   0.07396   0.10129   0.03672   0.11800   0.10460   4.58375   1.76975   1.43370   1.51232   0.76669  
 24 40.7466   2119.047268  x:  0.08030   0.00000   0.22313   0.09884   0.09798   0.02585   0.10574   0.02572   0.10279   0.17549   0.02944   0.16121   0.00914   0.27572   0.01691   0.02453   0.03865   0.04927   0.03072   0.06767   0.09781   0.04336   0.12543   0.09892   4.60640   1.78857   1.45086   1.53279   0.77765  
 25 31.1765   2109.749191  x:  0.10197   0.00000   0.21881   0.06241   0.09487   0.01568   0.10341   0.02143   0.07190   0.19862   0.03159   0.17629   0.00000   0.29399   0.01784   0.01682   0.03656   0.04632   0.02308   0.07156   0.11963   0.03716   0.13000   0.12059   5.04627   1.99567   1.61854   1.96366   0.93658  
 26 73.3304   2109.749191  x:  0.10197   0.00000   0.21881   0.06241   0.09487   0.01568   0.10341   0.02143   0.07190   0.19862   0.03159   0.17629   0.00000   0.29399   0.01784   0.01682   0.03656   0.04632   0.02308   0.07156   0.11963   0.03716   0.13000   0.12059   5.04627   1.99567   1.61854   1.96366   0.93658  
 27 147.3205   2106.080498  x:  0.09913   0.00000   0.22013   0.02961   0.08341   0.02168   0.10134   0.03329   0.08326   0.19730   0.02120   0.17873   0.00712   0.28933   0.00654   0.02557   0.03843   0.05135   0.03773   0.07315   0.11196   0.03515   0.13473   0.11775   5.04760   1.99370   1.61691   1.96288   0.94220  
 28 147.7395   2105.047864  x:  0.09737   0.00000   0.22087   0.01375   0.07816   0.01966   0.10023   0.03264   0.08743   0.19662   0.02075   0.18024   0.00527   0.28642   0.01281   0.02460   0.03852   0.05243   0.03739   0.07370   0.10809   0.03670   0.13666   0.11599   5.04848   1.99238   1.61588   1.96236   0.94577  
 29 159.2238   2104.756708  x:  0.09592   0.00000   0.22151   0.01037   0.07501   0.01781   0.09936   0.03049   0.09021   0.19620   0.02410   0.18166   0.00351   0.28331   0.00863   0.02220   0.03830   0.05256   0.03500   0.07402   0.10479   0.03619   0.13846   0.11453   5.04946   1.99089   1.61469   1.96181   0.94970  
 30 64.8962   2104.319983  x:  0.09158   0.00000   0.22369   0.01499   0.06646   0.01901   0.09690   0.02939   0.09897   0.19529   0.02712   0.18649   0.00515   0.27292   0.01020   0.02247   0.03837   0.05338   0.03334   0.07502   0.09488   0.03699   0.14462   0.11020   5.05305   1.98543   1.61035   1.95992   0.96384  
 31 57.0381   2103.937615  x:  0.08967   0.00000   0.22454   0.01638   0.06846   0.01744   0.09688   0.02944   0.09835   0.19500   0.01961   0.19166   0.00087   0.25900   0.00956   0.02214   0.03783   0.05078   0.03218   0.07421   0.09359   0.03603   0.14885   0.10829   5.05936   1.97589   1.60274   1.95664   0.98750  
 32 39.8097   2103.298719  x:  0.08907   0.00000   0.22604   0.01394   0.07731   0.01762   0.09819   0.02934   0.09242   0.19433   0.02177   0.20023   0.00809   0.23384   0.01026   0.02125   0.03751   0.04774   0.03204   0.07251   0.09701   0.03515   0.15526   0.10769   5.07324   1.95502   1.58611   1.94940   1.03815  
 33 125.1768   2102.978391  x:  0.09033   0.00000   0.22536   0.01391   0.07799   0.01990   0.09888   0.03043   0.09028   0.19414   0.02665   0.20153   0.00270   0.22751   0.01065   0.02385   0.03866   0.05215   0.03536   0.07330   0.10017   0.03667   0.15449   0.10895   5.08167   1.94262   1.57629   1.94491   1.06634  
 34 84.8241   2102.214698  x:  0.09664   0.00000   0.22106   0.01582   0.06830   0.01473   0.09942   0.02890   0.08963   0.19447   0.02358   0.19659   0.00585   0.23271   0.00998   0.02111   0.03917   0.06222   0.03491   0.07704   0.10632   0.03862   0.14535   0.11526   5.10643   1.90708   1.54845   1.93117   1.14218  
 35 89.1540   2101.659498  x:  0.09896   0.00000   0.21774   0.01477   0.06490   0.02376   0.09919   0.02814   0.09143   0.19508   0.02284   0.19037   0.00532   0.24445   0.01018   0.02048   0.03733   0.05758   0.02957   0.07710   0.10671   0.03576   0.13795   0.11758   5.12749   1.87757   1.52555   1.91905   1.20202  
 36 170.4325   2101.174100  x:  0.09768   0.00000   0.21611   0.01480   0.06721   0.01872   0.09842   0.03018   0.09416   0.19578   0.02590   0.18432   0.00420   0.25916   0.01083   0.02463   0.03731   0.04803   0.03259   0.07480   0.10264   0.03410   0.13440   0.11630   5.14642   1.85200   1.50590   1.90764   1.25050  
 37 156.3582   2100.989679  x:  0.09455   0.00000   0.21728   0.01478   0.07276   0.01957   0.09814   0.03007   0.09436   0.19628   0.02525   0.18249   0.00386   0.26792   0.01050   0.02046   0.03875   0.05003   0.03499   0.07307   0.09914   0.03736   0.13742   0.11317   5.15586   1.84063   1.49743   1.90125   1.26757  
 38 57.0221   2100.905332  x:  0.09263   0.00000   0.21943   0.01438   0.07504   0.01923   0.09834   0.02889   0.09292   0.19642   0.02477   0.18290   0.00399   0.27297   0.01030   0.02360   0.03826   0.05327   0.03263   0.07351   0.09859   0.03663   0.14141   0.11125   5.16244   1.83388   1.49268   1.89617   1.27365  
 39 32.9002   2100.807022  x:  0.09219   0.00000   0.22395   0.01471   0.07293   0.01901   0.09906   0.03187   0.09063   0.19612   0.02542   0.18598   0.00302   0.27781   0.01102   0.02177   0.03709   0.05306   0.03286   0.07509   0.10122   0.03401   0.14736   0.11081   5.17460   1.82326   1.48571   1.88578   1.27633  
 40 22.4879   2100.665128  x:  0.09374   0.00000   0.22962   0.01474   0.06998   0.01989   0.09951   0.02849   0.08931   0.19557   0.02491   0.19049   0.00251   0.28192   0.01014   0.02260   0.03892   0.04958   0.03441   0.07564   0.10455   0.03743   0.15254   0.11236   5.19565   1.80594   1.47457   1.86727   1.27666  
 41 44.7381   2099.869650  x:  0.10440   0.00000   0.24538   0.01482   0.07671   0.01857   0.09799   0.03261   0.10003   0.19356   0.02466   0.20392   0.00123   0.28380   0.00981   0.02336   0.03815   0.05262   0.02984   0.06680   0.10305   0.03943   0.14776   0.12302   5.33006   1.70018   1.40729   1.74733   1.26278  
 42 58.5149   2099.180297  x:  0.10275   0.00000   0.24877   0.01499   0.07908   0.01934   0.09794   0.02531   0.09882   0.19338   0.02381   0.20437   0.00170   0.28006   0.01130   0.02187   0.03745   0.05400   0.03616   0.07357   0.09952   0.03164   0.13992   0.12137   5.44666   1.61032   1.34942   1.64425   1.24842  
 43 219.4144   2098.603282  x:  0.09611   0.00000   0.24465   0.01483   0.07656   0.01915   0.09933   0.03089   0.09185   0.19428   0.02408   0.19769   0.00299   0.27434   0.00990   0.02257   0.03880   0.05206   0.03217   0.08023   0.09873   0.03834   0.13533   0.11473   5.54976   1.53275   1.29814   1.55501   1.23485  
 44 286.0032   2098.403565  x:  0.09420   0.00000   0.23601   0.01512   0.07289   0.01924   0.09955   0.02980   0.09175   0.19556   0.02440   0.19078   0.00313   0.27160   0.01026   0.02276   0.03799   0.05292   0.03274   0.07120   0.10288   0.03718   0.14117   0.11282   5.58735   1.50785   1.27895   1.52698   1.22953  
 45 68.7756   2098.340770  x:  0.09661   0.00000   0.22927   0.01508   0.07453   0.01907   0.09916   0.02999   0.09437   0.19634   0.02453   0.18903   0.00279   0.27111   0.01058   0.02254   0.03977   0.05247   0.03211   0.07422   0.10314   0.03655   0.14667   0.11523   5.60292   1.50185   1.27042   1.52140   1.22734  
 46 20.4381   2098.314148  x:  0.09733   0.00000   0.22676   0.01505   0.07472   0.01909   0.09914   0.02978   0.09410   0.19648   0.02463   0.18997   0.00275   0.27128   0.01044   0.02262   0.03678   0.05236   0.03264   0.07487   0.10228   0.03755   0.14768   0.11595   5.61158   1.50084   1.26565   1.52149   1.22627  
 47 14.5921   2098.199709  x:  0.09742   0.00000   0.21980   0.01491   0.07321   0.01921   0.09956   0.03001   0.08977   0.19634   0.02483   0.19767   0.00309   0.27260   0.01060   0.02266   0.03891   0.05266   0.03249   0.07287   0.09856   0.03663   0.14639   0.11604   5.65647   1.50046   1.24176   1.52866   1.22127  
 48 23.6406   2098.060444  x:  0.09356   0.00000   0.22149   0.01504   0.07437   0.01887   0.09913   0.02959   0.09510   0.19595   0.02476   0.19864   0.00340   0.27173   0.01053   0.02242   0.03850   0.05246   0.03216   0.07410   0.10499   0.03693   0.14338   0.11217   5.71723   1.50250   1.21449   1.54133   1.21576  
 49 35.2672   2097.919186  x:  0.09645   0.00000   0.23187   0.01496   0.07375   0.01891   0.09897   0.02963   0.09247   0.19580   0.02445   0.18717   0.00285   0.26786   0.01068   0.02237   0.03843   0.05228   0.03212   0.07381   0.10138   0.03662   0.14473   0.11507   5.78499   1.50597   1.19655   1.55539   1.21217  
 50 31.0674   2095.966712  x:  0.09455   0.00000   0.22367   0.01516   0.07378   0.01780   0.11416   0.02798   0.09308   0.19917   0.02575   0.18538   0.00187   0.26598   0.01092   0.02140   0.03817   0.05114   0.03050   0.07412   0.10085   0.03719   0.14380   0.11316   6.98745   1.56902   1.34366   1.72480   1.24163  
 51 18.1353   2095.754438  x:  0.09434   0.00000   0.22267   0.01518   0.07401   0.01785   0.09770   0.02840   0.09016   0.19863   0.02581   0.18547   0.00179   0.26612   0.01092   0.02133   0.03816   0.05107   0.03039   0.07430   0.10243   0.03723   0.14370   0.11296   7.10283   1.57962   1.35735   1.73745   1.24567  
 52 130.3123   2095.463897  x:  0.09453   0.00000   0.22249   0.01558   0.07460   0.01778   0.09963   0.02816   0.09003   0.19200   0.02590   0.18434   0.00133   0.26841   0.01113   0.02129   0.03823   0.05101   0.03016   0.07436   0.10269   0.03722   0.14430   0.11314   7.27551   1.65693   1.36551   1.70962   1.26675  
 53 15.9449   2095.447853  x:  0.09458   0.00000   0.22304   0.01548   0.07442   0.01777   0.09957   0.02816   0.09009   0.19850   0.02603   0.18477   0.00132   0.26842   0.01114   0.02130   0.03824   0.05101   0.03017   0.07436   0.10267   0.03722   0.14415   0.11320   7.28529   1.66152   1.36577   1.70775   1.26800  
 54  8.5390   2095.274892  x:  0.09613   0.00000   0.22916   0.01589   0.07594   0.01663   0.09930   0.02640   0.09016   0.19739   0.02604   0.19210   0.00042   0.26737   0.01265   0.02020   0.03795   0.05100   0.02944   0.07391   0.10146   0.03714   0.14379   0.11475   7.59724   1.61198   1.32155   1.65798   1.27280  
 55  0.2697   2095.259575  x:  0.09561   0.00000   0.22741   0.01591   0.07545   0.01710   0.09957   0.02717   0.09011   0.19795   0.02585   0.18983   0.00088   0.26544   0.01264   0.02056   0.03804   0.05117   0.02978   0.07412   0.10186   0.03711   0.14455   0.11423   7.70468   1.60651   1.31638   1.65873   1.27397  
 56  0.0916   2095.258866  x:  0.09562   0.00000   0.22736   0.01601   0.07546   0.01701   0.09964   0.02701   0.09003   0.19800   0.02597   0.18966   0.00076   0.26585   0.01248   0.02053   0.03805   0.05109   0.02963   0.07409   0.10194   0.03715   0.14450   0.11423   7.72615   1.60817   1.31791   1.66107   1.27463  
 57  0.0209   2095.258816  x:  0.09564   0.00000   0.22747   0.01597   0.07544   0.01701   0.09964   0.02703   0.09010   0.19797   0.02595   0.18976   0.00077   0.26597   0.01248   0.02053   0.03805   0.05110   0.02968   0.07408   0.10190   0.03716   0.14446   0.11426   7.73105   1.60865   1.31837   1.66140   1.27465  
 58  0.0053   2095.258815  x:  0.09564   0.00000   0.22747   0.01596   0.07545   0.01701   0.09964   0.02703   0.09009   0.19797   0.02595   0.18976   0.00077   0.26596   0.01248   0.02053   0.03805   0.05110   0.02967   0.07409   0.10189   0.03716   0.14445   0.11426   7.73141   1.60861   1.31837   1.66134   1.27452  
 59  0.0004   2095.258815  x:  0.09564   0.00000   0.22746   0.01596   0.07545   0.01701   0.09964   0.02703   0.09009   0.19797   0.02595   0.18976   0.00077   0.26596   0.01248   0.02053   0.03805   0.05110   0.02967   0.07409   0.10189   0.03716   0.14445   0.11426   7.73139   1.60860   1.31836   1.66133   1.27450  
 60  0.0000   2095.258815  x:  0.09564   0.00000   0.22746   0.01596   0.07545   0.01701   0.09964   0.02703   0.09009   0.19797   0.02595   0.18976   0.00077   0.26597   0.01248   0.02053   0.03805   0.05110   0.02967   0.07409   0.10189   0.03716   0.14445   0.11426   7.73137   1.60860   1.31836   1.66133   1.27450  
 61  0.0000   2095.258815  x:  0.09564   0.00000   0.22746   0.01596   0.07545   0.01701   0.09964   0.02703   0.09009   0.19797   0.02595   0.18976   0.00077   0.26597   0.01248   0.02053   0.03805   0.05110   0.02967   0.07409   0.10189   0.03716   0.14445   0.11426   7.73137   1.60860   1.31836   1.66133   1.27450  