

TREE # 1

  0  0.0000   2189.510935  x:  0.06964   0.00000   0.03321   0.05324   0.07314   0.06575   0.03866   0.03730   0.08764   0.07496   0.20584   0.16598   0.00448   0.05181   0.02141   0.05292   0.06956   0.04351   0.05230   0.07451   0.09743   0.05098   0.11565   0.08826   2.00000   1.48463   0.98478   1.50296   0.40000  
  1 99.0000   2189.508709  x:  0.06964   0.00000   0.03321   0.05324   0.07314   0.06575   0.03866   0.03730   0.08764   0.07496   0.20584   0.16598   0.00448   0.05181   0.02141   0.05292   0.06956   0.04351   0.05230   0.07451   0.09743   0.05098   0.11565   0.08826   2.00000   1.48463   0.98478   1.50296   0.40000  
  2 627.3506   2183.360244  x:  0.07290   0.00000   0.02498   0.05183   0.06825   0.05937   0.03614   0.02933   0.08570   0.07952   0.20896   0.16977   0.00000   0.05035   0.02084   0.04596   0.06981   0.04428   0.04796   0.07555   0.09523   0.04820   0.11863   0.09152   2.00222   1.48468   0.98537   1.50293   0.40426  
  3 425.9629   2176.177467  x:  0.07042   0.00000   0.00000   0.05114   0.05827   0.04915   0.04055   0.01721   0.08462   0.06910   0.21544   0.17488   0.00000   0.05299   0.02656   0.03423   0.06934   0.04175   0.04591   0.07498   0.09311   0.04920   0.11898   0.08903   2.00858   1.48461   0.98700   1.50322   0.41190  
  4 373.7484   2174.205506  x:  0.06466   0.00000   0.00000   0.06380   0.04596   0.04033   0.04648   0.01423   0.08620   0.06824   0.22254   0.17825   0.00000   0.04165   0.02333   0.02445   0.06936   0.04196   0.04922   0.07282   0.09209   0.05373   0.11643   0.08325   2.02042   1.48453   0.98938   1.50424   0.42147  
  5 163.9373   2171.844473  x:  0.05810   0.00000   0.00000   0.05932   0.02910   0.03044   0.05307   0.02195   0.09102   0.07851   0.23329   0.18118   0.00000   0.04853   0.01416   0.01671   0.07007   0.04510   0.05774   0.06963   0.09165   0.06175   0.11134   0.07665   2.04641   1.48445   0.99408   1.50677   0.43844  
  6 133.0452   2166.231382  x:  0.06721   0.00000   0.00000   0.06478   0.02430   0.01695   0.05818   0.03653   0.10449   0.10295   0.27002   0.19103   0.00000   0.05152   0.05253   0.02877   0.07228   0.04942   0.07734   0.06955   0.08979   0.07724   0.10653   0.08559   2.16379   1.48466   1.01463   1.51812   0.50529  
  7 139.8239   2149.960709  x:  0.08744   0.00000   0.00000   0.08425   0.08205   0.07679   0.04446   0.03422   0.11988   0.09801   0.35783   0.21650   0.00000   0.06729   0.02507   0.01213   0.07935   0.03973   0.09695   0.07274   0.07617   0.08841   0.12553   0.10526   2.55330   1.48651   1.08383   1.55332   0.69523  
  8 330.2820   2139.978519  x:  0.07806   0.00000   0.00000   0.09657   0.07447   0.07169   0.02476   0.01564   0.10247   0.08613   0.35854   0.20959   0.00000   0.07589   0.00419   0.05854   0.07463   0.05140   0.07611   0.07735   0.08273   0.06306   0.13352   0.09560   2.75053   1.49059   1.11604   1.56941   0.75183  
  9 317.6183   2129.765583  x:  0.05605   0.00000   0.00000   0.10886   0.06011   0.08968   0.01561   0.01166   0.07305   0.09905   0.32733   0.19021   0.00000   0.08489   0.01862   0.05567   0.06918   0.05727   0.03721   0.07721   0.09304   0.02452   0.14404   0.07327   2.96598   1.49759   1.14851   1.58608   0.78339  
 10 540.3636   2123.929943  x:  0.06579   0.00000   0.00000   0.11683   0.05162   0.08870   0.03864   0.00892   0.05659   0.10276   0.29425   0.17862   0.00000   0.08996   0.01653   0.05341   0.06633   0.05410   0.01261   0.07988   0.09734   0.02146   0.14875   0.08284   3.09077   1.50362   1.16477   1.59540   0.78511  
 11 513.4250   2118.336794  x:  0.07562   0.00000   0.00000   0.12316   0.04366   0.08180   0.03500   0.00085   0.04527   0.10265   0.25756   0.17118   0.00000   0.09427   0.01611   0.04424   0.06493   0.05071   0.02181   0.08318   0.09880   0.02446   0.15468   0.09253   3.19067   1.51000   1.17609   1.60231   0.77401  
 12 543.3988   2113.721051  x:  0.09085   0.00000   0.00000   0.13253   0.03246   0.06556   0.02372   0.00812   0.03040   0.09376   0.21085   0.16620   0.00000   0.09898   0.01506   0.02872   0.06305   0.04545   0.02819   0.08917   0.09804   0.02481   0.16608   0.10757   3.32016   1.51868   1.19064   1.61083   0.75917  
 13 2656.0021   2109.538243  x:  0.09721   0.00000   0.00000   0.13927   0.03302   0.04627   0.01252   0.00794   0.05473   0.08926   0.17551   0.16796   0.00000   0.10300   0.01419   0.01566   0.06403   0.04564   0.02128   0.09219   0.09432   0.02546   0.17348   0.11379   3.42151   1.52732   1.19957   1.61721   0.73536  
 14 522.4617   2107.396963  x:  0.09540   0.00000   0.00000   0.14150   0.04414   0.03090   0.01954   0.00834   0.05652   0.09047   0.16963   0.18102   0.00000   0.10497   0.01324   0.01116   0.06767   0.05083   0.02690   0.09390   0.08522   0.01521   0.18365   0.11192   3.47479   1.53457   1.20111   1.61969   0.70945  
 15 213.1923   2104.827526  x:  0.08933   0.00000   0.00000   0.14374   0.05574   0.01635   0.01824   0.00800   0.04901   0.09455   0.17260   0.20297   0.00000   0.10728   0.01377   0.00906   0.07234   0.05526   0.02246   0.09477   0.07113   0.02724   0.19959   0.10575   3.54403   1.54595   1.20076   1.62223   0.66608  
 16 360.9556   2101.074124  x:  0.09405   0.00000   0.00000   0.14822   0.03289   0.02586   0.01679   0.00771   0.05297   0.09600   0.19944   0.24516   0.00000   0.10932   0.01506   0.01543   0.07528   0.04543   0.02200   0.09282   0.05570   0.02336   0.22042   0.11034   3.64886   1.56815   1.19390   1.62431   0.58282  
 17 217.3629   2100.054328  x:  0.09815   0.00000   0.00000   0.14952   0.03187   0.02386   0.01459   0.00767   0.05226   0.09473   0.21699   0.25173   0.00000   0.10991   0.01454   0.01080   0.07058   0.04984   0.02149   0.09174   0.07560   0.02187   0.22204   0.11441   3.68162   1.57729   1.18827   1.62393   0.55450  
 18 113.6828   2099.832880  x:  0.09827   0.00000   0.00000   0.14970   0.03288   0.02117   0.01390   0.00773   0.05266   0.09529   0.22402   0.24048   0.00000   0.10999   0.01402   0.00942   0.06528   0.04604   0.02170   0.09630   0.07120   0.02082   0.22103   0.11452   3.69724   1.58677   1.17800   1.61961   0.55057  
 19 18.3976   2099.552643  x:  0.09913   0.00000   0.00000   0.14976   0.03058   0.02261   0.01479   0.00788   0.05401   0.09275   0.22792   0.22984   0.00000   0.10989   0.01466   0.00809   0.06986   0.05370   0.02221   0.09997   0.06807   0.02179   0.22526   0.11539   3.72434   1.60387   1.15917   1.61080   0.55022  
 20 37.4083   2098.965301  x:  0.09769   0.00000   0.00000   0.14922   0.03125   0.02016   0.01578   0.00803   0.05547   0.09363   0.22711   0.22352   0.00000   0.10957   0.01420   0.00978   0.07971   0.04507   0.02289   0.09399   0.07376   0.02216   0.23330   0.11395   3.78772   1.64249   1.11623   1.58945   0.55615  
 21 65.1016   2098.393893  x:  0.09756   0.00000   0.00000   0.14861   0.03278   0.02266   0.01657   0.00803   0.05535   0.09360   0.22017   0.23134   0.00000   0.10936   0.01434   0.01060   0.06535   0.04892   0.02318   0.08632   0.07289   0.02320   0.22779   0.11383   3.85395   1.67790   1.07629   1.56810   0.56368  
 22 78.8545   2098.067287  x:  0.09754   0.00000   0.00000   0.14844   0.03469   0.02412   0.01488   0.00773   0.05250   0.09384   0.21720   0.23888   0.00000   0.10932   0.01409   0.00989   0.07071   0.04873   0.02167   0.09411   0.07246   0.02216   0.20628   0.11382   3.89867   1.69175   1.06013   1.55689   0.56513  
 23 40.3978   2095.694402  x:  0.09534   0.00000   0.00000   0.14084   0.03719   0.02694   0.02252   0.00882   0.06091   0.09872   0.21968   0.23287   0.00000   0.10429   0.01485   0.01230   0.06520   0.04481   0.02704   0.11099   0.08050   0.02868   0.18067   0.11177   4.34305   1.65082   1.11064   1.49968   0.54458  
 24 19.4946   2095.004661  x:  0.09893   0.00000   0.00000   0.13922   0.03977   0.02522   0.02097   0.00884   0.05969   0.09784   0.22396   0.22388   0.00000   0.10319   0.01505   0.01179   0.07059   0.04694   0.02671   0.08941   0.07435   0.02752   0.16336   0.11540   4.46235   1.63585   1.12075   1.49151   0.53648  
 25 142.3546   2094.102105  x:  0.09859   0.00000   0.00000   0.13697   0.03960   0.02508   0.02203   0.00891   0.06071   0.09755   0.22365   0.22184   0.00000   0.10174   0.01520   0.01164   0.06981   0.04578   0.02722   0.08998   0.07455   0.02825   0.15652   0.11509   4.62046   1.57304   1.06276   1.58428   0.53371  
 26 17.1210   2087.885486  x:  0.11295   0.00000   0.00000   0.15879   0.03751   0.02045   0.02491   0.00929   0.06936   0.11521   0.25382   0.22715   0.00000   0.12026   0.01812   0.01469   0.06880   0.04948   0.02728   0.08759   0.07687   0.03092   0.13107   0.12883   4.94369   1.99752   1.33079   1.98933   0.65705  
 27  1.0800   2082.286777  x:  0.12512   0.00000   0.00000   0.18216   0.03103   0.01569   0.02676   0.00929   0.07706   0.13233   0.28987   0.23495   0.00000   0.13931   0.02097   0.01425   0.07327   0.05159   0.02688   0.08459   0.07696   0.03273   0.14656   0.14035   5.16471   1.56369   1.09064   1.57837   0.74228  
 28  4.9010   2081.142502  x:  0.12030   0.00000   0.00000   0.18389   0.02815   0.02382   0.02729   0.00867   0.07531   0.14302   0.28997   0.23803   0.00000   0.14239   0.02045   0.00775   0.07590   0.04505   0.02541   0.07669   0.07652   0.03479   0.16397   0.13544   5.43955   1.60882   1.12602   1.62311   0.75888  
 29  0.8371   2079.586719  x:  0.11356   0.00000   0.00000   0.19359   0.02467   0.02096   0.02520   0.00733   0.07182   0.15275   0.29396   0.23601   0.00000   0.15328   0.02042   0.01548   0.07423   0.05464   0.02222   0.08487   0.07160   0.03387   0.18589   0.12833   6.07770   1.70105   1.17389   1.69614   0.76536  
 30  0.9932   2078.711210  x:  0.11144   0.00000   0.00000   0.21094   0.02183   0.01915   0.02629   0.00622   0.06957   0.15780   0.28451   0.24644   0.00000   0.16968   0.02013   0.01286   0.07219   0.05025   0.02311   0.08793   0.07064   0.03429   0.16064   0.12555   6.47781   1.66750   1.13440   1.62685   0.75900  
 31  0.4043   2078.553157  x:  0.11045   0.00000   0.00000   0.21064   0.02873   0.01915   0.02534   0.00614   0.06817   0.15696   0.28538   0.24273   0.00000   0.17146   0.01972   0.01235   0.07305   0.05090   0.02477   0.08567   0.07191   0.03417   0.16184   0.12451   6.65602   1.65235   1.13730   1.62300   0.76188  
 32  0.2169   2078.453964  x:  0.11203   0.00000   0.00000   0.20724   0.02613   0.01816   0.02453   0.00592   0.06786   0.15122   0.28283   0.24080   0.00000   0.17089   0.01922   0.01151   0.07315   0.05030   0.02552   0.08397   0.07338   0.03299   0.16421   0.12616   6.86015   1.65570   1.14924   1.63877   0.76629  
 33  0.1808   2078.422034  x:  0.11320   0.00000   0.00000   0.20677   0.02612   0.02014   0.02456   0.00588   0.06812   0.14853   0.28291   0.23933   0.00000   0.17224   0.01903   0.01165   0.07303   0.05012   0.02514   0.08632   0.07332   0.03293   0.16352   0.12731   6.92350   1.65752   1.14272   1.63657   0.76483  
 34  0.0553   2078.411799  x:  0.11410   0.00000   0.00000   0.20676   0.02676   0.01943   0.02484   0.00595   0.06865   0.14707   0.28300   0.24065   0.00000   0.17383   0.01908   0.01183   0.07292   0.05009   0.02466   0.08581   0.07265   0.03298   0.16381   0.12818   6.93643   1.66345   1.14124   1.63730   0.76206  
 35  0.0102   2078.404498  x:  0.11394   0.00000   0.00000   0.20481   0.02682   0.01945   0.02501   0.00614   0.06889   0.14664   0.28358   0.24181   0.00000   0.17531   0.01911   0.01190   0.07310   0.05025   0.02466   0.08588   0.07250   0.03313   0.16440   0.12803   6.93441   1.65333   1.14284   1.63015   0.76333  
 36  0.0044   2078.397975  x:  0.11331   0.00000   0.00000   0.20291   0.02671   0.01955   0.02506   0.00625   0.06863   0.14710   0.28304   0.24085   0.00000   0.17738   0.01908   0.01177   0.07309   0.05010   0.02482   0.08574   0.07268   0.03324   0.16372   0.12739   6.91504   1.66141   1.14442   1.63826   0.76281  
 37  0.0102   2078.396946  x:  0.11347   0.00000   0.00000   0.20250   0.02665   0.01950   0.02490   0.00616   0.06845   0.14740   0.28319   0.24055   0.00000   0.17773   0.01907   0.01181   0.07297   0.05021   0.02468   0.08577   0.07273   0.03311   0.16387   0.12756   6.90969   1.65903   1.14135   1.63455   0.76336  
 38  0.0052   2078.396721  x:  0.11367   0.00000   0.00000   0.20244   0.02669   0.01948   0.02484   0.00609   0.06847   0.14748   0.28313   0.24074   0.00000   0.17783   0.01908   0.01180   0.07300   0.05016   0.02475   0.08588   0.07278   0.03306   0.16382   0.12775   6.90526   1.65945   1.14240   1.63560   0.76312  
 39  0.0029   2078.396699  x:  0.11366   0.00000   0.00000   0.20242   0.02670   0.01951   0.02485   0.00608   0.06852   0.14747   0.28311   0.24070   0.00000   0.17784   0.01908   0.01181   0.07300   0.05016   0.02476   0.08579   0.07274   0.03307   0.16384   0.12775   6.90426   1.65941   1.14240   1.63551   0.76301  
 40  0.0006   2078.396694  x:  0.11363   0.00000   0.00000   0.20241   0.02670   0.01950   0.02486   0.00607   0.06854   0.14745   0.28311   0.24070   0.00000   0.17783   0.01908   0.01180   0.07301   0.05016   0.02476   0.08582   0.07275   0.03308   0.16385   0.12772   6.90416   1.65940   1.14234   1.63545   0.76302  
 41  0.0001   2078.396694  x:  0.11363   0.00000   0.00000   0.20240   0.02670   0.01950   0.02486   0.00607   0.06854   0.14745   0.28312   0.24071   0.00000   0.17783   0.01908   0.01180   0.07300   0.05016   0.02476   0.08582   0.07275   0.03308   0.16384   0.12772   6.90428   1.65940   1.14235   1.63548   0.76304  
 42  0.0001   2078.396694  x:  0.11363   0.00000   0.00000   0.20240   0.02670   0.01950   0.02486   0.00607   0.06854   0.14745   0.28312   0.24071   0.00000   0.17783   0.01908   0.01180   0.07300   0.05016   0.02476   0.08582   0.07275   0.03308   0.16384   0.12772   6.90429   1.65940   1.14235   1.63548   0.76304  
 43  0.0000   2078.396694  x:  0.11363   0.00000   0.00000   0.20240   0.02670   0.01950   0.02486   0.00607   0.06854   0.14745   0.28312   0.24071   0.00000   0.17783   0.01908   0.01180   0.07300   0.05016   0.02476   0.08582   0.07275   0.03308   0.16384   0.12772   6.90428   1.65940   1.14235   1.63548   0.76304  
 44  0.0000   2078.396694  x:  0.11363   0.00000   0.00000   0.20240   0.02670   0.01950   0.02486   0.00607   0.06854   0.14745   0.28312   0.24071   0.00000   0.17783   0.01908   0.01180   0.07300   0.05016   0.02476   0.08582   0.07275   0.03308   0.16384   0.12772   6.90428   1.65940   1.14235   1.63548   0.76304  