

TREE # 1

  0  0.0000   2118.733044  x:  0.20925   0.02571   0.03211   0.02495   0.05815   0.02188   0.05666   0.08536   0.02661   0.17168   0.20925   0.02571   0.03211   0.02495   0.05815   0.02188   0.05666   0.08536   0.02661   0.17168   0.21568   8.40433   1.64419   1.04491   1.35616   1.00000  
  1 99.0000   2099.279210  x:  0.21255   0.02089   0.03068   0.02905   0.06007   0.09884   0.07673   0.12338   0.03679   0.16977   0.20944   0.07085   0.05394   0.04342   0.05798   0.05590   0.06837   0.09206   0.04808   0.16643   0.21284   8.40434   1.64454   1.04356   1.35880   1.00038  
  2 533.1834   2095.649999  x:  0.22022   0.01286   0.02328   0.02001   0.05455   0.09207   0.09838   0.17697   0.04006   0.16500   0.20930   0.07057   0.05477   0.03297   0.05702   0.04226   0.08347   0.10183   0.04183   0.15315   0.20555   8.40437   1.64549   1.04140   1.36530   1.00141  
  3 115.4001   2095.185384  x:  0.22290   0.02092   0.02627   0.02686   0.05514   0.08810   0.10023   0.18814   0.04031   0.16349   0.20935   0.06971   0.05422   0.03449   0.05720   0.04305   0.08432   0.10266   0.04184   0.14885   0.20297   8.40440   1.64598   1.04049   1.36831   1.00191  
  4 79.7258   2094.954650  x:  0.22636   0.01746   0.02687   0.02804   0.05722   0.08339   0.09676   0.19512   0.03710   0.16174   0.20951   0.06871   0.05327   0.03917   0.05770   0.04842   0.08098   0.10133   0.04415   0.14392   0.19951   8.40445   1.64690   1.03903   1.37371   1.00280  
  5 37.3189   2094.867880  x:  0.22931   0.01959   0.02644   0.02465   0.05785   0.08368   0.09288   0.19705   0.03824   0.16062   0.20959   0.06887   0.05327   0.03845   0.05758   0.04859   0.07764   0.10023   0.04514   0.14101   0.19682   8.40451   1.64807   1.03747   1.38016   1.00389  
  6 21.9955   2094.782157  x:  0.23315   0.01792   0.02621   0.02746   0.05752   0.08587   0.08940   0.19708   0.03891   0.15948   0.20961   0.06906   0.05357   0.03626   0.05730   0.04595   0.07551   0.09937   0.04433   0.13857   0.19355   8.40463   1.65031   1.03485   1.39182   1.00590  
  7 24.1008   2094.600904  x:  0.24022   0.01830   0.02842   0.02586   0.05486   0.08731   0.09072   0.19282   0.03663   0.15830   0.20960   0.06840   0.05407   0.03955   0.05758   0.04516   0.08009   0.09905   0.04067   0.13771   0.18852   8.40502   1.65775   1.02772   1.42738   1.01212  
  8 27.0482   2094.462463  x:  0.24213   0.01872   0.02495   0.02668   0.05691   0.08509   0.09492   0.19010   0.03768   0.15860   0.20971   0.06843   0.05399   0.03686   0.05733   0.04799   0.08153   0.09965   0.04405   0.13971   0.18837   8.40540   1.66503   1.02314   1.45788   1.01760  
  9 44.4055   2094.385101  x:  0.23826   0.01778   0.02883   0.02608   0.05841   0.08436   0.09621   0.19146   0.03820   0.15967   0.20936   0.06962   0.05344   0.03665   0.05703   0.04684   0.07857   0.10033   0.04505   0.14194   0.19235   8.40573   1.67113   1.02305   1.47708   1.02131  
 10 26.8959   2094.318234  x:  0.23225   0.01865   0.02602   0.02645   0.05749   0.08482   0.09467   0.19378   0.03711   0.16059   0.20870   0.06971   0.05305   0.03867   0.05719   0.04602   0.07642   0.10056   0.04327   0.14322   0.19695   8.40609   1.67794   1.02567   1.49387   1.02480  
 11 30.8341   2094.277614  x:  0.22759   0.01842   0.02685   0.02647   0.05602   0.08526   0.09209   0.19471   0.03781   0.16036   0.20826   0.06777   0.05375   0.03703   0.05736   0.04802   0.07876   0.09988   0.04314   0.14203   0.19837   8.40646   1.68467   1.03158   1.50406   1.02731  
 12 15.8470   2094.217114  x:  0.22338   0.01849   0.02655   0.02638   0.05827   0.08517   0.09200   0.19381   0.03772   0.15907   0.20813   0.06806   0.05416   0.03843   0.05694   0.04535   0.08127   0.09860   0.04564   0.13909   0.19649   8.40726   1.69929   1.04742   1.51845   1.03148  
 13 16.0814   2094.105771  x:  0.22166   0.01860   0.02662   0.02631   0.05814   0.08487   0.09592   0.19208   0.03714   0.15770   0.20830   0.07037   0.05227   0.03701   0.05725   0.04735   0.07825   0.09935   0.04244   0.13725   0.19180   8.40894   1.73015   1.08095   1.54401   1.03931  
 14 36.6752   2094.033593  x:  0.22672   0.01828   0.02664   0.02657   0.05527   0.08414   0.09536   0.19286   0.03857   0.15932   0.20896   0.06891   0.05482   0.03846   0.05758   0.04697   0.07704   0.10122   0.04432   0.14141   0.19196   8.41021   1.75320   1.10337   1.55988   1.04418  
 15 32.2973   2094.003737  x:  0.23045   0.01856   0.02675   0.02636   0.05752   0.08520   0.09398   0.19387   0.03698   0.16060   0.20918   0.06805   0.05363   0.03776   0.05722   0.04702   0.07826   0.10129   0.04397   0.14353   0.19396   8.41084   1.76427   1.11197   1.56594   1.04594  
 16 23.4863   2093.994018  x:  0.23191   0.01830   0.02666   0.02645   0.05744   0.08476   0.09390   0.19370   0.03825   0.16072   0.20899   0.06903   0.05280   0.03810   0.05742   0.04709   0.07886   0.10007   0.04351   0.14259   0.19604   8.41122   1.77013   1.11326   1.56726   1.04608  
 17  6.3703   2093.984448  x:  0.23271   0.01852   0.02672   0.02641   0.05680   0.08451   0.09435   0.19332   0.03702   0.16044   0.20875   0.06962   0.05375   0.03748   0.05737   0.04698   0.07870   0.09944   0.04381   0.14110   0.19786   8.41175   1.77756   1.11328   1.56804   1.04585  
 18  8.4374   2093.970326  x:  0.23209   0.01838   0.02665   0.02637   0.05778   0.08509   0.09485   0.19302   0.03769   0.15958   0.20868   0.06790   0.05445   0.03795   0.05711   0.04711   0.07812   0.10068   0.04324   0.14037   0.19779   8.41283   1.79099   1.11138   1.56851   1.04487  
 19  7.8532   2093.961497  x:  0.23103   0.01843   0.02669   0.02639   0.05700   0.08516   0.09436   0.19330   0.03743   0.15946   0.20885   0.06830   0.05301   0.03784   0.05742   0.04695   0.07837   0.10097   0.04398   0.14136   0.19627   8.41365   1.79992   1.10973   1.56869   1.04397  
 20 10.0199   2093.959806  x:  0.23070   0.01843   0.02668   0.02639   0.05723   0.08478   0.09410   0.19350   0.03747   0.15983   0.20882   0.06886   0.05357   0.03775   0.05721   0.04701   0.07854   0.10046   0.04359   0.14194   0.19563   8.41393   1.80166   1.10939   1.56875   1.04362  
 21  3.2359   2093.959578  x:  0.23066   0.01843   0.02668   0.02639   0.05724   0.08486   0.09425   0.19356   0.03747   0.16009   0.20881   0.06868   0.05360   0.03774   0.05738   0.04699   0.07846   0.10011   0.04359   0.14197   0.19551   8.41414   1.80184   1.10938   1.56882   1.04335  
 22  0.6565   2093.959129  x:  0.23065   0.01843   0.02667   0.02639   0.05713   0.08490   0.09432   0.19356   0.03748   0.16052   0.20879   0.06858   0.05349   0.03777   0.05694   0.04701   0.07843   0.10006   0.04364   0.14182   0.19544   8.41503   1.80199   1.10951   1.56914   1.04220  
 23  0.5466   2093.957314  x:  0.23066   0.01841   0.02666   0.02637   0.05724   0.08473   0.09415   0.19351   0.03747   0.16123   0.20871   0.06876   0.05354   0.03773   0.05739   0.04696   0.07854   0.10068   0.04360   0.14138   0.19536   8.41905   1.80243   1.11012   1.57056   1.03719  
 24  2.7157   2093.955362  x:  0.23074   0.01840   0.02665   0.02635   0.05720   0.08470   0.09424   0.19367   0.03746   0.15991   0.20867   0.06864   0.05355   0.03770   0.05727   0.04693   0.07852   0.10026   0.04357   0.14188   0.19551   8.42364   1.80280   1.11079   1.57203   1.03216  
 25  3.6468   2093.940938  x:  0.23080   0.01822   0.02650   0.02612   0.05710   0.08392   0.09432   0.19446   0.03744   0.15971   0.21481   0.06835   0.05370   0.03742   0.05725   0.04651   0.07871   0.10000   0.04303   0.14121   0.19553   8.47078   1.80470   1.11136   1.57577   1.03439  
 26  0.5528   2093.881338  x:  0.23240   0.01746   0.02592   0.02520   0.05674   0.08082   0.09462   0.19759   0.03742   0.15914   0.20891   0.06675   0.05315   0.03643   0.05717   0.04480   0.07936   0.10050   0.04255   0.14009   0.19361   8.66245   1.81225   1.11363   1.59000   1.04683  
 27 23.2660   2093.875285  x:  0.23175   0.01760   0.02620   0.02530   0.05676   0.07936   0.09449   0.19555   0.03723   0.15957   0.20874   0.06603   0.05283   0.03654   0.05719   0.04472   0.07902   0.10056   0.04239   0.14090   0.19463   8.68486   1.80970   1.11178   1.58560   1.04620  
 28  0.0122   2093.874856  x:  0.23194   0.01766   0.02612   0.02535   0.05680   0.07930   0.09420   0.19508   0.03723   0.15943   0.20884   0.06597   0.05283   0.03648   0.05719   0.04464   0.07896   0.10042   0.04242   0.14066   0.19424   8.66771   1.81008   1.11227   1.58613   1.04605  
 29  0.0132   2093.874837  x:  0.23192   0.01765   0.02613   0.02534   0.05679   0.07925   0.09422   0.19512   0.03723   0.15944   0.20881   0.06596   0.05283   0.03648   0.05719   0.04464   0.07896   0.10043   0.04240   0.14067   0.19427   8.66258   1.81027   1.11233   1.58653   1.04606  
 30  0.0038   2093.874837  x:  0.23192   0.01765   0.02613   0.02534   0.05679   0.07925   0.09423   0.19512   0.03723   0.15944   0.20881   0.06595   0.05282   0.03648   0.05719   0.04464   0.07896   0.10043   0.04240   0.14067   0.19427   8.66223   1.81023   1.11230   1.58646   1.04604  
 31  0.0003   2093.874837  x:  0.23192   0.01765   0.02613   0.02534   0.05679   0.07925   0.09423   0.19513   0.03723   0.15944   0.20881   0.06595   0.05282   0.03648   0.05719   0.04464   0.07896   0.10043   0.04240   0.14067   0.19427   8.66220   1.81022   1.11230   1.58645   1.04604  
 32  0.0000   2093.874837  x:  0.23192   0.01765   0.02613   0.02534   0.05679   0.07925   0.09423   0.19513   0.03723   0.15944   0.20881   0.06595   0.05282   0.03648   0.05719   0.04464   0.07896   0.10043   0.04240   0.14067   0.19427   8.66220   1.81022   1.11230   1.58645   1.04604  
 33  0.0000   2093.874837  x:  0.23192   0.01765   0.02613   0.02534   0.05679   0.07925   0.09423   0.19513   0.03723   0.15944   0.20881   0.06595   0.05282   0.03648   0.05719   0.04464   0.07896   0.10043   0.04240   0.14067   0.19427   8.66220   1.81022   1.11230   1.58645   1.04604  
 34  0.0000   2093.874837  x:  0.23192   0.01765   0.02613   0.02534   0.05679   0.07925   0.09423   0.19513   0.03723   0.15944   0.20881   0.06595   0.05282   0.03648   0.05719   0.04464   0.07896   0.10043   0.04240   0.14067   0.19427   8.66220   1.81022   1.11230   1.58645   1.04604  