

TREE # 1

  0  0.0000   1892.402840  x:  0.01972   0.20925   0.02571   0.03211   0.02495   0.05815   0.02188   0.05666   0.08536   0.02661   0.17168   0.01972   0.20925   0.02571   0.03211   0.02495   0.05815   0.02188   0.05666   0.08536   0.02661   0.17168   0.21568   8.40433   1.87294   1.33745   1.45422   1.00000  
  1 99.0000   1879.696200  x:  0.00096   0.21263   0.02174   0.01131   0.02274   0.06959   0.01830   0.06749   0.09182   0.02116   0.17072   0.00000   0.21306   0.01472   0.03089   0.01442   0.05544   0.02481   0.04949   0.08657   0.02230   0.16901   0.21795   8.40448   1.87162   1.33691   1.45671   0.99934  
  2 319.7373   1879.367705  x:  0.00000   0.21278   0.02178   0.01025   0.02276   0.06972   0.01836   0.06761   0.09199   0.02123   0.17066   0.00000   0.21322   0.01473   0.03092   0.01452   0.05538   0.02473   0.04931   0.08660   0.02239   0.16889   0.21805   8.40449   1.87155   1.33688   1.45684   0.99931  
  3 530.7131   1877.648330  x:  0.00000   0.21402   0.02197   0.00000   0.02279   0.06957   0.01803   0.06744   0.09262   0.02122   0.17015   0.00000   0.21448   0.01518   0.03092   0.01430   0.05524   0.02482   0.04876   0.08678   0.02233   0.16792   0.21896   8.40456   1.87092   1.33656   1.45808   0.99900  
  4 1805.6611   1876.474947  x:  0.00000   0.23455   0.02289   0.00000   0.02443   0.06676   0.02440   0.06371   0.09463   0.01676   0.16006   0.00000   0.23470   0.00743   0.02985   0.01824   0.05546   0.02553   0.04835   0.08775   0.01803   0.15094   0.23330   8.40593   1.85857   1.33003   1.48237   0.99294  
  5 173.6879   1875.597144  x:  0.00000   0.25022   0.01728   0.00000   0.02253   0.07347   0.03032   0.06970   0.08594   0.01659   0.14893   0.00000   0.24977   0.01093   0.02996   0.01584   0.05744   0.02462   0.05677   0.08581   0.02259   0.13608   0.24261   8.40753   1.84507   1.32243   1.50929   0.98603  
  6 119.3644   1875.252460  x:  0.00000   0.25465   0.02157   0.00000   0.02232   0.07674   0.02704   0.07315   0.08141   0.02244   0.14349   0.00000   0.25382   0.00852   0.03061   0.01580   0.05790   0.02367   0.06027   0.08429   0.02265   0.13102   0.24410   8.40846   1.83795   1.31826   1.52364   0.98219  
  7 96.9643   1874.860686  x:  0.00000   0.25445   0.02273   0.00000   0.02319   0.07971   0.02062   0.07721   0.08029   0.01774   0.13681   0.00000   0.25324   0.00972   0.03194   0.02242   0.05646   0.02265   0.05981   0.08260   0.02143   0.12890   0.24010   8.41013   1.82668   1.31129   1.54676   0.97565  
  8 56.6335   1873.624737  x:  0.00000   0.24474   0.01921   0.00000   0.02341   0.07915   0.02604   0.07878   0.09026   0.02155   0.12056   0.00000   0.24283   0.00898   0.03064   0.02074   0.05099   0.02436   0.04763   0.08099   0.02320   0.12951   0.21952   8.41676   1.78490   1.28524   1.63283   0.95056  
  9 94.2947   1873.345119  x:  0.00000   0.24228   0.02230   0.00000   0.02258   0.08072   0.02715   0.07820   0.09204   0.01899   0.12724   0.00000   0.24106   0.00868   0.03138   0.01820   0.05354   0.01900   0.04613   0.08403   0.02452   0.13110   0.21784   8.41869   1.77482   1.27926   1.65379   0.94392  
 10 67.0493   1873.068353  x:  0.00000   0.23961   0.02321   0.00000   0.02265   0.08413   0.02759   0.07877   0.09362   0.01943   0.14118   0.00000   0.23990   0.00895   0.03215   0.02010   0.05630   0.02376   0.04513   0.08840   0.02553   0.13411   0.21886   8.42119   1.76361   1.27302   1.67723   0.93594  
 11 87.6388   1872.978664  x:  0.00000   0.23874   0.01976   0.00000   0.02320   0.08405   0.02623   0.07920   0.09392   0.02141   0.14680   0.00000   0.23987   0.00862   0.03111   0.02123   0.05458   0.02202   0.04504   0.08839   0.02427   0.13609   0.22092   8.42229   1.76012   1.27160   1.68459   0.93292  
 12 41.5582   1872.946015  x:  0.00000   0.23806   0.02074   0.00000   0.02335   0.08329   0.02675   0.08030   0.09384   0.02086   0.14870   0.00000   0.23989   0.00867   0.03089   0.02088   0.05151   0.02220   0.04525   0.08595   0.02487   0.13830   0.22353   8.42326   1.75893   1.27210   1.68720   0.93093  
 13 13.7582   1872.930742  x:  0.00000   0.23727   0.02055   0.00000   0.02235   0.08310   0.02687   0.08074   0.09408   0.02100   0.14822   0.00000   0.23973   0.00863   0.03198   0.02107   0.05271   0.02215   0.04455   0.08457   0.02461   0.14026   0.22613   8.42461   1.75861   1.27394   1.68813   0.92870  
 14  6.9352   1872.917161  x:  0.00000   0.23636   0.02060   0.00000   0.02387   0.08360   0.02690   0.08094   0.09432   0.02098   0.14725   0.00000   0.23943   0.00873   0.03125   0.02094   0.05378   0.02211   0.04435   0.08462   0.02471   0.14171   0.22842   8.42645   1.75855   1.27665   1.68871   0.92587  
 15 10.2887   1872.893074  x:  0.00000   0.23500   0.02069   0.00000   0.02267   0.08469   0.02666   0.08031   0.09483   0.02096   0.14578   0.00000   0.23879   0.00848   0.03025   0.02142   0.05288   0.02208   0.04494   0.08701   0.02541   0.14244   0.23098   8.43073   1.75893   1.28303   1.68926   0.91969  
 16 11.6962   1872.865167  x:  0.00000   0.23427   0.02059   0.00000   0.02350   0.08525   0.02721   0.08046   0.09482   0.02111   0.14557   0.00000   0.23830   0.00876   0.03256   0.02113   0.05156   0.02199   0.04497   0.08858   0.02444   0.14128   0.23165   8.43659   1.75989   1.29144   1.68960   0.91177  
 17 17.8479   1872.801559  x:  0.00000   0.23489   0.02043   0.00000   0.02336   0.08439   0.02695   0.08207   0.09490   0.02100   0.14771   0.00000   0.23840   0.00832   0.03156   0.02141   0.05235   0.02202   0.04296   0.08666   0.02554   0.13678   0.22921   8.45107   1.76302   1.31093   1.69007   0.89370  
 18 26.0091   1872.788022  x:  0.00000   0.23607   0.02081   0.00000   0.02304   0.08520   0.02746   0.08223   0.09612   0.02118   0.14800   0.00000   0.23927   0.00895   0.03096   0.02161   0.05255   0.02190   0.04379   0.08594   0.02440   0.13745   0.22775   8.45476   1.76435   1.31450   1.69033   0.89044  
 19 12.5445   1872.772946  x:  0.00000   0.23812   0.02042   0.00000   0.02342   0.08576   0.02694   0.08164   0.09722   0.02116   0.14807   0.00000   0.24087   0.00840   0.03168   0.02155   0.05256   0.02193   0.04471   0.08556   0.02538   0.13948   0.22583   8.45952   1.76652   1.31773   1.69082   0.88761  
 20 13.6214   1872.754073  x:  0.00000   0.24037   0.02055   0.00000   0.02325   0.08589   0.02718   0.08190   0.09527   0.02116   0.14787   0.00000   0.24281   0.00852   0.03143   0.02156   0.05216   0.02192   0.04284   0.08674   0.02518   0.14219   0.22424   8.46669   1.77063   1.31998   1.69184   0.88600  
 21  8.4566   1872.600404  x:  0.00000   0.24225   0.02065   0.00000   0.02299   0.08171   0.02708   0.09036   0.09954   0.02138   0.14644   0.00000   0.24656   0.00826   0.03156   0.02166   0.05271   0.02173   0.04367   0.09111   0.02566   0.14116   0.22589   8.53628   1.81481   1.32454   1.70395   0.88885  
 22  8.8953   1872.324714  x:  0.00000   0.24328   0.02055   0.00000   0.02314   0.09087   0.02667   0.08699   0.10313   0.02173   0.14520   0.00000   0.25029   0.00824   0.03184   0.02178   0.05075   0.02142   0.03903   0.08757   0.02618   0.13427   0.23128   8.66199   1.89285   1.33205   1.72598   0.89664  
 23 96.1759   1871.932782  x:  0.00000   0.26378   0.02030   0.00000   0.02308   0.09174   0.02503   0.08823   0.10601   0.02169   0.14487   0.00000   0.23540   0.00847   0.03165   0.02020   0.05037   0.02169   0.03766   0.08853   0.02586   0.13295   0.23703   8.86788   1.90825   1.38668   1.76936   0.95070  
 24  7.5636   1871.493858  x:  0.00000   0.24998   0.02005   0.00000   0.02295   0.09165   0.02272   0.08793   0.10741   0.02131   0.14368   0.00000   0.26036   0.00865   0.03152   0.01765   0.05029   0.02225   0.03714   0.08857   0.02489   0.13008   0.23581   9.10232   1.91848   1.44387   1.81589   1.00508  
 25 65.3166   1870.439779  x:  0.00000   0.26292   0.01976   0.00000   0.02221   0.08653   0.01532   0.08228   0.10614   0.02011   0.13787   0.00000   0.26562   0.00963   0.03062   0.00949   0.05073   0.02431   0.03831   0.08852   0.02184   0.12283   0.24608   9.63504   1.93030   1.41767   1.86326   0.94468  
 26 13.5580   1869.976611  x:  0.00000   0.27329   0.01967   0.00000   0.02223   0.09076   0.01421   0.08744   0.11282   0.02026   0.13371   0.00000   0.27569   0.00969   0.03110   0.00972   0.04954   0.02422   0.03482   0.09029   0.02207   0.11787   0.25182   9.92872   1.78453   1.32714   1.72941   0.94922  
 27  4.0223   1869.745261  x:  0.00000   0.27970   0.01874   0.00000   0.02147   0.09041   0.01586   0.08629   0.11304   0.01931   0.12971   0.00000   0.28213   0.01082   0.03044   0.01349   0.05014   0.02505   0.03754   0.08998   0.02096   0.11416   0.25861  10.36427   1.79505   1.31681   1.74583   0.92259  
 28  0.5508   1869.681166  x:  0.00000   0.28117   0.01857   0.00000   0.02180   0.09096   0.01750   0.08680   0.11345   0.01905   0.12712   0.00000   0.28608   0.01090   0.03049   0.01160   0.05020   0.02532   0.03757   0.08963   0.02123   0.11314   0.26061  10.76298   1.80482   1.32281   1.75214   0.92947  
 29  0.3737   1869.661457  x:  0.00000   0.28099   0.01859   0.00000   0.02191   0.09062   0.01591   0.08652   0.11324   0.01934   0.12675   0.00000   0.28666   0.01082   0.03055   0.01186   0.05022   0.02520   0.03722   0.08949   0.02164   0.11288   0.26056  10.96098   1.81111   1.32780   1.75700   0.93466  
 30  0.2505   1869.657666  x:  0.00000   0.28005   0.01879   0.00000   0.02183   0.09051   0.01618   0.08660   0.11266   0.01949   0.12785   0.00000   0.28486   0.01062   0.03062   0.01194   0.05013   0.02499   0.03712   0.08958   0.02134   0.11332   0.25937  11.03318   1.80481   1.32410   1.75161   0.93532  
 31  0.0538   1869.657407  x:  0.00000   0.27969   0.01878   0.00000   0.02185   0.09048   0.01619   0.08652   0.11263   0.01943   0.12811   0.00000   0.28429   0.01060   0.03060   0.01197   0.05016   0.02497   0.03721   0.08960   0.02151   0.11380   0.25909  11.03926   1.80549   1.32445   1.75240   0.93482  
 32  0.0058   1869.657394  x:  0.00000   0.27957   0.01876   0.00000   0.02185   0.09050   0.01618   0.08652   0.11267   0.01943   0.12819   0.00000   0.28419   0.01062   0.03060   0.01196   0.05017   0.02498   0.03721   0.08960   0.02148   0.11383   0.25902  11.03905   1.80568   1.32466   1.75263   0.93481  
 33  0.0004   1869.657393  x:  0.00000   0.27956   0.01876   0.00000   0.02185   0.09050   0.01618   0.08652   0.11268   0.01943   0.12820   0.00000   0.28418   0.01062   0.03060   0.01196   0.05017   0.02498   0.03721   0.08960   0.02148   0.11384   0.25901  11.03891   1.80558   1.32460   1.75253   0.93481  
 34  0.0002   1869.657393  x:  0.00000   0.27956   0.01876   0.00000   0.02185   0.09050   0.01618   0.08652   0.11268   0.01943   0.12819   0.00000   0.28418   0.01062   0.03060   0.01196   0.05016   0.02498   0.03721   0.08960   0.02148   0.11384   0.25901  11.03896   1.80557   1.32460   1.75252   0.93481  
 35  0.0000   1869.657393  x:  0.00000   0.27956   0.01876   0.00000   0.02185   0.09050   0.01618   0.08652   0.11268   0.01943   0.12820   0.00000   0.28418   0.01062   0.03060   0.01196   0.05016   0.02498   0.03721   0.08960   0.02148   0.11384   0.25901  11.03896   1.80558   1.32460   1.75252   0.93481  
 36  0.0000   1869.657393  x:  0.00000   0.27956   0.01876   0.00000   0.02185   0.09050   0.01618   0.08652   0.11268   0.01943   0.12820   0.00000   0.28418   0.01062   0.03060   0.01196   0.05016   0.02498   0.03721   0.08960   0.02148   0.11384   0.25901  11.03896   1.80558   1.32460   1.75252   0.93481  

TREE # 2

  0  0.0000   2359.386111  x:  0.00000   0.27956   0.01876   0.00000   0.02185   0.09050   0.01618   0.08652   0.11268   0.01943   0.12820   0.00000   0.28418   0.01062   0.03060   0.01196   0.05016   0.02498   0.03721   0.08960   0.02148   0.11384   0.25901  11.03896   1.76814   1.19740   1.58643   0.93481  
  1 99.0000   2120.789256  x:  0.03668   0.28031   0.05136   0.50259   0.02920   0.09030   0.02348   0.08567   0.11134   0.02094   0.12733   0.19986   0.28400   0.03607   0.04599   0.01365   0.04926   0.03159   0.03528   0.08951   0.02107   0.11343   0.25715  11.03896   1.76812   1.19743   1.58651   0.93479  
  2 40388.1062   2005.948573  x:  0.14105   0.26138   0.07531   0.49936   0.01360   0.06446   0.10648   0.06737   0.08807   0.00000   0.10696   0.17303   0.26290   0.14837   0.19648   0.03100   0.03351   0.11317   0.00217   0.08807   0.01448   0.10661   0.22617  11.03903   1.76709   1.19989   1.58645   0.93421  
  3 1152.6182   2004.059314  x:  0.14205   0.25975   0.07578   0.49980   0.01338   0.06293   0.10599   0.06628   0.08685   0.00132   0.10601   0.17174   0.26121   0.14815   0.19703   0.03016   0.03272   0.11300   0.00000   0.08803   0.01476   0.10631   0.22427  11.03904   1.76701   1.20007   1.58642   0.93419  
  4 412.7175   1991.825353  x:  0.14978   0.24493   0.07953   0.50413   0.01269   0.04968   0.10091   0.05667   0.07609   0.00000   0.09693   0.15986   0.24594   0.14505   0.20052   0.02341   0.02668   0.11082   0.00000   0.08762   0.01670   0.10379   0.20713  11.03907   1.76633   1.20172   1.58624   0.93400  
  5 3086.6506   1947.626290  x:  0.17524   0.16541   0.08579   0.52613   0.04554   0.00000   0.08714   0.02860   0.03747   0.00643   0.06157   0.10152   0.16525   0.12933   0.21356   0.03998   0.03657   0.10558   0.00000   0.08558   0.00517   0.09514   0.12058  11.03919   1.76329   1.20839   1.58655   0.93331  
  6 1490.5204   1947.626290  x:  0.17524   0.16541   0.08579   0.52613   0.04554   0.00000   0.08714   0.02860   0.03747   0.00643   0.06157   0.10152   0.16525   0.12933   0.21356   0.03998   0.03657   0.10558   0.00000   0.08558   0.00517   0.09514   0.12058  11.03919   1.76329   1.20839   1.58655   0.93331  
  7 1976.2318   1928.654906  x:  0.19692   0.11336   0.09138   0.50562   0.02566   0.03734   0.08939   0.03434   0.03736   0.03404   0.05237   0.05462   0.11275   0.12851   0.23236   0.00931   0.01052   0.10783   0.00000   0.08728   0.11385   0.09383   0.06872  11.03926   1.76174   1.21153   1.58729   0.93291  
  8 405.7709   1907.628593  x:  0.21736   0.05525   0.09522   0.48343   0.00386   0.03215   0.09024   0.03301   0.03697   0.02341   0.04600   0.01054   0.05466   0.12613   0.24994   0.03381   0.02521   0.11129   0.00000   0.08633   0.13823   0.09076   0.01499  11.03932   1.75992   1.21511   1.58817   0.93259  
  9 501.1115   1901.340868  x:  0.22466   0.03162   0.09637   0.47486   0.01081   0.02973   0.09035   0.03253   0.03693   0.01811   0.04505   0.01075   0.03133   0.12490   0.25620   0.03403   0.02478   0.11233   0.00000   0.08583   0.14142   0.09017   0.00000  11.03935   1.75921   1.21645   1.58857   0.93248  
 10 679.3932   1891.733320  x:  0.23429   0.00000   0.09790   0.46339   0.01290   0.02565   0.09052   0.03190   0.03688   0.01199   0.04386   0.01019   0.00022   0.12325   0.26446   0.03468   0.02397   0.11382   0.00000   0.08539   0.14629   0.09046   0.00068  11.03938   1.75827   1.21823   1.58913   0.93230  
 11 1197.7012   1891.697789  x:  0.23435   0.00000   0.09791   0.46331   0.01288   0.02562   0.09052   0.03190   0.03688   0.01199   0.04386   0.01021   0.00000   0.12324   0.26451   0.03469   0.02397   0.11382   0.00000   0.08539   0.14631   0.09047   0.00067  11.03938   1.75827   1.21824   1.58913   0.93230  
 12 1991.0230   1890.223519  x:  0.25899   0.00000   0.10258   0.42934   0.01534   0.01384   0.09057   0.03196   0.03727   0.02565   0.04578   0.00697   0.00000   0.11842   0.28497   0.03342   0.02196   0.11650   0.00000   0.08456   0.14447   0.09202   0.00035  11.03946   1.75549   1.22318   1.59126   0.93201  
 13 282.1430   1889.286499  x:  0.27494   0.00000   0.10407   0.39868   0.01795   0.02811   0.09071   0.03444   0.03691   0.03130   0.04817   0.00895   0.00000   0.11591   0.29795   0.03851   0.02765   0.11649   0.00000   0.08521   0.14046   0.09272   0.00176  11.03953   1.75289   1.22762   1.59367   0.93187  
 14 106.7762   1888.330146  x:  0.28409   0.00000   0.10207   0.36785   0.01094   0.03869   0.09053   0.03432   0.03660   0.02680   0.04978   0.00673   0.00000   0.11472   0.30533   0.03038   0.02333   0.11400   0.00000   0.08625   0.12958   0.09261   0.00032  11.03960   1.75014   1.23228   1.59664   0.93191  
 15 107.5123   1886.531059  x:  0.28116   0.00000   0.09342   0.30819   0.01444   0.03231   0.08990   0.02527   0.03843   0.02366   0.03450   0.00754   0.00000   0.12082   0.30257   0.03062   0.02027   0.10706   0.00000   0.08855   0.13090   0.08570   0.00181  11.03980   1.74357   1.24332   1.60529   0.93256  
 16 46.1733   1885.075733  x:  0.27642   0.00000   0.09402   0.26053   0.01744   0.02056   0.09024   0.03471   0.03746   0.01580   0.04657   0.00835   0.00000   0.12672   0.29830   0.02977   0.02024   0.10567   0.00000   0.08882   0.13690   0.08410   0.00267  11.03998   1.73754   1.25339   1.61387   0.93322  
 17 127.6247   1884.280053  x:  0.27835   0.00000   0.11613   0.24682   0.01795   0.01820   0.09120   0.02820   0.03581   0.01037   0.04622   0.00867   0.00000   0.12993   0.29906   0.02524   0.02178   0.11546   0.00000   0.08489   0.13628   0.09400   0.00274  11.04010   1.73337   1.26054   1.62047   0.93343  
 18 42.0780   1884.101153  x:  0.28158   0.00000   0.12079   0.24783   0.01778   0.01820   0.09145   0.03310   0.03775   0.00914   0.04267   0.00872   0.00000   0.13268   0.30109   0.02694   0.01702   0.11740   0.00000   0.08460   0.13427   0.09358   0.00283  11.04016   1.73180   1.26362   1.62277   0.93321  
 19 26.9458   1883.787067  x:  0.29367   0.00000   0.11885   0.25915   0.01758   0.01816   0.09105   0.02998   0.03619   0.00770   0.04596   0.00884   0.00000   0.14179   0.30930   0.02534   0.01521   0.11735   0.00000   0.08801   0.13148   0.08489   0.00362  11.04035   1.72696   1.27416   1.62911   0.93189  
 20 18.6835   1883.598131  x:  0.29945   0.00000   0.11308   0.26638   0.01744   0.01720   0.09110   0.03273   0.03718   0.00700   0.04379   0.00883   0.00000   0.14200   0.31387   0.02027   0.01995   0.11632   0.00000   0.08744   0.12988   0.08704   0.00385  11.04052   1.72350   1.28254   1.63389   0.93077  
 21 25.9063   1883.104796  x:  0.30836   0.00000   0.09523   0.28325   0.01767   0.01725   0.09153   0.03084   0.03595   0.00641   0.04608   0.00884   0.00000   0.12982   0.32323   0.02156   0.01447   0.11345   0.00000   0.08128   0.12622   0.10082   0.00384  11.04106   1.71443   1.30670   1.64766   0.92743  
 22 39.1918   1882.498132  x:  0.30669   0.00000   0.08985   0.29591   0.01734   0.01759   0.09149   0.03092   0.03796   0.00614   0.04672   0.00873   0.00000   0.09902   0.33044   0.01840   0.01295   0.11845   0.00000   0.08734   0.12129   0.09351   0.00477  11.04185   1.70659   1.33440   1.66550   0.92360  
 23 30.4341   1882.107690  x:  0.29890   0.00000   0.09138   0.29465   0.01681   0.01781   0.09120   0.03323   0.02850   0.00754   0.04461   0.00888   0.00000   0.10117   0.33318   0.01627   0.01205   0.12116   0.00000   0.08438   0.11732   0.09143   0.00517  11.04249   1.70728   1.34732   1.67840   0.92230  
 24 14.9307   1880.948171  x:  0.27380   0.00000   0.09937   0.28696   0.01504   0.01943   0.09007   0.03155   0.03844   0.01130   0.04771   0.00952   0.00000   0.11905   0.33932   0.01063   0.00964   0.12519   0.00000   0.07669   0.10617   0.09037   0.00610  11.04459   1.71313   1.38461   1.71990   0.91893  
 25 76.9527   1880.481235  x:  0.27150   0.00000   0.10755   0.28397   0.01473   0.01834   0.09006   0.03179   0.03773   0.01224   0.04773   0.00998   0.00000   0.12561   0.33317   0.00959   0.00793   0.11466   0.00000   0.09325   0.10194   0.09909   0.00594  11.04548   1.71951   1.39571   1.73729   0.91849  
 26 37.0349   1880.185623  x:  0.28636   0.00000   0.11248   0.28257   0.01425   0.01818   0.09028   0.03179   0.03760   0.01251   0.04797   0.01029   0.00000   0.12403   0.31119   0.00787   0.00792   0.10709   0.00000   0.08713   0.09960   0.09619   0.00640  11.04605   1.73104   1.39425   1.74785   0.92003  
 27 16.8673   1880.097818  x:  0.29194   0.00000   0.10886   0.28189   0.01414   0.01835   0.08953   0.03178   0.03772   0.01276   0.04792   0.01031   0.00000   0.12471   0.30339   0.00758   0.00730   0.11513   0.00000   0.08953   0.09853   0.09730   0.00635  11.04624   1.73728   1.39101   1.75157   0.92124  
 28 14.3428   1879.790689  x:  0.29059   0.00000   0.10002   0.29062   0.01434   0.01799   0.09335   0.03157   0.03720   0.01193   0.04816   0.01026   0.00000   0.11468   0.32313   0.00658   0.00671   0.11434   0.00000   0.08890   0.09457   0.09709   0.00695  11.04716   1.78945   1.35053   1.77260   0.93452  
 29  4.4008   1879.729179  x:  0.29042   0.00000   0.09964   0.29163   0.01435   0.01795   0.08519   0.03175   0.03714   0.01181   0.04821   0.01029   0.00000   0.11352   0.32490   0.00661   0.00670   0.11377   0.00000   0.08857   0.09413   0.09728   0.00701  11.04741   1.79661   1.34791   1.77705   0.93638  
 30  8.9728   1875.057748  x:  0.29081   0.00000   0.10414   0.30771   0.01710   0.01148   0.09262   0.03171   0.03998   0.01700   0.05139   0.01423   0.00000   0.11122   0.28377   0.01668   0.01070   0.11207   0.00000   0.08673   0.05223   0.09476   0.01099  11.07345   2.18340   1.52996   2.18447   1.03588  
 31  6.1794   1873.427050  x:  0.28675   0.00000   0.10712   0.31194   0.01808   0.00972   0.09292   0.03217   0.04039   0.01787   0.05292   0.01542   0.00000   0.11337   0.28060   0.01707   0.01102   0.11267   0.00000   0.08697   0.03431   0.09599   0.01235  11.08383   2.26865   1.53787   2.05297   0.89804  
 32  6.3013   1871.839907  x:  0.28256   0.00000   0.10915   0.31376   0.01856   0.00896   0.09280   0.03240   0.04057   0.01878   0.05384   0.01668   0.00000   0.11487   0.27556   0.01732   0.01157   0.11288   0.00000   0.08720   0.01687   0.09574   0.01383  11.09192   2.07717   1.39094   1.90014   0.96250  
 33  5.7288   1871.678003  x:  0.28111   0.00000   0.10935   0.31169   0.01868   0.00857   0.09262   0.03223   0.04041   0.01871   0.05371   0.01681   0.00000   0.11555   0.27330   0.01750   0.01203   0.11267   0.00000   0.08699   0.01697   0.09544   0.01375  11.09235   2.02667   1.34709   1.91768   0.91953  
 34  2.4712   1870.593219  x:  0.25903   0.00000   0.11412   0.29677   0.01964   0.00695   0.09093   0.03143   0.03868   0.01688   0.05317   0.01794   0.00000   0.12617   0.26887   0.01565   0.01583   0.11452   0.00000   0.08817   0.02524   0.09380   0.01344  11.08862   1.82428   1.25450   1.73024   0.96095  
 35  1.1803   1870.143071  x:  0.24755   0.00000   0.11644   0.28300   0.01950   0.01338   0.08946   0.03069   0.03697   0.01499   0.05190   0.01848   0.00000   0.13199   0.27176   0.01473   0.01808   0.11488   0.00000   0.08826   0.02308   0.09134   0.01323  11.08257   1.79817   1.29084   1.74624   0.94938  
 36  0.1754   1869.892443  x:  0.25523   0.00000   0.11338   0.28024   0.02149   0.01007   0.08898   0.03031   0.03636   0.01355   0.04992   0.01969   0.00000   0.12871   0.28423   0.01588   0.01772   0.11354   0.00000   0.08598   0.02138   0.08811   0.01370  11.06735   1.79756   1.33523   1.76259   0.93422  
 37  0.0741   1869.779308  x:  0.26607   0.00000   0.11208   0.28475   0.02122   0.01135   0.08982   0.03040   0.03677   0.01239   0.04963   0.02106   0.00000   0.12531   0.28438   0.01836   0.01720   0.11178   0.00000   0.08497   0.02208   0.08981   0.01407  11.05476   1.78996   1.31593   1.72612   0.92873  
 38  0.0441   1869.702672  x:  0.25946   0.00000   0.11461   0.28294   0.02103   0.01031   0.08980   0.03060   0.03690   0.01117   0.04976   0.02265   0.00000   0.12889   0.27571   0.01958   0.01831   0.11204   0.00000   0.08615   0.02160   0.09113   0.01455  11.04470   1.81861   1.33250   1.75633   0.93103  
 39  0.0531   1869.677344  x:  0.26036   0.00000   0.11320   0.28686   0.02126   0.01041   0.08955   0.03063   0.03755   0.01162   0.05026   0.02352   0.00000   0.12719   0.28087   0.01996   0.01921   0.11313   0.00000   0.08743   0.02149   0.09095   0.01504  11.03760   1.80436   1.32347   1.75488   0.93746  
 40  0.0193   1869.666729  x:  0.25750   0.00000   0.11480   0.28363   0.02141   0.01057   0.08961   0.03058   0.03746   0.01186   0.05044   0.02429   0.00000   0.12893   0.27906   0.02031   0.01898   0.11265   0.00000   0.08628   0.02185   0.08978   0.01546  11.03332   1.79853   1.32134   1.74838   0.93581  
 41  0.0077   1869.661642  x:  0.25903   0.00000   0.11373   0.28367   0.02153   0.01066   0.08951   0.03059   0.03719   0.01216   0.05028   0.02471   0.00000   0.12830   0.27978   0.02007   0.01918   0.11271   0.00000   0.08654   0.02193   0.09033   0.01575  11.03261   1.80892   1.32692   1.75203   0.93362  
 42  0.0094   1869.658456  x:  0.25925   0.00000   0.11370   0.28402   0.02150   0.01061   0.08960   0.03065   0.03693   0.01212   0.04999   0.02499   0.00000   0.12798   0.27933   0.01970   0.01880   0.11252   0.00000   0.08639   0.02176   0.09067   0.01601  11.03623   1.80455   1.32513   1.75391   0.93547  
 43  0.0036   1869.657488  x:  0.25885   0.00000   0.11387   0.28433   0.02145   0.01061   0.08961   0.03060   0.03712   0.01199   0.05010   0.02504   0.00000   0.12819   0.27976   0.01944   0.01873   0.11273   0.00000   0.08656   0.02182   0.09048   0.01611  11.03872   1.80563   1.32435   1.75211   0.93479  
 44  0.0025   1869.657417  x:  0.25904   0.00000   0.11383   0.28420   0.02147   0.01063   0.08959   0.03059   0.03721   0.01196   0.05016   0.02503   0.00000   0.12820   0.27955   0.01942   0.01874   0.11270   0.00000   0.08654   0.02186   0.09048   0.01613  11.03891   1.80566   1.32462   1.75264   0.93486  
 45  0.0007   1869.657407  x:  0.25901   0.00000   0.11384   0.28417   0.02148   0.01062   0.08960   0.03061   0.03722   0.01196   0.05018   0.02502   0.00000   0.12819   0.27957   0.01942   0.01876   0.11267   0.00000   0.08652   0.02184   0.09052   0.01614  11.03897   1.80550   1.32458   1.75241   0.93478  
 46  0.0002   1869.657395  x:  0.25900   0.00000   0.11385   0.28419   0.02149   0.01062   0.08961   0.03061   0.03720   0.01196   0.05017   0.02499   0.00000   0.12818   0.27960   0.01943   0.01877   0.11267   0.00000   0.08651   0.02185   0.09050   0.01617  11.03909   1.80570   1.32465   1.75268   0.93486  
 47  0.0001   1869.657393  x:  0.25901   0.00000   0.11385   0.28418   0.02148   0.01062   0.08960   0.03060   0.03720   0.01196   0.05017   0.02498   0.00000   0.12820   0.27956   0.01943   0.01876   0.11268   0.00000   0.08652   0.02185   0.09050   0.01618  11.03907   1.80556   1.32459   1.75251   0.93481  
 48  0.0002   1869.657393  x:  0.25901   0.00000   0.11384   0.28418   0.02148   0.01062   0.08960   0.03060   0.03721   0.01196   0.05016   0.02498   0.00000   0.12820   0.27956   0.01943   0.01876   0.11268   0.00000   0.08652   0.02185   0.09050   0.01618  11.03903   1.80557   1.32460   1.75252   0.93481  
 49  0.0000   1869.657393  x:  0.25901   0.00000   0.11384   0.28418   0.02148   0.01062   0.08960   0.03060   0.03721   0.01196   0.05016   0.02498   0.00000   0.12819   0.27956   0.01943   0.01876   0.11268   0.00000   0.08652   0.02185   0.09050   0.01618  11.03901   1.80558   1.32460   1.75252   0.93481  
 50  0.0000   1869.657393  x:  0.25901   0.00000   0.11384   0.28418   0.02148   0.01062   0.08960   0.03060   0.03721   0.01196   0.05016   0.02498   0.00000   0.12819   0.27956   0.01943   0.01876   0.11268   0.00000   0.08652   0.02185   0.09050   0.01618  11.03897   1.80558   1.32460   1.75252   0.93481  
 51  0.0000   1869.657393  x:  0.25901   0.00000   0.11384   0.28418   0.02148   0.01062   0.08960   0.03060   0.03721   0.01196   0.05016   0.02498   0.00000   0.12820   0.27956   0.01943   0.01876   0.11268   0.00000   0.08652   0.02185   0.09050   0.01618  11.03896   1.80558   1.32460   1.75252   0.93481  
 52  0.0000   1869.657393  x:  0.25901   0.00000   0.11384   0.28418   0.02148   0.01062   0.08960   0.03060   0.03721   0.01196   0.05016   0.02498   0.00000   0.12820   0.27956   0.01943   0.01876   0.11268   0.00000   0.08652   0.02185   0.09050   0.01618  11.03896   1.80558   1.32460   1.75252   0.93481  
 53  0.0000   1869.657393  x:  0.25901   0.00000   0.11384   0.28418   0.02148   0.01062   0.08960   0.03060   0.03721   0.01196   0.05016   0.02498   0.00000   0.12820   0.27956   0.01943   0.01876   0.11268   0.00000   0.08652   0.02185   0.09050   0.01618  11.03896   1.80558   1.32460   1.75252   0.93481  