

TREE # 1

  0  0.0000   2002.970746  x:  0.01972   0.20925   0.02571   0.03211   0.02495   0.05815   0.02188   0.05666   0.08536   0.02661   0.17168   0.01972   0.20925   0.02571   0.03211   0.02495   0.05815   0.02188   0.05666   0.08536   0.02661   0.17168   0.21568   8.40433   1.62634   1.15635   1.36118   1.00000  
  1 99.0000   1994.362205  x:  0.01746   0.20756   0.03457   0.03265   0.02880   0.06036   0.00000   0.06209   0.08847   0.02167   0.17024   0.00729   0.20840   0.04898   0.03008   0.04608   0.06055   0.02556   0.05693   0.09469   0.02016   0.16815   0.22341   8.40426   1.62438   1.15394   1.36477   1.00299  
  2 283.9759   1993.206350  x:  0.01720   0.20628   0.03604   0.03247   0.03134   0.06136   0.00000   0.06432   0.09047   0.01782   0.16937   0.00000   0.20796   0.04733   0.02777   0.04364   0.06163   0.02387   0.05679   0.10009   0.01640   0.16538   0.23014   8.40419   1.62250   1.15159   1.36821   1.00588  
  3 113.6758   1991.837948  x:  0.02404   0.20146   0.04268   0.03158   0.02522   0.06258   0.00000   0.06614   0.09668   0.01505   0.16707   0.00000   0.20941   0.04363   0.03072   0.03840   0.06317   0.02946   0.05666   0.11512   0.02953   0.15622   0.26215   8.40382   1.61201   1.13786   1.38740   1.02169  
  4 100.1098   1990.699762  x:  0.02185   0.19725   0.03549   0.03250   0.03149   0.05986   0.00000   0.06017   0.09635   0.03028   0.16454   0.00000   0.21182   0.04079   0.03368   0.04353   0.06019   0.02429   0.05690   0.11416   0.03090   0.14895   0.29414   8.40328   1.59640   1.11783   1.41506   1.04490  
  5 86.9906   1989.725299  x:  0.01850   0.19602   0.02666   0.03277   0.02323   0.05808   0.00000   0.05717   0.09108   0.02605   0.16173   0.00000   0.21509   0.04403   0.03174   0.04388   0.05812   0.02706   0.05677   0.10189   0.02483   0.14664   0.31305   8.40273   1.58015   1.09790   1.44268   1.06875  
  6 103.5195   1988.862275  x:  0.01934   0.19802   0.03661   0.03308   0.02856   0.05797   0.00000   0.05807   0.08452   0.02136   0.15930   0.00000   0.21966   0.04639   0.03166   0.04163   0.05785   0.02867   0.05654   0.08518   0.02354   0.14894   0.32138   8.40210   1.56120   1.07552   1.47363   1.09629  
  7 118.7940   1987.631004  x:  0.01889   0.20674   0.03720   0.02964   0.02451   0.06251   0.00000   0.06597   0.08614   0.01950   0.15800   0.00000   0.22505   0.04615   0.03379   0.04795   0.06298   0.01835   0.05653   0.08994   0.02563   0.15843   0.30564   8.40103   1.52814   1.03958   1.52365   1.14409  
  8 76.6072   1986.783647  x:  0.01716   0.21298   0.03418   0.03123   0.02847   0.06355   0.00000   0.06756   0.08988   0.02153   0.15777   0.00000   0.22755   0.04573   0.03248   0.04964   0.06454   0.02923   0.05645   0.09945   0.02410   0.16424   0.28868   8.40015   1.50139   1.01194   1.56257   1.18297  
  9 221.5062   1986.501082  x:  0.01809   0.21235   0.03699   0.03392   0.02708   0.05961   0.00000   0.06079   0.09201   0.02216   0.15883   0.00000   0.22556   0.05069   0.03017   0.04662   0.05999   0.02742   0.05633   0.10397   0.02323   0.16158   0.28119   8.39984   1.49220   1.00529   1.57326   1.19697  
 10 57.2991   1986.378937  x:  0.01895   0.20841   0.03613   0.03026   0.02890   0.05857   0.00000   0.05893   0.09214   0.01928   0.16041   0.00000   0.22135   0.05137   0.03224   0.04815   0.05849   0.02746   0.05650   0.10406   0.02442   0.15518   0.27710   8.39963   1.48725   1.00554   1.57543   1.20579  
 11 23.0166   1986.239186  x:  0.01897   0.20188   0.03790   0.03237   0.02697   0.06005   0.00000   0.06133   0.09180   0.02077   0.16254   0.00000   0.21449   0.05059   0.03217   0.05054   0.06007   0.02811   0.05656   0.10243   0.02410   0.14604   0.27295   8.39933   1.48086   1.00873   1.57547   1.21847  
 12 31.7428   1986.158066  x:  0.02030   0.19927   0.03584   0.03284   0.02836   0.06093   0.00000   0.06333   0.09125   0.02130   0.16266   0.00000   0.21187   0.05447   0.02945   0.04967   0.06176   0.02764   0.05627   0.10232   0.02631   0.14708   0.27385   8.39903   1.47668   1.01468   1.57131   1.22949  
 13 14.4672   1985.932908  x:  0.01959   0.19547   0.03858   0.03045   0.02713   0.06068   0.00000   0.06323   0.09114   0.02218   0.16100   0.00000   0.20811   0.05788   0.03185   0.05243   0.06194   0.02884   0.05656   0.10495   0.02291   0.15713   0.28016   8.39804   1.46506   1.03526   1.55461   1.26418  
 14 33.0433   1985.879523  x:  0.01888   0.19631   0.03852   0.03347   0.02776   0.06053   0.00000   0.06256   0.09180   0.01981   0.16096   0.00000   0.20921   0.05723   0.03187   0.05513   0.06092   0.02857   0.05674   0.10528   0.02386   0.15829   0.28175   8.39777   1.46270   1.04000   1.54964   1.27315  
 15 31.5255   1985.833412  x:  0.01824   0.20059   0.03931   0.03196   0.02748   0.06070   0.00000   0.06240   0.09320   0.01998   0.16197   0.00000   0.21370   0.05707   0.02894   0.05691   0.06026   0.02888   0.05662   0.10494   0.02416   0.15551   0.28297   8.39745   1.46178   1.04293   1.54356   1.28217  
 16 15.2513   1985.797566  x:  0.01835   0.20502   0.03889   0.03249   0.02768   0.06083   0.00000   0.06306   0.09347   0.02028   0.16274   0.00000   0.21823   0.05896   0.03119   0.05606   0.06118   0.02883   0.05662   0.10512   0.02315   0.15181   0.28372   8.39715   1.46187   1.04406   1.53764   1.29017  
 17 19.0174   1985.780288  x:  0.01722   0.20527   0.03916   0.03242   0.02767   0.06067   0.00000   0.06289   0.09055   0.02029   0.16054   0.00000   0.21888   0.05905   0.03098   0.05602   0.06150   0.02882   0.05697   0.10633   0.02368   0.15079   0.28352   8.39685   1.46403   1.04070   1.53245   1.29595  
 18  4.9990   1985.774214  x:  0.01746   0.20522   0.03915   0.03243   0.02766   0.06068   0.00000   0.06289   0.09031   0.02030   0.16010   0.00095   0.21890   0.05902   0.03093   0.05611   0.06145   0.02883   0.05696   0.10643   0.02362   0.15070   0.28348   8.39677   1.46463   1.03969   1.53110   1.29743  
 19 19.5694   1985.750718  x:  0.02117   0.20405   0.03875   0.03263   0.02760   0.06105   0.00000   0.06330   0.09130   0.02047   0.15570   0.00000   0.21808   0.05864   0.03063   0.05702   0.06027   0.02886   0.05613   0.10603   0.02256   0.15061   0.28309   8.39578   1.47213   1.02655   1.51471   1.31534  
 20 19.1796   1985.731270  x:  0.01920   0.20307   0.03890   0.03251   0.02768   0.06099   0.00000   0.06332   0.09396   0.02029   0.15603   0.00033   0.21712   0.05900   0.03091   0.05641   0.06074   0.02879   0.05633   0.10509   0.02307   0.15127   0.28315   8.39533   1.47492   1.02083   1.50795   1.32277  
 21 16.6902   1985.716976  x:  0.01928   0.20282   0.03903   0.03256   0.02768   0.06085   0.00000   0.06295   0.09298   0.02000   0.16098   0.00020   0.21609   0.05864   0.03066   0.05643   0.06128   0.02876   0.05684   0.10547   0.02285   0.15251   0.28366   8.39489   1.47573   1.01661   1.50274   1.32882  
 22  6.6799   1985.712637  x:  0.01888   0.20291   0.03900   0.03256   0.02768   0.06113   0.00000   0.06357   0.09266   0.02006   0.16180   0.00026   0.21581   0.05859   0.03082   0.05614   0.06018   0.02875   0.05585   0.10558   0.02294   0.15271   0.28369   8.39470   1.47480   1.01598   1.50143   1.33049  
 23  3.2497   1985.644599  x:  0.01896   0.20602   0.03811   0.03259   0.02777   0.06079   0.00000   0.06322   0.09271   0.02031   0.16051   0.00049   0.21334   0.05519   0.03085   0.05301   0.06022   0.02829   0.05717   0.10457   0.02338   0.15303   0.28197   8.39124   1.44759   1.01281   1.48298   1.35576  
 24  3.7957   1985.637772  x:  0.01898   0.20490   0.03811   0.03260   0.02781   0.06089   0.00000   0.06242   0.09271   0.02021   0.16052   0.00046   0.21452   0.05487   0.03082   0.05292   0.06123   0.02823   0.05562   0.10459   0.02329   0.15310   0.28168   8.39086   1.44517   1.01235   1.48140   1.35742  
 25  4.9758   1985.622866  x:  0.01905   0.20066   0.03801   0.03260   0.02787   0.06092   0.00000   0.06307   0.09277   0.02030   0.16088   0.00036   0.21884   0.05469   0.03075   0.05250   0.06062   0.02814   0.05661   0.10487   0.02292   0.15328   0.28106   8.38994   1.44078   1.01097   1.47866   1.35892  
 26  4.4069   1985.287062  x:  0.01722   0.20180   0.03918   0.03244   0.02902   0.05735   0.00000   0.06679   0.09386   0.01740   0.15949   0.00037   0.21495   0.05670   0.02850   0.05337   0.06221   0.02726   0.05572   0.10878   0.01802   0.14823   0.29367   8.36763   1.37957   0.96937   1.44461   1.32538  
 27  1.6558   1985.248254  x:  0.01690   0.20200   0.03931   0.03239   0.02927   0.06201   0.00000   0.06504   0.09394   0.01706   0.15931   0.00040   0.21439   0.05731   0.02841   0.05306   0.06178   0.02714   0.05655   0.10926   0.01735   0.14761   0.29514   8.36492   1.37308   0.96494   1.44122   1.32177  
 28 25.7074   1984.798383  x:  0.01486   0.20127   0.03938   0.03219   0.03094   0.06192   0.00000   0.06631   0.09537   0.01419   0.15826   0.00126   0.21170   0.05454   0.02623   0.04845   0.06245   0.02558   0.05641   0.11347   0.01216   0.14211   0.29915   8.32937   1.44673   1.01550   1.51873   1.36597  
 29  1.9548   1984.721187  x:  0.01472   0.20118   0.03966   0.03215   0.03213   0.06261   0.00000   0.06721   0.09608   0.01493   0.15759   0.00144   0.21046   0.05368   0.02558   0.04788   0.06307   0.02451   0.05645   0.11662   0.01568   0.14049   0.30224   8.30984   1.45881   1.02463   1.53388   1.37556  
 30  0.0466   1984.712571  x:  0.01529   0.20142   0.03994   0.03217   0.03249   0.06282   0.00000   0.06777   0.09652   0.01551   0.15728   0.00134   0.21084   0.05359   0.02605   0.04848   0.06338   0.02431   0.05643   0.11845   0.01507   0.14117   0.30352   8.30324   1.45901   1.02476   1.53507   1.37804  
 31  0.0086   1984.712002  x:  0.01520   0.20145   0.04001   0.03213   0.03248   0.06286   0.00000   0.06789   0.09661   0.01516   0.15732   0.00132   0.21094   0.05358   0.02606   0.04852   0.06343   0.02436   0.05643   0.11883   0.01503   0.14120   0.30366   8.30319   1.45828   1.02414   1.53445   1.37869  
 32  0.0018   1984.711969  x:  0.01516   0.20146   0.04001   0.03212   0.03244   0.06286   0.00000   0.06788   0.09663   0.01519   0.15734   0.00133   0.21094   0.05358   0.02603   0.04846   0.06342   0.02438   0.05644   0.11892   0.01500   0.14116   0.30364   8.30404   1.45798   1.02390   1.53413   1.37883  
 33  0.0011   1984.711967  x:  0.01517   0.20146   0.04000   0.03213   0.03243   0.06286   0.00000   0.06787   0.09663   0.01520   0.15734   0.00133   0.21094   0.05358   0.02603   0.04846   0.06341   0.02439   0.05644   0.11894   0.01501   0.14116   0.30362   8.30452   1.45798   1.02391   1.53411   1.37880  
 34  0.0004   1984.711967  x:  0.01517   0.20146   0.04000   0.03213   0.03243   0.06286   0.00000   0.06787   0.09663   0.01520   0.15734   0.00133   0.21094   0.05358   0.02603   0.04847   0.06341   0.02439   0.05644   0.11894   0.01501   0.14116   0.30363   8.30460   1.45799   1.02392   1.53412   1.37880  
 35  0.0001   1984.711967  x:  0.01517   0.20146   0.04000   0.03213   0.03243   0.06286   0.00000   0.06787   0.09663   0.01520   0.15734   0.00133   0.21094   0.05358   0.02603   0.04847   0.06341   0.02439   0.05644   0.11894   0.01501   0.14116   0.30363   8.30462   1.45800   1.02392   1.53413   1.37880  
 36  0.0000   1984.711967  x:  0.01517   0.20146   0.04000   0.03213   0.03243   0.06286   0.00000   0.06787   0.09663   0.01520   0.15734   0.00133   0.21094   0.05358   0.02603   0.04847   0.06341   0.02439   0.05644   0.11894   0.01501   0.14116   0.30363   8.30462   1.45800   1.02392   1.53413   1.37880  
 37  0.0000   1984.711967  x:  0.01517   0.20146   0.04000   0.03213   0.03243   0.06286   0.00000   0.06787   0.09663   0.01520   0.15734   0.00133   0.21094   0.05358   0.02603   0.04847   0.06341   0.02439   0.05644   0.11894   0.01501   0.14116   0.30363   8.30462   1.45800   1.02392   1.53413   1.37880  

TREE # 2

  0  0.0000   2300.528164  x:  0.01517   0.20146   0.04000   0.03213   0.03243   0.06286   0.00000   0.06787   0.09663   0.01520   0.15734   0.00133   0.21094   0.05358   0.02603   0.04847   0.06341   0.02439   0.05644   0.11894   0.01501   0.14116   0.30363   8.30462   1.43214   0.93888   1.40840   1.37880  
  1 99.0000   2214.361391  x:  0.02652   0.20097   0.04341   0.03675   0.03241   0.06459   0.26971   0.06918   0.09628   0.01771   0.15674   0.01088   0.21056   0.05614   0.03132   0.04819   0.06296   0.02719   0.05620   0.11847   0.01512   0.14059   0.30254   8.30462   1.43209   0.93895   1.40841   1.37878  
  2 35805.4083   2078.931997  x:  0.30391   0.17563   0.16862   0.19532   0.02138   0.05507   0.26227   0.04429   0.07898   0.08172   0.12973   0.06760   0.19073   0.14925   0.20406   0.03605   0.04434   0.12441   0.04600   0.09957   0.01946   0.11788   0.25936   8.30467   1.43063   0.94140   1.40923   1.37887  
  3 1411.2477   2046.526219  x:  0.32020   0.10949   0.16693   0.20789   0.00000   0.04904   0.26384   0.00995   0.05400   0.05332   0.08649   0.02120   0.13207   0.15589   0.21256   0.00488   0.02233   0.11364   0.02229   0.07324   0.02186   0.08245   0.17974   8.30480   1.42559   0.94824   1.41129   1.37965  
  4 308.0185   2039.291843  x:  0.32560   0.08467   0.16599   0.21235   0.01082   0.04886   0.26427   0.00350   0.04614   0.04405   0.07134   0.00694   0.11013   0.15808   0.21531   0.00352   0.01844   0.10979   0.01654   0.06432   0.02334   0.07010   0.14982   8.30485   1.42381   0.95067   1.41210   1.37991  
  5 1789.5114   2026.279921  x:  0.33254   0.03905   0.16287   0.21830   0.00908   0.04859   0.26435   0.01196   0.03442   0.02945   0.04585   0.00154   0.06994   0.16102   0.21846   0.01483   0.01812   0.10220   0.01245   0.04968   0.02650   0.04923   0.09476   8.30493   1.42063   0.95501   1.41361   1.38039  
  6 1593.0326   2018.610488  x:  0.33627   0.00624   0.16002   0.22193   0.01007   0.04836   0.26419   0.01385   0.02621   0.01894   0.02794   0.00654   0.04100   0.16268   0.21992   0.01889   0.01702   0.09624   0.00954   0.03937   0.02860   0.03445   0.05509   8.30499   1.41833   0.95815   1.41470   1.38074  
  7 9152.0053   2016.198464  x:  0.33686   0.00000   0.15936   0.22255   0.01006   0.04841   0.26419   0.01369   0.02657   0.01954   0.02694   0.00635   0.03530   0.16289   0.22008   0.01803   0.01790   0.09519   0.01232   0.03869   0.02894   0.03321   0.04661   8.30501   1.41788   0.95876   1.41495   1.38080  
  8 975.0860   2007.273211  x:  0.33941   0.00000   0.15595   0.22561   0.01034   0.04923   0.26416   0.01569   0.03200   0.02594   0.03070   0.00571   0.00753   0.16393   0.22054   0.01318   0.02398   0.09019   0.00800   0.03917   0.03061   0.03309   0.00000   8.30507   1.41554   0.96190   1.41637   1.38107  
  9 1261.8962   2006.639386  x:  0.34098   0.00000   0.15461   0.22760   0.01035   0.04964   0.26415   0.01607   0.03134   0.02151   0.03523   0.00558   0.00114   0.16541   0.22116   0.01279   0.02237   0.08868   0.00902   0.04217   0.03303   0.03844   0.00000   8.30511   1.41415   0.96370   1.41737   1.38120  
 10 102.5736   2004.493796  x:  0.34325   0.00000   0.14116   0.23753   0.00926   0.05197   0.26416   0.01280   0.03118   0.03104   0.03735   0.00444   0.01064   0.17714   0.22240   0.01299   0.02184   0.07626   0.00971   0.05406   0.04327   0.05136   0.00000   8.30550   1.40277   0.97809   1.42578   1.38249  
 11 44.7708   2003.423283  x:  0.34398   0.00000   0.13683   0.24177   0.00982   0.05236   0.26417   0.01538   0.03969   0.02637   0.04518   0.00372   0.01832   0.18105   0.22270   0.00811   0.02485   0.07974   0.01085   0.05356   0.03743   0.04958   0.00000   8.30574   1.39651   0.98592   1.43095   1.38318  
 12 78.4876   2003.033296  x:  0.34282   0.00000   0.13685   0.24178   0.00897   0.05150   0.26423   0.01138   0.04006   0.02767   0.04999   0.00356   0.01905   0.18033   0.22177   0.01192   0.02431   0.08591   0.01124   0.05245   0.03223   0.04972   0.00000   8.30586   1.39394   0.98908   1.43352   1.38343  
 13 70.6316   2002.806646  x:  0.34137   0.00000   0.13873   0.24066   0.00951   0.05107   0.26424   0.01341   0.03729   0.03046   0.05142   0.00342   0.01910   0.17801   0.22060   0.01056   0.02150   0.09227   0.01166   0.05211   0.02960   0.05090   0.00000   8.30595   1.39227   0.99109   1.43564   1.38358  
 14 62.4984   2002.626772  x:  0.34009   0.00000   0.14395   0.23836   0.00945   0.05045   0.26428   0.01303   0.03604   0.03052   0.05017   0.00320   0.01936   0.17336   0.21943   0.00921   0.02517   0.09998   0.01157   0.05304   0.03240   0.05295   0.00000   8.30608   1.39071   0.99292   1.43850   1.38371  
 15 41.1547   2002.551939  x:  0.33980   0.00000   0.14801   0.23659   0.00939   0.05056   0.26428   0.01284   0.03915   0.03074   0.04921   0.00316   0.01931   0.17028   0.21909   0.00968   0.02318   0.10183   0.01154   0.05367   0.03453   0.05310   0.00000   8.30617   1.38997   0.99378   1.44054   1.38377  
 16 29.3451   2002.434161  x:  0.34142   0.00000   0.15876   0.23218   0.00937   0.05188   0.26426   0.01268   0.03827   0.03094   0.05108   0.00312   0.02014   0.16353   0.21974   0.00976   0.02351   0.09626   0.01190   0.05451   0.03300   0.05206   0.00000   8.30649   1.38858   0.99549   1.44704   1.38387  
 17 15.9135   2002.345431  x:  0.34355   0.00000   0.15988   0.22875   0.00978   0.04819   0.26426   0.01303   0.03934   0.03107   0.04983   0.00318   0.02023   0.16319   0.21970   0.00970   0.02398   0.09444   0.01208   0.05104   0.03169   0.05575   0.00000   8.30698   1.38788   0.99711   1.45600   1.38391  
 18  7.8209   2001.626598  x:  0.35878   0.00000   0.15169   0.20428   0.01098   0.04339   0.26407   0.01405   0.03857   0.03255   0.05251   0.00356   0.01919   0.17013   0.21715   0.01000   0.02448   0.09618   0.01335   0.05352   0.03605   0.04952   0.00000   8.31147   1.38425   1.01080   1.53530   1.38422  
 19 27.1681   2001.294723  x:  0.36268   0.00000   0.14820   0.19993   0.01045   0.05342   0.26395   0.01360   0.04033   0.03229   0.04790   0.00368   0.01800   0.17175   0.21585   0.01012   0.02551   0.09789   0.01378   0.05504   0.03186   0.05242   0.00000   8.31369   1.38456   1.01755   1.57141   1.38433  
 20 76.5782   2000.464590  x:  0.34906   0.00000   0.14610   0.23273   0.01018   0.05823   0.26403   0.01440   0.04041   0.03486   0.05056   0.00428   0.01763   0.16253   0.21206   0.01101   0.02618   0.09743   0.01587   0.04679   0.03738   0.05083   0.00000   8.31963   1.39873   1.03628   1.64797   1.38427  
 21 34.7013   2000.094178  x:  0.34196   0.00000   0.14562   0.24743   0.01064   0.05187   0.26414   0.01508   0.04189   0.03467   0.04662   0.00448   0.01632   0.15817   0.21259   0.01161   0.02693   0.09717   0.01655   0.05544   0.03268   0.04950   0.00000   8.32233   1.40837   1.04498   1.67756   1.38417  
 22 83.7969   1998.709161  x:  0.31710   0.00000   0.14105   0.23453   0.01157   0.05361   0.26431   0.01632   0.04448   0.03838   0.04686   0.00515   0.01277   0.15755   0.26328   0.01190   0.02978   0.09946   0.02008   0.05469   0.03403   0.04924   0.00000   8.33448   1.52337   1.08985   1.68758   1.38280  
 23 13.6751   1998.547093  x:  0.31960   0.00627   0.14170   0.23363   0.01170   0.05373   0.26428   0.01645   0.04491   0.03893   0.04682   0.00524   0.01261   0.15811   0.25885   0.01202   0.03017   0.09946   0.02063   0.05481   0.03399   0.04909   0.00000   8.33627   1.54045   1.09575   1.68445   1.38280  
 24 33.0758   1997.444332  x:  0.35013   0.00000   0.14811   0.22935   0.01254   0.05438   0.26390   0.01734   0.04803   0.04279   0.04632   0.00584   0.01238   0.16215   0.20409   0.01299   0.03287   0.09876   0.02457   0.05615   0.03324   0.04784   0.00000   8.34907   1.66144   1.13619   1.65246   1.38361  
 25 126.5869   1996.974880  x:  0.36180   0.00090   0.13266   0.22862   0.01308   0.05453   0.26368   0.01792   0.04890   0.04369   0.04645   0.00620   0.01396   0.13809   0.20882   0.01387   0.03344   0.09922   0.02567   0.05672   0.03346   0.04807   0.00000   8.35532   1.60374   1.10902   1.58561   1.39701  
 26  5.1196   1995.831352  x:  0.34694   0.00073   0.14889   0.22332   0.01465   0.05501   0.26377   0.01976   0.05155   0.04675   0.04643   0.00719   0.01043   0.15998   0.20937   0.01486   0.03677   0.10059   0.02891   0.05797   0.03358   0.04800   0.00000   8.37114   1.44278   1.02696   1.41642   1.43161  
 27 45.5769   1995.741338  x:  0.34696   0.00059   0.14850   0.22312   0.01462   0.05502   0.26376   0.01971   0.05184   0.04718   0.04690   0.00715   0.01043   0.15955   0.20966   0.01471   0.03698   0.10074   0.02916   0.05815   0.03353   0.04828   0.00000   8.37309   1.44325   0.98996   1.41283   1.42871  
 28  3.9489   1995.058192  x:  0.34399   0.00000   0.14994   0.22260   0.01513   0.05513   0.26363   0.02100   0.05225   0.04693   0.04945   0.00781   0.01273   0.15910   0.20984   0.01577   0.03753   0.10185   0.02884   0.05970   0.03326   0.05094   0.00000   8.39325   1.43081   0.98905   1.42323   1.33012  
 29  0.7838   1993.962063  x:  0.33461   0.00054   0.15420   0.22174   0.01716   0.05474   0.26327   0.02487   0.05295   0.04541   0.05774   0.00977   0.01932   0.15767   0.21080   0.01882   0.03865   0.10560   0.02706   0.06452   0.03259   0.05968   0.00000   8.43912   1.45538   1.01772   1.49923   1.52007  
 30  2.1248   1992.807850  x:  0.32122   0.00041   0.13949   0.22236   0.01776   0.05406   0.26192   0.02769   0.05752   0.05176   0.06449   0.01264   0.01448   0.16216   0.21304   0.01925   0.04230   0.09697   0.03137   0.06944   0.03180   0.06352   0.00000   8.48510   1.42025   1.01734   1.54588   1.35089  
 31  0.1251   1992.213752  x:  0.31285   0.00248   0.14584   0.20886   0.01698   0.05441   0.25963   0.02899   0.05855   0.05218   0.06883   0.01623   0.01571   0.15495   0.19646   0.01829   0.04284   0.09738   0.03361   0.07098   0.03321   0.06731   0.00000   8.40816   1.48794   1.03732   1.52161   1.37089  
 32  0.0431   1991.594065  x:  0.28677   0.00130   0.13736   0.20639   0.01387   0.05408   0.25586   0.02752   0.05728   0.04908   0.06784   0.02045   0.01375   0.15384   0.20179   0.01431   0.04108   0.09578   0.03486   0.06906   0.03279   0.06579   0.00000   8.28297   1.42745   1.01339   1.50473   1.42318  
 33  0.0598   1991.287340  x:  0.28981   0.00229   0.13716   0.20474   0.01198   0.05421   0.25225   0.02506   0.05555   0.04457   0.06386   0.02294   0.01568   0.15744   0.18763   0.01322   0.03867   0.09440   0.03375   0.06745   0.03176   0.06255   0.00000   8.28704   1.45387   1.02543   1.53618   1.36499  
 34  0.0339   1990.714008  x:  0.29481   0.00000   0.14450   0.20129   0.01371   0.05424   0.24425   0.02258   0.05555   0.04251   0.05939   0.02744   0.01880   0.15534   0.20352   0.01708   0.03775   0.09534   0.03181   0.06795   0.03252   0.06078   0.00000   8.43178   1.47022   1.02864   1.54002   1.35555  
 35  0.0351   1989.776959  x:  0.31150   0.00093   0.14040   0.22030   0.01812   0.05367   0.21870   0.01891   0.05843   0.04914   0.05703   0.04210   0.01821   0.15404   0.20617   0.02246   0.03949   0.09644   0.03212   0.06958   0.03319   0.06052   0.00000   8.56802   1.42997   1.00756   1.51173   1.41772  
 36  0.0550   1989.155720  x:  0.30578   0.00189   0.13936   0.20558   0.01709   0.05436   0.20188   0.02120   0.05710   0.05293   0.06431   0.05193   0.01304   0.16125   0.20338   0.01604   0.03991   0.09558   0.03344   0.06699   0.03225   0.06293   0.00000   8.26010   1.47195   1.03857   1.53801   1.36271  
 37  0.1213   1988.832917  x:  0.31143   0.00086   0.14407   0.21550   0.01627   0.05362   0.18653   0.02258   0.05441   0.04988   0.06352   0.05852   0.01558   0.15668   0.20037   0.01242   0.03848   0.09844   0.03071   0.06551   0.03204   0.06210   0.00000   8.23646   1.43908   1.01706   1.52481   1.39083  
 38  0.0268   1988.472349  x:  0.32815   0.00093   0.14062   0.22442   0.01651   0.05322   0.17541   0.02667   0.05617   0.04833   0.06150   0.05832   0.01590   0.16058   0.21820   0.01481   0.04044   0.09792   0.02817   0.06935   0.03342   0.06257   0.00000   8.56195   1.45101   1.01574   1.52386   1.38218  
 39  0.0803   1987.657271  x:  0.33049   0.00000   0.14599   0.21678   0.00967   0.05474   0.16979   0.03338   0.05842   0.04572   0.06265   0.04803   0.00956   0.16218   0.21636   0.01103   0.04283   0.09589   0.02958   0.07015   0.03300   0.06283   0.00000   8.56749   1.45734   1.02633   1.52533   1.36726  
 40  0.0077   1986.784912  x:  0.33408   0.00066   0.14944   0.22214   0.00525   0.05519   0.15787   0.03812   0.06140   0.04418   0.06401   0.03185   0.01059   0.16090   0.20766   0.01589   0.04471   0.10022   0.03172   0.06989   0.03195   0.06285   0.00000   8.43152   1.44427   1.02150   1.52136   1.40576  
 41  0.0579   1985.675675  x:  0.32994   0.00220   0.14552   0.22681   0.01116   0.05363   0.12352   0.03559   0.06047   0.04962   0.06640   0.03352   0.01540   0.15792   0.20104   0.02124   0.04336   0.10340   0.03450   0.06564   0.03117   0.06276   0.00000   8.08372   1.44187   1.01859   1.53009   1.41209  
 42  0.2013   1985.039721  x:  0.30860   0.00165   0.13861   0.21608   0.01301   0.05323   0.12827   0.02987   0.05689   0.04942   0.06419   0.02306   0.01724   0.15626   0.20317   0.02146   0.03957   0.09840   0.03624   0.06336   0.03200   0.06112   0.00000   8.08482   1.46267   1.02606   1.54484   1.37306  
 43  0.0424   1984.837488  x:  0.30148   0.00105   0.13909   0.21041   0.01321   0.05328   0.11916   0.02704   0.05448   0.04842   0.06263   0.02677   0.01656   0.15672   0.20467   0.01817   0.03771   0.09574   0.03523   0.06425   0.03252   0.06107   0.00000   8.21829   1.46595   1.02728   1.54387   1.36330  
 44  0.1508   1984.738901  x:  0.30302   0.00152   0.14281   0.20948   0.01395   0.05347   0.11857   0.02707   0.05484   0.04819   0.06246   0.02423   0.01508   0.15699   0.20123   0.01565   0.03859   0.09597   0.03389   0.06818   0.03248   0.06297   0.00000   8.39099   1.45655   1.02384   1.53291   1.38337  
 45  0.1142   1984.718536  x:  0.30443   0.00118   0.14055   0.21173   0.01482   0.05371   0.12013   0.02626   0.05586   0.04856   0.06323   0.02473   0.01521   0.15740   0.20091   0.01518   0.03945   0.09718   0.03302   0.06870   0.03234   0.06328   0.00000   8.34077   1.45866   1.02429   1.53441   1.38111  
 46  0.0310   1984.713619  x:  0.30443   0.00137   0.14084   0.21170   0.01505   0.05368   0.11853   0.02597   0.05628   0.04856   0.06347   0.02428   0.01524   0.15745   0.20179   0.01520   0.03975   0.09691   0.03267   0.06823   0.03238   0.06303   0.00000   8.30066   1.45832   1.02409   1.53521   1.37852  
 47  0.0344   1984.712518  x:  0.30408   0.00132   0.14151   0.21099   0.01510   0.05357   0.11908   0.02587   0.05641   0.04840   0.06349   0.02440   0.01520   0.15740   0.20181   0.01511   0.03988   0.09658   0.03242   0.06794   0.03245   0.06292   0.00000   8.29823   1.45760   1.02390   1.53412   1.37850  
 48  0.0023   1984.712107  x:  0.30395   0.00129   0.14122   0.21097   0.01502   0.05353   0.11890   0.02604   0.05649   0.04830   0.06349   0.02439   0.01515   0.15739   0.20152   0.01515   0.04001   0.09667   0.03224   0.06780   0.03245   0.06289   0.00000   8.30474   1.45808   1.02403   1.53394   1.37896  
 49  0.0036   1984.712014  x:  0.30360   0.00136   0.14111   0.21098   0.01502   0.05357   0.11897   0.02602   0.05646   0.04835   0.06345   0.02439   0.01513   0.15735   0.20146   0.01519   0.04001   0.09665   0.03219   0.06782   0.03243   0.06287   0.00000   8.30643   1.45803   1.02391   1.53420   1.37890  
 50  0.0013   1984.711976  x:  0.30359   0.00132   0.14116   0.21093   0.01503   0.05360   0.11893   0.02602   0.05643   0.04843   0.06343   0.02439   0.01516   0.15733   0.20144   0.01521   0.04000   0.09661   0.03214   0.06789   0.03243   0.06286   0.00000   8.30569   1.45797   1.02388   1.53417   1.37871  
 51  0.0005   1984.711968  x:  0.30364   0.00134   0.14116   0.21092   0.01502   0.05358   0.11894   0.02604   0.05643   0.04845   0.06342   0.02439   0.01517   0.15735   0.20146   0.01520   0.04000   0.09663   0.03213   0.06789   0.03243   0.06286   0.00000   8.30442   1.45800   1.02393   1.53411   1.37884  
 52  0.0009   1984.711967  x:  0.30362   0.00133   0.14116   0.21094   0.01501   0.05358   0.11895   0.02604   0.05643   0.04846   0.06341   0.02439   0.01517   0.15734   0.20146   0.01520   0.04000   0.09663   0.03213   0.06787   0.03243   0.06286   0.00000   8.30431   1.45800   1.02392   1.53412   1.37878  
 53  0.0001   1984.711967  x:  0.30363   0.00133   0.14116   0.21094   0.01501   0.05358   0.11894   0.02603   0.05643   0.04847   0.06341   0.02439   0.01517   0.15734   0.20146   0.01520   0.04000   0.09663   0.03213   0.06787   0.03243   0.06286   0.00000   8.30460   1.45799   1.02391   1.53413   1.37880  
 54  0.0002   1984.711967  x:  0.30363   0.00133   0.14116   0.21094   0.01501   0.05358   0.11894   0.02603   0.05644   0.04847   0.06341   0.02439   0.01517   0.15734   0.20146   0.01520   0.04000   0.09663   0.03213   0.06787   0.03243   0.06286   0.00000   8.30465   1.45800   1.02392   1.53413   1.37880  
 55  0.0000   1984.711967  x:  0.30363   0.00133   0.14116   0.21094   0.01501   0.05358   0.11894   0.02603   0.05644   0.04847   0.06341   0.02439   0.01517   0.15734   0.20146   0.01520   0.04000   0.09663   0.03213   0.06787   0.03243   0.06286   0.00000   8.30462   1.45800   1.02392   1.53413   1.37880  
 56  0.0000   1984.711967  x:  0.30363   0.00133   0.14116   0.21094   0.01501   0.05358   0.11894   0.02603   0.05644   0.04847   0.06341   0.02439   0.01517   0.15734   0.20146   0.01520   0.04000   0.09663   0.03213   0.06787   0.03243   0.06286   0.00000   8.30462   1.45800   1.02392   1.53413   1.37880  