

TREE # 1

  0  0.0000   2350.227388  x:  0.04196   0.00972   0.10762   0.02347   0.07579   0.08104   0.05272   0.05373   0.08550   0.04675   0.06596   0.08704   0.00940   0.07538   0.01408   0.00000   0.16616   0.03448   0.06573   0.09755   0.12822   0.07425   0.07934   0.06058   2.00000   1.91178   1.16305   1.36665   0.40000  
  1 99.0000   2350.222826  x:  0.04196   0.00972   0.10762   0.02347   0.07579   0.08103   0.05272   0.05373   0.08550   0.04676   0.06596   0.08704   0.00939   0.07538   0.01408   0.00000   0.16616   0.03448   0.06573   0.09755   0.12822   0.07425   0.07934   0.06058   2.00000   1.91178   1.16305   1.36665   0.40000  
  2 831.7400   2342.964222  x:  0.04258   0.00112   0.11244   0.02095   0.06875   0.07659   0.05393   0.05197   0.08263   0.04733   0.06385   0.09077   0.00000   0.07813   0.00690   0.00000   0.16151   0.03498   0.06324   0.09457   0.12643   0.06858   0.08158   0.06120   2.00301   1.91178   1.16360   1.36728   0.40525  
  3 418.1167   2342.416483  x:  0.04253   0.00000   0.11260   0.02097   0.06791   0.07617   0.05393   0.05188   0.08240   0.04725   0.06371   0.09071   0.00000   0.07792   0.00598   0.00000   0.16093   0.03511   0.06303   0.09490   0.12626   0.06798   0.08122   0.06114   2.00342   1.91179   1.16365   1.36739   0.40581  
  4 768.9755   2340.550701  x:  0.04370   0.00000   0.11065   0.02248   0.06336   0.07503   0.05338   0.05230   0.08243   0.04768   0.06389   0.08836   0.00000   0.08072   0.00000   0.00000   0.15741   0.03606   0.06264   0.09452   0.12603   0.06578   0.07905   0.06232   2.00639   1.91201   1.16375   1.36829   0.40812  
  5 455.1353   2336.843813  x:  0.03751   0.00000   0.08919   0.02284   0.02869   0.08173   0.05433   0.06035   0.09652   0.04880   0.07252   0.08137   0.00000   0.07955   0.00000   0.00000   0.12307   0.04026   0.06480   0.09697   0.13503   0.05805   0.10323   0.05607   2.04548   1.91656   1.16133   1.38204   0.41712  
  6 129.3550   2333.553513  x:  0.04856   0.00000   0.09588   0.01984   0.01249   0.09713   0.05599   0.06251   0.11583   0.04645   0.07894   0.09473   0.00000   0.07158   0.00000   0.00000   0.08951   0.03831   0.06786   0.09761   0.14498   0.05946   0.09649   0.06706   2.10616   1.92447   1.15641   1.40398   0.41912  
  7 117.9295   2329.288075  x:  0.03678   0.00000   0.10950   0.01798   0.02011   0.10902   0.05726   0.05866   0.13357   0.05058   0.07916   0.09935   0.00000   0.08377   0.00000   0.00000   0.05557   0.03647   0.06708   0.10230   0.15168   0.05284   0.08519   0.05516   2.20225   1.93648   1.15051   1.43774   0.42865  
  8 233.7474   2312.838454  x:  0.04307   0.00000   0.12801   0.01922   0.02670   0.11944   0.05591   0.03685   0.16164   0.04677   0.06091   0.07980   0.00000   0.08186   0.00000   0.00000   0.07271   0.04468   0.05192   0.11116   0.14788   0.01130   0.09410   0.06100   2.56135   1.98065   1.13380   1.56104   0.47338  
  9 300.3143   2296.715413  x:  0.03969   0.00000   0.14699   0.01859   0.01140   0.10562   0.05580   0.01644   0.17418   0.04600   0.03044   0.06443   0.00000   0.08295   0.00000   0.00000   0.09885   0.05940   0.02425   0.12116   0.12541   0.04795   0.09769   0.05700   3.06440   2.04174   1.11583   1.73050   0.54891  
 10 1593.1712   2277.988319  x:  0.03294   0.00000   0.15032   0.01845   0.01183   0.05083   0.06078   0.09486   0.14832   0.05770   0.03543   0.09710   0.00000   0.08161   0.00000   0.00000   0.14388   0.06954   0.04272   0.13596   0.07941   0.06178   0.08900   0.04937   3.76769   2.12759   1.10128   1.96058   0.65271  
 11 1432.3135   2269.603422  x:  0.04040   0.00000   0.12840   0.01158   0.03424   0.01852   0.05748   0.08334   0.09407   0.04604   0.06266   0.10334   0.00000   0.07534   0.00000   0.00000   0.13429   0.05239   0.04443   0.13967   0.08713   0.06710   0.09250   0.05654   3.99824   2.15675   1.11262   2.02600   0.67735  
 12 504.8903   2265.314882  x:  0.03996   0.00000   0.11787   0.01494   0.03355   0.03444   0.05770   0.07620   0.04500   0.04791   0.06887   0.11068   0.00000   0.07438   0.00000   0.00000   0.13509   0.03932   0.04865   0.14170   0.09016   0.06728   0.09089   0.05593   4.11632   2.17233   1.12678   2.05411   0.68603  
 13 504.6617   2263.330714  x:  0.03635   0.00000   0.11587   0.00997   0.02133   0.02436   0.05450   0.06942   0.03644   0.05442   0.05849   0.11280   0.00000   0.07711   0.00000   0.00000   0.14075   0.03197   0.06352   0.14330   0.10144   0.06516   0.08600   0.05220   4.18173   2.18481   1.16559   2.04924   0.66024  
 14 85.7499   2261.053981  x:  0.03577   0.00000   0.11939   0.03478   0.01895   0.01670   0.06029   0.06696   0.03410   0.04735   0.05134   0.11862   0.00000   0.07962   0.00000   0.00000   0.13874   0.03225   0.06819   0.14685   0.09783   0.06519   0.09188   0.05142   4.28511   2.20491   1.24604   2.02844   0.62943  
 15 176.6432   2253.301849  x:  0.04271   0.00000   0.11460   0.01580   0.02845   0.02675   0.06458   0.07512   0.04052   0.04991   0.05138   0.11312   0.00000   0.08143   0.00000   0.00000   0.13358   0.04737   0.05675   0.15860   0.06540   0.06694   0.09526   0.05772   4.59494   2.26413   1.50382   1.95293   0.57030  
 16 406.0550   2250.897780  x:  0.04200   0.00000   0.12471   0.01948   0.02748   0.03016   0.05759   0.08530   0.04934   0.05562   0.06532   0.11275   0.00000   0.08233   0.00000   0.00000   0.14745   0.04342   0.04249   0.16121   0.09611   0.07017   0.09407   0.05677   4.70138   2.28504   1.59049   1.92360   0.57347  
 17 213.3902   2250.331576  x:  0.04251   0.00000   0.12617   0.01807   0.02914   0.03301   0.05945   0.08390   0.05379   0.04733   0.06270   0.11064   0.00000   0.08418   0.00000   0.00000   0.15033   0.03960   0.05727   0.16208   0.10278   0.07274   0.09435   0.05721   4.72647   2.29142   1.60674   1.91475   0.58474  
 18 62.6520   2250.106693  x:  0.04381   0.00000   0.12505   0.02049   0.03169   0.03272   0.06042   0.08102   0.05657   0.05382   0.06035   0.11030   0.00000   0.08126   0.00000   0.00000   0.14980   0.03629   0.06380   0.16179   0.10359   0.07376   0.09519   0.05846   4.73632   2.29517   1.61021   1.91013   0.59014  
 19 45.4736   2249.597775  x:  0.04287   0.00000   0.11530   0.02217   0.03119   0.03322   0.05346   0.07593   0.06281   0.05249   0.05880   0.12035   0.00000   0.08318   0.00000   0.00000   0.15274   0.02902   0.06249   0.16350   0.10005   0.07226   0.09289   0.05734   4.75399   2.31235   1.59370   1.89315   0.58754  
 20 14.1386   2246.765047  x:  0.04432   0.00000   0.10185   0.02347   0.03104   0.03321   0.06547   0.06332   0.06402   0.05630   0.06371   0.13148   0.00000   0.08968   0.00000   0.00000   0.15849   0.05449   0.06634   0.17400   0.10865   0.07048   0.08638   0.05759   4.85151   2.42027   1.47236   1.78805   0.54826  
 21 76.6169   2243.903825  x:  0.04958   0.00000   0.11680   0.02430   0.02950   0.03277   0.05516   0.07513   0.05767   0.05587   0.06283   0.10867   0.00000   0.09246   0.00000   0.00000   0.15254   0.03976   0.06832   0.18273   0.10509   0.07318   0.09315   0.06166   4.93996   2.52031   1.35454   1.68795   0.50424  
 22 227.7746   2243.693431  x:  0.05005   0.00000   0.11464   0.02319   0.02947   0.03223   0.06405   0.07772   0.05823   0.05519   0.05987   0.10700   0.00000   0.09274   0.00000   0.00000   0.15252   0.03376   0.06459   0.18343   0.10626   0.07278   0.09182   0.06203   4.94124   2.52124   1.34942   1.68258   0.50298  
 23 18.4599   2239.999105  x:  0.05689   0.00000   0.10584   0.02222   0.03760   0.03200   0.05563   0.09068   0.05144   0.05268   0.02812   0.11058   0.00000   0.09197   0.00000   0.00000   0.13985   0.04260   0.05509   0.19575   0.11888   0.07115   0.09383   0.06692   4.89089   2.44776   1.32513   1.63113   0.51953  
 24 11.3715   2208.926767  x:  0.07746   0.00000   0.11885   0.02446   0.00000   0.03033   0.05888   0.06670   0.05132   0.06298   0.05386   0.10502   0.00000   0.11592   0.00000   0.00000   0.11362   0.04305   0.05056   0.31130   0.09464   0.05608   0.08765   0.06962   4.40655   1.74668   1.11840   1.17328   0.65616  
 25 289.2712   2202.015473  x:  0.08714   0.00000   0.11711   0.02624   0.00265   0.03190   0.05750   0.06127   0.05380   0.06718   0.05767   0.10367   0.00000   0.12851   0.00000   0.00000   0.11025   0.04049   0.05458   0.34405   0.09677   0.05574   0.08921   0.07428   4.37990   1.48655   1.08870   1.30957   0.61382  
 26 13.5124   2193.884761  x:  0.09460   0.00000   0.12990   0.02112   0.00666   0.03123   0.05958   0.05788   0.04469   0.06936   0.06852   0.10697   0.00000   0.13630   0.00000   0.00000   0.10007   0.04097   0.04298   0.37160   0.08729   0.05214   0.09552   0.07572   4.15183   1.96899   1.22626   1.36932   0.76458  
 27  9.4888   2193.826339  x:  0.09470   0.00000   0.13006   0.02105   0.00670   0.03123   0.05961   0.05783   0.04460   0.06939   0.06864   0.10702   0.00000   0.13642   0.00435   0.00000   0.09995   0.04097   0.04285   0.37193   0.08719   0.05210   0.09561   0.07574   4.14941   1.97469   1.22796   1.37054   0.76624  
 28 46.7365   2186.182751  x:  0.11730   0.00000   0.14060   0.01406   0.00264   0.03659   0.06279   0.04810   0.05096   0.08021   0.06605   0.12092   0.00000   0.17301   0.00000   0.00000   0.09495   0.03288   0.04461   0.40794   0.09606   0.04959   0.12187   0.08634   4.34558   2.36682   1.43106   2.11456   0.72347  
 29  4.1942   2165.355702  x:  0.14085   0.00000   0.17006   0.00164   0.00515   0.04079   0.07730   0.01604   0.05491   0.09308   0.06232   0.16877   0.00000   0.21206   0.00508   0.00000   0.08475   0.03122   0.04341   0.42529   0.09988   0.03978   0.16534   0.08735   5.49328   1.84677   1.12857   1.42854   0.79745  
 30  5.9267   2160.686105  x:  0.14905   0.00000   0.18527   0.01733   0.00589   0.04401   0.07972   0.03019   0.05405   0.09578   0.05630   0.18117   0.00000   0.22814   0.00580   0.00000   0.08362   0.03128   0.03792   0.43320   0.10431   0.03885   0.18150   0.08848   5.99535   1.67667   1.03884   1.20895   0.81620  
 31  2.2620   2157.638957  x:  0.15673   0.00000   0.20222   0.01096   0.00585   0.04356   0.07504   0.05191   0.05769   0.09805   0.04599   0.17983   0.00000   0.24738   0.00535   0.00000   0.08649   0.03480   0.03619   0.44941   0.10806   0.03826   0.19026   0.09169   6.47012   1.84725   1.20338   1.43268   0.80341  
 32  0.7485   2155.639600  x:  0.16706   0.00000   0.22310   0.01566   0.00666   0.04183   0.06714   0.04162   0.06068   0.10033   0.04291   0.17845   0.00000   0.27582   0.01137   0.00000   0.08200   0.03478   0.05514   0.49537   0.09994   0.03215   0.19780   0.09309   7.09980   1.85740   1.15033   1.42853   0.80562  
 33  0.4228   2154.644317  x:  0.17010   0.00000   0.22911   0.01087   0.00770   0.03832   0.06696   0.04282   0.05722   0.09718   0.04672   0.17376   0.00000   0.29053   0.01486   0.00000   0.07663   0.03595   0.04292   0.52461   0.09367   0.02751   0.19689   0.09186   7.48906   1.76274   1.12410   1.32745   0.81329  
 34  0.3596   2153.892954  x:  0.16327   0.00000   0.22457   0.01159   0.00875   0.03621   0.07184   0.03677   0.05457   0.08893   0.05041   0.16333   0.00000   0.29494   0.01236   0.00000   0.08197   0.03210   0.03807   0.53366   0.09324   0.03124   0.18441   0.08810   7.86744   1.84223   1.15541   1.40120   0.78511  
 35  0.2208   2153.651648  x:  0.15897   0.00000   0.22237   0.00970   0.00945   0.03612   0.07194   0.03822   0.05620   0.08620   0.04711   0.15738   0.00000   0.29561   0.01140   0.00000   0.08036   0.03566   0.04369   0.53400   0.09687   0.03403   0.17870   0.08568   8.06247   1.83359   1.15439   1.38846   0.78152  
 36  0.1678   2153.522222  x:  0.15662   0.00000   0.22037   0.01096   0.00991   0.03740   0.07043   0.03658   0.05662   0.08610   0.04497   0.15659   0.00000   0.29788   0.01321   0.00000   0.07441   0.03578   0.04223   0.53915   0.09614   0.03267   0.17425   0.08361   8.17844   1.80868   1.14294   1.39684   0.79949  
 37  0.0715   2153.469468  x:  0.15471   0.00000   0.21887   0.01051   0.01034   0.03843   0.06980   0.03848   0.05719   0.08729   0.04489   0.15797   0.00000   0.29771   0.01260   0.00000   0.07830   0.03382   0.04163   0.53618   0.09622   0.03293   0.17209   0.08224   8.25097   1.80482   1.13583   1.38991   0.81074  
 38  0.0578   2153.449345  x:  0.15396   0.00000   0.21792   0.01113   0.01064   0.03878   0.07004   0.03807   0.05669   0.08861   0.04618   0.15982   0.00000   0.29740   0.01226   0.00000   0.07909   0.03521   0.04195   0.53363   0.09663   0.03278   0.17198   0.08175   8.28886   1.81219   1.14499   1.39359   0.81533  
 39  0.0318   2153.436761  x:  0.15367   0.00000   0.21738   0.01087   0.01103   0.03822   0.07026   0.03866   0.05629   0.08967   0.04626   0.16041   0.00000   0.29750   0.01248   0.00000   0.07717   0.03504   0.04195   0.53096   0.09674   0.03244   0.17284   0.08158   8.34833   1.81805   1.14111   1.39492   0.81381  
 40  0.0347   2153.430786  x:  0.15367   0.00000   0.21760   0.01085   0.01126   0.03781   0.07028   0.03837   0.05655   0.09010   0.04625   0.16055   0.00000   0.29742   0.01253   0.00000   0.07720   0.03424   0.04245   0.53031   0.09645   0.03241   0.17324   0.08159   8.37510   1.81202   1.14447   1.39415   0.81182  
 41  0.0204   2153.423985  x:  0.15378   0.00000   0.21769   0.01068   0.01161   0.03739   0.07028   0.03818   0.05676   0.09013   0.04631   0.16081   0.00000   0.29683   0.01244   0.00000   0.07827   0.03504   0.04186   0.52978   0.09616   0.03233   0.17340   0.08179   8.38135   1.80457   1.13921   1.39424   0.80849  
 42  0.0060   2153.411502  x:  0.15460   0.00000   0.21761   0.01068   0.01246   0.03807   0.06953   0.03818   0.05615   0.08962   0.04655   0.16029   0.00000   0.29405   0.01251   0.00000   0.07814   0.03467   0.04222   0.52939   0.09684   0.03283   0.17403   0.08287   8.32927   1.80675   1.13961   1.39654   0.81011  
 43  0.0143   2153.408263  x:  0.15463   0.00000   0.21791   0.01070   0.01281   0.03806   0.07009   0.03815   0.05675   0.08937   0.04606   0.16008   0.00000   0.29405   0.01243   0.00000   0.07793   0.03480   0.04192   0.53050   0.09669   0.03248   0.17382   0.08285   8.32905   1.80945   1.14187   1.39533   0.81093  
 44  0.0028   2153.407570  x:  0.15472   0.00000   0.21810   0.01073   0.01293   0.03801   0.07022   0.03828   0.05648   0.08939   0.04625   0.15991   0.00000   0.29453   0.01241   0.00000   0.07799   0.03476   0.04212   0.53159   0.09641   0.03238   0.17372   0.08280   8.32850   1.80876   1.14113   1.39526   0.81080  
 45  0.0008   2153.406920  x:  0.15455   0.00000   0.21780   0.01082   0.01296   0.03801   0.07012   0.03855   0.05655   0.08947   0.04616   0.16018   0.00000   0.29494   0.01245   0.00000   0.07787   0.03480   0.04206   0.53166   0.09643   0.03248   0.17359   0.08257   8.30690   1.80848   1.14167   1.39494   0.80951  
 46  0.0056   2153.406703  x:  0.15448   0.00000   0.21771   0.01081   0.01300   0.03799   0.07011   0.03832   0.05655   0.08947   0.04619   0.16032   0.00000   0.29527   0.01246   0.00000   0.07789   0.03473   0.04208   0.53163   0.09648   0.03251   0.17360   0.08245   8.30184   1.80846   1.14104   1.39441   0.80918  
 47  0.0022   2153.406610  x:  0.15450   0.00000   0.21773   0.01073   0.01302   0.03800   0.07012   0.03833   0.05650   0.08949   0.04620   0.16034   0.00000   0.29552   0.01244   0.00000   0.07789   0.03476   0.04205   0.53155   0.09654   0.03251   0.17367   0.08241   8.29906   1.80851   1.14152   1.39484   0.80960  
 48  0.0016   2153.406583  x:  0.15450   0.00000   0.21778   0.01074   0.01302   0.03800   0.07012   0.03834   0.05656   0.08948   0.04618   0.16028   0.00000   0.29562   0.01243   0.00000   0.07792   0.03476   0.04210   0.53136   0.09651   0.03250   0.17370   0.08240   8.29740   1.80888   1.14156   1.39518   0.80973  
 49  0.0008   2153.406565  x:  0.15450   0.00000   0.21780   0.01075   0.01302   0.03800   0.07012   0.03834   0.05653   0.08944   0.04620   0.16017   0.00000   0.29570   0.01243   0.00000   0.07791   0.03476   0.04207   0.53118   0.09650   0.03250   0.17369   0.08241   8.29764   1.80860   1.14148   1.39496   0.80970  
 50  0.0002   2153.406561  x:  0.15454   0.00000   0.21783   0.01076   0.01303   0.03800   0.07011   0.03834   0.05653   0.08945   0.04618   0.16017   0.00000   0.29575   0.01243   0.00000   0.07792   0.03476   0.04207   0.53115   0.09653   0.03250   0.17367   0.08244   8.29823   1.80857   1.14146   1.39491   0.80968  
 51  0.0002   2153.406559  x:  0.15455   0.00000   0.21783   0.01075   0.01302   0.03800   0.07011   0.03834   0.05654   0.08945   0.04619   0.16016   0.00000   0.29577   0.01243   0.00000   0.07792   0.03476   0.04207   0.53116   0.09653   0.03250   0.17362   0.08246   8.29826   1.80864   1.14150   1.39500   0.80967  
 52  0.0001   2153.406559  x:  0.15456   0.00000   0.21783   0.01075   0.01302   0.03800   0.07012   0.03834   0.05653   0.08946   0.04619   0.16016   0.00000   0.29577   0.01243   0.00000   0.07791   0.03476   0.04207   0.53115   0.09652   0.03250   0.17362   0.08246   8.29798   1.80863   1.14149   1.39497   0.80967  
 53  0.0002   2153.406559  x:  0.15456   0.00000   0.21783   0.01075   0.01302   0.03800   0.07012   0.03834   0.05653   0.08946   0.04619   0.16016   0.00000   0.29577   0.01243   0.00000   0.07791   0.03476   0.04207   0.53115   0.09652   0.03250   0.17361   0.08246   8.29803   1.80863   1.14149   1.39497   0.80967  
 54  0.0000   2153.406559  x:  0.15456   0.00000   0.21783   0.01075   0.01302   0.03800   0.07012   0.03834   0.05653   0.08946   0.04619   0.16016   0.00000   0.29577   0.01243   0.00000   0.07791   0.03476   0.04207   0.53115   0.09652   0.03250   0.17361   0.08246   8.29804   1.80863   1.14149   1.39497   0.80967  
 55  0.0000   2153.406559  x:  0.15456   0.00000   0.21783   0.01075   0.01302   0.03800   0.07012   0.03834   0.05653   0.08946   0.04619   0.16016   0.00000   0.29577   0.01243   0.00000   0.07791   0.03476   0.04207   0.53115   0.09652   0.03250   0.17361   0.08246   8.29804   1.80863   1.14149   1.39497   0.80967  
 56  0.0000   2153.406559  x:  0.15456   0.00000   0.21783   0.01075   0.01302   0.03800   0.07012   0.03834   0.05653   0.08946   0.04619   0.16016   0.00000   0.29577   0.01243   0.00000   0.07791   0.03476   0.04207   0.53115   0.09652   0.03250   0.17361   0.08246   8.29804   1.80863   1.14149   1.39497   0.80967  