

TREE # 1

  0  0.0000   2110.494128  x:  0.20925   0.02571   0.03211   0.02495   0.05815   0.02188   0.05666   0.08536   0.02661   0.17168   0.20925   0.02571   0.03211   0.02495   0.05815   0.02188   0.05666   0.08536   0.02661   0.17168   0.21568   8.40433   1.90070   1.36488   1.90582   1.00000  
  1 99.0000   2094.888685  x:  0.21591   0.03616   0.07917   0.07605   0.04310   0.02856   0.06010   0.08478   0.02505   0.17147   0.20656   0.02696   0.06579   0.02167   0.10744   0.04089   0.08842   0.11619   0.04223   0.17426   0.22976   8.40453   1.90029   1.36157   1.90941   0.99680  
  2 384.5247   2092.620336  x:  0.22598   0.03325   0.07685   0.06524   0.03250   0.01975   0.05712   0.07982   0.01938   0.17135   0.20207   0.02188   0.06201   0.01703   0.12420   0.02746   0.09965   0.13830   0.03583   0.17796   0.24924   8.40490   1.89957   1.35678   1.91492   0.99101  
  3 99.0873   2091.685992  x:  0.23482   0.03376   0.07282   0.05536   0.03603   0.02889   0.05647   0.07712   0.02345   0.17112   0.19807   0.02559   0.05828   0.02417   0.13290   0.02790   0.10445   0.15202   0.03592   0.18086   0.26620   8.40532   1.89875   1.35167   1.92088   0.98468  
  4 102.4745   2091.239646  x:  0.24234   0.03464   0.06960   0.05438   0.04193   0.02404   0.05879   0.07818   0.02342   0.17084   0.19422   0.02630   0.05584   0.01985   0.13280   0.03531   0.10191   0.15636   0.04155   0.18282   0.28108   8.40590   1.89762   1.34520   1.92862   0.97620  
  5 52.0656   2090.755017  x:  0.25218   0.03418   0.06955   0.06211   0.03839   0.02801   0.06118   0.08187   0.02083   0.17026   0.18833   0.02241   0.05555   0.02087   0.12497   0.03274   0.09402   0.15430   0.04288   0.18442   0.30208   8.40719   1.89515   1.33190   1.94485   0.95801  
  6 47.4247   2090.524485  x:  0.25513   0.03496   0.07259   0.06324   0.03667   0.02468   0.05958   0.08190   0.02475   0.16991   0.18645   0.02760   0.05785   0.02218   0.12145   0.03068   0.09302   0.15040   0.04049   0.18414   0.31014   8.40817   1.89327   1.32262   1.95648   0.94470  
  7 52.7439   2090.105211  x:  0.25487   0.03345   0.07845   0.05916   0.04041   0.02593   0.05388   0.07805   0.02199   0.16947   0.18647   0.02531   0.06202   0.01993   0.11995   0.03301   0.09836   0.14030   0.03491   0.18172   0.31653   8.41064   1.88857   1.30145   1.98402   0.91281  
  8 54.0555   2089.601875  x:  0.24883   0.03558   0.07605   0.05571   0.03622   0.02489   0.05810   0.07537   0.02250   0.16904   0.19083   0.02260   0.06017   0.02271   0.12387   0.03188   0.10407   0.13326   0.04354   0.17819   0.31341   8.41443   1.88141   1.27227   2.02373   0.86651  
  9 71.2535   2089.279928  x:  0.24362   0.03422   0.07186   0.05941   0.03747   0.02720   0.06033   0.07751   0.02183   0.16866   0.19360   0.02715   0.05661   0.01864   0.12724   0.03021   0.10288   0.13713   0.04131   0.17701   0.30633   8.41721   1.87623   1.25355   2.05092   0.83503  
 10 86.2112   2089.132244  x:  0.24139   0.03367   0.07058   0.06118   0.03837   0.02503   0.05936   0.07940   0.02278   0.16844   0.19401   0.02496   0.05606   0.02193   0.12791   0.03214   0.09994   0.14235   0.03815   0.17739   0.30114   8.41873   1.87347   1.24529   2.06436   0.81992  
 11 72.3565   2089.073728  x:  0.24138   0.03448   0.07202   0.05943   0.03785   0.02575   0.05699   0.07953   0.02379   0.16840   0.19265   0.02411   0.05791   0.02062   0.12618   0.03183   0.09710   0.14645   0.03996   0.17885   0.29732   8.41968   1.87189   1.24306   2.07066   0.81380  
 12 23.5323   2089.060241  x:  0.24198   0.03402   0.07273   0.05905   0.03785   0.02555   0.05718   0.07892   0.02235   0.16850   0.19147   0.02495   0.05813   0.02128   0.12531   0.03185   0.09693   0.14737   0.04054   0.17971   0.29591   8.42013   1.87123   1.24331   2.07273   0.81245  
 13 11.5871   2089.044876  x:  0.24370   0.03403   0.07356   0.05925   0.03813   0.02557   0.05868   0.07771   0.02299   0.16881   0.18889   0.02456   0.05723   0.02104   0.12422   0.03176   0.09800   0.14774   0.04016   0.18128   0.29373   8.42115   1.86989   1.24516   2.07636   0.81110  
 14  9.0365   2089.031366  x:  0.24564   0.03421   0.07220   0.05973   0.03742   0.02567   0.05724   0.07853   0.02301   0.16933   0.18667   0.02476   0.05694   0.02098   0.12474   0.03226   0.09903   0.14677   0.04028   0.18231   0.29216   8.42282   1.86803   1.24907   2.08141   0.81041  
 15  6.8297   2089.018792  x:  0.24660   0.03399   0.07199   0.05976   0.03878   0.02539   0.05729   0.07913   0.02307   0.16977   0.18628   0.02451   0.05779   0.02125   0.12605   0.03095   0.09850   0.14602   0.04061   0.18225   0.29176   8.42509   1.86596   1.25444   2.08766   0.81026  
 16  8.6066   2088.994248  x:  0.24700   0.03363   0.07259   0.05863   0.03767   0.02562   0.05859   0.07890   0.02306   0.17022   0.18756   0.02470   0.05821   0.02097   0.12749   0.03189   0.09643   0.14548   0.03974   0.18122   0.29223   8.43022   1.86197   1.26626   2.10118   0.81050  
 17 17.6672   2088.975434  x:  0.24560   0.03456   0.07300   0.05955   0.03799   0.02553   0.05741   0.07804   0.02282   0.16969   0.18981   0.02469   0.05679   0.02113   0.12574   0.03167   0.09735   0.14663   0.04012   0.18035   0.29356   8.43488   1.85977   1.27578   2.11245   0.81121  
 18 14.5774   2088.971164  x:  0.24476   0.03360   0.07249   0.05961   0.03789   0.02556   0.05762   0.07828   0.02316   0.16927   0.18999   0.02464   0.05753   0.02106   0.12495   0.03177   0.09814   0.14705   0.04026   0.18051   0.29397   8.43638   1.86020   1.27776   2.11533   0.81168  
 19  6.2780   2088.966917  x:  0.24353   0.03448   0.07223   0.05929   0.03791   0.02558   0.05815   0.07897   0.02285   0.16882   0.18946   0.02467   0.05810   0.02103   0.12466   0.03176   0.09855   0.14718   0.03990   0.18115   0.29431   8.43863   1.86228   1.27937   2.11868   0.81259  
 20  4.6538   2088.949967  x:  0.23944   0.03373   0.07307   0.05919   0.03788   0.02553   0.05762   0.07907   0.02313   0.16804   0.18686   0.02466   0.05674   0.02108   0.12578   0.03167   0.09772   0.14664   0.04029   0.18343   0.29506   8.44930   1.87434   1.28483   2.13281   0.81712  
 21  8.7212   2088.923465  x:  0.23920   0.03429   0.07120   0.06014   0.03784   0.02550   0.05731   0.07605   0.02313   0.17048   0.18617   0.02465   0.05789   0.02102   0.12587   0.03167   0.09696   0.14707   0.04005   0.18277   0.29431   8.46763   1.89647   1.29274   2.15511   0.82421  
 22 14.4594   2088.895819  x:  0.24207   0.03379   0.07247   0.05933   0.03778   0.02549   0.05759   0.07857   0.02314   0.17225   0.18762   0.02461   0.05699   0.02100   0.12505   0.03166   0.09793   0.14781   0.04016   0.18073   0.29252   8.48783   1.92090   1.30124   2.17825   0.83104  
 23 29.7253   2088.887313  x:  0.24412   0.03387   0.07228   0.05940   0.03777   0.02547   0.05754   0.07819   0.02307   0.16840   0.18888   0.02461   0.05710   0.02099   0.12535   0.03163   0.09771   0.14756   0.04006   0.18096   0.29167   8.49520   1.92892   1.30488   2.18406   0.83142  
 24  7.1528   2088.869380  x:  0.24347   0.03384   0.07231   0.05933   0.03777   0.02546   0.05755   0.07823   0.02308   0.16926   0.18852   0.02459   0.05711   0.02097   0.12531   0.03161   0.09782   0.14756   0.04006   0.18086   0.29263   8.51954   1.94762   1.31993   2.18731   0.82036  
 25  2.6574   2088.856443  x:  0.24400   0.03378   0.07224   0.05931   0.03773   0.02541   0.05750   0.07823   0.02310   0.17094   0.19151   0.02457   0.05722   0.02094   0.12536   0.03154   0.09783   0.14707   0.03984   0.18541   0.29284   8.55713   1.94745   1.31983   2.18696   0.82071  
 26  1.1563   2088.554233  x:  0.24429   0.03320   0.07032   0.05690   0.03697   0.02435   0.05721   0.07798   0.02235   0.16955   0.18818   0.02407   0.05579   0.02034   0.12545   0.03000   0.09793   0.14990   0.03880   0.18131   0.29337   9.49273   1.92794   1.30829   2.17455   0.83862  
 27 26.8685   2088.548457  x:  0.24423   0.03334   0.07056   0.05737   0.03732   0.02466   0.05731   0.07805   0.02257   0.16969   0.18876   0.02427   0.05602   0.02053   0.12455   0.03050   0.09756   0.14834   0.03912   0.18169   0.29357   9.54404   1.93190   1.30891   2.17987   0.83576  
 28  0.0463   2088.548405  x:  0.24421   0.03334   0.07052   0.05727   0.03732   0.02467   0.05732   0.07805   0.02259   0.16969   0.18872   0.02427   0.05598   0.02056   0.12456   0.03045   0.09755   0.14831   0.03911   0.18166   0.29349   9.55349   1.93179   1.30886   2.17988   0.83592  
 29  0.0080   2088.548403  x:  0.24421   0.03333   0.07050   0.05727   0.03732   0.02466   0.05732   0.07805   0.02259   0.16969   0.18872   0.02427   0.05597   0.02056   0.12452   0.03046   0.09754   0.14830   0.03910   0.18166   0.29349   9.55340   1.93180   1.30888   2.17987   0.83594  
 30  0.0001   2088.548403  x:  0.24421   0.03333   0.07050   0.05726   0.03732   0.02466   0.05732   0.07805   0.02259   0.16969   0.18872   0.02427   0.05597   0.02056   0.12452   0.03045   0.09753   0.14830   0.03910   0.18166   0.29349   9.55286   1.93181   1.30888   2.17988   0.83593  
 31  0.0004   2088.548403  x:  0.24421   0.03333   0.07050   0.05726   0.03732   0.02466   0.05732   0.07805   0.02259   0.16969   0.18872   0.02427   0.05597   0.02056   0.12452   0.03045   0.09753   0.14830   0.03910   0.18166   0.29349   9.55283   1.93180   1.30888   2.17988   0.83593  