

TREE # 1

  0  0.0000   2332.243717  x:  0.05150   0.02088   0.11210   0.01587   0.08364   0.06802   0.05701   0.04742   0.08868   0.04018   0.06212   0.07643   0.00784   0.06595   0.02039   0.03958   0.00000   0.11954   0.16362   0.10086   0.14342   0.06944   0.07062   0.07012   2.00000   1.35584   1.21740   1.33483   0.40000  
  1 99.0000   2332.239362  x:  0.05150   0.02088   0.11210   0.01586   0.08364   0.06802   0.05701   0.04742   0.08868   0.04018   0.06212   0.07643   0.00784   0.06595   0.02039   0.03958   0.00000   0.11955   0.16362   0.10086   0.14342   0.06944   0.07062   0.07012   2.00000   1.35584   1.21740   1.33483   0.40000  
  2 843.4235   2323.394232  x:  0.05405   0.02060   0.11673   0.01035   0.08075   0.06173   0.05869   0.04323   0.08617   0.04177   0.05843   0.07867   0.00000   0.06561   0.01026   0.03261   0.00000   0.12639   0.15782   0.09667   0.14103   0.06357   0.07359   0.07267   2.00152   1.35537   1.21660   1.33456   0.40454  
  3 618.8845   2313.338655  x:  0.05605   0.01970   0.12408   0.00000   0.07533   0.04940   0.06063   0.03581   0.08180   0.04342   0.05171   0.08174   0.00000   0.05813   0.01288   0.01956   0.00000   0.12659   0.14649   0.08908   0.13664   0.05245   0.07594   0.07465   2.00450   1.35435   1.21486   1.33377   0.41247  
  4 774.0383   2304.261503  x:  0.05343   0.02001   0.12869   0.00000   0.06898   0.03165   0.05992   0.03031   0.07820   0.04434   0.04628   0.08231   0.00000   0.06826   0.01341   0.00000   0.00000   0.11785   0.12946   0.07991   0.12996   0.03796   0.07377   0.07201   2.00921   1.35278   1.21183   1.33244   0.42229  
  5 713.1274   2299.953792  x:  0.04565   0.02331   0.11729   0.00000   0.06524   0.00966   0.05283   0.04516   0.08126   0.04165   0.05199   0.07215   0.00000   0.06313   0.01480   0.00000   0.00000   0.13031   0.09397   0.07763   0.11538   0.02449   0.06297   0.06418   2.02193   1.34880   1.20292   1.32899   0.43658  
  6 178.4314   2297.252353  x:  0.04928   0.02211   0.10926   0.00000   0.06399   0.02244   0.05393   0.05565   0.08461   0.04209   0.05687   0.06817   0.00000   0.06293   0.01566   0.00000   0.00000   0.12962   0.05288   0.07590   0.09959   0.01665   0.06644   0.06772   2.03928   1.34335   1.19085   1.32444   0.45292  
  7 162.8015   2296.062302  x:  0.05207   0.02059   0.11086   0.00000   0.06701   0.01512   0.05755   0.05958   0.08681   0.04210   0.05984   0.07476   0.00000   0.06334   0.01533   0.00000   0.00000   0.12685   0.04055   0.07794   0.09237   0.03297   0.07118   0.07041   2.06055   1.33649   1.17654   1.31891   0.46498  
  8 75.3272   2287.589063  x:  0.04844   0.02432   0.13417   0.00000   0.08218   0.02244   0.06032   0.06933   0.09464   0.04272   0.06691   0.09451   0.00000   0.06087   0.01050   0.00000   0.00000   0.13147   0.06902   0.07791   0.06008   0.02922   0.06663   0.06579   2.27542   1.26674   1.03543   1.26161   0.56885  
  9 104.3925   2281.036218  x:  0.05828   0.01269   0.12881   0.00000   0.08175   0.01689   0.05545   0.06511   0.09258   0.04111   0.06353   0.08146   0.00000   0.05968   0.00543   0.00000   0.00000   0.13337   0.07221   0.07577   0.10051   0.02564   0.07583   0.07479   2.44957   1.20925   0.92797   1.21174   0.62107  
 10 364.3543   2279.226070  x:  0.05739   0.03514   0.12471   0.00000   0.07537   0.01907   0.05974   0.05416   0.08665   0.04434   0.05701   0.07742   0.00000   0.05847   0.00407   0.00000   0.00000   0.13672   0.06797   0.07106   0.10754   0.03074   0.07573   0.07356   2.51579   1.18657   0.89406   1.18935   0.61998  
 11 239.5747   2275.292267  x:  0.04870   0.02116   0.11896   0.00000   0.05933   0.02526   0.06416   0.02932   0.07317   0.04578   0.04447   0.07639   0.00000   0.05918   0.00302   0.00000   0.00000   0.15049   0.06007   0.05845   0.09289   0.03998   0.06808   0.06423   2.63664   1.14379   0.84504   1.14167   0.58276  
 12 212.7945   2271.896521  x:  0.06450   0.02193   0.12451   0.00000   0.05433   0.01636   0.05433   0.03351   0.06958   0.04468   0.04467   0.07802   0.00000   0.06089   0.00278   0.00000   0.00000   0.15167   0.06016   0.04991   0.07063   0.02870   0.07521   0.07932   2.75750   1.10035   0.80616   1.08828   0.52705  
 13 225.1326   2270.085874  x:  0.05870   0.02127   0.14120   0.00000   0.06331   0.01385   0.06584   0.04221   0.07520   0.05027   0.04784   0.08656   0.00000   0.06149   0.00283   0.00000   0.00000   0.15395   0.05207   0.05297   0.07640   0.01672   0.08078   0.07305   2.83144   1.07333   0.79065   1.05239   0.49951  
 14 154.1640   2267.672571  x:  0.05942   0.02385   0.16277   0.00000   0.06738   0.01997   0.05379   0.04253   0.08310   0.03831   0.04420   0.08505   0.00000   0.06373   0.00373   0.00000   0.00000   0.15845   0.04401   0.04896   0.08505   0.02264   0.06955   0.07291   2.94946   1.02917   0.78191   0.99155   0.49372  
 15 105.9567   2263.178423  x:  0.06196   0.02246   0.15476   0.00000   0.05954   0.01810   0.05420   0.03757   0.08855   0.06601   0.04266   0.06670   0.00000   0.06670   0.00537   0.00000   0.00000   0.15750   0.05092   0.06430   0.08204   0.02829   0.07218   0.07363   3.19327   0.93907   0.77772   0.86896   0.50228  
 16 270.4228   2260.886350  x:  0.06188   0.02419   0.13028   0.00000   0.05416   0.01585   0.06608   0.03721   0.08298   0.04808   0.04287   0.07908   0.00000   0.06875   0.00611   0.00000   0.00000   0.15726   0.05737   0.06982   0.08251   0.02340   0.08083   0.07263   3.31137   0.89855   0.78038   0.81847   0.50836  
 17 270.1748   2260.073084  x:  0.06280   0.02435   0.12112   0.00000   0.06435   0.01656   0.05977   0.03809   0.06809   0.05516   0.04629   0.09117   0.00000   0.06880   0.00642   0.00000   0.00000   0.15760   0.05636   0.06514   0.08610   0.02246   0.07665   0.07308   3.35933   0.89257   0.78773   0.82632   0.50872  
 18 49.5051   2256.575450  x:  0.06091   0.02471   0.12480   0.00000   0.07566   0.01538   0.06803   0.04044   0.04142   0.04665   0.05345   0.07068   0.00000   0.07027   0.00721   0.00000   0.00000   0.15666   0.05805   0.06247   0.08209   0.02423   0.08639   0.06897   3.56527   0.89730   0.83249   0.92233   0.50462  
 19 80.4745   2249.205331  x:  0.06860   0.02618   0.10843   0.00000   0.06081   0.01137   0.07301   0.02389   0.08912   0.05022   0.05038   0.07936   0.00000   0.07236   0.00841   0.00000   0.00000   0.15611   0.05820   0.06683   0.08489   0.01857   0.07983   0.07091   4.08469   0.93488   0.95415   1.17738   0.48905  
 20 411.8146   2247.791307  x:  0.06520   0.02629   0.11133   0.00000   0.04115   0.01417   0.06508   0.03850   0.08576   0.05363   0.03920   0.08670   0.00000   0.07291   0.00831   0.00000   0.00000   0.15587   0.05868   0.07240   0.08795   0.02059   0.08504   0.06649   4.16753   0.96112   0.97825   1.20798   0.48903  
 21 157.3483   2243.724031  x:  0.07302   0.02651   0.11047   0.00000   0.05129   0.01239   0.06750   0.03320   0.07754   0.05000   0.02068   0.08640   0.00000   0.07600   0.00765   0.00000   0.00000   0.15679   0.05543   0.09868   0.08679   0.01619   0.07374   0.07104   4.38814   1.12462   1.06413   1.23721   0.49484  
 22 99.8072   2242.896547  x:  0.07400   0.02685   0.11119   0.01040   0.05037   0.01217   0.06692   0.02920   0.07598   0.04937   0.02590   0.08684   0.00000   0.07638   0.00759   0.00000   0.00000   0.15740   0.05496   0.10092   0.08751   0.01543   0.07350   0.07096   4.45776   1.17847   1.09181   1.24500   0.49722  
 23 693.1148   2240.638138  x:  0.07213   0.02758   0.11192   0.00000   0.04574   0.01233   0.06427   0.02231   0.07781   0.04990   0.04583   0.08717   0.00000   0.07588   0.00786   0.00000   0.00000   0.15888   0.05606   0.08910   0.08970   0.01620   0.08076   0.06759   4.55012   1.25407   1.12959   1.25277   0.50141  
 24 424.4279   2239.806489  x:  0.07239   0.02650   0.10778   0.00000   0.04925   0.01214   0.07156   0.03056   0.08345   0.05269   0.04146   0.08364   0.00000   0.07586   0.00830   0.00000   0.00000   0.15966   0.05980   0.06630   0.09037   0.01938   0.08233   0.06717   4.58298   1.28293   1.14422   1.25456   0.50372  
 25 95.1875   2238.554611  x:  0.06718   0.02780   0.10541   0.00000   0.06017   0.01191   0.05947   0.02533   0.08887   0.05223   0.02969   0.08317   0.00000   0.07634   0.00839   0.00000   0.00000   0.16292   0.05901   0.06460   0.08751   0.01877   0.09920   0.06039   4.56492   1.27785   1.14687   1.25568   0.50753  
 26  6.1716   2232.589438  x:  0.07329   0.02908   0.11577   0.07199   0.06523   0.01065   0.05066   0.01502   0.09088   0.05627   0.01130   0.08618   0.00000   0.08569   0.00889   0.00000   0.00000   0.18536   0.05603   0.05377   0.08770   0.01443   0.11948   0.05253   4.44052   1.25768   1.18107   1.26931   0.54314  
 27 59.2234   2198.248283  x:  0.11862   0.02739   0.16199   0.01022   0.03126   0.00735   0.07737   0.00429   0.07224   0.07220   0.00377   0.09873   0.00000   0.11542   0.01022   0.00000   0.00000   0.24680   0.04957   0.02488   0.10172   0.00245   0.10966   0.05745   4.10076   1.21392   1.28201   1.31101   0.64638  
 28 270.1745   2197.275538  x:  0.12071   0.02731   0.16414   0.00736   0.02969   0.00720   0.07860   0.00380   0.07138   0.07294   0.00343   0.09931   0.00000   0.11680   0.01028   0.00816   0.00000   0.24965   0.04927   0.02355   0.10237   0.00190   0.10920   0.05768   4.08507   1.21187   1.28677   1.31294   0.65117  
 29 813.7881   2192.033283  x:  0.12752   0.02651   0.17680   0.00000   0.03058   0.00813   0.07926   0.00729   0.07168   0.07325   0.00832   0.10047   0.00000   0.12241   0.00909   0.01078   0.00000   0.26088   0.04871   0.02250   0.10524   0.00367   0.10794   0.05818   4.05291   1.18155   1.38190   1.31588   0.67956  
 30  9.1311   2192.033283  x:  0.12752   0.02651   0.17680   0.00000   0.03058   0.00813   0.07926   0.00729   0.07168   0.07325   0.00832   0.10047   0.00000   0.12241   0.00909   0.01078   0.00000   0.26088   0.04871   0.02250   0.10524   0.00367   0.10794   0.05818   4.05291   1.18155   1.38190   1.31588   0.67956  
 31 16.0119   2176.817404  x:  0.12953   0.02484   0.17864   0.01700   0.03473   0.01227   0.07949   0.02117   0.06980   0.07269   0.02606   0.10155   0.00000   0.12917   0.05405   0.01114   0.00000   0.27106   0.04733   0.03206   0.10505   0.02511   0.11077   0.06019   4.05319   1.18219   1.38055   1.31646   0.68130  
 32 1065.3400   2165.582462  x:  0.13614   0.01991   0.18479   0.00000   0.04433   0.01273   0.08026   0.02073   0.06333   0.07036   0.02469   0.10516   0.00000   0.15103   0.06590   0.00539   0.00000   0.30590   0.04325   0.04794   0.10414   0.01541   0.12006   0.06680   4.05427   1.18470   1.37553   1.31846   0.68751  
 33 283.3634   2159.364793  x:  0.14481   0.02148   0.19577   0.02209   0.04207   0.00637   0.08111   0.01482   0.05637   0.06779   0.03293   0.11044   0.00000   0.18026   0.05879   0.01675   0.00000   0.36446   0.04536   0.04421   0.10278   0.00333   0.13227   0.07547   4.05666   1.19055   1.36436   1.32251   0.70068  
 34 277.4512   2155.635431  x:  0.15127   0.02343   0.20545   0.03145   0.03763   0.01636   0.08168   0.01366   0.05247   0.06604   0.03206   0.11449   0.00000   0.20379   0.04336   0.02129   0.00000   0.41737   0.04658   0.03446   0.10160   0.02084   0.14158   0.08193   4.05921   1.19664   1.35283   1.32656   0.71393  
 35 529.1267   2154.616462  x:  0.14997   0.02377   0.20772   0.03270   0.03381   0.01133   0.08131   0.02537   0.05639   0.06701   0.02694   0.11391   0.00000   0.20379   0.04220   0.01629   0.00000   0.43349   0.04587   0.02751   0.10164   0.02137   0.14028   0.08063   4.06091   1.20043   1.34592   1.32872   0.72093  
 36 128.1258   2153.119513  x:  0.14127   0.02481   0.21020   0.03804   0.02943   0.01302   0.07997   0.01872   0.06924   0.07179   0.01711   0.10932   0.00000   0.18820   0.04653   0.00970   0.00000   0.46106   0.04468   0.02942   0.10253   0.02051   0.12958   0.07193   4.06621   1.21175   1.32543   1.33475   0.74040  
 37 94.3877   2152.180475  x:  0.13440   0.02414   0.21105   0.03424   0.03623   0.01258   0.07923   0.02121   0.07402   0.07433   0.02202   0.10551   0.00000   0.17136   0.04434   0.01828   0.00000   0.47983   0.04441   0.03177   0.10332   0.02131   0.12029   0.06506   4.07194   1.22315   1.30458   1.34067   0.75946  
 38 127.6840   2151.611850  x:  0.13445   0.02427   0.20961   0.02951   0.03410   0.01106   0.07984   0.01766   0.06676   0.07193   0.03012   0.10516   0.00000   0.16105   0.04560   0.01419   0.00000   0.48516   0.04492   0.02652   0.10338   0.02140   0.11850   0.06511   4.07798   1.23355   1.28500   1.34593   0.77617  
 39 71.1283   2151.045483  x:  0.13731   0.02595   0.20651   0.03040   0.02916   0.01507   0.08070   0.02134   0.05741   0.06832   0.02890   0.10638   0.00000   0.15355   0.04506   0.01424   0.00000   0.48416   0.04657   0.03087   0.10319   0.01925   0.12026   0.06797   4.08664   1.24705   1.25897   1.35271   0.79754  
 40 94.1878   2150.399259  x:  0.14126   0.02576   0.20253   0.03320   0.03524   0.01057   0.08122   0.02012   0.05257   0.06605   0.02123   0.10841   0.00000   0.15214   0.04600   0.01514   0.00000   0.47787   0.04720   0.03095   0.10280   0.02197   0.12462   0.07192   4.09844   1.26375   1.22606   1.36106   0.82393  
 41 128.9337   2149.802789  x:  0.14352   0.02227   0.19947   0.03387   0.03814   0.01561   0.08082   0.02062   0.06028   0.06803   0.02268   0.10996   0.00000   0.16025   0.04651   0.01473   0.00000   0.46714   0.04516   0.02720   0.10247   0.01884   0.12923   0.07418   4.11275   1.28121   1.19053   1.36977   0.85178  
 42 117.7169   2149.499741  x:  0.14318   0.02231   0.19913   0.03227   0.03396   0.01200   0.08027   0.01994   0.06515   0.06984   0.02562   0.11016   0.00000   0.16731   0.04513   0.01497   0.00000   0.46099   0.04408   0.03064   0.10239   0.02092   0.13040   0.07384   4.12118   1.28964   1.17265   1.37394   0.86566  
 43 118.6989   2149.400150  x:  0.14009   0.02651   0.20192   0.03084   0.03348   0.01230   0.07986   0.01977   0.06309   0.07044   0.02493   0.10880   0.00000   0.17289   0.04659   0.01621   0.00000   0.45825   0.04597   0.02950   0.10255   0.02044   0.12753   0.07075   4.12758   1.29163   1.16660   1.37478   0.87031  
 44 24.8505   2149.345097  x:  0.13808   0.02426   0.20493   0.03221   0.03439   0.01247   0.07989   0.02018   0.06064   0.06997   0.02519   0.10749   0.00000   0.17561   0.04552   0.01446   0.00000   0.45678   0.04616   0.03024   0.10264   0.02049   0.12481   0.06874   4.13430   1.29165   1.16389   1.37454   0.87239  
 45 18.8170   2149.259633  x:  0.13874   0.02137   0.21050   0.03157   0.03258   0.01238   0.08053   0.01971   0.06016   0.06811   0.02384   0.10701   0.00000   0.17588   0.04668   0.01690   0.00000   0.45580   0.04367   0.02919   0.10262   0.02045   0.12278   0.06940   4.15304   1.28898   1.16130   1.37239   0.87454  
 46 14.9707   2148.902217  x:  0.14409   0.02650   0.23043   0.03199   0.03499   0.01253   0.08212   0.02010   0.06328   0.06510   0.02503   0.10797   0.00000   0.17293   0.04582   0.01478   0.00000   0.45344   0.03974   0.03039   0.10233   0.02022   0.12007   0.07475   4.24204   1.27487   1.15177   1.36144   0.88263  
 47 69.0837   2148.211824  x:  0.14734   0.02159   0.24877   0.02926   0.03431   0.01200   0.08021   0.02005   0.06544   0.07312   0.02484   0.11045   0.00000   0.16800   0.04744   0.01450   0.00000   0.45337   0.05602   0.03085   0.10209   0.02018   0.12663   0.07800   4.42838   1.24490   1.13462   1.33791   0.89715  
 48 144.0998   2145.932967  x:  0.13358   0.02326   0.23568   0.02911   0.03425   0.01247   0.07425   0.02008   0.05663   0.08144   0.02469   0.11415   0.00000   0.16655   0.04800   0.01514   0.00000   0.46313   0.03841   0.03039   0.10354   0.01923   0.14998   0.06424   5.01104   1.15427   1.08655   1.26373   0.93623  
 49 226.1600   2144.503268  x:  0.13589   0.02348   0.20687   0.02746   0.03496   0.01228   0.08493   0.01993   0.06309   0.06207   0.02559   0.10919   0.00000   0.17459   0.04872   0.01471   0.00000   0.47250   0.04641   0.03112   0.10321   0.01890   0.13669   0.06655   5.37560   1.10427   1.05876   1.21918   0.95632  
 50 352.1230   2144.192863  x:  0.14250   0.02353   0.19844   0.02747   0.03483   0.01230   0.08139   0.02002   0.06036   0.07067   0.02545   0.10790   0.00000   0.17740   0.04876   0.01479   0.00000   0.47502   0.04462   0.03101   0.10260   0.01883   0.12454   0.07316   5.45792   1.10049   1.05440   1.21160   0.95678  
 51 110.5604   2143.495538  x:  0.14211   0.02319   0.19685   0.02663   0.03516   0.01235   0.06635   0.01993   0.06157   0.06322   0.02578   0.11482   0.00000   0.17857   0.04920   0.01469   0.00000   0.48087   0.04590   0.03126   0.10267   0.01873   0.12232   0.07278   5.64523   1.16053   1.06219   1.22037   0.92175  
 52 28.5394   2142.733283  x:  0.14098   0.02348   0.19641   0.02585   0.03522   0.01221   0.08385   0.02005   0.06043   0.06874   0.02576   0.11473   0.00000   0.17936   0.04965   0.01478   0.00000   0.48748   0.04480   0.03141   0.10292   0.01867   0.12466   0.07164   5.86466   1.23452   1.07419   1.23693   0.87943  
 53 234.1307   2142.551456  x:  0.14260   0.02412   0.19621   0.02561   0.03529   0.01221   0.08189   0.02003   0.06041   0.06822   0.02590   0.10059   0.00000   0.17954   0.04973   0.01480   0.00000   0.48839   0.04455   0.03144   0.10286   0.01863   0.12869   0.07326   5.91237   1.24580   1.08344   1.25543   0.87604  
 54 32.2239   2141.591454  x:  0.14182   0.02364   0.19175   0.02391   0.03550   0.01208   0.08328   0.01991   0.06004   0.06756   0.02632   0.11026   0.00000   0.18291   0.05061   0.01482   0.00000   0.49085   0.04409   0.03165   0.10283   0.01816   0.12544   0.07248   6.18430   1.28671   1.16692   1.42259   0.88701  
 55 42.1946   2141.350270  x:  0.14193   0.02355   0.19175   0.02291   0.03565   0.01201   0.08390   0.01991   0.06012   0.06771   0.02658   0.10991   0.00000   0.18527   0.05112   0.01472   0.00000   0.48898   0.04396   0.03192   0.09833   0.01786   0.12615   0.07260   6.23293   1.31727   1.22154   1.41934   0.93379  
 56  5.8689   2141.323931  x:  0.14221   0.02352   0.19178   0.02278   0.03567   0.01200   0.08394   0.01990   0.06010   0.06773   0.02661   0.10990   0.00000   0.18560   0.05117   0.01468   0.00000   0.48893   0.04400   0.03194   0.10412   0.01784   0.12622   0.07287   6.23725   1.31985   1.22619   1.41888   0.93790  
 57 10.4528   2137.041402  x:  0.14693   0.02094   0.21058   0.00000   0.03891   0.01141   0.08204   0.01995   0.05684   0.06804   0.02993   0.11223   0.00000   0.19858   0.06195   0.01288   0.00000   0.53552   0.04275   0.03581   0.10303   0.01361   0.13475   0.07760   6.38128   1.29472   1.19926   1.39966   0.94403  
 58  0.4996   2135.648708  x:  0.15053   0.01678   0.22203   0.00674   0.04413   0.01331   0.08062   0.01889   0.05491   0.06772   0.02431   0.11412   0.00000   0.21324   0.06168   0.00683   0.00000   0.58348   0.03854   0.04232   0.10188   0.01086   0.14181   0.08121   6.37494   1.25878   1.16046   1.36702   0.94448  
 59  0.1180   2135.229690  x:  0.15121   0.01764   0.22160   0.00269   0.04565   0.01283   0.08065   0.01878   0.05612   0.06735   0.02195   0.11454   0.00000   0.22213   0.06321   0.01009   0.00000   0.61265   0.03809   0.04506   0.10183   0.01000   0.14330   0.08189   6.36239   1.24627   1.14680   1.35241   0.94784  
 60  0.0603   2135.165764  x:  0.15078   0.01901   0.21782   0.00328   0.04542   0.01161   0.08132   0.01877   0.05647   0.06740   0.02310   0.11434   0.00000   0.22571   0.06150   0.00961   0.00000   0.62359   0.04004   0.04590   0.10209   0.01049   0.14222   0.08146   6.33923   1.25469   1.15685   1.35858   0.94884  
 61  0.0270   2135.158666  x:  0.15076   0.01839   0.21695   0.00285   0.04519   0.01174   0.08141   0.01881   0.05620   0.06743   0.02347   0.11431   0.00000   0.22631   0.06117   0.00949   0.00000   0.62670   0.03970   0.04597   0.10203   0.01005   0.14198   0.08144   6.31908   1.25764   1.15908   1.36146   0.94829  
 62  0.0213   2135.156391  x:  0.15076   0.01830   0.21712   0.00312   0.04499   0.01185   0.08136   0.01876   0.05615   0.06748   0.02319   0.11429   0.00000   0.22617   0.06076   0.00980   0.00000   0.62727   0.03947   0.04585   0.10198   0.00992   0.14188   0.08143   6.30065   1.25864   1.15936   1.36256   0.94733  
 63  0.0214   2135.154762  x:  0.15077   0.01856   0.21762   0.00299   0.04482   0.01173   0.08127   0.01865   0.05622   0.06747   0.02301   0.11429   0.00000   0.22579   0.06025   0.00968   0.00000   0.62695   0.03949   0.04564   0.10195   0.00998   0.14188   0.08144   6.28255   1.25869   1.15878   1.36252   0.94646  
 64  0.0130   2135.154232  x:  0.15077   0.01839   0.21738   0.00300   0.04488   0.01175   0.08131   0.01867   0.05624   0.06740   0.02304   0.11429   0.00000   0.22561   0.05983   0.00966   0.00000   0.62612   0.03964   0.04554   0.10200   0.01002   0.14197   0.08144   6.28770   1.25831   1.15898   1.36200   0.94690  
 65  0.0031   2135.154116  x:  0.15077   0.01848   0.21731   0.00300   0.04495   0.01177   0.08133   0.01866   0.05622   0.06744   0.02302   0.11429   0.00000   0.22573   0.05972   0.00967   0.00000   0.62620   0.03954   0.04558   0.10198   0.00999   0.14197   0.08144   6.29381   1.25816   1.15888   1.36199   0.94712  
 66  0.0048   2135.154106  x:  0.15077   0.01845   0.21738   0.00300   0.04496   0.01176   0.08132   0.01865   0.05622   0.06745   0.02301   0.11429   0.00000   0.22576   0.05970   0.00968   0.00000   0.62627   0.03956   0.04560   0.10197   0.00999   0.14195   0.08144   6.29475   1.25813   1.15879   1.36199   0.94707  
 67  0.0010   2135.154106  x:  0.15077   0.01846   0.21739   0.00300   0.04496   0.01176   0.08132   0.01865   0.05622   0.06744   0.02301   0.11429   0.00000   0.22576   0.05970   0.00968   0.00000   0.62625   0.03956   0.04561   0.10198   0.00999   0.14194   0.08144   6.29480   1.25813   1.15878   1.36196   0.94705  
 68  0.0000   2135.154106  x:  0.15077   0.01846   0.21739   0.00300   0.04495   0.01176   0.08132   0.01865   0.05622   0.06744   0.02301   0.11429   0.00000   0.22575   0.05970   0.00968   0.00000   0.62624   0.03956   0.04562   0.10198   0.00999   0.14195   0.08144   6.29476   1.25813   1.15878   1.36197   0.94705  
 69  0.0000   2135.154106  x:  0.15077   0.01846   0.21739   0.00300   0.04495   0.01176   0.08132   0.01865   0.05622   0.06744   0.02301   0.11429   0.00000   0.22575   0.05970   0.00968   0.00000   0.62624   0.03956   0.04562   0.10198   0.00999   0.14195   0.08144   6.29474   1.25813   1.15878   1.36197   0.94706  
 70  0.0000   2135.154106  x:  0.15077   0.01846   0.21739   0.00300   0.04495   0.01176   0.08132   0.01865   0.05622   0.06744   0.02301   0.11429   0.00000   0.22575   0.05970   0.00968   0.00000   0.62624   0.03956   0.04562   0.10198   0.00999   0.14195   0.08144   6.29473   1.25813   1.15878   1.36197   0.94705  
 71  0.0000   2135.154106  x:  0.15077   0.01846   0.21739   0.00300   0.04496   0.01176   0.08132   0.01865   0.05622   0.06744   0.02301   0.11429   0.00000   0.22575   0.05970   0.00968   0.00000   0.62623   0.03956   0.04562   0.10198   0.00999   0.14195   0.08144   6.29472   1.25813   1.15878   1.36197   0.94705  