

TREE # 1

  0  0.0000   2199.184557  x:  0.06770   0.00000   0.11639   0.02588   0.06817   0.05531   0.06567   0.04681   0.09278   0.11464   0.06607   0.11954   0.02072   0.07596   0.01263   0.05700   0.06643   0.05402   0.05740   0.07340   0.10434   0.05650   0.08463   0.08632   2.00000   1.49375   1.18173   1.41889   0.40000  
  1 99.0000   2181.380356  x:  0.10294   0.11578   0.15436   0.03633   0.06219   0.00486   0.10557   0.00000   0.08434   0.14959   0.03960   0.15338   0.01961   0.15301   0.05682   0.03180   0.04697   0.07575   0.03923   0.10251   0.10044   0.02999   0.11670   0.12156   2.01558   1.49117   1.18098   1.42244   0.44042  
  2 498.8786   2179.313136  x:  0.10554   0.12420   0.15716   0.03709   0.06176   0.00134   0.10851   0.00109   0.08373   0.15217   0.03765   0.15587   0.01951   0.15868   0.06002   0.02993   0.04553   0.07735   0.03789   0.10465   0.10016   0.02804   0.11906   0.12416   2.01675   1.49098   1.18092   1.42271   0.44342  
  3 5159.7685   2177.308009  x:  0.11164   0.12742   0.16554   0.03704   0.06276   0.02221   0.11382   0.00089   0.08283   0.16002   0.03210   0.16270   0.01479   0.17147   0.05709   0.02433   0.04242   0.08027   0.03512   0.10960   0.09958   0.02338   0.12511   0.13026   2.02312   1.48986   1.18100   1.42389   0.45656  
  4 278.1228   2170.092376  x:  0.12359   0.10001   0.18632   0.03424   0.06485   0.01551   0.12359   0.00083   0.07971   0.17890   0.02364   0.17819   0.00000   0.19678   0.02973   0.01772   0.03962   0.08371   0.03311   0.11867   0.09899   0.02091   0.13783   0.14221   2.04595   1.48604   1.18160   1.42767   0.49785  
  5 223.2253   2166.649528  x:  0.13283   0.07779   0.20237   0.03295   0.06655   0.01251   0.13055   0.00077   0.07775   0.19320   0.02148   0.18998   0.01397   0.21705   0.01281   0.01793   0.03860   0.08609   0.03232   0.12527   0.09862   0.02129   0.14785   0.15146   2.06551   1.48281   1.18219   1.43085   0.53141  
  6 690.5907   2160.614257  x:  0.14860   0.01929   0.23386   0.03332   0.06965   0.00966   0.14113   0.00068   0.07597   0.22021   0.03590   0.21238   0.01890   0.25769   0.03822   0.03404   0.04197   0.08879   0.03463   0.13581   0.09842   0.03206   0.16443   0.16722   2.11505   1.47486   1.18404   1.43844   0.60782  
  7 368.2737   2158.684028  x:  0.14560   0.00598   0.23485   0.03223   0.06474   0.00725   0.13696   0.00067   0.07991   0.21931   0.03496   0.21255   0.02356   0.26638   0.04829   0.01951   0.04177   0.08597   0.03482   0.13162   0.09812   0.01699   0.15974   0.16422   2.14413   1.47081   1.18603   1.44165   0.63488  
  8 110.6775   2154.416957  x:  0.12713   0.01226   0.22558   0.03022   0.05041   0.00746   0.11674   0.00079   0.08992   0.20337   0.02020   0.20498   0.02575   0.28963   0.05132   0.01412   0.04003   0.07672   0.03260   0.11144   0.09933   0.03311   0.13265   0.14575   2.25966   1.45614   1.19385   1.45340   0.72370  
  9 141.6811   2150.909899  x:  0.11154   0.02636   0.21393   0.03460   0.05064   0.00827   0.10177   0.00089   0.09370   0.18656   0.03236   0.19570   0.02255   0.30656   0.04310   0.03008   0.03970   0.07300   0.03257   0.09754   0.10006   0.02084   0.11012   0.13016   2.37232   1.44272   1.20117   1.46445   0.80214  
 10 460.6850   2147.932766  x:  0.10766   0.03626   0.19330   0.03578   0.07643   0.00838   0.10552   0.00092   0.08157   0.16903   0.04202   0.17939   0.02277   0.29771   0.04189   0.01642   0.04580   0.08162   0.04394   0.10467   0.09985   0.02673   0.11020   0.12628   2.48822   1.43243   1.20721   1.47437   0.85511  
 11 176.0081   2144.419567  x:  0.11137   0.03922   0.16707   0.02777   0.08473   0.00796   0.11692   0.00090   0.06996   0.15288   0.02360   0.15942   0.02400   0.26745   0.04720   0.02726   0.04453   0.08909   0.03616   0.11938   0.09936   0.01896   0.12326   0.12999   2.63632   1.42231   1.21383   1.48565   0.90152  
 12 269.4099   2140.785031  x:  0.12195   0.04641   0.15340   0.04040   0.06497   0.00882   0.12778   0.00087   0.07765   0.15196   0.03691   0.15137   0.02329   0.22089   0.04495   0.02182   0.03401   0.08777   0.02121   0.12954   0.09832   0.02313   0.14087   0.14057   2.81066   1.41464   1.21985   1.49721   0.93234  
 13 263.4651   2138.222733  x:  0.13004   0.05594   0.15365   0.04276   0.04650   0.01022   0.13274   0.00087   0.08602   0.16015   0.03806   0.15490   0.02250   0.18350   0.04328   0.02308   0.03904   0.08472   0.04265   0.13283   0.09721   0.02114   0.15145   0.14866   2.95616   1.41057   1.22390   1.50588   0.94620  
 14 425.7654   2133.607350  x:  0.13291   0.06705   0.18192   0.02885   0.06761   0.00893   0.12363   0.00090   0.09185   0.19072   0.03593   0.18409   0.02368   0.13548   0.04567   0.02139   0.05313   0.07425   0.03129   0.11838   0.09725   0.01878   0.14983   0.15153   3.21928   1.41139   1.22782   1.51794   0.93219  
 15 243.5413   2127.905373  x:  0.12728   0.05383   0.20275   0.04291   0.07399   0.00826   0.11516   0.00085   0.07390   0.20657   0.02824   0.20313   0.02470   0.14515   0.04770   0.02384   0.02179   0.08804   0.03970   0.11223   0.09786   0.01931   0.14309   0.14590   3.52716   1.42179   1.22883   1.52751   0.86944  
 16 243.3869   2120.055120  x:  0.12094   0.02738   0.22497   0.05841   0.05558   0.01001   0.11445   0.00074   0.05341   0.21730   0.02601   0.21994   0.02309   0.20443   0.04283   0.02420   0.05440   0.11163   0.02850   0.11774   0.09856   0.02195   0.13776   0.13956   4.07206   1.44518   1.22845   1.54207   0.73955  
 17 753.1112   2115.770805  x:  0.12515   0.01384   0.22916   0.02994   0.06273   0.00943   0.12560   0.00065   0.09216   0.21231   0.03429   0.21732   0.02119   0.25131   0.03902   0.02629   0.04828   0.10433   0.03162   0.12758   0.09866   0.02603   0.13968   0.14377   4.35398   1.46140   1.22617   1.54739   0.66642  
 18 444.4025   2115.110813  x:  0.13273   0.01244   0.22895   0.02998   0.06486   0.00980   0.12769   0.00064   0.08474   0.20925   0.03492   0.21199   0.02067   0.26048   0.03853   0.02631   0.04713   0.07873   0.03370   0.12323   0.09890   0.02615   0.14113   0.15134   4.39278   1.46848   1.22340   1.54515   0.65701  
 19 61.8062   2114.903387  x:  0.14069   0.01134   0.23131   0.03128   0.06630   0.00970   0.12464   0.00064   0.08631   0.20753   0.03407   0.20316   0.02041   0.26090   0.03839   0.02653   0.04794   0.08352   0.03394   0.11263   0.10069   0.02612   0.14034   0.15931   4.40454   1.48628   1.21435   1.53514   0.65939  
 20 11.1842   2114.617812  x:  0.13972   0.01109   0.23606   0.02472   0.06272   0.00994   0.12240   0.00065   0.08195   0.20730   0.03716   0.19777   0.02052   0.25853   0.03811   0.02594   0.04646   0.08422   0.03370   0.11774   0.09894   0.02669   0.13658   0.15834   4.41931   1.51825   1.19865   1.51627   0.66644  
 21 20.1985   2114.342014  x:  0.13562   0.00955   0.23861   0.03110   0.06504   0.00984   0.12337   0.00064   0.08578   0.20704   0.03428   0.19562   0.02074   0.25598   0.03814   0.02666   0.04753   0.08125   0.03381   0.12552   0.09771   0.02649   0.13436   0.15424   4.43378   1.55056   1.18329   1.49691   0.67388  
 22 63.5727   2114.096699  x:  0.12946   0.00761   0.22946   0.03012   0.06456   0.01014   0.13111   0.00061   0.08521   0.20478   0.03509   0.20750   0.02066   0.25572   0.03776   0.02680   0.04737   0.08063   0.03415   0.11767   0.10355   0.02667   0.14305   0.14808   4.44472   1.57064   1.17751   1.48350   0.67966  
 23 14.7368   2113.729442  x:  0.13272   0.00343   0.21377   0.02991   0.06547   0.00984   0.12291   0.00064   0.08556   0.20356   0.03530   0.22178   0.02040   0.25622   0.03712   0.02736   0.04760   0.08133   0.03424   0.11720   0.08989   0.02762   0.14445   0.15133   4.45785   1.58033   1.18445   1.47483   0.68484  
 24  8.9890   2113.224012  x:  0.13486   0.00000   0.20952   0.02979   0.06565   0.00970   0.11831   0.00066   0.08550   0.20388   0.03543   0.22456   0.02033   0.25548   0.03659   0.02754   0.04763   0.08127   0.03435   0.12096   0.09710   0.02814   0.14139   0.15348   4.46848   1.58211   1.19430   1.47200   0.68850  
 25 16.8692   2110.740216  x:  0.11793   0.00000   0.23591   0.02852   0.06627   0.01003   0.12349   0.00072   0.08256   0.20496   0.03747   0.18292   0.01900   0.24111   0.02857   0.03225   0.04743   0.08036   0.03536   0.11662   0.09828   0.03670   0.14695   0.13655   4.61089   1.57979   1.32902   1.46413   0.73531  
 26 26.7460   2109.909206  x:  0.12173   0.00000   0.24468   0.02849   0.06482   0.01065   0.14071   0.00069   0.08031   0.18215   0.03766   0.19040   0.01909   0.23063   0.02569   0.03373   0.04698   0.08203   0.03510   0.11723   0.10049   0.03981   0.12262   0.14035   4.66325   1.57375   1.32753   1.50246   0.75205  
 27 19.4104   2108.264148  x:  0.11186   0.00000   0.25019   0.02728   0.06517   0.01023   0.11986   0.00079   0.07897   0.17075   0.03890   0.17949   0.01776   0.22163   0.02051   0.03595   0.04672   0.07933   0.03601   0.11907   0.10698   0.04406   0.13967   0.13047   4.75439   1.55306   1.26008   1.62084   0.77949  
 28 38.4550   2108.009591  x:  0.11012   0.00000   0.23900   0.02652   0.06529   0.01035   0.12545   0.00078   0.07819   0.18847   0.03940   0.17213   0.01787   0.22137   0.01964   0.03642   0.04659   0.07911   0.03621   0.11699   0.10714   0.04493   0.13187   0.12873   4.77058   1.54832   1.24727   1.63854   0.78400  
 29 24.3804   2106.962776  x:  0.11107   0.00000   0.23579   0.02634   0.06549   0.01009   0.12119   0.00086   0.07827   0.18481   0.03953   0.17198   0.01776   0.21577   0.01862   0.03619   0.04658   0.07891   0.03657   0.11583   0.10772   0.04504   0.12874   0.12968   4.90984   1.36358   1.11895   1.47581   0.79283  
 30  2.0962   2100.161226  x:  0.11271   0.00000   0.16413   0.02942   0.06882   0.00778   0.08942   0.00143   0.08419   0.17490   0.03611   0.18751   0.01776   0.17142   0.02185   0.02758   0.04709   0.07097   0.03868   0.10126   0.09798   0.03188   0.11586   0.13132   5.96601   1.49950   1.22570   1.55179   0.89432  
 31  2.3988   2097.140831  x:  0.11368   0.00000   0.20396   0.03029   0.06696   0.00684   0.11827   0.00178   0.08525   0.16368   0.03385   0.17126   0.01816   0.16772   0.02829   0.02248   0.04451   0.07972   0.03831   0.11246   0.10310   0.02088   0.12405   0.13228   7.04370   1.51521   1.25285   1.57342   0.88804  
 32  0.6614   2095.536486  x:  0.11674   0.00000   0.20066   0.02761   0.06818   0.00499   0.10760   0.00235   0.08129   0.18873   0.03685   0.18462   0.01461   0.18600   0.02140   0.02575   0.04372   0.07629   0.03781   0.11418   0.10415   0.02905   0.13379   0.13534   8.05074   1.49185   1.22525   1.60004   0.89311  
 33  0.5890   2095.035003  x:  0.11518   0.00000   0.19225   0.02865   0.06867   0.00795   0.10698   0.00280   0.08250   0.18305   0.03427   0.18497   0.01615   0.18228   0.02570   0.02449   0.04462   0.07593   0.03683   0.10826   0.09932   0.02661   0.12563   0.13377   8.75085   1.49725   1.21460   1.58004   0.91747  
 34  0.4306   2094.906839  x:  0.11613   0.00000   0.19828   0.02953   0.06795   0.00637   0.10551   0.00315   0.08235   0.17786   0.03511   0.18172   0.01578   0.17952   0.02347   0.02558   0.04514   0.07803   0.03693   0.11097   0.09974   0.02753   0.12641   0.13472   9.06552   1.50643   1.23026   1.57814   0.92410  
 35  0.2002   2094.794039  x:  0.11598   0.00000   0.19522   0.02880   0.06804   0.00507   0.11005   0.00363   0.08258   0.17964   0.03576   0.18313   0.01695   0.18644   0.02509   0.02608   0.04522   0.07626   0.03737   0.11165   0.10218   0.02709   0.12896   0.13456   9.27315   1.50390   1.22880   1.59054   0.92017  
 36  0.0832   2094.475353  x:  0.11406   0.00000   0.19432   0.02905   0.06637   0.00847   0.10810   0.00512   0.08084   0.18437   0.03763   0.18373   0.01950   0.17885   0.02458   0.02732   0.04554   0.07776   0.03765   0.10934   0.10194   0.02870   0.12573   0.13264   9.17006   1.49777   1.21303   1.58765   0.88557  
 37  0.0210   2094.090777  x:  0.11813   0.00000   0.19496   0.02865   0.07004   0.00496   0.10100   0.00698   0.08563   0.17770   0.03688   0.17979   0.01960   0.18009   0.02398   0.02677   0.04605   0.07433   0.03773   0.10846   0.09768   0.02584   0.12588   0.13671   8.73826   1.49773   1.22459   1.57089   0.88703  
 38  0.1747   2093.854586  x:  0.11474   0.00000   0.19221   0.02883   0.06903   0.00440   0.11223   0.00882   0.08437   0.17724   0.03622   0.18470   0.01859   0.17802   0.02318   0.02669   0.04550   0.07757   0.03731   0.11109   0.10002   0.02790   0.12694   0.13332   8.45775   1.50306   1.23132   1.58127   0.89681  
 39  0.1488   2093.707147  x:  0.11548   0.00000   0.19731   0.02908   0.06703   0.00594   0.10791   0.01071   0.08108   0.18110   0.03549   0.18215   0.01741   0.18383   0.02505   0.02545   0.04478   0.07691   0.03673   0.11127   0.10214   0.02747   0.12781   0.13404   8.54836   1.50331   1.22272   1.58754   0.90787  
 40  0.0531   2093.670853  x:  0.11588   0.00000   0.19584   0.02907   0.06802   0.00530   0.10709   0.01186   0.08227   0.18026   0.03511   0.18283   0.01629   0.18270   0.02397   0.02544   0.04492   0.07710   0.03700   0.11020   0.10046   0.02703   0.12692   0.13444   8.63575   1.50167   1.22476   1.57891   0.91560  
 41  0.0622   2093.665760  x:  0.11570   0.00000   0.19620   0.02887   0.06821   0.00539   0.10768   0.01243   0.08268   0.18011   0.03516   0.18295   0.01643   0.18179   0.02426   0.02559   0.04492   0.07678   0.03718   0.11074   0.10058   0.02735   0.12705   0.13426   8.61339   1.50114   1.22532   1.58075   0.91137  
 42  0.0133   2093.665283  x:  0.11574   0.00000   0.19599   0.02893   0.06804   0.00532   0.10756   0.01254   0.08255   0.18023   0.03536   0.18290   0.01646   0.18200   0.02426   0.02555   0.04497   0.07693   0.03716   0.11052   0.10065   0.02723   0.12713   0.13430   8.62068   1.50141   1.22504   1.58075   0.91016  
 43  0.0067   2093.665268  x:  0.11573   0.00000   0.19597   0.02893   0.06806   0.00532   0.10755   0.01255   0.08255   0.18017   0.03536   0.18285   0.01647   0.18203   0.02425   0.02558   0.04498   0.07688   0.03714   0.11051   0.10064   0.02724   0.12705   0.13429   8.62204   1.50145   1.22500   1.58065   0.91007  
 44  0.0013   2093.665267  x:  0.11573   0.00000   0.19596   0.02894   0.06806   0.00532   0.10754   0.01255   0.08255   0.18017   0.03535   0.18285   0.01648   0.18203   0.02426   0.02558   0.04498   0.07689   0.03713   0.11052   0.10064   0.02724   0.12706   0.13429   8.62185   1.50143   1.22499   1.58064   0.91007  
 45  0.0002   2093.665267  x:  0.11573   0.00000   0.19596   0.02894   0.06806   0.00532   0.10754   0.01255   0.08254   0.18016   0.03535   0.18285   0.01648   0.18203   0.02425   0.02558   0.04498   0.07689   0.03713   0.11052   0.10064   0.02724   0.12706   0.13429   8.62172   1.50143   1.22500   1.58064   0.91007  
 46  0.0001   2093.665267  x:  0.11573   0.00000   0.19596   0.02894   0.06806   0.00532   0.10754   0.01255   0.08254   0.18016   0.03535   0.18285   0.01648   0.18203   0.02425   0.02558   0.04498   0.07689   0.03713   0.11052   0.10064   0.02724   0.12706   0.13429   8.62172   1.50143   1.22500   1.58064   0.91008  
 47  0.0000   2093.665267  x:  0.11573   0.00000   0.19596   0.02894   0.06806   0.00532   0.10754   0.01255   0.08254   0.18016   0.03535   0.18285   0.01648   0.18203   0.02425   0.02558   0.04498   0.07689   0.03713   0.11052   0.10064   0.02724   0.12706   0.13429   8.62173   1.50143   1.22500   1.58064   0.91008  
 48  0.0000   2093.665267  x:  0.11573   0.00000   0.19596   0.02894   0.06806   0.00532   0.10754   0.01255   0.08254   0.18016   0.03535   0.18285   0.01648   0.18203   0.02425   0.02558   0.04498   0.07689   0.03713   0.11052   0.10064   0.02724   0.12706   0.13429   8.62173   1.50143   1.22500   1.58064   0.91008  
 49  0.0000   2093.665267  x:  0.11573   0.00000   0.19596   0.02894   0.06806   0.00532   0.10754   0.01255   0.08254   0.18016   0.03535   0.18285   0.01648   0.18203   0.02425   0.02558   0.04498   0.07689   0.03713   0.11052   0.10064   0.02724   0.12706   0.13429   8.62173   1.50143   1.22500   1.58064   0.91008  
check convergence!
