

TREE # 1

  0  0.0000   2165.133910  x:  0.01972   0.20925   0.02571   0.03211   0.02495   0.05815   0.02188   0.05666   0.08536   0.02661   0.17168   0.01972   0.20925   0.02571   0.03211   0.02495   0.05815   0.02188   0.05666   0.08536   0.02661   0.17168   0.21568   8.40433   1.27729   0.94447   1.30318   1.00000  
  1 99.0000   2128.998896  x:  0.00012   0.20559   0.05980   0.05512   0.01438   0.06415   0.01989   0.05996   0.09889   0.03604   0.17073   0.00000   0.20629   0.06594   0.09014   0.01006   0.06191   0.01314   0.06834   0.09980   0.06461   0.17090   0.21895   8.40440   1.27746   0.94328   1.30546   0.99795  
  2 715.8136   2128.970019  x:  0.00000   0.20557   0.05980   0.05514   0.01436   0.06417   0.01988   0.05997   0.09893   0.03603   0.17073   0.00000   0.20627   0.06592   0.09014   0.01002   0.06192   0.01315   0.06837   0.09985   0.06460   0.17089   0.21897   8.40440   1.27746   0.94328   1.30548   0.99793  
  3 202.7218   2128.104102  x:  0.00000   0.19932   0.05960   0.05662   0.01826   0.06680   0.02031   0.06124   0.10759   0.03525   0.16937   0.00000   0.20156   0.06284   0.09035   0.01508   0.06327   0.00677   0.07350   0.11007   0.06331   0.16915   0.22448   8.40453   1.27798   0.94107   1.30958   0.99372  
  4 118.7145   2127.564995  x:  0.00000   0.19235   0.06015   0.05723   0.02241   0.06807   0.02056   0.06187   0.11417   0.03576   0.16795   0.00000   0.19628   0.06121   0.09117   0.02354   0.06410   0.01214   0.07675   0.11841   0.06394   0.16720   0.23051   8.40469   1.27862   0.93845   1.31450   0.98861  
  5 166.3592   2126.845030  x:  0.00000   0.17598   0.05972   0.05230   0.01308   0.06474   0.01750   0.05977   0.11578   0.03878   0.16527   0.00000   0.18324   0.06178   0.08781   0.02748   0.06267   0.01161   0.07103   0.12339   0.06911   0.16322   0.24368   8.40517   1.28057   0.93127   1.32870   0.97328  
  6 55.7101   2126.365932  x:  0.00000   0.16270   0.05958   0.05188   0.01832   0.06328   0.02389   0.05903   0.11310   0.03940   0.16375   0.00000   0.17166   0.06365   0.08476   0.02204   0.06190   0.01144   0.06649   0.12271   0.07310   0.16081   0.25403   8.40571   1.28284   0.92370   1.34428   0.95607  
  7 82.8277   2126.024338  x:  0.00000   0.15762   0.05984   0.05493   0.02209   0.06470   0.01690   0.06034   0.10853   0.03781   0.16425   0.00000   0.16524   0.06386   0.08399   0.01990   0.06219   0.01137   0.06931   0.11847   0.07322   0.16111   0.25864   8.40626   1.28526   0.91699   1.35930   0.93870  
  8 59.7094   2125.489675  x:  0.00000   0.15765   0.06062   0.05856   0.01647   0.06850   0.02191   0.06197   0.10263   0.03566   0.16730   0.00000   0.15965   0.06238   0.08603   0.02301   0.06341   0.01122   0.07802   0.11133   0.06967   0.16450   0.26140   8.40747   1.29080   0.90415   1.39075   0.90097  
  9 74.8733   2124.415871  x:  0.00000   0.17278   0.06040   0.05114   0.01926   0.06452   0.02018   0.05898   0.11043   0.03929   0.17425   0.00000   0.16542   0.06360   0.09166   0.02117   0.06394   0.01122   0.07205   0.11364   0.06349   0.17296   0.25563   8.41039   1.30463   0.88005   1.46164   0.81171  
 10 85.1186   2124.174121  x:  0.00000   0.17425   0.05928   0.05718   0.01826   0.06521   0.02035   0.06056   0.11118   0.03560   0.17214   0.00000   0.17242   0.06397   0.08594   0.02233   0.06160   0.01131   0.06933   0.11690   0.07026   0.17056   0.25023   8.41128   1.30941   0.87982   1.47816   0.78806  
 11 45.5707   2124.054404  x:  0.00000   0.17232   0.06123   0.05382   0.01876   0.06602   0.02039   0.06021   0.10823   0.03803   0.16735   0.00000   0.17660   0.06320   0.08417   0.02148   0.06333   0.01120   0.07301   0.11876   0.07245   0.16513   0.24539   8.41199   1.31386   0.88683   1.48591   0.77436  
 12 23.0824   2123.955923  x:  0.00000   0.16947   0.05985   0.05473   0.01855   0.06461   0.02039   0.05961   0.10811   0.03571   0.16288   0.00000   0.17698   0.06266   0.08878   0.02165   0.06294   0.01125   0.07168   0.11770   0.06841   0.16027   0.24238   8.41291   1.32041   0.90052   1.49199   0.76196  
 13 18.5034   2123.877847  x:  0.00000   0.16932   0.06064   0.05622   0.01832   0.06666   0.02038   0.06127   0.11112   0.03940   0.16362   0.00000   0.17539   0.06367   0.08745   0.02179   0.06218   0.01124   0.07073   0.11495   0.06685   0.16146   0.24372   8.41400   1.32898   0.91733   1.49752   0.75232  
 14 17.3227   2123.798592  x:  0.00000   0.17042   0.05998   0.05404   0.01857   0.06613   0.02044   0.06037   0.11199   0.03641   0.16721   0.00000   0.17353   0.06458   0.08663   0.02178   0.06313   0.01124   0.07230   0.11464   0.06953   0.16565   0.24702   8.41530   1.33946   0.93541   1.50395   0.74423  
 15 26.9239   2123.766063  x:  0.00000   0.17134   0.06055   0.05552   0.01858   0.06475   0.02045   0.05984   0.10915   0.03733   0.16913   0.00000   0.17305   0.06246   0.08711   0.02144   0.06307   0.01123   0.07195   0.11748   0.06976   0.16744   0.24865   8.41603   1.34545   0.94219   1.50819   0.74298  
 16 14.0294   2123.723200  x:  0.00000   0.17219   0.05956   0.05428   0.01856   0.06771   0.02040   0.06173   0.10674   0.03686   0.16967   0.00000   0.17333   0.06380   0.08787   0.02143   0.06199   0.01128   0.07074   0.11991   0.06900   0.16700   0.24942   8.41752   1.35719   0.94800   1.51819   0.74701  
 17  8.4245   2123.500012  x:  0.00000   0.17439   0.06053   0.05604   0.01830   0.06494   0.02039   0.05916   0.10920   0.03657   0.16788   0.00000   0.17577   0.06643   0.08604   0.02082   0.06372   0.01116   0.07238   0.11884   0.06777   0.16154   0.24937   8.42611   1.42300   0.97386   1.57633   0.77562  
 18 30.5522   2123.462167  x:  0.00000   0.17359   0.06070   0.05508   0.01843   0.06538   0.02037   0.06044   0.11062   0.03661   0.16687   0.00000   0.17586   0.06262   0.08764   0.02036   0.06269   0.01116   0.07205   0.11728   0.07001   0.16251   0.24795   8.42772   1.43307   0.97785   1.58579   0.78042  
 19 25.3627   2123.440602  x:  0.00000   0.17073   0.05984   0.05540   0.01835   0.06606   0.02032   0.05930   0.11058   0.03711   0.16545   0.00000   0.17498   0.06320   0.08761   0.02048   0.06332   0.01116   0.07188   0.11798   0.06994   0.16704   0.24404   8.42925   1.43534   0.97963   1.58983   0.78257  
 20  4.3246   2123.423053  x:  0.00000   0.16936   0.06124   0.05497   0.01826   0.06447   0.02042   0.06118   0.11065   0.03655   0.16597   0.00000   0.17403   0.06395   0.08701   0.02042   0.06242   0.01117   0.07228   0.11869   0.06923   0.16838   0.24167   8.43087   1.43495   0.98074   1.59199   0.78369  
 21  4.2294   2123.248451  x:  0.00000   0.16711   0.06230   0.05525   0.01801   0.06693   0.02031   0.05896   0.11230   0.03624   0.17811   0.00000   0.16699   0.06303   0.08695   0.01919   0.06306   0.01117   0.07157   0.12080   0.07059   0.16249   0.23173   8.44909   1.42015   0.98936   1.60668   0.79092  
 22  4.9903   2122.946738  x:  0.00000   0.16928   0.05322   0.05657   0.01769   0.06333   0.02063   0.06345   0.11355   0.04030   0.17699   0.00000   0.16679   0.06458   0.08929   0.01600   0.06401   0.01110   0.07564   0.12273   0.07328   0.16114   0.23409   8.48073   1.39562   1.00094   1.62616   0.80024  
 23 19.5562   2122.327296  x:  0.00000   0.17467   0.06202   0.05720   0.01703   0.06732   0.02061   0.06092   0.11575   0.03573   0.16352   0.00000   0.17244   0.06368   0.09022   0.01038   0.06355   0.01106   0.07538   0.12590   0.07164   0.16478   0.24797   8.54647   1.34925   1.02157   1.66045   0.81667  
 24 67.0756   2121.355839  x:  0.00000   0.16050   0.06371   0.05887   0.01526   0.06872   0.02075   0.06670   0.12060   0.03489   0.17280   0.00000   0.18363   0.06358   0.09507   0.00262   0.07488   0.01087   0.07489   0.12937   0.06996   0.16552   0.25279   8.64123   1.36297   1.00764   1.63529   0.80751  
 25 10.7665   2121.185082  x:  0.00000   0.16130   0.06303   0.05894   0.01536   0.06907   0.02074   0.06393   0.12160   0.03554   0.17211   0.00000   0.18126   0.06418   0.09538   0.00061   0.06871   0.01094   0.07790   0.13096   0.07043   0.16516   0.25223   8.65849   1.36680   1.00447   1.62940   0.80526  
 26 46.7548   2121.115584  x:  0.00000   0.16712   0.06356   0.05924   0.01515   0.06906   0.02075   0.06551   0.12168   0.03497   0.16762   0.00000   0.17336   0.06391   0.09449   0.00031   0.07183   0.01091   0.07676   0.13256   0.07205   0.16439   0.25002   8.66625   1.36928   1.00273   1.62594   0.80392  
 27 12.6275   2119.538862  x:  0.00000   0.16942   0.06514   0.06343   0.00957   0.07455   0.02024   0.06300   0.13602   0.03404   0.16145   0.00000   0.15720   0.06672   0.10094   0.00326   0.06415   0.01177   0.08908   0.15091   0.07490   0.16313   0.25137   8.89189   1.40150   0.96249   1.55081   0.77555  
 28  0.6958   2119.193397  x:  0.00000   0.16407   0.06888   0.06611   0.01256   0.07597   0.01844   0.06519   0.14215   0.03374   0.16614   0.00000   0.17128   0.06935   0.11005   0.00269   0.06950   0.01321   0.09119   0.15558   0.07548   0.16549   0.25470   8.99061   1.39590   0.95594   1.53692   0.77032  
 29  0.0992   2119.090004  x:  0.00000   0.16547   0.07110   0.06703   0.01028   0.07501   0.01885   0.06448   0.14271   0.03468   0.16574   0.00000   0.17113   0.07157   0.11599   0.00247   0.06859   0.01389   0.09097   0.15569   0.07808   0.16577   0.25377   9.00037   1.38890   0.96625   1.55389   0.77559  
 30  0.0200   2119.065060  x:  0.00000   0.16685   0.07170   0.06707   0.01153   0.07452   0.01895   0.06394   0.14164   0.03479   0.16476   0.00000   0.16801   0.07253   0.11810   0.00251   0.06723   0.01401   0.09060   0.15468   0.07941   0.16530   0.25267   8.97935   1.38880   0.96493   1.55005   0.77519  
 31  0.0258   2119.058890  x:  0.00000   0.16620   0.07204   0.06707   0.01117   0.07451   0.01905   0.06425   0.14059   0.03451   0.16503   0.00000   0.16832   0.07290   0.11933   0.00241   0.06773   0.01385   0.09018   0.15349   0.07969   0.16511   0.25296   8.96147   1.38986   0.96153   1.54401   0.77358  
 32  0.0180   2119.058291  x:  0.00000   0.16624   0.07202   0.06707   0.01121   0.07466   0.01895   0.06428   0.14023   0.03454   0.16497   0.00000   0.16877   0.07291   0.11954   0.00238   0.06770   0.01369   0.09027   0.15309   0.07958   0.16519   0.25309   8.95618   1.39066   0.96275   1.54649   0.77381  
 33  0.0045   2119.058227  x:  0.00000   0.16625   0.07201   0.06709   0.01121   0.07468   0.01898   0.06428   0.14028   0.03457   0.16502   0.00000   0.16867   0.07291   0.11955   0.00238   0.06772   0.01361   0.09036   0.15316   0.07957   0.16519   0.25306   8.95731   1.39014   0.96258   1.54585   0.77380  
 34  0.0009   2119.058223  x:  0.00000   0.16625   0.07202   0.06709   0.01121   0.07467   0.01898   0.06427   0.14031   0.03455   0.16499   0.00000   0.16867   0.07291   0.11956   0.00238   0.06772   0.01360   0.09035   0.15319   0.07958   0.16518   0.25305   8.95781   1.39028   0.96257   1.54599   0.77380  
 35  0.0004   2119.058223  x:  0.00000   0.16626   0.07202   0.06709   0.01121   0.07466   0.01898   0.06428   0.14031   0.03455   0.16500   0.00000   0.16867   0.07291   0.11956   0.00238   0.06772   0.01360   0.09034   0.15319   0.07958   0.16518   0.25305   8.95786   1.39028   0.96258   1.54598   0.77381  
 36  0.0000   2119.058223  x:  0.00000   0.16625   0.07202   0.06709   0.01121   0.07466   0.01898   0.06428   0.14031   0.03455   0.16499   0.00000   0.16867   0.07291   0.11956   0.00238   0.06772   0.01360   0.09034   0.15319   0.07958   0.16518   0.25305   8.95786   1.39027   0.96258   1.54598   0.77381  
 37  0.0000   2119.058223  x:  0.00000   0.16625   0.07202   0.06709   0.01121   0.07466   0.01898   0.06428   0.14031   0.03455   0.16499   0.00000   0.16867   0.07291   0.11956   0.00238   0.06772   0.01360   0.09034   0.15319   0.07958   0.16518   0.25305   8.95787   1.39027   0.96258   1.54598   0.77381  
 38  0.0000   2119.058223  x:  0.00000   0.16625   0.07202   0.06709   0.01121   0.07466   0.01898   0.06428   0.14031   0.03455   0.16499   0.00000   0.16867   0.07291   0.11956   0.00238   0.06772   0.01360   0.09034   0.15319   0.07958   0.16518   0.25305   8.95787   1.39028   0.96258   1.54598   0.77381  

TREE # 2

  0  0.0000   2403.667759  x:  0.00000   0.16625   0.07202   0.06709   0.01121   0.07466   0.01898   0.06428   0.14031   0.03455   0.16499   0.00000   0.16867   0.07291   0.11956   0.00238   0.06772   0.01360   0.09034   0.15319   0.07958   0.16518   0.25305   8.95787   1.36618   0.88435   1.42201   0.77381  
  1 99.0000   2252.222174  x:  0.40107   0.16979   0.08604   0.08130   0.04656   0.07665   0.06769   0.07375   0.13693   0.03116   0.16048   0.04372   0.17247   0.08382   0.12481   0.05685   0.07225   0.08241   0.08933   0.14834   0.07222   0.16011   0.24508   8.95788   1.36584   0.88473   1.42258   0.77356  
  2 7207.6951   2200.675602  x:  0.39630   0.13364   0.12313   0.12422   0.07533   0.07773   0.11479   0.09683   0.12177   0.00000   0.13685   0.01457   0.13660   0.11801   0.14050   0.04441   0.07216   0.10925   0.07953   0.12598   0.03830   0.13733   0.20809   8.95794   1.36336   0.88874   1.42354   0.77315  
  3 501.2899   2173.267273  x:  0.39637   0.08371   0.13281   0.13108   0.07248   0.07447   0.12151   0.10367   0.11064   0.03319   0.11003   0.02167   0.08698   0.13005   0.14926   0.03768   0.07184   0.12036   0.07149   0.10081   0.00000   0.11208   0.15830   8.95800   1.36074   0.89313   1.42486   0.77241  
  4 509.6774   2137.048469  x:  0.40008   0.00000   0.13896   0.13300   0.06362   0.07079   0.12125   0.10664   0.09410   0.04818   0.07173   0.02402   0.00386   0.14016   0.15875   0.03356   0.07194   0.13101   0.06565   0.06728   0.02230   0.07962   0.07855   8.95810   1.35682   0.89950   1.42734   0.77185  
  5 938.7825   2136.013064  x:  0.40034   0.00000   0.13869   0.13275   0.06336   0.07085   0.12077   0.10646   0.09374   0.04746   0.07107   0.02379   0.00000   0.14003   0.15881   0.03388   0.07197   0.13098   0.06570   0.06678   0.02193   0.07904   0.07523   8.95810   1.35670   0.89969   1.42748   0.77185  
  6 813.2943   2133.597832  x:  0.40143   0.00000   0.13672   0.13796   0.06861   0.07058   0.12258   0.10942   0.09605   0.04650   0.08057   0.03742   0.00000   0.14044   0.15887   0.02000   0.06983   0.13187   0.06511   0.07271   0.02412   0.08653   0.03285   8.95809   1.35547   0.90107   1.43097   0.77217  
  7 140.2667   2133.336188  x:  0.39986   0.00000   0.13702   0.14055   0.06973   0.07000   0.12470   0.11104   0.09723   0.04863   0.08326   0.03988   0.00000   0.14117   0.15957   0.02678   0.07028   0.13233   0.06528   0.07393   0.02537   0.08946   0.02613   8.95809   1.35510   0.90141   1.43258   0.77232  
  8 61.4088   2133.232819  x:  0.40027   0.00000   0.13409   0.14372   0.06515   0.06851   0.12621   0.11227   0.09875   0.05036   0.08359   0.03488   0.00000   0.13956   0.16033   0.02581   0.07091   0.13295   0.06784   0.07105   0.02529   0.09540   0.02468   8.95807   1.35269   0.90415   1.44238   0.77319  
  9  9.3494   2132.900037  x:  0.39903   0.00000   0.12742   0.15020   0.07193   0.07286   0.11895   0.11440   0.09899   0.05168   0.08260   0.02983   0.00000   0.13393   0.16391   0.02587   0.06928   0.13132   0.06389   0.07200   0.02540   0.09579   0.02502   8.95798   1.34210   0.91838   1.49074   0.77710  
 10 15.5410   2132.450438  x:  0.39512   0.00000   0.13084   0.14874   0.06475   0.06853   0.11952   0.11103   0.09671   0.04347   0.08551   0.03778   0.00000   0.13363   0.16611   0.02618   0.07177   0.12982   0.06767   0.07673   0.02339   0.08847   0.02687   8.95785   1.33164   0.93800   1.55818   0.78203  
 11 45.0285   2132.161678  x:  0.39202   0.00000   0.13538   0.13214   0.06840   0.07043   0.12433   0.10847   0.10015   0.04009   0.08534   0.03847   0.00000   0.13966   0.15795   0.02669   0.06899   0.12797   0.06564   0.07102   0.02234   0.09362   0.02610   8.95774   1.33780   0.94777   1.59323   0.78308  
 12 22.7353   2131.769237  x:  0.38815   0.00000   0.13577   0.12779   0.07222   0.06725   0.12372   0.10245   0.09862   0.04172   0.08234   0.03050   0.00000   0.14318   0.14449   0.02595   0.07397   0.13020   0.07005   0.08117   0.02197   0.09272   0.02328   8.95756   1.37068   0.95626   1.62323   0.78043  
 13 15.9455   2130.288500  x:  0.37301   0.00000   0.12832   0.13476   0.05977   0.07599   0.11572   0.09553   0.09350   0.02295   0.09038   0.03157   0.00000   0.13592   0.13493   0.02801   0.06311   0.12660   0.06329   0.07642   0.01656   0.08826   0.02059   8.95685   1.51593   0.98527   1.71141   0.76708  
 14 47.1046   2129.709439  x:  0.36691   0.00000   0.12582   0.12929   0.06443   0.07212   0.10978   0.10283   0.09765   0.01370   0.08864   0.03442   0.00000   0.12966   0.14732   0.02698   0.07134   0.12128   0.07023   0.07250   0.01383   0.08881   0.02015   8.95656   1.57229   0.99857   1.74147   0.76262  
 15 82.2135   2129.602764  x:  0.36634   0.00000   0.12594   0.12580   0.06320   0.07079   0.11231   0.10199   0.09975   0.01350   0.08728   0.03146   0.00000   0.12843   0.15455   0.02678   0.06799   0.11867   0.06824   0.07758   0.01363   0.08875   0.01930   8.95649   1.57868   1.00378   1.74258   0.76332  
 16 15.4904   2129.375875  x:  0.36341   0.00000   0.12282   0.12534   0.06576   0.07500   0.11447   0.09061   0.09934   0.01214   0.08977   0.03107   0.00000   0.12925   0.15847   0.02680   0.06943   0.11884   0.07200   0.07671   0.01283   0.09000   0.01947   8.95629   1.57182   1.02548   1.72612   0.77187  
 17  7.6449   2129.008226  x:  0.35995   0.00000   0.12367   0.12314   0.06344   0.07175   0.11072   0.09915   0.09800   0.00761   0.09416   0.02889   0.00000   0.12667   0.14921   0.02766   0.06875   0.11815   0.06989   0.07823   0.01144   0.08972   0.01977   8.95595   1.55265   1.05841   1.69421   0.78788  
 18 26.7957   2128.906304  x:  0.35990   0.00000   0.12847   0.12511   0.06131   0.07723   0.10816   0.10053   0.10322   0.00728   0.09272   0.02808   0.00000   0.12798   0.14730   0.02755   0.06788   0.11414   0.07375   0.07941   0.01123   0.08865   0.01915   8.95581   1.54371   1.05472   1.68631   0.79163  
 19  9.3995   2128.454867  x:  0.35672   0.00000   0.12601   0.12627   0.06087   0.07414   0.10568   0.09606   0.10536   0.00172   0.08942   0.02783   0.00000   0.13133   0.14694   0.02776   0.06872   0.11330   0.07015   0.07904   0.00936   0.08901   0.01814   8.95521   1.50101   1.00948   1.65870   0.80241  
 20 15.2053   2128.169177  x:  0.35478   0.00000   0.12635   0.12181   0.06240   0.07697   0.10878   0.09647   0.09885   0.00228   0.09799   0.02202   0.00000   0.12681   0.14809   0.02739   0.06854   0.11274   0.07353   0.07713   0.00910   0.08346   0.01631   8.95477   1.47169   0.97702   1.64053   0.80796  
 21 59.9397   2128.127907  x:  0.35417   0.00000   0.12668   0.12131   0.06258   0.07880   0.11008   0.09731   0.09568   0.00177   0.09499   0.02338   0.00000   0.12435   0.14786   0.02762   0.06701   0.11397   0.07549   0.07825   0.00884   0.08538   0.01646   8.95470   1.46846   0.97506   1.63889   0.80449  
 22  6.2712   2127.675819  x:  0.35602   0.00000   0.13549   0.12393   0.06231   0.07864   0.10890   0.09505   0.09114   0.00145   0.09460   0.01980   0.00000   0.12477   0.14919   0.02748   0.07179   0.11044   0.07132   0.07681   0.00852   0.08792   0.01575   8.95382   1.44596   0.97830   1.63050   0.73742  
 23  6.5133   2127.455849  x:  0.35582   0.00000   0.12910   0.12406   0.06319   0.07803   0.11125   0.09767   0.09675   0.00032   0.09436   0.01911   0.00000   0.12853   0.14848   0.02804   0.06737   0.11448   0.07543   0.07623   0.00828   0.08185   0.01597   8.95329   1.43711   0.98079   1.62748   0.70895  
 24 32.5866   2126.810915  x:  0.35746   0.00000   0.12755   0.12557   0.06157   0.08276   0.11820   0.10036   0.09764   0.00000   0.08915   0.01845   0.00000   0.12861   0.14847   0.02785   0.07412   0.11647   0.07111   0.07603   0.00803   0.07828   0.01542   8.95154   1.44276   0.98761   1.63089   0.71603  
 25  2.5065   2124.777331  x:  0.36784   0.00000   0.14332   0.13928   0.06958   0.07091   0.12041   0.10104   0.08707   0.00157   0.07185   0.01054   0.00000   0.13888   0.15575   0.02982   0.06158   0.12432   0.07660   0.06463   0.00580   0.07216   0.01332   8.94311   1.47343   1.02012   1.64856   0.76015  
 26 45.9454   2124.760939  x:  0.36794   0.00000   0.14266   0.13868   0.06869   0.07220   0.11913   0.10224   0.08535   0.00163   0.07223   0.01026   0.00000   0.14204   0.15695   0.02982   0.06186   0.12496   0.07672   0.06536   0.00579   0.07292   0.01342   8.94311   1.47339   1.02012   1.64845   0.76044  
 27  4.4254   2123.359757  x:  0.35579   0.00000   0.13702   0.15032   0.07513   0.06933   0.13670   0.10713   0.07936   0.00315   0.06325   0.01125   0.00000   0.15119   0.15409   0.03357   0.06410   0.10477   0.07786   0.06533   0.00878   0.07369   0.02096   8.95315   1.41690   0.98073   1.58920   0.76428  
 28  0.5819   2121.855839  x:  0.33709   0.00000   0.15229   0.15390   0.07581   0.07348   0.13738   0.10670   0.09237   0.00381   0.06027   0.00796   0.00000   0.14592   0.15991   0.03773   0.06955   0.13490   0.07160   0.06738   0.01209   0.07701   0.02766   8.96406   1.35553   0.93734   1.52515   0.76849  
 29 74.7423   2120.865218  x:  0.32552   0.00000   0.16139   0.16058   0.07912   0.07476   0.13981   0.11276   0.08886   0.00362   0.06098   0.01874   0.00000   0.15906   0.16763   0.03890   0.07178   0.14776   0.06873   0.06472   0.01522   0.07541   0.02337   8.96792   1.33272   0.93629   1.49693   0.77658  
 30  0.2191   2119.901937  x:  0.29184   0.00000   0.16560   0.16804   0.08339   0.07283   0.15151   0.11796   0.09110   0.00000   0.07679   0.01623   0.00000   0.16289   0.16842   0.04003   0.07479   0.14258   0.06705   0.06334   0.01648   0.07609   0.02256   8.97440   1.40228   0.96694   1.54245   0.78929  
 31  0.1608   2119.360991  x:  0.26567   0.00000   0.15966   0.17289   0.08493   0.07332   0.15823   0.12241   0.09369   0.00216   0.07213   0.01491   0.00000   0.16556   0.16453   0.03947   0.07498   0.13974   0.06674   0.06756   0.01433   0.08063   0.01726   8.98316   1.38064   0.95274   1.52623   0.77358  
 32  0.0815   2119.109783  x:  0.25338   0.00000   0.16399   0.17127   0.08223   0.07334   0.15862   0.12165   0.09127   0.00226   0.06674   0.01367   0.00000   0.16548   0.16525   0.03711   0.07296   0.14022   0.06683   0.06543   0.01109   0.07459   0.02007   8.97284   1.39969   0.96113   1.55444   0.76899  
 33  0.0400   2119.066051  x:  0.25360   0.00000   0.16486   0.16948   0.08030   0.07238   0.15535   0.12015   0.08971   0.00220   0.06715   0.01330   0.00000   0.16518   0.16588   0.03528   0.07173   0.14013   0.06706   0.06370   0.01137   0.07371   0.01879   8.96414   1.38732   0.96311   1.54454   0.77295  
 34  0.0217   2119.059024  x:  0.25366   0.00000   0.16510   0.16864   0.07950   0.07273   0.15379   0.11952   0.09027   0.00242   0.06782   0.01356   0.00000   0.16489   0.16623   0.03472   0.07173   0.14045   0.06716   0.06418   0.01103   0.07476   0.01904   8.96101   1.38832   0.96237   1.54460   0.77376  
 35  0.0051   2119.058316  x:  0.25325   0.00000   0.16522   0.16857   0.07950   0.07289   0.15337   0.11949   0.09035   0.00236   0.06767   0.01360   0.00000   0.16491   0.16633   0.03459   0.07191   0.14044   0.06710   0.06432   0.01121   0.07472   0.01894   8.95929   1.39077   0.96290   1.54637   0.77395  
 36  0.0050   2119.058233  x:  0.25302   0.00000   0.16520   0.16863   0.07956   0.07293   0.15326   0.11953   0.09036   0.00238   0.06775   0.01359   0.00000   0.16497   0.16627   0.03456   0.07203   0.14036   0.06708   0.06429   0.01121   0.07464   0.01897   8.95842   1.39023   0.96246   1.54590   0.77382  
 37  0.0014   2119.058224  x:  0.25304   0.00000   0.16518   0.16866   0.07958   0.07291   0.15321   0.11955   0.09035   0.00238   0.06771   0.01360   0.00000   0.16499   0.16625   0.03455   0.07204   0.14032   0.06709   0.06427   0.01121   0.07467   0.01898   8.95798   1.39027   0.96257   1.54597   0.77380  
 38  0.0004   2119.058223  x:  0.25305   0.00000   0.16518   0.16867   0.07959   0.07291   0.15319   0.11956   0.09034   0.00238   0.06771   0.01360   0.00000   0.16500   0.16625   0.03455   0.07202   0.14031   0.06709   0.06428   0.01121   0.07466   0.01898   8.95790   1.39027   0.96258   1.54598   0.77381  
 39  0.0001   2119.058223  x:  0.25305   0.00000   0.16518   0.16867   0.07958   0.07291   0.15319   0.11956   0.09034   0.00238   0.06772   0.01360   0.00000   0.16500   0.16625   0.03455   0.07202   0.14031   0.06709   0.06427   0.01121   0.07466   0.01898   8.95788   1.39027   0.96258   1.54598   0.77381  
 40  0.0000   2119.058223  x:  0.25305   0.00000   0.16518   0.16867   0.07958   0.07291   0.15319   0.11956   0.09034   0.00238   0.06772   0.01360   0.00000   0.16499   0.16625   0.03455   0.07202   0.14031   0.06709   0.06428   0.01121   0.07466   0.01898   8.95787   1.39028   0.96258   1.54598   0.77381  
 41  0.0000   2119.058223  x:  0.25305   0.00000   0.16518   0.16867   0.07958   0.07291   0.15319   0.11956   0.09034   0.00238   0.06771   0.01360   0.00000   0.16499   0.16625   0.03455   0.07202   0.14031   0.06709   0.06428   0.01121   0.07466   0.01898   8.95787   1.39027   0.96258   1.54598   0.77381  