

TREE # 1

  0  0.0000   2095.003926  x:  0.01972   0.20925   0.02571   0.03211   0.02495   0.05815   0.02188   0.05666   0.08536   0.02661   0.17168   0.01972   0.20925   0.02571   0.03211   0.02495   0.05815   0.02188   0.05666   0.08536   0.02661   0.17168   0.21568   8.40433   1.56053   1.22697   1.35992   1.00000  
  1 99.0000   2083.092507  x:  0.01918   0.21318   0.03010   0.03475   0.10148   0.06576   0.03806   0.07257   0.10177   0.01375   0.17401   0.00558   0.21310   0.03276   0.03249   0.04255   0.07634   0.01735   0.05705   0.07457   0.02499   0.17242   0.21938   8.40436   1.56001   1.22403   1.36355   0.99753  
  2 411.9472   2081.630604  x:  0.01940   0.21804   0.03396   0.03288   0.09931   0.06974   0.03074   0.07871   0.11401   0.01367   0.17697   0.00000   0.21881   0.03222   0.03187   0.03965   0.08581   0.01969   0.05708   0.06323   0.02404   0.17403   0.22427   8.40440   1.55928   1.22014   1.36862   0.99406  
  3 86.4465   2081.150168  x:  0.02000   0.22269   0.03265   0.03280   0.09748   0.07163   0.03129   0.08180   0.12193   0.01248   0.17977   0.00849   0.22509   0.03260   0.03211   0.03934   0.09041   0.01625   0.05709   0.05671   0.02473   0.17644   0.22909   8.40446   1.55841   1.21574   1.37445   0.99006  
  4 89.9669   2080.688067  x:  0.01664   0.23098   0.02663   0.03475   0.09388   0.07099   0.03975   0.08193   0.12846   0.01584   0.18398   0.00580   0.23543   0.03340   0.03296   0.04247   0.09035   0.01824   0.05704   0.05689   0.02566   0.17919   0.23745   8.40462   1.55641   1.20583   1.38767   0.98055  
  5 51.5431   2080.310684  x:  0.01780   0.23815   0.02827   0.03526   0.09258   0.06903   0.04052   0.08026   0.12984   0.01052   0.18732   0.00241   0.24420   0.03305   0.03250   0.04322   0.08716   0.01491   0.05693   0.06120   0.02441   0.18139   0.24446   8.40480   1.55412   1.19472   1.40261   0.96941  
  6 69.5440   2079.934221  x:  0.02004   0.24534   0.03377   0.03443   0.09574   0.06703   0.03710   0.07814   0.12790   0.01444   0.19022   0.00385   0.25338   0.03284   0.03176   0.04291   0.08308   0.01648   0.05681   0.06590   0.02355   0.18368   0.25142   8.40508   1.55099   1.18007   1.42253   0.95419  
  7 108.5361   2079.624842  x:  0.01689   0.24768   0.03013   0.03258   0.09874   0.06763   0.03215   0.07690   0.12136   0.01196   0.18988   0.00497   0.25710   0.03324   0.03239   0.04022   0.08187   0.02006   0.05677   0.06478   0.02598   0.18378   0.25354   8.40539   1.54780   1.16613   1.44206   0.93836  
  8 67.6704   2079.336712  x:  0.01525   0.24705   0.02830   0.03249   0.09963   0.06934   0.03120   0.07684   0.11440   0.01471   0.18781   0.00333   0.25706   0.03273   0.03263   0.03821   0.08284   0.01509   0.05675   0.06097   0.02538   0.18241   0.25257   8.40574   1.54440   1.15218   1.46214   0.92130  
  9 91.7667   2078.971092  x:  0.01943   0.24292   0.03062   0.03460   0.09744   0.07139   0.03605   0.07801   0.10798   0.01321   0.18365   0.00368   0.25290   0.03206   0.03212   0.03961   0.08601   0.01767   0.05670   0.05574   0.02258   0.17957   0.24783   8.40630   1.53941   1.13277   1.49098   0.89570  
 10 105.0366   2078.705068  x:  0.01870   0.23630   0.03257   0.03348   0.09551   0.06995   0.03595   0.07950   0.11367   0.01318   0.17985   0.00431   0.24544   0.03466   0.03188   0.04296   0.08798   0.01681   0.05653   0.05896   0.02755   0.17671   0.24098   8.40682   1.53533   1.11879   1.51366   0.87375  
 11 62.8498   2078.590452  x:  0.01810   0.23285   0.03034   0.03316   0.09600   0.06866   0.03494   0.07954   0.11900   0.01335   0.17891   0.00534   0.24119   0.03291   0.03205   0.04227   0.08741   0.01709   0.05645   0.06126   0.02368   0.17579   0.23762   8.40708   1.53354   1.11383   1.52324   0.86341  
 12 52.6363   2078.567912  x:  0.01922   0.23212   0.02997   0.03414   0.09657   0.06871   0.03534   0.07869   0.12057   0.01346   0.17993   0.00506   0.23971   0.03282   0.03211   0.04025   0.08564   0.01714   0.05648   0.06051   0.02457   0.17616   0.23711   8.40720   1.53316   1.11426   1.52507   0.85998  
 13 12.3634   2078.548538  x:  0.01792   0.23166   0.03086   0.03354   0.09656   0.06921   0.03555   0.07773   0.12097   0.01328   0.18223   0.00515   0.23806   0.03314   0.03204   0.04093   0.08384   0.01716   0.05655   0.05903   0.02418   0.17729   0.23726   8.40742   1.53286   1.11728   1.52639   0.85471  
 14  8.5757   2078.519499  x:  0.01916   0.23169   0.02974   0.03341   0.09638   0.06942   0.03470   0.07825   0.12000   0.01353   0.18581   0.00493   0.23606   0.03295   0.03209   0.04228   0.08487   0.01704   0.05648   0.05954   0.02439   0.17914   0.23826   8.40790   1.53257   1.12475   1.52814   0.84430  
 15 12.6272   2078.501524  x:  0.01804   0.23193   0.03049   0.03411   0.09632   0.06904   0.03531   0.07905   0.11939   0.01338   0.18650   0.00519   0.23573   0.03288   0.03208   0.04084   0.08632   0.01716   0.05645   0.06058   0.02439   0.17963   0.23895   8.40825   1.53262   1.13030   1.52918   0.83721  
 16 17.4739   2078.483885  x:  0.01868   0.23268   0.03037   0.03274   0.09638   0.06848   0.03570   0.07878   0.11972   0.01339   0.18324   0.00509   0.23762   0.03338   0.03210   0.04051   0.08601   0.01716   0.05661   0.06017   0.02422   0.17817   0.23933   8.40874   1.53338   1.13720   1.53026   0.82943  
 17  8.8450   2078.478092  x:  0.01856   0.23291   0.03038   0.03380   0.09640   0.06872   0.03519   0.07862   0.11994   0.01339   0.18190   0.00514   0.23854   0.03299   0.03209   0.04110   0.08562   0.01716   0.05656   0.05995   0.02434   0.17753   0.23929   8.40894   1.53391   1.13962   1.53073   0.82687  
 18 11.4187   2078.476474  x:  0.01860   0.23280   0.03039   0.03368   0.09635   0.06971   0.03525   0.07870   0.12001   0.01339   0.18200   0.00513   0.23915   0.03299   0.03211   0.04102   0.08550   0.01716   0.05634   0.06029   0.02433   0.17746   0.23869   8.40913   1.53512   1.14039   1.53140   0.82655  
 19  1.5414   2078.469764  x:  0.01862   0.23214   0.03036   0.03381   0.09631   0.06898   0.03514   0.07882   0.11996   0.01339   0.18323   0.00496   0.24140   0.03324   0.03199   0.04102   0.08562   0.01717   0.05686   0.06003   0.02423   0.17753   0.23595   8.41019   1.54238   1.14370   1.53538   0.82624  
 20  3.1238   2078.464559  x:  0.01859   0.23208   0.03054   0.03346   0.09633   0.06859   0.03528   0.07859   0.12004   0.01337   0.18326   0.00490   0.24140   0.03226   0.03247   0.04108   0.08583   0.01716   0.05597   0.05981   0.02458   0.17767   0.23581   8.41113   1.54853   1.14630   1.53899   0.82652  
 21  5.9526   2078.447518  x:  0.01861   0.23238   0.03040   0.03381   0.09615   0.06876   0.03499   0.07816   0.12040   0.01338   0.18227   0.00485   0.23945   0.03331   0.03161   0.04095   0.08620   0.01719   0.05511   0.05971   0.02418   0.17804   0.23767   8.41437   1.56910   1.15497   1.55150   0.82802  
 22 17.9589   2078.441789  x:  0.01863   0.23252   0.03051   0.03374   0.09605   0.06915   0.03498   0.07854   0.12051   0.01337   0.18193   0.00484   0.23864   0.03307   0.03228   0.04094   0.08603   0.01720   0.05653   0.05981   0.02423   0.17798   0.23850   8.41551   1.57576   1.15796   1.55585   0.82868  
 23 19.9607   2078.440912  x:  0.01860   0.23253   0.03049   0.03363   0.09604   0.06916   0.03503   0.07885   0.12051   0.01337   0.18199   0.00485   0.23856   0.03279   0.03184   0.04094   0.08587   0.01721   0.05668   0.05980   0.02435   0.17776   0.23862   8.41573   1.57630   1.15852   1.55664   0.82895  
 24  2.5947   2078.437636  x:  0.01861   0.23249   0.03050   0.03368   0.09593   0.06897   0.03494   0.07985   0.12050   0.01336   0.18256   0.00488   0.23847   0.03303   0.03215   0.04092   0.08537   0.01722   0.05625   0.05969   0.02425   0.17643   0.23887   8.41674   1.57665   1.16100   1.55997   0.83060  
 25  2.5713   2078.430875  x:  0.01860   0.23238   0.03061   0.03366   0.09589   0.06920   0.03487   0.07845   0.12078   0.01334   0.18321   0.00486   0.23855   0.03291   0.03204   0.04089   0.08629   0.01723   0.05655   0.05971   0.02429   0.17509   0.23891   8.41898   1.57611   1.16618   1.56688   0.83430  
 26  5.5689   2078.424373  x:  0.01863   0.23234   0.03063   0.03364   0.09574   0.06919   0.03478   0.07896   0.12092   0.01333   0.18198   0.00455   0.23878   0.03291   0.03204   0.04085   0.08614   0.01725   0.05649   0.05960   0.02428   0.17793   0.23815   8.42136   1.57491   1.17054   1.57271   0.83759  
 27  3.9735   2078.236974  x:  0.01890   0.22761   0.03216   0.03277   0.08977   0.07104   0.03049   0.08174   0.12780   0.01326   0.18439   0.00000   0.24618   0.03244   0.03176   0.03879   0.09068   0.01806   0.05651   0.05554   0.02368   0.17970   0.24630   8.53676   1.56054   1.15427   1.55294   0.83389  
 28  0.3897   2078.236974  x:  0.01890   0.22761   0.03216   0.03277   0.08977   0.07104   0.03049   0.08174   0.12780   0.01326   0.18439   0.00000   0.24618   0.03244   0.03176   0.03879   0.09068   0.01806   0.05651   0.05554   0.02368   0.17970   0.24630   8.53676   1.56054   1.15427   1.55294   0.83389  
 29  7.3857   2078.213223  x:  0.01895   0.22853   0.03196   0.03269   0.08805   0.07078   0.03079   0.08130   0.12742   0.01344   0.18430   0.00219   0.24579   0.03235   0.03178   0.03855   0.09019   0.01829   0.05650   0.05627   0.02390   0.17971   0.24568   8.53676   1.56053   1.15429   1.55294   0.83390  
 30 15.3409   2078.185613  x:  0.01840   0.23098   0.03161   0.03265   0.08409   0.07024   0.03118   0.08035   0.12652   0.01337   0.18400   0.00135   0.24440   0.03218   0.03181   0.03819   0.08909   0.01827   0.05649   0.05758   0.02408   0.17923   0.24394   8.53678   1.56052   1.15434   1.55291   0.83389  
 31 15.0685   2078.179274  x:  0.01901   0.23275   0.03209   0.03290   0.08370   0.07032   0.03062   0.08049   0.12622   0.01348   0.18386   0.00143   0.24338   0.03233   0.03176   0.03865   0.08900   0.01810   0.05650   0.05683   0.02362   0.17894   0.24268   8.53679   1.56052   1.15436   1.55290   0.83388  
 32  5.6971   2078.175683  x:  0.01874   0.23425   0.03193   0.03279   0.08418   0.07048   0.03086   0.08072   0.12611   0.01313   0.18374   0.00154   0.24251   0.03242   0.03177   0.03865   0.08915   0.01838   0.05650   0.05637   0.02400   0.17867   0.24156   8.53681   1.56052   1.15437   1.55290   0.83387  
 33  5.9664   2078.174545  x:  0.01855   0.23480   0.03186   0.03272   0.08450   0.07051   0.03097   0.08080   0.12614   0.01347   0.18370   0.00157   0.24217   0.03234   0.03178   0.03852   0.08924   0.01823   0.05650   0.05644   0.02400   0.17857   0.24113   8.53682   1.56052   1.15437   1.55290   0.83386  
 34  5.3545   2078.174209  x:  0.01857   0.23500   0.03183   0.03273   0.08470   0.07049   0.03091   0.08078   0.12621   0.01336   0.18370   0.00159   0.24204   0.03225   0.03179   0.03844   0.08929   0.01817   0.05650   0.05669   0.02386   0.17853   0.24098   8.53683   1.56053   1.15437   1.55290   0.83386  
 35  2.0543   2078.174146  x:  0.01860   0.23504   0.03186   0.03274   0.08475   0.07047   0.03088   0.08075   0.12626   0.01339   0.18372   0.00158   0.24200   0.03227   0.03179   0.03846   0.08931   0.01825   0.05650   0.05679   0.02389   0.17852   0.24094   8.53683   1.56053   1.15437   1.55290   0.83385  
 36  0.9183   2078.174136  x:  0.01861   0.23504   0.03187   0.03275   0.08476   0.07045   0.03088   0.08072   0.12630   0.01338   0.18373   0.00158   0.24198   0.03229   0.03178   0.03848   0.08931   0.01822   0.05650   0.05681   0.02392   0.17851   0.24093   8.53684   1.56053   1.15436   1.55291   0.83385  
 37  0.3317   2078.174130  x:  0.01860   0.23503   0.03187   0.03274   0.08475   0.07044   0.03090   0.08069   0.12635   0.01338   0.18376   0.00158   0.24196   0.03229   0.03178   0.03849   0.08930   0.01822   0.05650   0.05679   0.02390   0.17851   0.24091   8.53685   1.56054   1.15436   1.55291   0.83383  
 38  0.1860   2078.174128  x:  0.01860   0.23502   0.03187   0.03274   0.08475   0.07044   0.03089   0.08069   0.12637   0.01338   0.18378   0.00159   0.24195   0.03229   0.03178   0.03847   0.08930   0.01822   0.05650   0.05678   0.02391   0.17851   0.24091   8.53686   1.56054   1.15435   1.55291   0.83382  
 39  0.1091   2078.174126  x:  0.01860   0.23500   0.03187   0.03275   0.08474   0.07045   0.03089   0.08072   0.12638   0.01338   0.18380   0.00159   0.24193   0.03229   0.03178   0.03847   0.08930   0.01822   0.05650   0.05679   0.02390   0.17850   0.24090   8.53689   1.56056   1.15434   1.55291   0.83380  
 40  0.0653   2078.174125  x:  0.01860   0.23499   0.03186   0.03274   0.08474   0.07045   0.03088   0.08072   0.12637   0.01338   0.18381   0.00159   0.24191   0.03229   0.03178   0.03848   0.08930   0.01822   0.05650   0.05679   0.02391   0.17850   0.24090   8.53693   1.56058   1.15433   1.55292   0.83377  
 41  0.0890   2078.174122  x:  0.01860   0.23497   0.03187   0.03274   0.08475   0.07044   0.03089   0.08070   0.12634   0.01338   0.18382   0.00159   0.24188   0.03228   0.03178   0.03848   0.08930   0.01822   0.05650   0.05678   0.02391   0.17850   0.24089   8.53705   1.56063   1.15429   1.55293   0.83368  
 42  0.1456   2078.174118  x:  0.01859   0.23497   0.03188   0.03275   0.08475   0.07046   0.03089   0.08069   0.12634   0.01338   0.18379   0.00159   0.24188   0.03230   0.03178   0.03847   0.08930   0.01822   0.05649   0.05678   0.02390   0.17850   0.24090   8.53725   1.56070   1.15424   1.55296   0.83356  
 43  0.1459   2078.174114  x:  0.01861   0.23498   0.03186   0.03274   0.08475   0.07047   0.03089   0.08069   0.12636   0.01338   0.18376   0.00159   0.24190   0.03228   0.03178   0.03848   0.08930   0.01822   0.05649   0.05679   0.02391   0.17850   0.24090   8.53746   1.56077   1.15419   1.55299   0.83344  
 44  0.4405   2078.174112  x:  0.01860   0.23500   0.03187   0.03275   0.08474   0.07043   0.03089   0.08072   0.12637   0.01338   0.18376   0.00159   0.24192   0.03229   0.03178   0.03848   0.08930   0.01822   0.05650   0.05678   0.02390   0.17850   0.24091   8.53760   1.56081   1.15418   1.55301   0.83339  
 45  0.1826   2078.174108  x:  0.01861   0.23502   0.03187   0.03272   0.08474   0.07043   0.03089   0.08071   0.12637   0.01338   0.18380   0.00158   0.24196   0.03230   0.03178   0.03847   0.08931   0.01822   0.05649   0.05678   0.02390   0.17849   0.24091   8.53786   1.56084   1.15420   1.55304   0.83335  
 46  0.1575   2078.174100  x:  0.01860   0.23506   0.03187   0.03275   0.08475   0.07046   0.03089   0.08070   0.12635   0.01338   0.18387   0.00158   0.24203   0.03228   0.03178   0.03848   0.08931   0.01822   0.05649   0.05678   0.02390   0.17848   0.24090   8.53844   1.56088   1.15425   1.55310   0.83330  
 47  0.6590   2078.174047  x:  0.01861   0.23503   0.03181   0.03277   0.08478   0.07046   0.03088   0.08070   0.12635   0.01339   0.18386   0.00155   0.24204   0.03233   0.03180   0.03848   0.08923   0.01822   0.05659   0.05678   0.02389   0.17852   0.24086   8.54240   1.56110   1.15475   1.55353   0.83322  
 48  0.5062   2078.173967  x:  0.01859   0.23497   0.03191   0.03273   0.08479   0.07045   0.03088   0.08072   0.12637   0.01337   0.18380   0.00151   0.24200   0.03227   0.03176   0.03847   0.08921   0.01822   0.05654   0.05677   0.02391   0.17857   0.24082   8.54834   1.56142   1.15548   1.55416   0.83314  
 49  7.8751   2078.173941  x:  0.01860   0.23496   0.03187   0.03275   0.08477   0.07045   0.03088   0.08071   0.12637   0.01337   0.18378   0.00150   0.24198   0.03229   0.03180   0.03849   0.08929   0.01822   0.05646   0.05677   0.02390   0.17856   0.24083   8.55028   1.56153   1.15568   1.55435   0.83315  
 50  3.8986   2078.173926  x:  0.01860   0.23497   0.03186   0.03275   0.08475   0.07046   0.03088   0.08071   0.12637   0.01337   0.18378   0.00149   0.24195   0.03229   0.03175   0.03848   0.08936   0.01821   0.05650   0.05677   0.02390   0.17852   0.24088   8.55139   1.56161   1.15572   1.55444   0.83321  
 51  1.2778   2078.173908  x:  0.01859   0.23499   0.03189   0.03274   0.08475   0.07046   0.03088   0.08071   0.12637   0.01337   0.18378   0.00149   0.24191   0.03228   0.03181   0.03848   0.08938   0.01821   0.05654   0.05677   0.02390   0.17846   0.24097   8.55277   1.56172   1.15570   1.55454   0.83333  
 52  1.7346   2078.173872  x:  0.01859   0.23504   0.03187   0.03275   0.08478   0.07045   0.03088   0.08071   0.12637   0.01337   0.18380   0.00148   0.24185   0.03229   0.03178   0.03848   0.08928   0.01821   0.05649   0.05677   0.02390   0.17838   0.24110   8.55551   1.56196   1.15557   1.55470   0.83362  
 53  2.4553   2078.173823  x:  0.01859   0.23501   0.03188   0.03275   0.08478   0.07045   0.03088   0.08071   0.12637   0.01337   0.18381   0.00144   0.24193   0.03229   0.03178   0.03849   0.08931   0.01821   0.05650   0.05676   0.02390   0.17856   0.24095   8.55920   1.56226   1.15524   1.55479   0.83409  
 54  1.1942   2078.173814  x:  0.01860   0.23495   0.03188   0.03275   0.08478   0.07045   0.03088   0.08071   0.12637   0.01337   0.18377   0.00144   0.24198   0.03229   0.03178   0.03849   0.08931   0.01821   0.05650   0.05676   0.02389   0.17845   0.24086   8.55998   1.56222   1.15517   1.55467   0.83413  
 55  0.2392   2078.173751  x:  0.01859   0.23500   0.03188   0.03275   0.08479   0.07046   0.03087   0.08072   0.12638   0.01336   0.18381   0.00141   0.24196   0.03229   0.03178   0.03849   0.08932   0.01821   0.05650   0.05676   0.02389   0.17851   0.24094   8.56507   1.56132   1.15465   1.55311   0.83405  
 56  0.2752   2078.173739  x:  0.01859   0.23499   0.03188   0.03275   0.08479   0.07046   0.03087   0.08072   0.12638   0.01336   0.18380   0.00141   0.24196   0.03229   0.03178   0.03849   0.08932   0.01821   0.05650   0.05676   0.02389   0.17851   0.24094   8.56608   1.56076   1.15434   1.55316   0.83398  
 57  0.0896   2078.173723  x:  0.01859   0.23500   0.03187   0.03275   0.08479   0.07046   0.03088   0.08072   0.12638   0.01337   0.18381   0.00145   0.24197   0.03229   0.03178   0.03849   0.08932   0.01821   0.05650   0.05676   0.02390   0.17852   0.24094   8.57024   1.56078   1.15434   1.55318   0.83404  
 58  0.0037   2078.173723  x:  0.01859   0.23500   0.03187   0.03275   0.08478   0.07046   0.03088   0.08072   0.12638   0.01337   0.18381   0.00145   0.24196   0.03229   0.03178   0.03849   0.08932   0.01821   0.05650   0.05677   0.02390   0.17852   0.24094   8.57029   1.56079   1.15434   1.55318   0.83404  

TREE # 2

  0  0.0000   2353.179896  x:  0.01859   0.23500   0.03187   0.03275   0.08478   0.07046   0.03088   0.08072   0.12638   0.01337   0.18381   0.00145   0.24196   0.03229   0.03178   0.03849   0.08932   0.01821   0.05650   0.05677   0.02390   0.17852   0.24094   8.57029   1.53174   1.05407   1.42004   0.83404  
  1 99.0000   2188.569597  x:  0.17579   0.22245   0.14144   0.18671   0.06900   0.05924   0.05484   0.06611   0.11271   0.06248   0.17082   0.21182   0.23182   0.14231   0.18620   0.03488   0.07462   0.15021   0.05364   0.06784   0.06036   0.16658   0.22092   8.57035   1.53150   1.05449   1.42114   0.83351  
  2 2278.6693   2148.980773  x:  0.19671   0.17126   0.15613   0.21267   0.02546   0.02731   0.05815   0.03056   0.07826   0.03621   0.13897   0.16508   0.18555   0.15960   0.21123   0.00000   0.03409   0.14652   0.02921   0.08048   0.07579   0.13200   0.16687   8.57049   1.52808   1.06099   1.42201   0.83298  
  3 357.3024   2139.417278  x:  0.20494   0.15065   0.16188   0.22290   0.00828   0.01481   0.05943   0.01656   0.06453   0.02580   0.12622   0.14607   0.16691   0.16641   0.22113   0.00213   0.01829   0.14493   0.01964   0.08547   0.08188   0.11812   0.14513   8.57055   1.52670   1.06359   1.42237   0.83277  
  4 5067.4200   2109.037938  x:  0.23610   0.06560   0.18157   0.25943   0.03621   0.03007   0.06239   0.01408   0.02200   0.01187   0.08093   0.07054   0.09022   0.19008   0.25622   0.00334   0.00414   0.14126   0.01767   0.09840   0.09939   0.06551   0.05688   8.57073   1.52161   1.07295   1.42423   0.83195  
  5 741.0471   2099.935933  x:  0.24792   0.03180   0.18893   0.27317   0.03673   0.03013   0.06335   0.01423   0.01293   0.01363   0.06459   0.04051   0.05987   0.19893   0.26939   0.00335   0.01752   0.13976   0.01807   0.10311   0.10580   0.04647   0.02296   8.57080   1.51962   1.07659   1.42501   0.83163  
  6 2516.0115   2095.541528  x:  0.25356   0.01463   0.19227   0.27952   0.03602   0.03010   0.06357   0.01707   0.02140   0.01808   0.05843   0.02584   0.04448   0.20298   0.27547   0.00338   0.01572   0.13900   0.01939   0.10478   0.10835   0.03981   0.00968   8.57084   1.51863   1.07838   1.42546   0.83148  
  7 1131.6578   2092.524255  x:  0.25813   0.00000   0.19486   0.28449   0.03505   0.03034   0.06346   0.01926   0.02195   0.02020   0.05568   0.01479   0.03108   0.20610   0.28016   0.00340   0.01533   0.13827   0.02132   0.10555   0.10994   0.03860   0.01575   8.57087   1.51775   1.07993   1.42594   0.83137  
  8 428.5805   2091.394802  x:  0.26051   0.00000   0.19612   0.28728   0.03394   0.03204   0.06177   0.01878   0.02204   0.01657   0.06072   0.01432   0.01324   0.20728   0.28199   0.00338   0.01595   0.13337   0.02298   0.10434   0.10897   0.04820   0.01433   8.57092   1.51623   1.08250   1.42702   0.83134  
  9 121.2099   2091.237435  x:  0.26060   0.00000   0.19618   0.28754   0.03380   0.03237   0.06107   0.01844   0.02081   0.01971   0.06194   0.01549   0.01045   0.20733   0.28194   0.00338   0.01531   0.13036   0.02192   0.10363   0.10823   0.04839   0.01430   8.57094   1.51543   1.08384   1.42761   0.83135  
 10 59.4293   2090.848188  x:  0.26278   0.00000   0.19790   0.29043   0.03404   0.03345   0.05858   0.01884   0.02252   0.01783   0.06508   0.01900   0.00988   0.20928   0.28363   0.00339   0.01632   0.11766   0.01906   0.10031   0.10501   0.04482   0.01662   8.57109   1.51126   1.09083   1.43078   0.83146  
 11 43.5031   2090.491685  x:  0.26563   0.00000   0.20012   0.29384   0.03297   0.03320   0.05706   0.01895   0.02124   0.01858   0.06838   0.01890   0.01446   0.21168   0.28578   0.00337   0.01556   0.10688   0.02374   0.09653   0.10137   0.04713   0.01680   8.57126   1.50628   1.09914   1.43476   0.83163  
 12 79.3878   2090.203467  x:  0.26664   0.00000   0.20091   0.29500   0.03470   0.03303   0.05908   0.01790   0.02138   0.01943   0.06808   0.01759   0.01792   0.21210   0.28557   0.00340   0.01608   0.10760   0.01899   0.09350   0.09810   0.05327   0.01745   8.57148   1.50081   1.10836   1.43972   0.83187  
 13 33.2653   2089.473038  x:  0.26357   0.00000   0.19884   0.29196   0.03425   0.02901   0.06529   0.02148   0.02002   0.01819   0.06530   0.02462   0.01824   0.20788   0.27829   0.00336   0.01500   0.12073   0.02159   0.08797   0.09099   0.05665   0.02038   8.57218   1.48436   1.13643   1.45567   0.83273  
 14 58.9671   2089.264805  x:  0.26283   0.00000   0.19841   0.29088   0.03449   0.03054   0.06515   0.01696   0.02088   0.01836   0.06712   0.02567   0.01852   0.20666   0.27623   0.00335   0.01522   0.12548   0.02339   0.08801   0.09070   0.05617   0.02162   8.57238   1.48017   1.14379   1.46029   0.83299  
 15 83.1047   2089.054860  x:  0.26263   0.00000   0.19859   0.28941   0.03183   0.03407   0.06105   0.01841   0.01997   0.01828   0.07451   0.02522   0.02034   0.20549   0.27414   0.00334   0.01484   0.13220   0.02233   0.09125   0.09396   0.05576   0.02196   8.57265   1.47628   1.15136   1.46622   0.83335  
 16 48.6420   2088.993982  x:  0.26297   0.00000   0.19924   0.28784   0.03386   0.03153   0.05820   0.01844   0.02027   0.01847   0.07397   0.02617   0.02076   0.20512   0.27332   0.00339   0.01502   0.13203   0.02240   0.09508   0.09833   0.05728   0.02238   8.57282   1.47698   1.15214   1.46952   0.83356  
 17 12.4545   2088.908400  x:  0.26487   0.00000   0.20136   0.28367   0.03215   0.03488   0.06217   0.01866   0.02053   0.01863   0.07219   0.02746   0.02115   0.20487   0.27220   0.00341   0.01513   0.13010   0.02261   0.09773   0.10270   0.05878   0.02279   8.57330   1.48316   1.14924   1.47806   0.83417  
 18  8.1652   2088.528981  x:  0.27526   0.00000   0.20981   0.26807   0.03547   0.03056   0.06618   0.01872   0.02052   0.01869   0.07921   0.02666   0.02074   0.20543   0.26974   0.00353   0.01518   0.13207   0.02279   0.09211   0.10164   0.05753   0.02322   8.57582   1.51807   1.13145   1.51992   0.83709  
 19 21.6210   2088.261064  x:  0.27874   0.00000   0.21080   0.26308   0.03333   0.03415   0.05691   0.01884   0.02064   0.01876   0.07396   0.02763   0.02098   0.20580   0.26896   0.00357   0.01515   0.13450   0.02306   0.08903   0.09533   0.05920   0.02359   8.57769   1.54276   1.12135   1.54801   0.83893  
 20 48.2613   2087.743359  x:  0.26736   0.00000   0.19209   0.28323   0.03533   0.03421   0.05986   0.01968   0.02171   0.01958   0.07743   0.02847   0.02206   0.20573   0.27179   0.00380   0.01577   0.13531   0.02367   0.09926   0.08598   0.06023   0.02416   8.58189   1.58968   1.11813   1.59575   0.84101  
 21 22.5450   2087.376264  x:  0.25680   0.00000   0.18473   0.29666   0.03622   0.03509   0.05901   0.02032   0.02254   0.02016   0.07790   0.02868   0.02255   0.20278   0.27251   0.00395   0.01631   0.13630   0.02414   0.08494   0.09785   0.06083   0.02409   8.58511   1.61871   1.12890   1.62213   0.84143  
 22 29.1664   2086.055379  x:  0.24400   0.00000   0.22209   0.30107   0.04130   0.03780   0.05836   0.02358   0.02666   0.02293   0.07880   0.02585   0.02106   0.18697   0.26522   0.00464   0.01867   0.13775   0.02654   0.08567   0.08877   0.05989   0.02268   8.59851   1.70241   1.23621   1.68189   0.83787  
 23 18.9490   2085.141405  x:  0.27061   0.00000   0.19583   0.27734   0.04454   0.03958   0.05815   0.02549   0.02921   0.02454   0.07944   0.02479   0.01989   0.20729   0.26349   0.00506   0.02027   0.13836   0.02782   0.08362   0.08745   0.05936   0.02100   8.60785   1.74492   1.31398   1.70950   0.83525  
 24 32.1018   2084.918217  x:  0.27489   0.00000   0.18998   0.26986   0.04527   0.04004   0.05815   0.02594   0.02986   0.02495   0.08008   0.02493   0.02028   0.18962   0.28261   0.00514   0.02067   0.13816   0.02809   0.08310   0.08663   0.05969   0.02085   8.61080   1.72161   1.30179   1.69365   0.83855  
 25  4.7433   2083.542060  x:  0.25508   0.00000   0.19792   0.25622   0.04981   0.04311   0.05840   0.02930   0.03432   0.02798   0.08411   0.02508   0.01908   0.21135   0.28703   0.00588   0.02321   0.14203   0.03070   0.07851   0.08263   0.06215   0.02094   8.62987   1.53075   1.16994   1.55895   0.86023  
 26 17.2058   2083.206499  x:  0.27384   0.00000   0.19674   0.26824   0.05061   0.04371   0.05833   0.03001   0.03524   0.02866   0.08457   0.02480   0.01997   0.19930   0.26434   0.00610   0.02367   0.14216   0.03117   0.07722   0.08205   0.06235   0.02098   8.63478   1.48747   1.13468   1.51873   0.85985  
 27 28.3644   2083.092288  x:  0.27276   0.00000   0.19690   0.26591   0.05052   0.04394   0.05835   0.03015   0.03546   0.02884   0.08577   0.02577   0.02068   0.19945   0.26483   0.00613   0.02374   0.14354   0.03140   0.07699   0.08176   0.06358   0.02166   8.63714   1.49885   1.12308   1.48097   0.83397  
 28  3.9447   2080.133684  x:  0.26557   0.00000   0.18677   0.26814   0.02527   0.03608   0.05613   0.03403   0.04677   0.03533   0.09107   0.02094   0.01501   0.19652   0.25294   0.00508   0.02734   0.13662   0.03485   0.08611   0.08943   0.07146   0.02743   8.71540   1.55174   1.16418   1.60854   0.75927  
 29  0.1397   2079.698952  x:  0.26496   0.00000   0.18516   0.26787   0.02127   0.03467   0.05597   0.03454   0.04845   0.03633   0.09275   0.02095   0.01459   0.19611   0.24967   0.00492   0.02784   0.13664   0.03540   0.08764   0.09072   0.07368   0.02909   8.72668   1.59466   1.17548   1.58851   0.83151  
 30  7.6644   2078.956916  x:  0.25255   0.00000   0.18604   0.25355   0.02968   0.03180   0.05753   0.03615   0.05523   0.04089   0.09182   0.01871   0.01771   0.19019   0.25048   0.00611   0.03221   0.13362   0.03559   0.07799   0.08371   0.07303   0.03014   8.66878   1.54880   1.14788   1.53211   0.85189  
 31  0.0627   2078.956773  x:  0.25254   0.00019   0.18604   0.25354   0.02969   0.03180   0.05753   0.03615   0.05523   0.04089   0.09182   0.01871   0.01771   0.19019   0.25048   0.00611   0.03222   0.13362   0.03559   0.07799   0.08371   0.07303   0.03014   8.66874   1.54877   1.14787   1.53208   0.85190  
 32  1.3499   2078.662327  x:  0.24517   0.00088   0.18240   0.24623   0.02302   0.03265   0.05753   0.03555   0.05976   0.04306   0.08885   0.01813   0.01921   0.18535   0.24083   0.00639   0.03462   0.12865   0.03440   0.07953   0.08380   0.07110   0.03132   8.60589   1.54456   1.15125   1.54656   0.82884  
 33  0.0588   2078.543724  x:  0.24307   0.00139   0.17729   0.24416   0.02603   0.03355   0.05663   0.03338   0.05988   0.04203   0.08791   0.01900   0.01886   0.18443   0.23299   0.00701   0.03524   0.12634   0.03284   0.08267   0.08621   0.06941   0.03128   8.55874   1.57176   1.16355   1.56026   0.83450  
 34  0.0369   2078.454418  x:  0.23798   0.00170   0.17751   0.24036   0.02504   0.03314   0.05615   0.03076   0.05847   0.03943   0.08897   0.01763   0.01717   0.18278   0.23650   0.00740   0.03470   0.12484   0.03160   0.07952   0.08460   0.06868   0.03091   8.54529   1.57279   1.15724   1.56368   0.83521  
 35  0.0094   2078.388719  x:  0.24066   0.00167   0.17740   0.23889   0.02421   0.03276   0.05714   0.03020   0.05647   0.03709   0.09076   0.01849   0.01860   0.18232   0.23185   0.00797   0.03352   0.12662   0.03206   0.08093   0.08439   0.07095   0.03090   8.57230   1.55003   1.14642   1.54551   0.83458  
 36  0.0179   2078.315989  x:  0.23700   0.00168   0.17561   0.24130   0.02478   0.03205   0.05634   0.03245   0.05597   0.03676   0.08992   0.01728   0.01952   0.18285   0.23160   0.00932   0.03300   0.12479   0.03399   0.08023   0.08448   0.07308   0.03068   8.58253   1.56293   1.16394   1.55692   0.83383  
 37  0.0079   2078.260464  x:  0.23739   0.00183   0.17790   0.23551   0.02428   0.03325   0.05679   0.03328   0.05542   0.03690   0.08838   0.01843   0.01892   0.18066   0.23302   0.01065   0.03233   0.12432   0.03416   0.08097   0.08497   0.07143   0.03088   8.55366   1.56564   1.15223   1.56019   0.83379  
 38  0.0131   2078.211852  x:  0.23984   0.00167   0.17614   0.24127   0.02380   0.03233   0.05680   0.03336   0.05479   0.03764   0.08884   0.01776   0.01806   0.18304   0.23106   0.01193   0.03136   0.12606   0.03334   0.08041   0.08405   0.06882   0.03095   8.54453   1.56213   1.14968   1.55421   0.83364  
 39  0.0059   2078.186472  x:  0.23927   0.00158   0.17783   0.24080   0.02409   0.03197   0.05664   0.03280   0.05526   0.03874   0.08956   0.01815   0.01873   0.18358   0.23576   0.01273   0.03133   0.12630   0.03256   0.08109   0.08519   0.06936   0.03135   8.56008   1.55856   1.15619   1.54921   0.83439  
 40  0.0097   2078.177116  x:  0.24096   0.00146   0.17889   0.24144   0.02391   0.03246   0.05671   0.03195   0.05583   0.03898   0.08957   0.01819   0.01871   0.18335   0.23412   0.01318   0.03159   0.12595   0.03237   0.08041   0.08460   0.07042   0.03141   8.57044   1.56177   1.15590   1.55499   0.83381  
 41  0.0076   2078.174928  x:  0.24053   0.00150   0.17803   0.24192   0.02392   0.03236   0.05677   0.03171   0.05607   0.03881   0.08940   0.01814   0.01851   0.18388   0.23498   0.01333   0.03171   0.12618   0.03263   0.08089   0.08472   0.07075   0.03117   8.57264   1.55984   1.15295   1.55321   0.83406  
 42  0.0030   2078.173974  x:  0.24099   0.00147   0.17848   0.24177   0.02392   0.03224   0.05677   0.03172   0.05631   0.03865   0.08920   0.01815   0.01853   0.18373   0.23494   0.01337   0.03183   0.12649   0.03286   0.08070   0.08484   0.07059   0.03091   8.57008   1.56116   1.15460   1.55286   0.83385  
 43  0.0019   2078.173773  x:  0.24083   0.00145   0.17852   0.24198   0.02388   0.03231   0.05677   0.03173   0.05641   0.03857   0.08926   0.01823   0.01862   0.18379   0.23496   0.01336   0.03189   0.12639   0.03281   0.08071   0.08476   0.07042   0.03085   8.56908   1.56069   1.15433   1.55321   0.83399  
 44  0.0008   2078.173736  x:  0.24098   0.00145   0.17852   0.24195   0.02390   0.03228   0.05677   0.03177   0.05645   0.03851   0.08935   0.01820   0.01860   0.18381   0.23500   0.01336   0.03190   0.12634   0.03276   0.08073   0.08479   0.07044   0.03085   8.57021   1.56073   1.15431   1.55322   0.83411  
 45  0.0007   2078.173727  x:  0.24092   0.00145   0.17851   0.24197   0.02389   0.03229   0.05676   0.03179   0.05647   0.03849   0.08934   0.01822   0.01859   0.18381   0.23500   0.01337   0.03190   0.12637   0.03275   0.08071   0.08479   0.07046   0.03087   8.57055   1.56086   1.15436   1.55318   0.83404  
 46  0.0002   2078.173725  x:  0.24093   0.00145   0.17852   0.24196   0.02390   0.03229   0.05677   0.03179   0.05648   0.03849   0.08931   0.01821   0.01859   0.18380   0.23500   0.01337   0.03189   0.12638   0.03274   0.08072   0.08478   0.07046   0.03088   8.57031   1.56076   1.15434   1.55318   0.83403  
 47  0.0001   2078.173723  x:  0.24094   0.00145   0.17851   0.24196   0.02389   0.03229   0.05677   0.03178   0.05649   0.03848   0.08931   0.01821   0.01860   0.18381   0.23501   0.01337   0.03188   0.12638   0.03275   0.08071   0.08479   0.07046   0.03088   8.57019   1.56078   1.15434   1.55319   0.83404  
 48  0.0001   2078.173723  x:  0.24094   0.00145   0.17852   0.24197   0.02390   0.03229   0.05676   0.03178   0.05650   0.03849   0.08932   0.01821   0.01859   0.18381   0.23500   0.01337   0.03188   0.12638   0.03275   0.08072   0.08478   0.07045   0.03088   8.57026   1.56079   1.15434   1.55318   0.83404  
 49  0.0000   2078.173723  x:  0.24094   0.00145   0.17851   0.24196   0.02390   0.03229   0.05677   0.03178   0.05650   0.03849   0.08932   0.01821   0.01859   0.18380   0.23500   0.01337   0.03188   0.12638   0.03275   0.08072   0.08478   0.07045   0.03088   8.57032   1.56078   1.15435   1.55319   0.83403  
 50  0.0000   2078.173723  x:  0.24093   0.00145   0.17852   0.24196   0.02390   0.03229   0.05676   0.03178   0.05650   0.03849   0.08932   0.01821   0.01859   0.18381   0.23500   0.01337   0.03187   0.12638   0.03275   0.08072   0.08478   0.07046   0.03088   8.57031   1.56078   1.15434   1.55319   0.83404  
 51  0.0000   2078.173723  x:  0.24094   0.00145   0.17852   0.24196   0.02390   0.03229   0.05677   0.03178   0.05650   0.03849   0.08932   0.01821   0.01859   0.18381   0.23500   0.01337   0.03187   0.12638   0.03275   0.08072   0.08478   0.07046   0.03088   8.57029   1.56079   1.15434   1.55318   0.83404  
 52  0.0000   2078.173723  x:  0.24094   0.00145   0.17852   0.24196   0.02390   0.03229   0.05677   0.03178   0.05650   0.03849   0.08932   0.01821   0.01859   0.18381   0.23500   0.01337   0.03187   0.12638   0.03275   0.08072   0.08478   0.07046   0.03088   8.57029   1.56078   1.15434   1.55318   0.83404  