

TREE # 1

  0  0.0000   2158.712123  x:  0.11412   0.00000   0.05722   0.01387   0.08856   0.04834   0.05402   0.03068   0.07694   0.14776   0.06211   0.13240   0.00649   0.08821   0.00311   0.06318   0.05717   0.05285   0.03732   0.05396   0.16360   0.08612   0.13641   0.13274   2.00000   1.59866   1.07390   1.53818   0.40000  
  1 99.0000   2152.341432  x:  0.11519   0.03351   0.05946   0.01709   0.08735   0.04539   0.05417   0.02872   0.07678   0.14990   0.06236   0.13277   0.01147   0.09104   0.01686   0.06562   0.05665   0.05313   0.03568   0.05362   0.16308   0.08549   0.13691   0.13381   2.00109   1.59864   1.07351   1.53858   0.40311  
  2 1247.9593   2141.299996  x:  0.12484   0.02403   0.07606   0.03764   0.07400   0.01385   0.05579   0.00903   0.07519   0.17240   0.06506   0.13426   0.02246   0.11803   0.03425   0.09132   0.05126   0.05601   0.01893   0.05006   0.15601   0.07330   0.13917   0.14346   2.01328   1.59825   1.06936   1.54281   0.43583  
  3 255.1570   2137.196315  x:  0.13326   0.02260   0.08676   0.03775   0.06182   0.00602   0.05711   0.03458   0.07466   0.19301   0.06599   0.13537   0.02050   0.14011   0.03730   0.10977   0.04825   0.05775   0.02027   0.04799   0.14713   0.05925   0.14069   0.15189   2.02810   1.59784   1.06471   1.54767   0.47073  
  4 279.4370   2133.825838  x:  0.14213   0.02226   0.09639   0.03525   0.05054   0.02774   0.05825   0.03961   0.07468   0.21546   0.06666   0.13645   0.01717   0.16354   0.03798   0.12854   0.04615   0.05901   0.02248   0.04654   0.13620   0.04351   0.14209   0.16075   2.04687   1.59733   1.05913   1.55361   0.51175  
  5 482.3872   2130.500780  x:  0.14599   0.02914   0.09297   0.01646   0.05297   0.02200   0.05666   0.02829   0.07475   0.22974   0.06492   0.13643   0.00729   0.17519   0.02321   0.13336   0.05033   0.05697   0.03230   0.04935   0.12400   0.03611   0.14169   0.16461   2.07149   1.59669   1.05324   1.56044   0.55251  
  6 184.1021   2128.538280  x:  0.14591   0.03181   0.08222   0.01845   0.06220   0.02202   0.05510   0.02813   0.07526   0.23660   0.06362   0.13563   0.02079   0.17744   0.01105   0.12829   0.05356   0.05439   0.03388   0.05154   0.11436   0.04143   0.14083   0.16453   2.10084   1.59605   1.04705   1.56792   0.59093  
  7 164.9830   2125.121739  x:  0.14123   0.02648   0.05683   0.02054   0.07928   0.02308   0.05286   0.02983   0.07632   0.24244   0.06217   0.13286   0.01702   0.17082   0.02775   0.10932   0.05754   0.05055   0.03146   0.05408   0.10088   0.05735   0.13769   0.15985   2.17010   1.59473   1.03362   1.58460   0.67005  
  8 269.3116   2121.525694  x:  0.13100   0.02997   0.06568   0.02776   0.07546   0.02276   0.05665   0.02954   0.07594   0.23090   0.06607   0.13142   0.00714   0.14554   0.02012   0.08589   0.04907   0.05722   0.01692   0.04793   0.11179   0.05743   0.13491   0.14962   2.25775   1.59367   1.01981   1.60334   0.74309  
  9 176.4684   2118.939186  x:  0.12235   0.02676   0.07744   0.02326   0.06439   0.02115   0.05892   0.02601   0.07514   0.21388   0.06778   0.13113   0.01787   0.12025   0.02608   0.07372   0.04384   0.06136   0.03083   0.04473   0.12859   0.05537   0.13378   0.14097   2.34277   1.59301   1.00801   1.62040   0.80131  
 10 362.6906   2116.717514  x:  0.11976   0.02690   0.07797   0.01929   0.05615   0.02194   0.05405   0.02717   0.07447   0.18734   0.06418   0.13188   0.01935   0.10600   0.02535   0.09611   0.05711   0.05255   0.02420   0.05575   0.14734   0.06177   0.13499   0.13838   2.43540   1.59340   1.00020   1.63552   0.83216  
 11 146.4736   2114.567048  x:  0.12423   0.02884   0.07160   0.03473   0.06350   0.02156   0.05370   0.02630   0.07456   0.16243   0.06299   0.13310   0.00980   0.11562   0.02112   0.10961   0.05294   0.05231   0.03795   0.05058   0.15928   0.06259   0.13768   0.14285   2.55164   1.59524   0.99610   1.65059   0.83826  
 12 142.5742   2110.154417  x:  0.13546   0.02773   0.06180   0.01703   0.07503   0.02201   0.05793   0.02764   0.07545   0.13692   0.06140   0.13622   0.01734   0.14236   0.02342   0.11090   0.03847   0.05959   0.02595   0.03822   0.16762   0.05617   0.14203   0.15408   2.79275   1.60022   0.99285   1.67835   0.82465  
 13 294.3064   2098.744348  x:  0.15318   0.02530   0.08119   0.02225   0.07420   0.02164   0.05937   0.02942   0.07654   0.16170   0.07016   0.14053   0.01848   0.18194   0.02879   0.07177   0.07361   0.06267   0.02422   0.07879   0.15366   0.03415   0.14535   0.17180   3.54589   1.61859   0.99312   1.75748   0.74048  
 14 475.0626   2089.594857  x:  0.14619   0.02813   0.09159   0.01854   0.04820   0.02173   0.05246   0.02734   0.07428   0.22881   0.06588   0.13668   0.01321   0.17101   0.02224   0.08950   0.05407   0.05110   0.02957   0.05638   0.11662   0.07721   0.13786   0.16481   4.14180   1.63511   1.00243   1.81321   0.66355  
 15 642.4843   2087.431062  x:  0.13705   0.02819   0.08046   0.02093   0.06335   0.02129   0.05555   0.02829   0.07405   0.25419   0.06234   0.13339   0.01508   0.14673   0.02397   0.10986   0.05171   0.05447   0.02830   0.04710   0.11037   0.05112   0.13555   0.15567   4.27428   1.64128   1.01174   1.81929   0.64631  
 16 198.9510   2087.255483  x:  0.13569   0.02861   0.07280   0.02169   0.05809   0.02098   0.05452   0.02790   0.07519   0.25670   0.06500   0.13368   0.01518   0.14661   0.02321   0.10993   0.04749   0.05482   0.02825   0.05080   0.11319   0.04845   0.13609   0.15431   4.28617   1.64492   1.02037   1.81260   0.64710  
 17 24.5115   2086.797618  x:  0.13301   0.02865   0.07042   0.02120   0.05712   0.02113   0.05715   0.02783   0.07555   0.26110   0.06700   0.13594   0.01537   0.15022   0.02282   0.10863   0.05541   0.05576   0.02845   0.04413   0.12263   0.05089   0.13857   0.15163   4.32116   1.66418   1.06442   1.77438   0.65663  
 18 28.1864   2086.453710  x:  0.13321   0.02822   0.07712   0.02055   0.06352   0.02156   0.05517   0.02828   0.07488   0.26019   0.06370   0.13633   0.01537   0.14982   0.02353   0.10910   0.04978   0.05454   0.02861   0.05018   0.12235   0.05279   0.13905   0.15183   4.34817   1.68091   1.09976   1.74196   0.66493  
 19 75.1703   2086.346897  x:  0.13620   0.02819   0.07716   0.02140   0.06044   0.02135   0.05524   0.02811   0.07540   0.25467   0.06377   0.13463   0.01557   0.14657   0.02373   0.10894   0.05071   0.05471   0.02846   0.04899   0.11373   0.05090   0.13732   0.15482   4.35680   1.68791   1.10912   1.73054   0.66741  
 20 22.9483   2086.317840  x:  0.13643   0.02820   0.07730   0.02098   0.06114   0.02138   0.05714   0.02809   0.07462   0.25449   0.06720   0.13419   0.01562   0.14617   0.02368   0.10998   0.05065   0.05597   0.02861   0.04985   0.11331   0.05186   0.13615   0.15505   4.36003   1.69400   1.10553   1.72600   0.66790  
 21  4.1181   2086.172554  x:  0.13631   0.02817   0.07706   0.02105   0.06117   0.02129   0.05344   0.02788   0.07442   0.25533   0.06682   0.13322   0.01576   0.14671   0.02365   0.10925   0.05059   0.05358   0.02838   0.04832   0.11538   0.05070   0.13349   0.15493   4.37677   1.72693   1.08217   1.70299   0.67003  
 22 17.3430   2086.135050  x:  0.13581   0.02820   0.07655   0.02130   0.06032   0.02120   0.05599   0.02771   0.07521   0.25545   0.06344   0.13374   0.01559   0.14677   0.02351   0.10933   0.05061   0.05514   0.02842   0.04915   0.11515   0.05115   0.13525   0.15443   4.38124   1.73419   1.07669   1.69783   0.67064  
 23 20.7245   2086.085962  x:  0.13453   0.02811   0.07695   0.02122   0.06048   0.02116   0.05505   0.02763   0.07527   0.25471   0.06524   0.13658   0.01545   0.14625   0.02356   0.10955   0.05052   0.05480   0.02836   0.04883   0.11296   0.05099   0.14320   0.15315   4.38784   1.73665   1.07361   1.69522   0.67191  
 24  4.6349   2083.916071  x:  0.13623   0.02726   0.07531   0.02281   0.05770   0.01967   0.06344   0.02259   0.04908   0.25009   0.06223   0.13133   0.01477   0.14341   0.02283   0.10923   0.04894   0.04396   0.02732   0.04860   0.11734   0.04819   0.14794   0.15485   4.66593   1.68777   1.04565   1.67401   0.73148  
 25  5.9051   2078.585785  x:  0.13869   0.02455   0.08128   0.02408   0.05962   0.01496   0.05459   0.00964   0.07516   0.23875   0.06572   0.12124   0.01333   0.13536   0.02166   0.11854   0.05129   0.05695   0.02559   0.04886   0.12939   0.05124   0.14520   0.15731   5.41003   1.55540   0.97238   1.61998   0.89131  
 26 651.4738   2078.337785  x:  0.13278   0.02431   0.08207   0.02452   0.05916   0.01470   0.05692   0.00918   0.07689   0.23522   0.06599   0.13556   0.01347   0.13841   0.02193   0.11946   0.05106   0.05369   0.02545   0.04900   0.12576   0.04938   0.13653   0.15139   5.44475   1.55175   0.97042   1.62013   0.89862  
 27 45.8559   2078.312297  x:  0.13139   0.02429   0.08200   0.02457   0.05885   0.01476   0.05494   0.00918   0.07492   0.23455   0.06550   0.13638   0.01351   0.13927   0.02194   0.11982   0.05157   0.05650   0.02544   0.04917   0.12496   0.04942   0.13555   0.15001   5.44826   1.55329   0.97125   1.62207   0.89935  
 28 10.2618   2078.149611  x:  0.12409   0.02413   0.08352   0.02451   0.05822   0.01469   0.05586   0.00917   0.07613   0.23071   0.06601   0.12760   0.01389   0.14447   0.02215   0.12057   0.05177   0.05480   0.02525   0.04955   0.12194   0.04799   0.13531   0.14271   5.46988   1.58458   0.98784   1.65605   0.90383  
 29  7.6534   2077.458113  x:  0.13254   0.02354   0.08293   0.02551   0.05846   0.01425   0.05490   0.00838   0.07614   0.22972   0.06458   0.13573   0.01338   0.13699   0.02191   0.12052   0.05089   0.05565   0.02460   0.04922   0.12487   0.04920   0.13518   0.15116   5.56724   1.73853   1.06845   1.82180   0.92482  
 30 47.0026   2075.207677  x:  0.13742   0.01936   0.08419   0.02922   0.06153   0.01849   0.05422   0.02560   0.08176   0.21811   0.06509   0.14263   0.01591   0.14758   0.02328   0.12365   0.05192   0.05731   0.01908   0.05059   0.12742   0.05069   0.13329   0.15604   6.27539   1.76082   1.09005   1.85582   0.97874  
 31  0.9338   2073.199257  x:  0.14372   0.01510   0.07640   0.02423   0.06312   0.01607   0.05727   0.02170   0.07322   0.22141   0.06356   0.13161   0.01356   0.17027   0.02132   0.11821   0.05030   0.05576   0.02926   0.04990   0.12280   0.04839   0.14657   0.16233   7.37576   1.70642   1.05996   1.74969   0.98431  
 32  0.5891   2072.515379  x:  0.14048   0.01334   0.07815   0.02096   0.06210   0.01633   0.05619   0.01755   0.07199   0.22630   0.06514   0.13722   0.01570   0.15639   0.01787   0.11601   0.04921   0.05495   0.02225   0.04786   0.12333   0.04880   0.13871   0.15909   7.98420   1.72785   1.05637   1.80393   0.97215  
 33  0.3156   2072.377129  x:  0.14046   0.01233   0.08042   0.02462   0.06173   0.01721   0.05585   0.01705   0.07437   0.22190   0.06517   0.13817   0.01530   0.15284   0.01807   0.11640   0.05114   0.05530   0.02484   0.04984   0.12544   0.05032   0.13896   0.15907   8.18276   1.73770   1.06699   1.81663   0.95356  
 34  0.1430   2072.352721  x:  0.14058   0.01248   0.07952   0.02386   0.06210   0.01732   0.05600   0.01713   0.07499   0.22132   0.06429   0.13686   0.01500   0.15356   0.01817   0.11623   0.05078   0.05588   0.02405   0.04983   0.12561   0.04999   0.14050   0.15919   8.24752   1.73234   1.06439   1.80673   0.93594  
 35  0.0442   2072.349945  x:  0.14048   0.01275   0.07939   0.02379   0.06218   0.01723   0.05596   0.01749   0.07502   0.22077   0.06465   0.13717   0.01490   0.15384   0.01836   0.11646   0.05050   0.05591   0.02416   0.04940   0.12569   0.05007   0.13976   0.15909   8.24018   1.73236   1.06311   1.80980   0.93343  
 36  0.0061   2072.349249  x:  0.14048   0.01291   0.07937   0.02381   0.06218   0.01711   0.05594   0.01744   0.07487   0.22040   0.06466   0.13726   0.01502   0.15385   0.01855   0.11654   0.05073   0.05580   0.02406   0.04952   0.12581   0.04988   0.13983   0.15909   8.25070   1.73276   1.06394   1.81094   0.93384  
 37  0.0048   2072.348961  x:  0.14046   0.01306   0.07941   0.02385   0.06216   0.01711   0.05596   0.01740   0.07487   0.22063   0.06459   0.13718   0.01501   0.15378   0.01857   0.11647   0.05057   0.05580   0.02413   0.04948   0.12582   0.05006   0.13989   0.15907   8.26186   1.73281   1.06394   1.81024   0.93448  
 38  0.0069   2072.348913  x:  0.14049   0.01307   0.07941   0.02383   0.06218   0.01715   0.05596   0.01742   0.07491   0.22072   0.06461   0.13716   0.01500   0.15381   0.01862   0.11648   0.05060   0.05584   0.02413   0.04949   0.12574   0.04996   0.13985   0.15910   8.26566   1.73264   1.06368   1.80995   0.93477  
 39  0.0028   2072.348910  x:  0.14049   0.01307   0.07941   0.02383   0.06217   0.01716   0.05596   0.01742   0.07492   0.22071   0.06461   0.13718   0.01500   0.15383   0.01861   0.11647   0.05061   0.05584   0.02412   0.04949   0.12573   0.04998   0.13985   0.15910   8.26626   1.73263   1.06373   1.81007   0.93481  
 40  0.0006   2072.348910  x:  0.14049   0.01307   0.07941   0.02383   0.06217   0.01716   0.05596   0.01742   0.07492   0.22071   0.06461   0.13718   0.01500   0.15383   0.01861   0.11647   0.05061   0.05584   0.02412   0.04949   0.12573   0.04998   0.13985   0.15910   8.26632   1.73265   1.06375   1.81009   0.93481  
 41  0.0001   2072.348910  x:  0.14049   0.01307   0.07941   0.02383   0.06217   0.01716   0.05596   0.01742   0.07492   0.22071   0.06461   0.13718   0.01500   0.15383   0.01861   0.11647   0.05061   0.05584   0.02412   0.04949   0.12573   0.04998   0.13985   0.15910   8.26632   1.73265   1.06374   1.81009   0.93481  
 42  0.0000   2072.348910  x:  0.14049   0.01307   0.07941   0.02383   0.06217   0.01716   0.05596   0.01742   0.07492   0.22071   0.06461   0.13718   0.01500   0.15383   0.01861   0.11647   0.05061   0.05584   0.02412   0.04949   0.12573   0.04998   0.13985   0.15910   8.26632   1.73265   1.06374   1.81009   0.93481  