

TREE # 1

  0  0.0000   1958.401506  x:  0.04153   0.00000   0.13731   0.02043   0.08170   0.06847   0.05818   0.03710   0.07959   0.05652   0.05341   0.07456   0.01916   0.09223   0.02798   0.05822   0.05981   0.03565   0.06189   0.05195   0.09753   0.04469   0.06405   0.06016   2.00000   1.62704   1.17247   1.39173   0.40000  
  1 99.0000   1958.399478  x:  0.04154   0.00000   0.13731   0.02043   0.08170   0.06847   0.05818   0.03710   0.07959   0.05652   0.05341   0.07456   0.01916   0.09223   0.02798   0.05822   0.05981   0.03565   0.06189   0.05195   0.09753   0.04469   0.06405   0.06016   2.00000   1.62704   1.17247   1.39173   0.40000  
  2 570.3971   1944.812948  x:  0.03648   0.00000   0.14893   0.01937   0.07107   0.05279   0.05954   0.02179   0.07215   0.05440   0.04297   0.07429   0.00000   0.09621   0.02604   0.04616   0.04500   0.03519   0.05791   0.05311   0.09294   0.04153   0.06295   0.05510   2.00436   1.62651   1.17337   1.39186   0.41162  
  3 514.5210   1935.816720  x:  0.05030   0.00000   0.15834   0.02789   0.05344   0.02318   0.05825   0.00335   0.06423   0.05260   0.02905   0.06308   0.00000   0.07333   0.03195   0.03007   0.01987   0.03853   0.05683   0.05137   0.08792   0.04379   0.05653   0.06888   2.01476   1.62572   1.17441   1.39274   0.43171  
  4 437.1671   1934.453533  x:  0.05209   0.00000   0.16116   0.03026   0.04711   0.01331   0.05784   0.01299   0.06188   0.05333   0.02466   0.05977   0.00000   0.07066   0.03396   0.02516   0.01251   0.03951   0.05686   0.05091   0.08645   0.04509   0.05522   0.07067   2.01961   1.62541   1.17476   1.39326   0.43990  
  5 292.1675   1932.410585  x:  0.05113   0.00000   0.16051   0.04040   0.03053   0.01290   0.05436   0.01342   0.06126   0.05996   0.02020   0.04985   0.00000   0.07704   0.04454   0.02277   0.02479   0.04371   0.06295   0.04853   0.08604   0.05644   0.05332   0.06964   2.04502   1.62426   1.17554   1.39668   0.47279  
  6 90.5018   1928.537156  x:  0.05353   0.00000   0.15977   0.05274   0.03447   0.03530   0.05538   0.01570   0.06400   0.05450   0.02326   0.06644   0.00000   0.07892   0.05658   0.02776   0.01120   0.04323   0.07254   0.05085   0.08881   0.07411   0.05567   0.07182   2.12943   1.62084   1.17810   1.40812   0.56461  
  7 134.7690   1924.340527  x:  0.05387   0.00000   0.15558   0.04541   0.06564   0.01774   0.06204   0.01670   0.06913   0.05942   0.02869   0.07305   0.00000   0.06716   0.04818   0.03362   0.03164   0.03511   0.06996   0.05455   0.09295   0.07086   0.06810   0.07187   2.24544   1.61679   1.18247   1.42296   0.65916  
  8 214.4819   1920.482810  x:  0.05884   0.00000   0.13503   0.02971   0.07951   0.01127   0.05488   0.01520   0.07772   0.05224   0.03715   0.05220   0.00000   0.08127   0.03304   0.04132   0.02694   0.04080   0.06280   0.04581   0.09768   0.05280   0.05417   0.07655   2.35804   1.61435   1.18703   1.43615   0.70632  
  9 185.5488   1917.235892  x:  0.05910   0.00000   0.13264   0.01446   0.07071   0.02548   0.05281   0.01663   0.07948   0.06857   0.04056   0.04425   0.00000   0.07320   0.02401   0.03609   0.02336   0.04399   0.05513   0.04918   0.09727   0.03283   0.05177   0.07650   2.47191   1.61354   1.19170   1.44814   0.71930  
 10 201.7574   1903.245548  x:  0.06691   0.00000   0.13394   0.01565   0.03709   0.01623   0.05540   0.01636   0.08527   0.06406   0.05542   0.07277   0.00000   0.07921   0.02705   0.02790   0.02929   0.04635   0.04000   0.05473   0.09605   0.00736   0.05843   0.08310   2.90951   1.61390   1.20870   1.49226   0.69892  
 11 395.0848   1891.821505  x:  0.07171   0.00000   0.13847   0.00314   0.01720   0.00756   0.05890   0.01388   0.08781   0.06899   0.06510   0.08645   0.00000   0.08613   0.01876   0.01898   0.02636   0.04531   0.02392   0.06006   0.09307   0.02685   0.06614   0.08672   3.33986   1.61449   1.22586   1.53508   0.67148  
 12 3337.8689   1880.407744  x:  0.07365   0.00000   0.15422   0.02835   0.02342   0.00430   0.06367   0.01077   0.08230   0.08676   0.06314   0.08291   0.00000   0.09995   0.00423   0.00684   0.01648   0.03987   0.02105   0.06436   0.08574   0.03633   0.07565   0.08733   3.82149   1.61554   1.24578   1.58196   0.63527  
 13 3235.4518   1869.367935  x:  0.07533   0.00000   0.17718   0.03222   0.03863   0.00080   0.06993   0.00737   0.07007   0.10297   0.04927   0.07202   0.00000   0.11472   0.02396   0.01004   0.00488   0.03098   0.02648   0.06673   0.07624   0.03908   0.08526   0.08777   4.27189   1.61675   1.26507   1.62497   0.59935  
 14 4778.7757   1860.468423  x:  0.08500   0.00000   0.21203   0.03242   0.05532   0.01007   0.08036   0.00874   0.04823   0.09948   0.01689   0.05608   0.00000   0.12944   0.03673   0.00570   0.00537   0.01822   0.02765   0.06264   0.06211   0.04189   0.09601   0.09608   4.77026   1.61808   1.28743   1.67152   0.56083  
 15 7830.6568   1857.470814  x:  0.08787   0.00000   0.22745   0.03127   0.05637   0.01018   0.08133   0.00925   0.03973   0.10004   0.00496   0.05637   0.00000   0.13158   0.03101   0.01820   0.00638   0.02426   0.03558   0.06273   0.05974   0.04250   0.09470   0.09860   4.89439   1.61902   1.29319   1.68222   0.55146  
 16 1546.3107   1855.486493  x:  0.09169   0.00000   0.25348   0.02550   0.06080   0.00976   0.07897   0.01028   0.02995   0.09859   0.01591   0.05521   0.00000   0.13443   0.02825   0.01518   0.01038   0.03070   0.05245   0.06010   0.06020   0.04284   0.08644   0.10219   4.98206   1.62126   1.29806   1.68715   0.54539  
 17 423.3425   1854.360610  x:  0.09416   0.00000   0.27575   0.02201   0.06379   0.00927   0.07333   0.01079   0.04539   0.09985   0.01343   0.05664   0.00000   0.13647   0.02708   0.01183   0.01300   0.02754   0.06129   0.05839   0.06878   0.04305   0.07496   0.10452   5.02784   1.62518   1.30079   1.68620   0.54214  
 18 176.4090   1854.061956  x:  0.09513   0.00000   0.28595   0.02388   0.06343   0.00957   0.07161   0.01121   0.04642   0.10021   0.01664   0.05445   0.00000   0.13714   0.02754   0.01630   0.01353   0.02396   0.05483   0.05899   0.07323   0.04340   0.07114   0.10545   5.03890   1.62901   1.30151   1.68237   0.54219  
 19 59.7697   1853.923435  x:  0.09550   0.00000   0.28974   0.02475   0.06569   0.00982   0.07112   0.01143   0.04679   0.10073   0.01658   0.05446   0.00000   0.13777   0.02935   0.01589   0.01421   0.02869   0.04984   0.06050   0.07624   0.04385   0.06932   0.10580   5.04332   1.63351   1.30145   1.67749   0.54241  
 20 39.6985   1853.301066  x:  0.09689   0.00000   0.28727   0.02388   0.06789   0.00944   0.07002   0.01154   0.03917   0.10318   0.01378   0.05757   0.00000   0.13959   0.02961   0.01360   0.01581   0.02474   0.04993   0.06610   0.08348   0.04407   0.06091   0.10704   5.05541   1.67868   1.29689   1.62733   0.54631  
 21 23.5639   1852.051149  x:  0.09820   0.00000   0.29235   0.02187   0.06717   0.00958   0.07690   0.01113   0.04532   0.10140   0.01674   0.05174   0.00000   0.14204   0.02752   0.01550   0.01360   0.02708   0.05314   0.06449   0.08000   0.04276   0.07107   0.10804   5.07798   1.77639   1.28692   1.51712   0.55591  
 22 148.2851   1851.948156  x:  0.09819   0.00000   0.29301   0.02194   0.06841   0.00956   0.07357   0.01122   0.04562   0.10330   0.01679   0.05426   0.00000   0.14181   0.02782   0.01585   0.01407   0.02709   0.05119   0.05999   0.07386   0.04293   0.06935   0.10801   5.07838   1.78265   1.28597   1.50885   0.55697  
 23 25.5662   1851.790437  x:  0.09902   0.00000   0.29469   0.02131   0.06938   0.00947   0.06535   0.01131   0.04607   0.10167   0.01684   0.05321   0.00000   0.14270   0.02749   0.01586   0.01436   0.02684   0.05116   0.06631   0.07028   0.04271   0.07164   0.10873   5.06793   1.77788   1.28314   1.50349   0.55956  
 24  4.1356   1846.825618  x:  0.11561   0.00000   0.33514   0.00624   0.08006   0.00875   0.06854   0.00952   0.03956   0.11842   0.01750   0.05055   0.00000   0.16727   0.01954   0.01597   0.01080   0.02610   0.04495   0.06028   0.07956   0.03506   0.07391   0.12214   4.72396   1.58877   1.19604   1.37184   0.63774  
 25 30.2666   1846.490693  x:  0.11802   0.00000   0.33822   0.00567   0.08100   0.00864   0.07847   0.00972   0.04262   0.11942   0.01872   0.04940   0.00000   0.17044   0.01928   0.01674   0.01200   0.02577   0.04416   0.06868   0.07061   0.03488   0.06548   0.12433   4.69955   1.57558   1.19101   1.36307   0.64377  
 26 64.8359   1842.012848  x:  0.12618   0.00000   0.33508   0.01094   0.06677   0.01032   0.07792   0.00625   0.04553   0.13674   0.02062   0.06009   0.00000   0.18766   0.01944   0.01931   0.00558   0.02913   0.05213   0.07260   0.07037   0.03586   0.06565   0.13055   4.78251   1.84889   1.53879   1.65695   0.72412  
 27  2.6077   1840.361269  x:  0.12944   0.00000   0.34789   0.01166   0.06284   0.01052   0.07917   0.00513   0.04601   0.13913   0.02078   0.05845   0.00000   0.19441   0.01909   0.01964   0.00489   0.02928   0.05187   0.07349   0.06815   0.03541   0.06024   0.13325   4.86035   1.95926   1.40711   1.78814   0.75042  
 28  9.9754   1833.973964  x:  0.13646   0.00000   0.33281   0.03049   0.03223   0.01238   0.07726   0.00257   0.04715   0.14346   0.01934   0.06994   0.00000   0.21025   0.02812   0.02020   0.00836   0.03109   0.05866   0.07493   0.07532   0.04126   0.06097   0.13905   5.57271   1.59148   1.15710   1.45067   0.83190  
 29  4.9829   1830.633892  x:  0.15202   0.00000   0.36606   0.03133   0.02802   0.01078   0.08339   0.00708   0.04410   0.12726   0.01398   0.05611   0.00000   0.22927   0.03053   0.01663   0.02276   0.02675   0.04391   0.06692   0.07157   0.03944   0.06206   0.15305   5.94723   1.79365   1.32220   1.66122   0.91301  
 30  1.7188   1820.259214  x:  0.17365   0.00000   0.43021   0.01496   0.04306   0.01180   0.06780   0.01045   0.04445   0.11187   0.01947   0.02002   0.00000   0.29122   0.01807   0.01812   0.01705   0.03457   0.05137   0.06483   0.07123   0.03846   0.00000   0.17230   7.98072   1.76421   1.33608   1.52845   1.06061  
 31  1.2879   1820.259214  x:  0.17365   0.00000   0.43021   0.01496   0.04306   0.01180   0.06780   0.01045   0.04445   0.11187   0.01947   0.02002   0.00000   0.29122   0.01807   0.01812   0.01705   0.03457   0.05137   0.06483   0.07123   0.03846   0.00000   0.17230   7.98072   1.76421   1.33608   1.52845   1.06061  
 32 89.9055   1819.219803  x:  0.17362   0.00297   0.43009   0.01475   0.04266   0.01189   0.06785   0.00977   0.04444   0.11202   0.01937   0.01884   0.00000   0.29167   0.01803   0.01793   0.01661   0.03441   0.05114   0.06478   0.07126   0.03834   0.00605   0.17226   7.98072   1.76419   1.33606   1.52848   1.06056  
 33 665.5128   1817.699994  x:  0.17348   0.00000   0.42943   0.01386   0.04083   0.01223   0.06807   0.00690   0.04439   0.11267   0.01890   0.01240   0.00000   0.29356   0.01787   0.01713   0.01473   0.03371   0.05011   0.06459   0.07140   0.03778   0.00817   0.17213   7.98076   1.76410   1.33593   1.52865   1.06038  
 34 201.2010   1816.028163  x:  0.17342   0.00000   0.42805   0.01384   0.03815   0.01223   0.06844   0.01046   0.04432   0.11387   0.01895   0.00000   0.00000   0.29720   0.01791   0.01696   0.01422   0.03298   0.04859   0.06429   0.07165   0.03715   0.00977   0.17207   7.98084   1.76395   1.33558   1.52904   1.06000  
 35 309.6123   1815.420375  x:  0.17347   0.00000   0.42331   0.01378   0.03038   0.01203   0.06955   0.01251   0.04413   0.11774   0.01899   0.00000   0.00000   0.30981   0.01804   0.01662   0.01321   0.03107   0.04409   0.06337   0.07242   0.03536   0.00470   0.17212   7.98110   1.76342   1.33431   1.53045   1.05868  
 36 66.4795   1814.791138  x:  0.17393   0.00000   0.40942   0.01675   0.03145   0.01293   0.07094   0.01049   0.04404   0.12554   0.01963   0.00000   0.00000   0.34291   0.01874   0.01977   0.02069   0.03283   0.04173   0.06230   0.07331   0.03523   0.00612   0.17258   7.98192   1.76184   1.33030   1.53476   1.05467  
 37 52.7088   1814.204917  x:  0.17431   0.00000   0.39688   0.01316   0.03869   0.01085   0.07063   0.01042   0.04420   0.12879   0.01777   0.00000   0.00000   0.36945   0.01731   0.01690   0.01406   0.03399   0.04602   0.06265   0.07277   0.03637   0.00613   0.17296   7.98275   1.76027   1.32644   1.53891   1.05066  
 38 95.7974   1814.076904  x:  0.17425   0.00000   0.39378   0.01343   0.03770   0.01461   0.06980   0.00955   0.04428   0.12683   0.01932   0.00000   0.00000   0.37362   0.01714   0.01667   0.01198   0.03263   0.04737   0.06329   0.07215   0.03675   0.00648   0.17290   7.98308   1.75968   1.32521   1.54025   1.04920  
 39 35.9307   1813.884391  x:  0.17385   0.00000   0.38920   0.01255   0.03269   0.01238   0.06834   0.00723   0.04424   0.12165   0.01983   0.00000   0.00000   0.37739   0.01694   0.01628   0.01180   0.02987   0.04807   0.06433   0.07110   0.03668   0.00786   0.17250   7.98372   1.75856   1.32309   1.54261   1.04646  
 40 39.9279   1813.843930  x:  0.17339   0.00000   0.38805   0.01226   0.03219   0.01310   0.06862   0.00678   0.04416   0.12016   0.01757   0.00000   0.00000   0.37716   0.01696   0.01586   0.01171   0.03114   0.04621   0.06401   0.07127   0.03587   0.00808   0.17204   7.98402   1.75799   1.32229   1.54359   1.04520  
 41 18.4567   1813.831220  x:  0.17298   0.00000   0.38745   0.01285   0.03254   0.01274   0.06911   0.00655   0.04411   0.11990   0.01810   0.00000   0.00000   0.37673   0.01709   0.01585   0.01103   0.03152   0.04493   0.06358   0.07159   0.03542   0.00817   0.17163   7.98427   1.75753   1.32171   1.54432   1.04420  
 42 13.2496   1813.819830  x:  0.17226   0.00000   0.38655   0.01179   0.03305   0.01289   0.06980   0.00646   0.04409   0.12009   0.01875   0.00000   0.00000   0.37599   0.01713   0.01570   0.01129   0.03106   0.04417   0.06301   0.07205   0.03518   0.00817   0.17091   7.98473   1.75666   1.32070   1.54564   1.04236  
 43 11.4596   1813.787922  x:  0.16976   0.00000   0.38312   0.01263   0.03315   0.01293   0.07116   0.00628   0.04413   0.12173   0.01771   0.00000   0.00000   0.37365   0.01704   0.01576   0.01129   0.02954   0.04503   0.06206   0.07299   0.03561   0.00812   0.16841   7.98666   1.75303   1.31653   1.55111   1.03469  
 44 15.2943   1813.753871  x:  0.16777   0.00000   0.37938   0.01229   0.03200   0.01288   0.07078   0.00626   0.04412   0.12313   0.01842   0.00000   0.00000   0.37157   0.01695   0.01578   0.01128   0.03178   0.04613   0.06257   0.07283   0.03599   0.00807   0.16642   7.98913   1.74850   1.31136   1.55784   1.02508  
 45 30.3226   1813.715286  x:  0.16803   0.00000   0.37621   0.01257   0.03300   0.01285   0.06794   0.00653   0.04399   0.12264   0.01827   0.00000   0.00000   0.37046   0.01710   0.01566   0.01157   0.03098   0.04471   0.06451   0.07098   0.03525   0.00790   0.16668   7.99248   1.74268   1.30485   1.56623   1.01258  
 46 22.9238   1813.694276  x:  0.16994   0.00000   0.37601   0.01222   0.03296   0.01279   0.06848   0.00671   0.04406   0.12110   0.01808   0.00000   0.00000   0.37054   0.01739   0.01711   0.01119   0.03100   0.04478   0.06358   0.07109   0.03560   0.00787   0.16858   7.99479   1.73906   1.30097   1.57111   1.00465  
 47 18.3631   1813.676093  x:  0.17183   0.00000   0.37646   0.01259   0.03280   0.01281   0.06942   0.00684   0.04410   0.11975   0.01830   0.00000   0.00000   0.37079   0.01703   0.01590   0.01157   0.03116   0.04516   0.06255   0.07148   0.03565   0.00786   0.17047   7.99691   1.73590   1.29768   1.57520   0.99767  
 48 42.3729   1813.665882  x:  0.17229   0.00000   0.38033   0.01251   0.03265   0.01283   0.06980   0.00669   0.04375   0.12103   0.01822   0.00000   0.00000   0.37107   0.01726   0.01581   0.01142   0.03104   0.04515   0.06400   0.07263   0.03536   0.00797   0.17094   7.99911   1.73375   1.29623   1.57670   0.99259  
 49  5.4244   1813.660236  x:  0.17192   0.00000   0.38312   0.01248   0.03258   0.01283   0.06932   0.00662   0.04422   0.12167   0.01820   0.00000   0.00000   0.37154   0.01656   0.01593   0.01137   0.03101   0.04494   0.06330   0.07198   0.03557   0.00801   0.17057   8.00081   1.73245   1.29572   1.57700   0.98941  
 50  7.2514   1813.658158  x:  0.17163   0.00000   0.38414   0.01247   0.03257   0.01283   0.06916   0.00661   0.04421   0.12168   0.01818   0.00000   0.00000   0.37184   0.01715   0.01576   0.01136   0.03102   0.04495   0.06292   0.07161   0.03572   0.00801   0.17027   8.00162   1.73193   1.29564   1.57692   0.98811  
 51  8.3547   1813.655734  x:  0.17097   0.00000   0.38494   0.01251   0.03265   0.01283   0.06931   0.00665   0.04363   0.12094   0.01821   0.00000   0.00000   0.37248   0.01710   0.01591   0.01141   0.03105   0.04523   0.06288   0.07142   0.03521   0.00797   0.16962   8.00312   1.73124   1.29588   1.57620   0.98632  
 52  3.8772   1813.652981  x:  0.17039   0.00000   0.38527   0.01254   0.03274   0.01282   0.06953   0.00671   0.04422   0.12001   0.01823   0.00000   0.00000   0.37310   0.01703   0.01590   0.01146   0.03108   0.04509   0.06338   0.07177   0.03567   0.00791   0.16904   8.00547   1.73038   1.29645   1.57472   0.98405  
 53  4.5690   1813.641662  x:  0.17101   0.00000   0.38383   0.01255   0.03272   0.01284   0.06848   0.00663   0.04357   0.12047   0.01824   0.00000   0.00000   0.37285   0.01693   0.01587   0.01148   0.03110   0.04499   0.06287   0.07283   0.03606   0.00788   0.16966   8.01803   1.72666   1.29987   1.56570   0.97431  
 54  4.4421   1813.636842  x:  0.17144   0.00000   0.38314   0.01255   0.03269   0.01284   0.06920   0.00656   0.04427   0.12099   0.01824   0.00000   0.00000   0.37257   0.01715   0.01595   0.01149   0.03109   0.04521   0.06310   0.07199   0.03532   0.00788   0.17009   8.02379   1.72508   1.30110   1.56181   0.97041  
 55 14.2981   1813.635746  x:  0.17152   0.00000   0.38305   0.01255   0.03268   0.01285   0.06962   0.00655   0.04392   0.12109   0.01824   0.00000   0.00000   0.37251   0.01703   0.01594   0.01148   0.03109   0.04504   0.06330   0.07152   0.03572   0.00788   0.17016   8.02552   1.72473   1.30096   1.56103   0.96993  
 56  3.4262   1813.557681  x:  0.17150   0.00000   0.38357   0.01271   0.03250   0.01285   0.06944   0.00627   0.04404   0.12114   0.01829   0.00000   0.00000   0.37359   0.01717   0.01620   0.01180   0.03114   0.04483   0.06316   0.07180   0.03548   0.00750   0.17015   8.18331   1.70103   1.25500   1.51838   0.97298  
 57  3.1198   1813.482018  x:  0.17202   0.00000   0.38423   0.01288   0.03231   0.01286   0.06949   0.00594   0.04403   0.12125   0.01834   0.00000   0.00000   0.37517   0.01722   0.01640   0.01211   0.03120   0.04460   0.06318   0.07187   0.03549   0.00711   0.17067   8.34755   1.65561   1.25214   1.50974   0.99113  
 58  6.8200   1813.253429  x:  0.17315   0.00000   0.38587   0.01344   0.03164   0.01287   0.06965   0.00502   0.04402   0.12181   0.01850   0.00000   0.00000   0.37909   0.01734   0.01697   0.01315   0.03136   0.04366   0.06303   0.07203   0.03551   0.00572   0.17180   8.92930   1.72692   1.29307   1.56585   0.99771  
 59  4.3708   1813.218794  x:  0.17283   0.00000   0.38614   0.01302   0.03160   0.01263   0.06989   0.00625   0.04403   0.12242   0.01819   0.00000   0.00000   0.37834   0.01714   0.01636   0.01238   0.03124   0.04384   0.06289   0.07217   0.03538   0.00575   0.17148   9.09967   1.72562   1.29280   1.56498   0.99902  
 60  0.2672   1813.213142  x:  0.17283   0.00000   0.38609   0.01291   0.03179   0.01263   0.06979   0.00597   0.04403   0.12218   0.01817   0.00000   0.00000   0.37788   0.01709   0.01626   0.01219   0.03121   0.04410   0.06296   0.07212   0.03545   0.00617   0.17148   9.17969   1.72229   1.29036   1.56289   0.99859  
 61  0.0846   1813.212825  x:  0.17280   0.00000   0.38603   0.01298   0.03179   0.01270   0.06978   0.00593   0.04403   0.12215   0.01822   0.00000   0.00000   0.37795   0.01712   0.01635   0.01227   0.03123   0.04404   0.06297   0.07211   0.03546   0.00611   0.17145   9.19911   1.72124   1.28965   1.56204   0.99860  
 62  0.0192   1813.212823  x:  0.17280   0.00000   0.38602   0.01298   0.03178   0.01269   0.06978   0.00593   0.04403   0.12215   0.01822   0.00000   0.00000   0.37798   0.01712   0.01635   0.01227   0.03122   0.04404   0.06297   0.07211   0.03546   0.00610   0.17145   9.20003   1.72133   1.28973   1.56210   0.99866  
 63  0.0009   1813.212823  x:  0.17280   0.00000   0.38602   0.01298   0.03178   0.01269   0.06978   0.00593   0.04403   0.12215   0.01822   0.00000   0.00000   0.37798   0.01712   0.01635   0.01227   0.03122   0.04404   0.06297   0.07211   0.03546   0.00610   0.17145   9.20007   1.72134   1.28973   1.56211   0.99866  
 64  0.0000   1813.212823  x:  0.17280   0.00000   0.38602   0.01298   0.03178   0.01269   0.06978   0.00593   0.04403   0.12215   0.01822   0.00000   0.00000   0.37798   0.01712   0.01635   0.01227   0.03122   0.04404   0.06297   0.07211   0.03546   0.00610   0.17145   9.20007   1.72134   1.28973   1.56211   0.99866  
 65  0.0000   1813.212823  x:  0.17280   0.00000   0.38602   0.01298   0.03178   0.01269   0.06978   0.00593   0.04403   0.12215   0.01822   0.00000   0.00000   0.37798   0.01712   0.01635   0.01227   0.03122   0.04404   0.06297   0.07211   0.03546   0.00610   0.17145   9.20007   1.72134   1.28973   1.56211   0.99866  