

TREE # 1

  0  0.0000   2094.726709  x:  0.05108   0.00000   0.09273   0.02215   0.08241   0.08109   0.05829   0.03952   0.07956   0.04817   0.06612   0.10454   0.01906   0.04340   0.01084   0.09564   0.04877   0.06187   0.05838   0.06169   0.10445   0.05545   0.10272   0.06970   2.00000   1.68104   1.02193   1.68782   0.40000  
  1 99.0000   2094.724953  x:  0.05108   0.00000   0.09273   0.02215   0.08241   0.08109   0.05829   0.03952   0.07956   0.04817   0.06612   0.10454   0.01906   0.04340   0.01084   0.09564   0.04877   0.06187   0.05838   0.06169   0.10445   0.05545   0.10272   0.06970   2.00000   1.68104   1.02193   1.68782   0.40000  
  2 558.4951   2086.818559  x:  0.05716   0.00000   0.10038   0.02078   0.08025   0.07160   0.06226   0.02618   0.07827   0.05263   0.06170   0.11098   0.01372   0.04987   0.00000   0.09238   0.03722   0.06473   0.05854   0.06308   0.10981   0.05425   0.11144   0.07578   2.00344   1.68067   1.02254   1.68794   0.40628  
  3 687.7001   2072.339486  x:  0.06502   0.00000   0.11308   0.01913   0.07632   0.05346   0.06804   0.00000   0.07604   0.05815   0.05374   0.12136   0.00460   0.04127   0.00111   0.08558   0.01496   0.06895   0.05890   0.06523   0.12056   0.04905   0.12498   0.08366   2.01027   1.67995   1.02404   1.68838   0.41854  
  4 1173.0018   2068.001004  x:  0.06616   0.00000   0.11696   0.01972   0.07431   0.04193   0.06905   0.00000   0.07513   0.05814   0.05002   0.12588   0.01471   0.03984   0.00130   0.08182   0.00000   0.07000   0.05881   0.06632   0.12580   0.04652   0.12990   0.08479   2.01536   1.67946   1.02515   1.68878   0.42653  
  5 510.0913   2065.154145  x:  0.05635   0.00000   0.11374   0.02379   0.07150   0.01572   0.06324   0.00000   0.07488   0.04854   0.04681   0.12902   0.01110   0.04576   0.00112   0.07476   0.00000   0.06741   0.05786   0.06942   0.13396   0.04232   0.12950   0.07502   2.03247   1.67806   1.02881   1.69042   0.44866  
  6 164.7507   2060.803046  x:  0.04740   0.00000   0.10393   0.01635   0.06818   0.03615   0.05597   0.00000   0.07715   0.05280   0.04486   0.13260   0.00983   0.05465   0.00118   0.05122   0.00000   0.06241   0.05678   0.07399   0.16044   0.03017   0.12288   0.06618   2.11673   1.67201   1.04507   1.69877   0.54342  
  7 102.2775   2056.328295  x:  0.06445   0.00000   0.09534   0.04083   0.07415   0.03708   0.06541   0.00000   0.07891   0.05038   0.05984   0.11785   0.00830   0.05398   0.00091   0.06212   0.00000   0.06403   0.05854   0.06777   0.16440   0.04502   0.10600   0.08341   2.24046   1.66486   1.06728   1.71096   0.65032  
  8 204.6552   2051.062124  x:  0.06229   0.00000   0.10693   0.01233   0.08257   0.02979   0.06841   0.00000   0.07690   0.05404   0.06542   0.10363   0.00857   0.05210   0.00094   0.10069   0.00000   0.07086   0.05952   0.06069   0.13163   0.04778   0.11414   0.08146   2.38680   1.65902   1.09121   1.72453   0.73091  
  9 204.2226   2047.986932  x:  0.05346   0.00000   0.12207   0.03145   0.08161   0.03803   0.06264   0.00000   0.07418   0.06069   0.05522   0.11620   0.00699   0.05066   0.00137   0.11546   0.00000   0.06884   0.05889   0.06775   0.10143   0.05166   0.13289   0.07282   2.50994   1.65693   1.10819   1.73510   0.76117  
 10 203.8170   2041.287564  x:  0.06465   0.00000   0.11884   0.01738   0.06542   0.04178   0.05861   0.00000   0.07344   0.04040   0.02954   0.14750   0.00348   0.04498   0.00188   0.10631   0.00000   0.05744   0.05492   0.08157   0.08674   0.08447   0.13902   0.08441   2.77917   1.65824   1.13885   1.75632   0.75846  
 11 207.8630   2030.026590  x:  0.06559   0.00000   0.10764   0.01032   0.05309   0.02873   0.06426   0.00000   0.07430   0.07075   0.04972   0.17505   0.00000   0.04187   0.00233   0.08541   0.00000   0.06849   0.05165   0.08727   0.10029   0.09685   0.14364   0.08595   3.17461   1.66327   1.17994   1.78664   0.72433  
 12 567.7189   2030.026590  x:  0.06559   0.00000   0.10764   0.01032   0.05309   0.02873   0.06426   0.00000   0.07430   0.07075   0.04972   0.17505   0.00000   0.04187   0.00233   0.08541   0.00000   0.06849   0.05165   0.08727   0.10029   0.09685   0.14364   0.08595   3.17461   1.66327   1.17994   1.78664   0.72433  
 13 602.3996   2020.493677  x:  0.07162   0.00000   0.11308   0.01804   0.05634   0.02419   0.06821   0.00000   0.07365   0.07184   0.04732   0.17553   0.02263   0.06809   0.05419   0.08756   0.00000   0.07187   0.05218   0.08596   0.10620   0.09478   0.14955   0.09198   3.17618   1.66357   1.17916   1.78644   0.72412  
 14 741.1367   2009.346927  x:  0.08952   0.00000   0.13495   0.02016   0.06628   0.01092   0.08112   0.00000   0.07136   0.07529   0.03822   0.17564   0.00000   0.12524   0.04952   0.08345   0.00000   0.08237   0.05498   0.08041   0.12732   0.07821   0.16853   0.10987   3.18276   1.66504   1.17581   1.78536   0.72320  
 15 241.8363   2006.056753  x:  0.09887   0.00000   0.15092   0.01720   0.07016   0.03285   0.08683   0.00000   0.07069   0.07704   0.03627   0.17480   0.01445   0.15762   0.03456   0.07469   0.00000   0.08619   0.05738   0.07589   0.14520   0.05769   0.18314   0.11922   3.18997   1.66668   1.17239   1.78403   0.72225  
 16 263.2334   2004.357874  x:  0.09514   0.00000   0.15825   0.01867   0.06370   0.02876   0.08155   0.00000   0.07123   0.07610   0.04636   0.17199   0.01569   0.16256   0.03448   0.05811   0.00000   0.07945   0.05874   0.07366   0.16038   0.03002   0.18972   0.11549   3.20064   1.66930   1.16750   1.78182   0.72063  
 17 91.2455   2004.012029  x:  0.09149   0.00000   0.16075   0.01337   0.06267   0.02951   0.07926   0.00000   0.07154   0.07544   0.04086   0.16976   0.01419   0.16277   0.03643   0.05145   0.00000   0.07634   0.05937   0.07310   0.16925   0.03144   0.19192   0.11185   3.21133   1.67196   1.16254   1.77972   0.71914  
 18 41.8546   2003.740657  x:  0.08796   0.00000   0.16300   0.01956   0.06285   0.03116   0.07784   0.00000   0.07174   0.07520   0.03708   0.16726   0.01307   0.16216   0.03652   0.04834   0.00000   0.07449   0.05961   0.07293   0.17816   0.03452   0.19378   0.10832   3.22590   1.67552   1.15586   1.77692   0.71721  
 19 72.8733   2002.763543  x:  0.08112   0.00000   0.16736   0.01722   0.06653   0.02932   0.08001   0.00000   0.07136   0.07591   0.04525   0.15847   0.01414   0.15755   0.03604   0.06477   0.00000   0.07838   0.05769   0.07481   0.20416   0.03822   0.19726   0.10148   3.30394   1.69365   1.12124   1.76210   0.70766  
 20 62.7335   2000.017683  x:  0.09768   0.00000   0.15880   0.01838   0.06363   0.02194   0.08660   0.00000   0.07029   0.07654   0.02949   0.15480   0.02080   0.14335   0.03475   0.06450   0.00000   0.08420   0.06100   0.07410   0.20856   0.02785   0.18851   0.11804   3.54572   1.74361   1.02322   1.71652   0.68275  
 21 111.1956   1998.085384  x:  0.10563   0.00000   0.15373   0.01750   0.06282   0.03074   0.08541   0.00000   0.07049   0.07623   0.04594   0.15966   0.01333   0.14871   0.03810   0.05105   0.00000   0.08083   0.06094   0.07126   0.19762   0.03684   0.18406   0.12599   3.73808   1.77851   0.95306   1.68099   0.66655  
 22 351.8791   1996.394042  x:  0.08921   0.00000   0.15503   0.01737   0.06697   0.03232   0.07439   0.00000   0.07074   0.07431   0.03985   0.17139   0.01244   0.16776   0.03539   0.05858   0.00000   0.07150   0.05319   0.07263   0.16964   0.03021   0.18796   0.10957   3.90936   1.79590   0.91517   1.65165   0.66260  
 23 159.8798   1995.329282  x:  0.07918   0.00000   0.16129   0.01736   0.05997   0.02471   0.08195   0.00000   0.06989   0.07552   0.04122   0.17263   0.01933   0.17295   0.03088   0.05461   0.00000   0.07948   0.06836   0.07150   0.15699   0.03488   0.19404   0.09954   4.03587   1.79256   0.91699   1.63372   0.67227  
 24 105.3692   1989.664306  x:  0.08005   0.00000   0.18560   0.01729   0.05914   0.04301   0.09753   0.00000   0.07177   0.07818   0.03893   0.15757   0.00000   0.15396   0.04522   0.05459   0.00000   0.09057   0.06018   0.07002   0.14068   0.02658   0.21050   0.10041   4.70538   1.73217   1.00079   1.55161   0.75356  
 25 193.1996   1985.850188  x:  0.09288   0.00000   0.19073   0.01685   0.06869   0.02514   0.08465   0.00000   0.07305   0.07641   0.04394   0.15541   0.01496   0.15195   0.03601   0.04964   0.00000   0.07640   0.04364   0.07344   0.14496   0.03988   0.21503   0.11324   5.21654   1.67958   1.06971   1.49493   0.81767  
 26 818.7747   1984.227917  x:  0.09780   0.00000   0.17441   0.01700   0.06885   0.02797   0.06851   0.00000   0.07262   0.07484   0.04430   0.16658   0.01233   0.15874   0.03533   0.05844   0.00000   0.06850   0.06508   0.07810   0.15815   0.03915   0.20406   0.11816   5.43037   1.65203   1.09784   1.48109   0.84433  
 27 333.4588   1983.243640  x:  0.09291   0.00000   0.14922   0.01730   0.06325   0.02926   0.07662   0.00000   0.07184   0.07567   0.04385   0.18161   0.01197   0.16881   0.03353   0.05586   0.00000   0.07488   0.05777   0.07380   0.17243   0.03717   0.18744   0.11326   5.55558   1.62954   1.11017   1.48859   0.85856  
 28 138.7768   1982.431492  x:  0.09039   0.00000   0.15159   0.01660   0.08270   0.02811   0.08091   0.00000   0.07443   0.07799   0.04489   0.18354   0.01268   0.16640   0.03399   0.04917   0.00000   0.07648   0.06105   0.07968   0.17199   0.03424   0.18037   0.11075   5.67280   1.58953   1.10014   1.55549   0.86420  
 29 36.8437   1982.207916  x:  0.09089   0.00000   0.15349   0.01663   0.08008   0.02805   0.07989   0.00000   0.07392   0.07754   0.04478   0.18293   0.01265   0.16633   0.03392   0.05001   0.00558   0.07606   0.06050   0.07882   0.17144   0.03476   0.18045   0.11124   5.70689   1.57750   1.09662   1.57727   0.86537  
 30 163.8761   1981.253139  x:  0.09351   0.00000   0.16126   0.01687   0.06536   0.02799   0.07449   0.00000   0.07121   0.07516   0.04412   0.17965   0.01239   0.16641   0.03354   0.05486   0.00131   0.07398   0.05756   0.07350   0.16896   0.03751   0.18236   0.11387   5.84095   1.53018   1.08260   1.66434   0.86957  
 31 462.3321   1981.183443  x:  0.09380   0.00000   0.15408   0.01691   0.06478   0.02809   0.07579   0.00000   0.07279   0.07528   0.04417   0.17571   0.01210   0.16710   0.03338   0.05488   0.00125   0.07225   0.05777   0.07581   0.16801   0.03751   0.19011   0.11416   5.85205   1.53179   1.08486   1.67339   0.86750  
 32 12.4980   1981.140726  x:  0.09378   0.00000   0.15136   0.01689   0.06650   0.02798   0.07308   0.00000   0.07066   0.07501   0.04425   0.17503   0.01205   0.16665   0.03344   0.05432   0.00137   0.07499   0.05783   0.07302   0.16764   0.03738   0.19336   0.11413   5.85983   1.53798   1.08960   1.68076   0.86420  
 33 10.4802   1980.718865  x:  0.09484   0.00000   0.15401   0.01684   0.06653   0.02748   0.07705   0.00000   0.06907   0.07467   0.04454   0.18724   0.01181   0.16444   0.03349   0.05576   0.00127   0.06909   0.05866   0.06958   0.16823   0.03778   0.19715   0.11519   5.94526   1.62913   1.15493   1.76541   0.82136  
 34 19.9205   1980.599282  x:  0.09496   0.00000   0.15519   0.01686   0.06416   0.02765   0.07334   0.00000   0.07280   0.07503   0.04453   0.18601   0.01172   0.16641   0.03316   0.05469   0.00116   0.07373   0.05723   0.07514   0.16785   0.03796   0.19438   0.11532   5.96988   1.65619   1.17326   1.78967   0.81105  
 35 64.6630   1980.526420  x:  0.09425   0.00000   0.15463   0.01683   0.06418   0.02781   0.07350   0.00000   0.07082   0.07464   0.04465   0.17618   0.01191   0.17040   0.03247   0.05464   0.00118   0.07198   0.05768   0.07426   0.16624   0.03753   0.18721   0.11461   5.98488   1.67383   1.18267   1.80396   0.81071  
 36 18.6658   1980.472790  x:  0.09426   0.00000   0.15440   0.01680   0.06455   0.02749   0.07299   0.00000   0.07603   0.07510   0.04460   0.17544   0.01196   0.17081   0.03231   0.05519   0.00125   0.07166   0.05816   0.07049   0.16624   0.03743   0.18666   0.11461   5.99699   1.68918   1.18476   1.81444   0.82352  
 37  7.0991   1980.301258  x:  0.09464   0.00000   0.15426   0.01677   0.06369   0.02743   0.07292   0.00000   0.07130   0.07448   0.04461   0.17850   0.01153   0.17071   0.03232   0.05473   0.00114   0.07170   0.05750   0.07400   0.16731   0.03722   0.18860   0.11500   6.03696   1.73883   1.18876   1.84768   0.87074  
 38 35.3439   1978.963589  x:  0.09547   0.00000   0.16065   0.01596   0.06269   0.02406   0.07362   0.00000   0.06636   0.11543   0.04282   0.17207   0.00796   0.17333   0.03075   0.05540   0.00137   0.07226   0.05732   0.07245   0.17613   0.03551   0.19373   0.11583   6.50529   1.73474   1.15640   1.82520   0.86880  
 39  1.5305   1974.867763  x:  0.09771   0.00000   0.17528   0.01581   0.06854   0.01679   0.08771   0.00000   0.06969   0.08616   0.04063   0.15830   0.00000   0.18017   0.02702   0.05635   0.00169   0.08365   0.05979   0.07129   0.19616   0.03074   0.20480   0.11806   7.53711   1.72330   1.08499   1.77392   0.86234  
 40 463.3332   1973.475921  x:  0.09914   0.00000   0.16905   0.01698   0.06833   0.01822   0.08695   0.00000   0.07225   0.06615   0.03650   0.17657   0.00000   0.18965   0.02523   0.05635   0.00329   0.08254   0.05874   0.07217   0.18291   0.03558   0.20208   0.11949   8.70818   1.70545   1.04898   1.71590   0.86726  
 41  0.8889   1972.967310  x:  0.09745   0.00000   0.16660   0.01731   0.06632   0.01677   0.08289   0.00000   0.07209   0.08214   0.03946   0.17409   0.00000   0.18952   0.02555   0.05538   0.00302   0.07926   0.05905   0.07205   0.17501   0.03405   0.19885   0.11779   9.46944   1.71507   1.05843   1.71397   0.87795  
 42  0.5962   1972.841481  x:  0.09650   0.00000   0.16846   0.01701   0.06609   0.01947   0.08277   0.00000   0.07087   0.07786   0.04068   0.16790   0.00000   0.18552   0.02703   0.05553   0.00284   0.07958   0.05944   0.07161   0.17787   0.03312   0.20018   0.11683   9.86364   1.72835   1.07302   1.73533   0.88775  
 43  0.3408   1972.818874  x:  0.09646   0.00000   0.16853   0.01675   0.06648   0.01804   0.08293   0.00000   0.07107   0.07654   0.04037   0.16966   0.00000   0.18263   0.02694   0.05521   0.00332   0.07961   0.05916   0.07157   0.17893   0.03361   0.20065   0.11679  10.02346   1.72576   1.06979   1.73513   0.89059  
 44  0.1538   1972.815157  x:  0.09665   0.00000   0.16835   0.01676   0.06664   0.01835   0.08331   0.00000   0.07133   0.07704   0.03983   0.17050   0.00000   0.18194   0.02642   0.05543   0.00312   0.07986   0.05914   0.07171   0.17874   0.03386   0.20044   0.11699  10.06870   1.72279   1.06701   1.73288   0.89004  
 45  0.0417   1972.814230  x:  0.09664   0.00000   0.16823   0.01679   0.06644   0.01837   0.08328   0.00000   0.07129   0.07707   0.03996   0.17022   0.00000   0.18164   0.02597   0.05528   0.00321   0.07979   0.05915   0.07164   0.17874   0.03367   0.20025   0.11698  10.07566   1.72345   1.06788   1.73356   0.88955  
 46  0.0052   1972.814027  x:  0.09658   0.00000   0.16819   0.01675   0.06648   0.01835   0.08320   0.00000   0.07125   0.07702   0.04002   0.17011   0.00000   0.18123   0.02589   0.05537   0.00315   0.07974   0.05915   0.07168   0.17871   0.03381   0.20027   0.11692  10.06341   1.72395   1.06803   1.73386   0.88961  
 47  0.0095   1972.814007  x:  0.09657   0.00000   0.16819   0.01674   0.06649   0.01838   0.08320   0.00000   0.07126   0.07703   0.04002   0.17016   0.00000   0.18116   0.02590   0.05537   0.00318   0.07974   0.05915   0.07167   0.17871   0.03382   0.20029   0.11691  10.05900   1.72391   1.06785   1.73365   0.88963  
 48  0.0051   1972.814006  x:  0.09657   0.00000   0.16819   0.01674   0.06648   0.01838   0.08320   0.00000   0.07126   0.07702   0.04001   0.17018   0.00000   0.18116   0.02590   0.05537   0.00317   0.07974   0.05915   0.07167   0.17871   0.03380   0.20029   0.11691  10.05818   1.72387   1.06781   1.73361   0.88962  
 49  0.0009   1972.814006  x:  0.09657   0.00000   0.16819   0.01674   0.06648   0.01837   0.08320   0.00000   0.07126   0.07702   0.04001   0.17018   0.00000   0.18115   0.02590   0.05536   0.00317   0.07975   0.05915   0.07167   0.17870   0.03380   0.20029   0.11691  10.05812   1.72388   1.06782   1.73361   0.88961  
 50  0.0001   1972.814006  x:  0.09657   0.00000   0.16819   0.01674   0.06648   0.01837   0.08320   0.00000   0.07126   0.07702   0.04001   0.17018   0.00000   0.18115   0.02590   0.05536   0.00317   0.07975   0.05915   0.07167   0.17870   0.03380   0.20029   0.11691  10.05812   1.72388   1.06782   1.73361   0.88961  
 51  0.0000   1972.814006  x:  0.09657   0.00000   0.16819   0.01674   0.06648   0.01837   0.08320   0.00000   0.07126   0.07702   0.04001   0.17018   0.00000   0.18115   0.02590   0.05536   0.00317   0.07975   0.05915   0.07167   0.17870   0.03380   0.20029   0.11691  10.05812   1.72388   1.06782   1.73361   0.88961  