

TREE # 1

  0  0.0000   2271.290777  x:  0.07292   0.00436   0.12612   0.02082   0.06847   0.06381   0.04911   0.05105   0.09152   0.06075   0.05933   0.15848   0.00112   0.07720   0.00000   0.05955   0.06867   0.03699   0.06810   0.06793   0.13041   0.06279   0.17037   0.09154   2.00000   1.45694   0.93191   1.23874   0.40000  
  1 99.0000   2261.319857  x:  0.08541   0.03763   0.14503   0.03116   0.05782   0.04886   0.04942   0.04720   0.09049   0.07455   0.04943   0.16885   0.02117   0.10751   0.07539   0.04928   0.06240   0.04330   0.06285   0.07668   0.13722   0.06084   0.18153   0.10403   2.00673   1.45724   0.93117   1.24011   0.42304  
  2 647.5774   2239.929333  x:  0.11152   0.02917   0.18917   0.03672   0.02810   0.00736   0.05032   0.03903   0.08799   0.10130   0.02164   0.19372   0.00000   0.16378   0.05955   0.02275   0.04374   0.05309   0.04898   0.09696   0.15082   0.04787   0.20921   0.13014   2.02882   1.45808   0.93044   1.24309   0.49104  
  3 324.5112   2234.253243  x:  0.12511   0.02482   0.21493   0.03958   0.02034   0.03437   0.05120   0.03710   0.08693   0.11421   0.01513   0.20874   0.00000   0.19504   0.04979   0.01349   0.03646   0.05651   0.04340   0.10656   0.15980   0.04418   0.22625   0.14373   2.04505   1.45859   0.93018   1.24532   0.53527  
  4 497.3476   2227.409741  x:  0.13810   0.01982   0.24860   0.04256   0.04630   0.03919   0.05241   0.04025   0.08651   0.12429   0.04330   0.22912   0.00000   0.23225   0.03567   0.04025   0.04231   0.05526   0.04585   0.11326   0.17364   0.05056   0.24965   0.15673   2.07630   1.45925   0.93078   1.24943   0.60572  
  5 340.1105   2220.711332  x:  0.12330   0.02589   0.25964   0.01831   0.04505   0.03793   0.04832   0.05326   0.08927   0.09758   0.03089   0.23736   0.00000   0.23531   0.02179   0.03863   0.06788   0.03678   0.06955   0.08963   0.17547   0.05527   0.26155   0.14192   2.13901   1.45935   0.93666   1.25623   0.69239  
  6 130.8541   2215.337176  x:  0.10247   0.02536   0.25777   0.04935   0.04078   0.03624   0.04778   0.05162   0.09128   0.07072   0.03154   0.23732   0.00000   0.22044   0.00502   0.03073   0.07506   0.04162   0.07477   0.06809   0.17173   0.05782   0.26536   0.12109   2.21415   1.45961   0.94439   1.26420   0.77655  
  7 262.9998   2208.554346  x:  0.08248   0.00000   0.23625   0.03334   0.04181   0.03574   0.05263   0.03684   0.09053   0.07429   0.03114   0.22617   0.00000   0.17633   0.00158   0.03548   0.05839   0.05442   0.05493   0.07689   0.16280   0.06047   0.25716   0.10110   2.32832   1.46046   0.95660   1.27603   0.87490  
  8 213.2716   2208.006647  x:  0.08268   0.00264   0.23449   0.03268   0.04186   0.03565   0.05268   0.03719   0.09039   0.07543   0.03162   0.22542   0.00000   0.17271   0.00000   0.03545   0.05692   0.05421   0.05370   0.07791   0.16222   0.06024   0.25613   0.10130   2.33666   1.46058   0.95742   1.27692   0.88053  
  9 253.4333   2204.127394  x:  0.09528   0.00624   0.21345   0.03614   0.03886   0.03421   0.04947   0.05500   0.08880   0.08358   0.03909   0.21732   0.00000   0.12661   0.00458   0.03103   0.04357   0.03959   0.04804   0.08333   0.15673   0.05490   0.24368   0.11390   2.44494   1.46263   0.96742   1.28834   0.95080  
 10 338.3350   2201.252558  x:  0.11040   0.01335   0.18811   0.03620   0.04207   0.03472   0.04972   0.03762   0.08833   0.08919   0.03385   0.20657   0.00000   0.11381   0.00677   0.02849   0.05982   0.05785   0.06084   0.08718   0.15599   0.06099   0.22848   0.12902   2.55733   1.46658   0.97657   1.30050   0.98982  
 11 151.1461   2195.750301  x:  0.10894   0.01936   0.13957   0.03598   0.04143   0.03488   0.05921   0.03821   0.09004   0.08676   0.03405   0.18056   0.00000   0.16743   0.00721   0.02969   0.05425   0.04766   0.04573   0.08493   0.16165   0.07448   0.19921   0.12756   2.82885   1.48052   0.99664   1.32982   1.00407  
 12 147.7309   2185.827275  x:  0.08783   0.02110   0.17946   0.03241   0.03997   0.03656   0.03022   0.04971   0.08827   0.09734   0.04103   0.16958   0.00000   0.19725   0.00941   0.03644   0.03744   0.06692   0.07292   0.09451   0.16666   0.03887   0.18891   0.10645   3.35613   1.51417   1.03032   1.38563   0.95308  
 13 245.4448   2175.433585  x:  0.08473   0.01718   0.26460   0.03795   0.03674   0.03701   0.09788   0.04551   0.08682   0.10153   0.03166   0.19109   0.00000   0.19288   0.01036   0.04254   0.05848   0.05315   0.06537   0.09905   0.16451   0.03249   0.21271   0.10335   4.09223   1.56590   1.07200   1.46155   0.85179  
 14 702.2691   2170.138208  x:  0.10229   0.00944   0.29570   0.03694   0.04323   0.03568   0.07303   0.03358   0.08892   0.09123   0.02590   0.21613   0.00000   0.18359   0.00773   0.03331   0.05553   0.04175   0.04781   0.08735   0.16185   0.07658   0.23896   0.12091   4.41849   1.59278   1.08562   1.49215   0.79441  
 15 499.8362   2168.980905  x:  0.11335   0.00238   0.28300   0.03387   0.04052   0.03501   0.07020   0.04516   0.08988   0.08893   0.03454   0.23048   0.00000   0.18362   0.00541   0.02564   0.06374   0.04927   0.04594   0.08496   0.16566   0.07257   0.25303   0.13197   4.48580   1.60262   1.08263   1.49471   0.77596  
 16 112.4936   2168.389607  x:  0.11765   0.00000   0.27163   0.03606   0.03918   0.03539   0.06766   0.04122   0.08981   0.08807   0.03240   0.24113   0.00000   0.18312   0.00439   0.03074   0.06291   0.04409   0.04989   0.08479   0.16952   0.06455   0.26310   0.13627   4.51346   1.60916   1.07785   1.49314   0.76838  
 17 79.9647   2168.145810  x:  0.11388   0.00220   0.26418   0.03492   0.04474   0.03508   0.06834   0.04119   0.08924   0.08656   0.02972   0.25298   0.00000   0.18195   0.00554   0.02950   0.05926   0.04740   0.04823   0.08418   0.17075   0.06209   0.27388   0.13250   4.52938   1.61722   1.06834   1.48723   0.76843  
 18 29.9407   2168.023717  x:  0.11041   0.00336   0.26123   0.03455   0.03978   0.03501   0.06795   0.04015   0.08900   0.08910   0.03308   0.25760   0.00000   0.18143   0.00599   0.02957   0.05991   0.04735   0.04923   0.08596   0.16992   0.06503   0.27875   0.12903   4.53788   1.62392   1.05939   1.48065   0.76910  
 19 25.8093   2167.882701  x:  0.10922   0.00255   0.26087   0.03725   0.04167   0.03501   0.06668   0.04315   0.08937   0.09366   0.02963   0.25506   0.00000   0.18170   0.00558   0.02952   0.06304   0.04597   0.04992   0.08876   0.16711   0.06704   0.27907   0.12784   4.54879   1.63597   1.04193   1.46583   0.76932  
 20 18.7638   2167.657849  x:  0.11171   0.00251   0.26471   0.03528   0.04239   0.03497   0.06731   0.03992   0.08954   0.09005   0.03227   0.24776   0.00000   0.18215   0.00562   0.02808   0.06206   0.04501   0.04865   0.08609   0.16414   0.06381   0.27569   0.13033   4.56695   1.65612   1.01138   1.43765   0.77078  
 21 39.9342   2167.622018  x:  0.11248   0.00264   0.26545   0.03508   0.04089   0.03509   0.06790   0.04120   0.08927   0.08844   0.03123   0.24711   0.00000   0.18187   0.00556   0.03065   0.06081   0.04673   0.04862   0.08546   0.16496   0.06463   0.27461   0.13110   4.57013   1.65849   1.00695   1.43231   0.77105  
 22 22.5299   2167.561577  x:  0.11231   0.00212   0.26607   0.03525   0.04159   0.03485   0.06935   0.04149   0.08815   0.08823   0.03144   0.24989   0.00000   0.18102   0.00535   0.02860   0.05904   0.04633   0.05121   0.08658   0.17212   0.06685   0.26974   0.13093   4.57689   1.65506   1.00469   1.41895   0.77121  
 23  6.5048   2167.473540  x:  0.11154   0.00222   0.26705   0.03553   0.04092   0.03493   0.06710   0.04104   0.08903   0.08900   0.03101   0.25426   0.00000   0.18020   0.00547   0.02929   0.06254   0.04603   0.04704   0.08611   0.17758   0.06548   0.26475   0.13016   4.58742   1.64613   1.00370   1.39877   0.77243  
 24 19.1026   2167.183345  x:  0.11276   0.00182   0.26609   0.03547   0.04122   0.03508   0.06808   0.04144   0.09375   0.09210   0.03113   0.26144   0.00000   0.18287   0.00545   0.03029   0.06010   0.04688   0.04975   0.08320   0.16537   0.06510   0.26325   0.13138   4.62327   1.60635   1.00323   1.33503   0.77611  
 25 23.1301   2167.039119  x:  0.11306   0.00224   0.26535   0.03573   0.04127   0.03505   0.06693   0.04164   0.08694   0.08724   0.03121   0.25833   0.00000   0.18348   0.00555   0.03017   0.06135   0.04645   0.04920   0.08974   0.16285   0.06478   0.26876   0.13168   4.64148   1.58376   0.99900   1.30942   0.77830  
 26 30.6710   2166.739251  x:  0.11271   0.00312   0.26365   0.03543   0.04097   0.03465   0.06690   0.04139   0.08812   0.09202   0.03106   0.24184   0.00000   0.18098   0.00550   0.02953   0.06051   0.04700   0.04894   0.08510   0.17323   0.06538   0.28703   0.13133   4.67969   1.53253   0.97680   1.27498   0.78326  
 27 25.6140   2166.388671  x:  0.11301   0.00281   0.26313   0.03562   0.04075   0.03434   0.06611   0.04141   0.10093   0.08667   0.03089   0.24522   0.00000   0.18036   0.00548   0.02918   0.05998   0.04666   0.04936   0.09318   0.17333   0.06520   0.28420   0.13163   4.72426   1.47386   0.93486   1.26050   0.79035  
 28 21.9933   2165.976886  x:  0.11344   0.00139   0.26231   0.03557   0.04060   0.03419   0.06517   0.04130   0.08979   0.09081   0.03035   0.25490   0.00000   0.18089   0.00517   0.02991   0.05983   0.04658   0.04924   0.08734   0.16860   0.06438   0.27428   0.13206   4.77388   1.41211   0.88735   1.25053   0.79842  
 29 65.1392   2158.853233  x:  0.11838   0.00000   0.24407   0.03356   0.03717   0.03031   0.05439   0.03979   0.08859   0.09405   0.02836   0.25259   0.00000   0.16868   0.00454   0.02901   0.05208   0.04709   0.04973   0.09051   0.16941   0.06037   0.27286   0.13699   5.31260   1.51394   0.95642   1.34695   0.95360  
 30  3.8452   2152.085445  x:  0.12131   0.01092   0.23852   0.03240   0.03217   0.02028   0.04072   0.04203   0.08907   0.10142   0.02642   0.22675   0.00000   0.18000   0.00634   0.02716   0.04325   0.04747   0.05465   0.09679   0.17190   0.04868   0.24885   0.13990   7.23936   1.66456   1.05599   1.47474   1.23832  
 31  1.0649   2150.824024  x:  0.11573   0.00672   0.24005   0.03267   0.03747   0.02343   0.06326   0.04445   0.08846   0.10165   0.02878   0.23697   0.00000   0.18089   0.00401   0.02879   0.04936   0.04942   0.05238   0.09581   0.17086   0.05354   0.25695   0.13431   7.87672   1.64259   1.04420   1.46248   1.24714  
 32  0.3796   2150.130984  x:  0.11537   0.00451   0.24340   0.03441   0.03739   0.02618   0.05057   0.04042   0.08943   0.09700   0.02823   0.24226   0.00000   0.18528   0.00170   0.03163   0.05485   0.04851   0.05055   0.09240   0.17245   0.05830   0.26559   0.13395   8.57055   1.61114   1.01959   1.43861   1.22376  
 33  0.3913   2149.861550  x:  0.11751   0.00720   0.24382   0.03266   0.03642   0.02605   0.05139   0.04007   0.08926   0.09671   0.02889   0.23676   0.00000   0.18638   0.00220   0.03150   0.04602   0.04775   0.05210   0.09303   0.17320   0.05402   0.25985   0.13608   9.01225   1.62327   1.02473   1.44650   1.20480  
 34  0.2448   2149.782248  x:  0.11698   0.00784   0.24144   0.03330   0.03588   0.02580   0.05118   0.04208   0.08899   0.09845   0.02831   0.23621   0.00000   0.18425   0.00241   0.02965   0.05040   0.04836   0.05235   0.09432   0.17276   0.05357   0.25754   0.13554   9.20048   1.63012   1.02924   1.45137   1.18265  
 35  0.1376   2149.769726  x:  0.11669   0.00756   0.24026   0.03344   0.03623   0.02561   0.05170   0.04188   0.08915   0.09876   0.02822   0.23687   0.00000   0.18233   0.00250   0.02967   0.04930   0.04853   0.05187   0.09418   0.17203   0.05497   0.25878   0.13526   9.21867   1.62804   1.02802   1.45024   1.16889  
 36  0.0176   2149.767653  x:  0.11710   0.00741   0.23981   0.03342   0.03627   0.02542   0.05176   0.04146   0.08910   0.09852   0.02841   0.23655   0.00000   0.18222   0.00262   0.02995   0.04952   0.04840   0.05182   0.09397   0.17205   0.05447   0.25820   0.13567   9.19035   1.62773   1.02745   1.44983   1.16556  
 37  0.0202   2149.767388  x:  0.11708   0.00735   0.23975   0.03341   0.03628   0.02528   0.05166   0.04162   0.08912   0.09844   0.02842   0.23642   0.00000   0.18236   0.00266   0.02991   0.04955   0.04836   0.05190   0.09397   0.17210   0.05466   0.25808   0.13565   9.18270   1.62803   1.02767   1.45007   1.16571  
 38  0.0056   2149.767347  x:  0.11705   0.00730   0.23973   0.03340   0.03631   0.02524   0.05167   0.04162   0.08912   0.09847   0.02841   0.23650   0.00000   0.18249   0.00268   0.02993   0.04952   0.04839   0.05190   0.09399   0.17208   0.05458   0.25817   0.13562   9.18814   1.62803   1.02770   1.45005   1.16577  
 39  0.0032   2149.767338  x:  0.11704   0.00728   0.23983   0.03341   0.03628   0.02525   0.05168   0.04160   0.08911   0.09847   0.02841   0.23649   0.00000   0.18249   0.00269   0.02993   0.04953   0.04838   0.05190   0.09399   0.17209   0.05460   0.25815   0.13561   9.19015   1.62800   1.02766   1.45003   1.16585  
 40  0.0014   2149.767337  x:  0.11705   0.00727   0.23984   0.03341   0.03629   0.02526   0.05168   0.04161   0.08912   0.09846   0.02841   0.23650   0.00000   0.18246   0.00269   0.02992   0.04953   0.04838   0.05190   0.09398   0.17209   0.05459   0.25816   0.13561   9.18999   1.62800   1.02767   1.45004   1.16588  
 41  0.0001   2149.767337  x:  0.11705   0.00727   0.23983   0.03341   0.03629   0.02526   0.05168   0.04161   0.08911   0.09847   0.02841   0.23650   0.00000   0.18246   0.00269   0.02992   0.04953   0.04838   0.05190   0.09399   0.17209   0.05459   0.25816   0.13562   9.18996   1.62801   1.02767   1.45004   1.16588  
 42  0.0000   2149.767337  x:  0.11705   0.00727   0.23983   0.03341   0.03629   0.02526   0.05168   0.04161   0.08911   0.09847   0.02841   0.23650   0.00000   0.18246   0.00269   0.02992   0.04953   0.04838   0.05190   0.09399   0.17209   0.05459   0.25816   0.13562   9.18997   1.62801   1.02767   1.45004   1.16588  
 43  0.0000   2149.767337  x:  0.11705   0.00727   0.23982   0.03341   0.03629   0.02526   0.05168   0.04161   0.08911   0.09847   0.02841   0.23650   0.00000   0.18246   0.00269   0.02992   0.04953   0.04838   0.05190   0.09399   0.17209   0.05459   0.25816   0.13562   9.18996   1.62801   1.02767   1.45004   1.16588  
 44  0.0000   2149.767337  x:  0.11705   0.00727   0.23983   0.03341   0.03629   0.02526   0.05168   0.04161   0.08911   0.09847   0.02841   0.23650   0.00000   0.18246   0.00269   0.02992   0.04953   0.04838   0.05190   0.09399   0.17209   0.05459   0.25816   0.13562   9.18996   1.62801   1.02767   1.45004   1.16588  