

TREE # 1

  0  0.0000   2331.080004  x:  0.01972   0.20925   0.02571   0.03211   0.02495   0.05815   0.02188   0.05666   0.08536   0.02661   0.17168   0.01972   0.20925   0.02571   0.03211   0.02495   0.05815   0.02188   0.05666   0.08536   0.02661   0.17168   0.21568   8.40433   1.44684   1.07054   1.61950   1.00000  
  1 99.0000   2271.502377  x:  0.00000   0.21109   0.01252   0.04073   0.04421   0.07149   0.02346   0.10046   0.08713   0.03146   0.16778   0.00124   0.20713   0.01978   0.03101   0.06351   0.05569   0.03188   0.11290   0.15896   0.07794   0.16730   0.21759   8.40423   1.44723   1.06670   1.62209   1.00041  
  2 814.3586   2270.925072  x:  0.00000   0.21126   0.01194   0.04062   0.04373   0.07185   0.02329   0.10090   0.08727   0.03144   0.16750   0.00000   0.20691   0.01845   0.03090   0.06272   0.05560   0.03145   0.11319   0.16022   0.07717   0.16698   0.21778   8.40422   1.44726   1.06639   1.62230   1.00043  
  3 224.4064   2268.511155  x:  0.00000   0.21403   0.01976   0.04165   0.04523   0.07168   0.02576   0.10104   0.08892   0.03310   0.16447   0.00000   0.20573   0.00000   0.02900   0.05822   0.05695   0.03480   0.11528   0.16647   0.07422   0.16434   0.22048   8.40409   1.44768   1.06167   1.62564   1.00061  
  4 183.9636   2267.715547  x:  0.00000   0.22207   0.02499   0.04010   0.04990   0.06582   0.02043   0.09353   0.08784   0.02522   0.15686   0.00000   0.20438   0.00000   0.02927   0.05119   0.06151   0.03085   0.11949   0.17095   0.08239   0.15563   0.23035   8.40353   1.44915   1.04180   1.63970   1.00144  
  5 57.2066   2266.663014  x:  0.00000   0.23583   0.02138   0.03930   0.04975   0.06607   0.02808   0.08828   0.08266   0.03585   0.14459   0.00000   0.20301   0.00000   0.03258   0.05428   0.06349   0.02686   0.12104   0.16756   0.09141   0.14053   0.24770   8.40221   1.45231   0.99782   1.67116   1.00330  
  6 79.5277   2265.776551  x:  0.00000   0.24508   0.01777   0.04243   0.04803   0.06914   0.02379   0.09535   0.08176   0.03056   0.13740   0.00000   0.20245   0.00000   0.03140   0.06288   0.06067   0.03846   0.11828   0.16138   0.09169   0.13191   0.25959   8.40077   1.45543   0.95390   1.70324   1.00506  
  7 111.0325   2265.250462  x:  0.00000   0.24242   0.02329   0.04142   0.05072   0.06844   0.02375   0.10157   0.08727   0.02900   0.14320   0.00000   0.20469   0.00000   0.02796   0.06798   0.05520   0.02967   0.11617   0.16152   0.09123   0.13895   0.25726   8.39944   1.45764   0.92344   1.72753   1.00597  
  8 48.7465   2264.736681  x:  0.00000   0.23172   0.02158   0.03845   0.05026   0.06687   0.02311   0.09653   0.08718   0.03149   0.15413   0.00000   0.20814   0.00000   0.03163   0.06546   0.05881   0.03492   0.11890   0.16704   0.09229   0.15237   0.24536   8.39754   1.46006   0.89184   1.75615   1.00658  
  9 52.5768   2264.620789  x:  0.00000   0.22761   0.02101   0.04315   0.05032   0.06864   0.02606   0.09621   0.08446   0.02935   0.15455   0.00000   0.20743   0.00000   0.02985   0.06306   0.06002   0.03440   0.12079   0.16647   0.09335   0.15314   0.24019   8.39682   1.46063   0.88716   1.76366   1.00640  
 10 25.9984   2264.479828  x:  0.00000   0.22218   0.02291   0.04416   0.05037   0.06898   0.02198   0.09785   0.08122   0.03235   0.15140   0.00000   0.20438   0.00000   0.02866   0.06197   0.05992   0.03355   0.12310   0.16503   0.09397   0.14999   0.23228   8.39548   1.46142   0.88659   1.77390   1.00564  
 11 19.0333   2264.249146  x:  0.00000   0.21530   0.02445   0.03838   0.05044   0.06832   0.02492   0.09920   0.08070   0.02955   0.14538   0.00000   0.19879   0.00000   0.03166   0.06368   0.05865   0.03366   0.12424   0.16540   0.09373   0.14370   0.22132   8.39283   1.46317   0.89033   1.79156   1.00392  
 12 32.3699   2263.651595  x:  0.00000   0.21179   0.01989   0.04668   0.05148   0.06555   0.02405   0.09402   0.09459   0.03116   0.14049   0.00000   0.18850   0.00000   0.03328   0.06843   0.05895   0.03368   0.11710   0.17342   0.09610   0.13833   0.21239   8.38442   1.47091   0.91297   1.83976   0.99832  
 13 27.0661   2261.208520  x:  0.00000   0.22238   0.01314   0.03575   0.05103   0.07715   0.02491   0.10190   0.09959   0.03323   0.14790   0.00000   0.17092   0.00000   0.01737   0.06250   0.06426   0.03621   0.12278   0.18219   0.10602   0.14824   0.21900   8.35047   1.50841   1.01257   2.02142   0.97647  
 14 76.3748   2259.289780  x:  0.00000   0.23272   0.01637   0.04369   0.04803   0.07963   0.02336   0.11439   0.09107   0.03176   0.15541   0.00000   0.16766   0.00000   0.03824   0.06022   0.06180   0.03212   0.13663   0.19146   0.10229   0.15844   0.23040   8.31924   1.54671   1.10268   2.18286   0.95754  
 15 331.4070   2258.436174  x:  0.00000   0.23129   0.01237   0.04588   0.04685   0.06552   0.02494   0.11108   0.08047   0.03126   0.15317   0.00000   0.18321   0.00000   0.02925   0.06724   0.05382   0.03219   0.14387   0.20087   0.09305   0.15735   0.23474   8.30687   1.57039   1.13271   2.23495   0.95328  
 16 81.3934   2257.578325  x:  0.00000   0.22261   0.01288   0.04454   0.04802   0.07877   0.02171   0.10742   0.08225   0.02993   0.14459   0.00000   0.21820   0.00000   0.02589   0.07325   0.06027   0.02890   0.14598   0.20933   0.08705   0.14863   0.23741   8.29290   1.61133   1.15572   2.27341   0.95452  
 17 51.1419   2256.803633  x:  0.00000   0.21732   0.00835   0.04447   0.04606   0.07318   0.02437   0.12049   0.09064   0.03259   0.13865   0.00000   0.23782   0.00000   0.02689   0.05993   0.05781   0.03179   0.14396   0.21116   0.09499   0.14212   0.23700   8.28026   1.65900   1.16615   2.29012   0.96136  
 18 45.7906   2254.378430  x:  0.00000   0.22620   0.01131   0.04494   0.02701   0.07981   0.02250   0.11927   0.08558   0.03076   0.14125   0.00000   0.21235   0.00000   0.02533   0.06306   0.05012   0.02982   0.14561   0.23011   0.09776   0.13774   0.22901   8.24086   1.82722   1.17005   2.29359   0.99780  
 19 43.8609   2252.994220  x:  0.00000   0.23131   0.00391   0.04446   0.04192   0.08282   0.02155   0.12166   0.08095   0.03161   0.14218   0.00000   0.19292   0.00000   0.02634   0.06355   0.05035   0.02843   0.14721   0.23899   0.08917   0.13621   0.22514   8.21698   1.92784   1.17079   2.29307   1.02039  
 20 315.0671   2252.827615  x:  0.00000   0.22871   0.00312   0.04472   0.04008   0.07920   0.02201   0.12465   0.08297   0.03152   0.14057   0.00000   0.18933   0.00000   0.02563   0.06620   0.05865   0.02692   0.15057   0.23827   0.08638   0.13745   0.22756   8.21391   1.93519   1.16947   2.28991   1.02329  
 21 25.7294   2252.424975  x:  0.00000   0.21007   0.00277   0.04493   0.04029   0.08148   0.02181   0.12217   0.08802   0.03197   0.13287   0.00000   0.18142   0.00000   0.02576   0.06650   0.05303   0.02800   0.15861   0.23840   0.08692   0.14305   0.24392   8.20590   1.92349   1.16003   2.26606   1.03033  
 22 12.6058   2251.251831  x:  0.00000   0.19103   0.00697   0.04466   0.04212   0.08152   0.02254   0.13236   0.07479   0.03251   0.13734   0.00000   0.17570   0.00000   0.02508   0.07063   0.05833   0.02852   0.14289   0.25845   0.09635   0.13569   0.26239   8.18117   1.85429   1.12506   2.17768   1.04973  
 23 32.2625   2246.309644  x:  0.00000   0.22253   0.00650   0.04650   0.04429   0.08707   0.02365   0.14553   0.09245   0.03537   0.14844   0.00000   0.18691   0.00000   0.01844   0.08273   0.05491   0.03190   0.18383   0.29041   0.11057   0.10699   0.25559   8.07971   1.53745   0.97015   1.80049   1.12157  
 24 121.3637   2245.691126  x:  0.00000   0.23391   0.00614   0.04649   0.04413   0.08838   0.02351   0.14885   0.08884   0.03544   0.12627   0.00000   0.19018   0.00000   0.01808   0.08448   0.05576   0.03125   0.18034   0.29818   0.11447   0.12404   0.24974   8.06670   1.49526   0.94872   1.75172   1.12526  
 25 74.4686   2245.090421  x:  0.00000   0.23376   0.00275   0.04570   0.04095   0.09074   0.02274   0.15061   0.08687   0.03548   0.12504   0.00000   0.18920   0.00000   0.01740   0.07922   0.05418   0.02952   0.17475   0.30620   0.10755   0.11760   0.25605   8.05307   1.43716   0.90388   1.70455   1.03767  
 26  7.4857   2244.921940  x:  0.00000   0.23412   0.00443   0.04555   0.04224   0.09029   0.02281   0.15166   0.08828   0.03548   0.12510   0.00000   0.18759   0.00000   0.01744   0.08055   0.05467   0.02967   0.17890   0.30762   0.10908   0.11912   0.25398   8.03507   1.45791   0.90306   1.70104   0.98700  
 27  0.9969   2243.395467  x:  0.00000   0.24006   0.00824   0.04121   0.04147   0.09119   0.01978   0.15930   0.09121   0.03338   0.12166   0.00000   0.18751   0.00000   0.01693   0.06378   0.05344   0.02194   0.18948   0.33205   0.08258   0.12259   0.24898   7.83767   1.47265   0.91356   1.81553   1.01161  
 28  1.4458   2242.629762  x:  0.00000   0.23837   0.00525   0.03997   0.04329   0.09181   0.02053   0.16564   0.09266   0.03258   0.13399   0.00000   0.19168   0.00000   0.01999   0.06397   0.05392   0.02726   0.20179   0.35892   0.08935   0.13387   0.23776   7.70820   1.51583   0.96000   1.87853   0.99433  
 29  0.2174   2242.418353  x:  0.00000   0.23672   0.00563   0.04141   0.04395   0.09069   0.02159   0.16765   0.09323   0.03256   0.13085   0.00000   0.19252   0.00000   0.01859   0.06178   0.05542   0.02663   0.20734   0.38236   0.08651   0.13138   0.24121   7.78149   1.48826   0.94230   1.81827   1.02112  
 30  0.0804   2242.385546  x:  0.00000   0.23695   0.00520   0.04152   0.04344   0.09022   0.02108   0.16509   0.09265   0.03280   0.12859   0.00000   0.19172   0.00000   0.01933   0.06249   0.05537   0.02607   0.20576   0.38889   0.08742   0.12958   0.24272   7.83254   1.49101   0.94769   1.83310   1.00949  
 31  0.0440   2242.377736  x:  0.00000   0.23647   0.00534   0.04136   0.04324   0.08972   0.02098   0.16250   0.09285   0.03284   0.13052   0.00000   0.19188   0.00000   0.01902   0.06248   0.05514   0.02628   0.20464   0.39072   0.08708   0.13006   0.24244   7.82782   1.49152   0.94528   1.83252   1.01137  
 32  0.0054   2242.377025  x:  0.00000   0.23670   0.00541   0.04138   0.04331   0.08967   0.02112   0.16195   0.09292   0.03279   0.12996   0.00000   0.19206   0.00000   0.01916   0.06245   0.05523   0.02629   0.20447   0.39059   0.08726   0.13007   0.24205   7.81817   1.49217   0.94572   1.83236   1.01250  
 33  0.0093   2242.376987  x:  0.00000   0.23672   0.00541   0.04140   0.04334   0.08968   0.02110   0.16185   0.09294   0.03279   0.12997   0.00000   0.19210   0.00000   0.01913   0.06240   0.05525   0.02628   0.20454   0.39049   0.08724   0.13012   0.24207   7.81704   1.49191   0.94594   1.83205   1.01198  
 34  0.0012   2242.376984  x:  0.00000   0.23673   0.00540   0.04140   0.04335   0.08969   0.02109   0.16184   0.09295   0.03279   0.12998   0.00000   0.19206   0.00000   0.01915   0.06239   0.05525   0.02628   0.20457   0.39047   0.08723   0.13012   0.24209   7.81734   1.49197   0.94590   1.83201   1.01200  
 35  0.0003   2242.376984  x:  0.00000   0.23673   0.00540   0.04140   0.04335   0.08968   0.02109   0.16183   0.09295   0.03279   0.12998   0.00000   0.19208   0.00000   0.01915   0.06239   0.05525   0.02628   0.20459   0.39047   0.08723   0.13012   0.24209   7.81751   1.49198   0.94590   1.83206   1.01203  
 36  0.0002   2242.376984  x:  0.00000   0.23673   0.00540   0.04140   0.04335   0.08968   0.02109   0.16183   0.09294   0.03279   0.12998   0.00000   0.19208   0.00000   0.01915   0.06239   0.05525   0.02628   0.20460   0.39047   0.08723   0.13012   0.24209   7.81749   1.49196   0.94589   1.83205   1.01203  
 37  0.0000   2242.376984  x:  0.00000   0.23673   0.00540   0.04140   0.04335   0.08968   0.02109   0.16183   0.09294   0.03279   0.12998   0.00000   0.19208   0.00000   0.01915   0.06239   0.05525   0.02628   0.20460   0.39047   0.08723   0.13012   0.24209   7.81747   1.49196   0.94589   1.83205   1.01203  
 38  0.0000   2242.376984  x:  0.00000   0.23673   0.00540   0.04140   0.04335   0.08968   0.02109   0.16183   0.09294   0.03279   0.12998   0.00000   0.19208   0.00000   0.01915   0.06239   0.05525   0.02628   0.20460   0.39047   0.08723   0.13012   0.24209   7.81747   1.49196   0.94589   1.83205   1.01203  
 39  0.0000   2242.376984  x:  0.00000   0.23673   0.00540   0.04140   0.04335   0.08968   0.02109   0.16183   0.09294   0.03279   0.12998   0.00000   0.19208   0.00000   0.01915   0.06239   0.05525   0.02628   0.20460   0.39047   0.08723   0.13012   0.24209   7.81747   1.49196   0.94589   1.83205   1.01203  

TREE # 2

  0  0.0000   2773.799136  x:  0.00000   0.23673   0.00540   0.04140   0.04335   0.08968   0.02109   0.16183   0.09294   0.03279   0.12998   0.00000   0.19208   0.00000   0.01915   0.06239   0.05525   0.02628   0.20460   0.39047   0.08723   0.13012   0.24209   7.81747   1.46419   0.86370   1.67496   1.01203  
  1 99.0000   2538.922439  x:  0.06713   0.23694   0.02957   0.04469   0.04715   0.08959   0.03332   0.16164   0.09423   0.03585   0.12946   0.06386   0.19336   0.59258   0.04222   0.06215   0.05484   0.02871   0.20362   0.38970   0.08651   0.12957   0.24089   7.81746   1.46416   0.86375   1.67502   1.01202  
  2 66173.2265   2386.565049  x:  0.17930   0.19014   0.25846   0.14707   0.19961   0.07048   0.42843   0.14515   0.14970   0.11116   0.09040   0.03285   0.16035   0.56904   0.16539   0.02942   0.01933   0.14212   0.15532   0.35348   0.05099   0.10364   0.18329   7.81778   1.46018   0.87028   1.67617   1.01145  
  3 1281.5649   2364.634752  x:  0.18856   0.16529   0.25460   0.14790   0.19306   0.04569   0.43595   0.12596   0.15798   0.10394   0.07654   0.02972   0.13600   0.56840   0.17212   0.02973   0.00000   0.13510   0.13327   0.33737   0.04045   0.09646   0.15612   7.81794   1.45692   0.87477   1.67621   1.01112  
  4 356.0481   2331.321487  x:  0.20307   0.11999   0.24755   0.15113   0.18108   0.00000   0.44934   0.09222   0.17062   0.09139   0.05815   0.03035   0.09107   0.56680   0.18354   0.03341   0.01308   0.12734   0.09800   0.30921   0.03373   0.08829   0.10792   7.81820   1.45196   0.88168   1.67653   1.01034  
  5 1824.5203   2292.770113  x:  0.21967   0.03264   0.23446   0.16832   0.15827   0.00000   0.47470   0.03914   0.18215   0.07372   0.07181   0.04187   0.00000   0.56400   0.19999   0.01817   0.00978   0.11962   0.05102   0.26419   0.07212   0.09836   0.02661   7.81847   1.44675   0.88827   1.67820   1.00936  
  6 1219.4666   2287.466881  x:  0.22344   0.00000   0.22880   0.17761   0.14871   0.00000   0.48304   0.02973   0.18291   0.07246   0.07904   0.03778   0.00000   0.56406   0.20633   0.03916   0.00657   0.11881   0.04666   0.25033   0.07892   0.10454   0.01727   7.81850   1.44612   0.88871   1.67930   1.00914  
  7 354.4095   2284.607378  x:  0.23524   0.00000   0.20710   0.20267   0.11600   0.00000   0.50087   0.01596   0.18553   0.07054   0.08609   0.02273   0.00000   0.56450   0.22571   0.03905   0.00772   0.11450   0.04259   0.20895   0.07986   0.11587   0.03479   7.81864   1.44388   0.89037   1.68304   1.00830  
  8 124.6983   2283.195338  x:  0.24169   0.00000   0.18943   0.21982   0.09298   0.00000   0.51332   0.03003   0.18742   0.07208   0.08825   0.03110   0.00000   0.56302   0.23818   0.03869   0.00734   0.11228   0.04900   0.18073   0.07390   0.11916   0.03202   7.81874   1.44233   0.89113   1.68660   1.00772  
  9 132.6384   2282.939416  x:  0.23986   0.00000   0.18085   0.22503   0.09291   0.00000   0.51713   0.02686   0.18550   0.07060   0.08896   0.02766   0.00000   0.56381   0.23921   0.03633   0.00769   0.11398   0.06003   0.17661   0.06999   0.11732   0.02645   7.81878   1.44214   0.89023   1.68954   1.00751  
 10 31.2076   2282.832236  x:  0.23702   0.00000   0.17346   0.22834   0.09597   0.00000   0.52070   0.02338   0.18429   0.06891   0.08882   0.03248   0.00000   0.56382   0.23861   0.03661   0.00722   0.11518   0.06003   0.17572   0.06850   0.11540   0.02788   7.81883   1.44194   0.88912   1.69354   1.00727  
 11 17.4294   2282.688028  x:  0.23247   0.00000   0.16215   0.23226   0.09984   0.00000   0.52598   0.02643   0.18319   0.06735   0.08805   0.02988   0.00000   0.56497   0.23651   0.03605   0.00763   0.11573   0.05402   0.17600   0.06954   0.11306   0.02715   7.81894   1.44155   0.88705   1.70179   1.00678  
 12 20.9465   2282.333497  x:  0.22896   0.00000   0.15707   0.23034   0.08749   0.00000   0.53606   0.02223   0.18724   0.07232   0.08045   0.03058   0.00000   0.56546   0.23060   0.03426   0.00814   0.10790   0.05142   0.18114   0.07416   0.11350   0.02395   7.81946   1.44034   0.88176   1.73307   1.00497  
 13  9.9642   2281.834357  x:  0.23596   0.00000   0.16166   0.22154   0.08613   0.00000   0.53544   0.02249   0.19422   0.05431   0.08448   0.03111   0.00000   0.56440   0.22984   0.03240   0.00898   0.10345   0.04873   0.17056   0.07466   0.11536   0.02126   7.82045   1.43817   0.88097   1.77706   1.00232  
 14 21.3980   2281.558935  x:  0.24239   0.00000   0.16198   0.21844   0.09110   0.00000   0.52418   0.02008   0.19720   0.06390   0.08661   0.03131   0.00000   0.56345   0.23450   0.03085   0.00906   0.10862   0.04508   0.15912   0.07650   0.11287   0.01847   7.82124   1.43716   0.88819   1.79876   1.00093  
 15 21.8838   2281.415388  x:  0.24789   0.00000   0.16100   0.22280   0.09297   0.00000   0.51898   0.02025   0.19508   0.06147   0.07867   0.03189   0.00000   0.56253   0.24270   0.03107   0.00835   0.10786   0.04638   0.16027   0.08507   0.11017   0.01822   7.82209   1.43784   0.90380   1.80182   1.00019  
 16 10.5896   2281.275630  x:  0.24947   0.00000   0.16018   0.22764   0.09053   0.00000   0.51755   0.01945   0.19309   0.06054   0.08264   0.03234   0.00000   0.56220   0.24626   0.02984   0.00927   0.10617   0.04315   0.16677   0.08058   0.11215   0.01618   7.82336   1.44154   0.92542   1.79633   0.99962  
 17 11.1730   2281.087199  x:  0.24519   0.00000   0.15765   0.22274   0.08963   0.00000   0.52276   0.01939   0.20324   0.05966   0.08305   0.03219   0.00000   0.56310   0.23589   0.02991   0.00940   0.10514   0.04425   0.16112   0.08272   0.11013   0.01709   7.82587   1.45123   0.95427   1.78008   0.99913  
 18 11.2696   2280.939606  x:  0.24264   0.00000   0.15814   0.21778   0.08782   0.00000   0.52393   0.01913   0.19540   0.05824   0.07611   0.03248   0.00000   0.56347   0.23372   0.02928   0.00889   0.10974   0.04210   0.15538   0.08151   0.11506   0.01595   7.82871   1.46641   0.95552   1.76516   0.99961  
 19  6.0910   2280.633199  x:  0.24862   0.00000   0.15546   0.21245   0.09032   0.00000   0.52402   0.01835   0.19345   0.05972   0.07615   0.03270   0.00000   0.56284   0.23945   0.02900   0.00993   0.09691   0.04048   0.15200   0.08011   0.10588   0.01538   7.83540   1.49588   0.94445   1.73790   1.00111  
 20 12.9231   2280.354744  x:  0.25763   0.00000   0.14935   0.21301   0.08696   0.00000   0.51924   0.01774   0.20951   0.05653   0.07336   0.03279   0.00000   0.56211   0.24402   0.02900   0.00939   0.10635   0.03942   0.15926   0.07757   0.10362   0.01498   7.84234   1.51036   0.93341   1.72152   1.00252  
 21 13.2577   2279.645402  x:  0.25978   0.00000   0.15226   0.22696   0.09781   0.00000   0.50674   0.01800   0.22355   0.05818   0.05928   0.03331   0.00000   0.56251   0.23835   0.02894   0.01033   0.09610   0.03959   0.15792   0.06508   0.11743   0.01421   7.86133   1.49333   0.92493   1.71213   1.00579  
 22  6.8000   2277.996001  x:  0.25879   0.00000   0.16527   0.23002   0.08848   0.00000   0.49221   0.01874   0.21700   0.05575   0.04902   0.03214   0.00000   0.56395   0.23056   0.03129   0.01085   0.10062   0.03498   0.15623   0.04524   0.08858   0.01760   7.90393   1.43370   0.91804   1.70361   1.01182  
 23 28.5859   2277.485017  x:  0.26526   0.00000   0.15266   0.20184   0.09159   0.00000   0.49681   0.01941   0.21370   0.05877   0.04678   0.03213   0.00000   0.56359   0.24378   0.03234   0.01103   0.09913   0.03681   0.16020   0.03887   0.09426   0.01911   7.91841   1.40882   0.92115   1.70320   1.01192  
 24 23.5069   2276.308761  x:  0.25810   0.00000   0.14789   0.19452   0.09156   0.00000   0.43371   0.02056   0.21023   0.05973   0.04852   0.03288   0.00000   0.56361   0.24163   0.03226   0.01197   0.09737   0.03786   0.16067   0.04143   0.09401   0.02023   7.98918   1.39764   0.91177   1.69344   0.88807  
 25  1.2159   2275.623921  x:  0.27732   0.00000   0.13834   0.19091   0.09152   0.00000   0.39495   0.02121   0.20028   0.06109   0.05018   0.03366   0.00000   0.56170   0.22203   0.03225   0.01334   0.09659   0.03894   0.16211   0.04422   0.09462   0.02119   8.03289   1.39926   0.91328   1.69790   0.95204  
 26  5.6938   2275.350466  x:  0.25614   0.00000   0.14086   0.18779   0.09022   0.00000   0.37709   0.02138   0.20593   0.05975   0.05075   0.03346   0.00000   0.56322   0.23569   0.03186   0.01381   0.09565   0.03882   0.16074   0.04508   0.09417   0.02112   8.05034   1.40295   0.91433   1.70189   0.98533  
 27 17.5598   2275.256060  x:  0.25520   0.00000   0.14162   0.18693   0.09061   0.00000   0.37436   0.02167   0.20543   0.06029   0.05109   0.03293   0.00000   0.56331   0.23432   0.03227   0.01287   0.09558   0.03962   0.16126   0.04287   0.09340   0.02154   8.05841   1.45732   0.94183   1.75370   0.98475  
 28  1.3689   2274.783743  x:  0.25091   0.00000   0.14358   0.18209   0.09063   0.00000   0.38136   0.02247   0.20567   0.05970   0.05519   0.03113   0.00000   0.56267   0.23005   0.03195   0.00478   0.09325   0.04236   0.16378   0.04383   0.08915   0.02033   8.10934   1.43997   0.94240   1.75699   0.99573  
 29  0.1310   2274.419818  x:  0.24563   0.00000   0.13854   0.19161   0.08936   0.00000   0.37873   0.02262   0.20279   0.05731   0.05030   0.03067   0.00000   0.55725   0.22469   0.03312   0.00325   0.09061   0.03810   0.16295   0.05010   0.09649   0.02389   8.07392   1.41245   0.94052   1.74423   1.02070  
 30  0.0155   2273.090668  x:  0.23437   0.00000   0.13570   0.20251   0.08767   0.00000   0.37096   0.02184   0.19588   0.05333   0.05639   0.02961   0.00000   0.53071   0.20760   0.03531   0.01419   0.08832   0.04324   0.15788   0.04719   0.09955   0.02587   7.93260   1.30315   0.90145   1.66109   1.08184  
 31  0.0752   2258.296175  x:  0.27773   0.00000   0.14286   0.11370   0.09897   0.00000   0.39206   0.02254   0.17971   0.07566   0.03907   0.02888   0.00000   0.27519   0.23283   0.04546   0.03300   0.11046   0.05144   0.16533   0.06809   0.06968   0.03236   7.56185   1.52122   0.98187   1.77709   1.20927  
 32  0.0836   2250.092765  x:  0.29004   0.00000   0.14480   0.15204   0.09725   0.00000   0.38612   0.02122   0.18885   0.07823   0.05352   0.02894   0.00000   0.12917   0.24317   0.04625   0.03721   0.11454   0.05219   0.16186   0.05289   0.07431   0.03460   7.52532   1.58188   0.98476   1.79488   1.23125  
 33  0.4247   2244.792101  x:  0.24799   0.00000   0.13058   0.19893   0.08747   0.00000   0.38383   0.01906   0.21097   0.06538   0.05912   0.02633   0.00000   0.16596   0.23848   0.03595   0.02405   0.09651   0.04510   0.16038   0.03047   0.09163   0.02441   7.93570   1.52178   0.94136   1.82391   1.07842  
 34  0.4598   2243.157738  x:  0.23141   0.00000   0.12659   0.20080   0.08509   0.00000   0.38864   0.01881   0.21239   0.05970   0.05488   0.02533   0.00000   0.12921   0.23393   0.03158   0.01791   0.08729   0.04185   0.16333   0.04180   0.09283   0.01901   7.97619   1.48107   0.93212   1.84677   1.00122  
 35  0.1452   2242.483607  x:  0.24363   0.00000   0.13234   0.19752   0.08679   0.00000   0.38764   0.01863   0.20402   0.06040   0.05845   0.02693   0.00000   0.13003   0.23531   0.03082   0.00628   0.09224   0.04006   0.16160   0.04361   0.09097   0.02022   7.83714   1.46701   0.93971   1.81952   0.97935  
 36  0.1236   2242.386720  x:  0.24271   0.00000   0.13014   0.19430   0.08715   0.00000   0.39156   0.01917   0.20350   0.06228   0.05580   0.02637   0.00000   0.12908   0.23681   0.03249   0.00489   0.09376   0.04203   0.16121   0.04397   0.08947   0.02118   7.80084   1.48481   0.94622   1.82311   1.00920  
 37  0.0592   2242.379223  x:  0.24252   0.00000   0.13004   0.19295   0.08730   0.00000   0.39110   0.01923   0.20419   0.06248   0.05549   0.02631   0.00000   0.12955   0.23682   0.03276   0.00567   0.09325   0.04155   0.16165   0.04365   0.08962   0.02129   7.80741   1.48900   0.94617   1.82732   1.01309  
 38  0.0172   2242.377086  x:  0.24207   0.00000   0.13007   0.19220   0.08729   0.00000   0.39037   0.01918   0.20471   0.06243   0.05527   0.02628   0.00000   0.13000   0.23666   0.03279   0.00541   0.09284   0.04133   0.16190   0.04329   0.08974   0.02111   7.81493   1.49096   0.94547   1.83066   1.01266  
 39  0.0123   2242.376990  x:  0.24209   0.00000   0.13011   0.19214   0.08721   0.00000   0.39047   0.01913   0.20463   0.06237   0.05523   0.02628   0.00000   0.13002   0.23674   0.03279   0.00540   0.09294   0.04142   0.16183   0.04335   0.08969   0.02109   7.81748   1.49178   0.94579   1.83187   1.01215  
 40  0.0031   2242.376984  x:  0.24209   0.00000   0.13011   0.19209   0.08722   0.00000   0.39048   0.01914   0.20460   0.06238   0.05526   0.02628   0.00000   0.12997   0.23674   0.03279   0.00540   0.09295   0.04139   0.16182   0.04335   0.08969   0.02109   7.81762   1.49194   0.94588   1.83205   1.01206  
 41  0.0004   2242.376984  x:  0.24209   0.00000   0.13012   0.19208   0.08723   0.00000   0.39047   0.01915   0.20460   0.06239   0.05525   0.02628   0.00000   0.12998   0.23673   0.03279   0.00540   0.09294   0.04139   0.16183   0.04335   0.08968   0.02109   7.81753   1.49196   0.94590   1.83206   1.01203  
 42  0.0001   2242.376984  x:  0.24209   0.00000   0.13012   0.19208   0.08723   0.00000   0.39046   0.01915   0.20460   0.06239   0.05525   0.02628   0.00000   0.12998   0.23673   0.03279   0.00540   0.09294   0.04140   0.16183   0.04335   0.08968   0.02109   7.81748   1.49196   0.94589   1.83206   1.01203  
 43  0.0001   2242.376984  x:  0.24209   0.00000   0.13012   0.19208   0.08723   0.00000   0.39047   0.01915   0.20460   0.06239   0.05525   0.02628   0.00000   0.12998   0.23673   0.03279   0.00540   0.09294   0.04140   0.16183   0.04335   0.08968   0.02109   7.81747   1.49196   0.94589   1.83205   1.01203  
 44  0.0000   2242.376984  x:  0.24209   0.00000   0.13012   0.19208   0.08723   0.00000   0.39047   0.01915   0.20460   0.06239   0.05525   0.02628   0.00000   0.12998   0.23673   0.03279   0.00540   0.09294   0.04140   0.16183   0.04335   0.08968   0.02109   7.81747   1.49196   0.94589   1.83205   1.01203  