

TREE # 1

  0  0.0000   1866.586505  x:  0.20925   0.02571   0.03211   0.02495   0.05815   0.02188   0.05666   0.08536   0.02661   0.17168   0.20925   0.02571   0.03211   0.02495   0.05815   0.02188   0.05666   0.08536   0.02661   0.17168   0.21568   8.40433   1.45944   1.13187   1.25959   1.00000  
  1 99.0000   1862.298873  x:  0.20337   0.02184   0.02877   0.04276   0.04264   0.01784   0.06534   0.08095   0.02451   0.16413   0.20716   0.02586   0.06088   0.02588   0.06199   0.00716   0.05818   0.08730   0.02643   0.16860   0.22382   8.40443   1.45837   1.13054   1.26380   1.00233  
  2 198.7746   1861.402985  x:  0.19825   0.02164   0.02772   0.04485   0.03250   0.01854   0.06964   0.07784   0.02470   0.15761   0.20521   0.02535   0.06835   0.02597   0.06435   0.01801   0.05918   0.08828   0.02733   0.16597   0.23070   8.40453   1.45736   1.12930   1.26779   1.00457  
  3 135.4817   1860.317136  x:  0.18552   0.02456   0.02849   0.03545   0.02247   0.02202   0.07420   0.07233   0.02695   0.14174   0.20013   0.02373   0.06616   0.02368   0.06660   0.01369   0.06002   0.08946   0.02957   0.15965   0.24730   8.40480   1.45462   1.12596   1.27875   1.01080  
  4 87.3831   1859.375312  x:  0.16900   0.02245   0.02820   0.03383   0.03236   0.01807   0.07762   0.06798   0.02560   0.12194   0.19347   0.02433   0.06496   0.02529   0.06821   0.01398   0.06068   0.09043   0.02927   0.15180   0.26899   8.40522   1.45052   1.12095   1.29528   1.02025  
  5 116.2506   1859.043507  x:  0.16372   0.02259   0.02873   0.04147   0.03155   0.02235   0.07298   0.07277   0.02526   0.11876   0.19086   0.02548   0.06042   0.02533   0.06558   0.01388   0.05948   0.08941   0.02679   0.14996   0.27867   8.40559   1.44731   1.11713   1.30852   1.02805  
  6 48.9820   1858.778922  x:  0.16222   0.02257   0.02749   0.04203   0.02896   0.01637   0.06853   0.07713   0.02604   0.12139   0.18960   0.02520   0.05908   0.02527   0.06346   0.01392   0.05862   0.08841   0.02737   0.15021   0.28549   8.40606   1.44366   1.11287   1.32398   1.03738  
  7 52.8174   1858.265905  x:  0.16356   0.02052   0.02463   0.03636   0.03162   0.02056   0.06489   0.08170   0.02730   0.13292   0.18839   0.02404   0.06562   0.02608   0.06255   0.01409   0.05844   0.08707   0.03030   0.15324   0.29719   8.40737   1.43418   1.10200   1.36510   1.06273  
  8 76.9362   1857.917683  x:  0.16734   0.02465   0.03128   0.03721   0.03282   0.01965   0.07013   0.07814   0.02746   0.13960   0.18847   0.02542   0.06527   0.02402   0.06507   0.01422   0.05939   0.08701   0.02713   0.15608   0.29937   8.40856   1.42711   1.09444   1.39757   1.08377  
  9 76.8441   1857.661991  x:  0.17114   0.02089   0.02909   0.03904   0.03105   0.01946   0.07415   0.07228   0.02350   0.14042   0.18930   0.02521   0.06026   0.02557   0.06653   0.01359   0.05985   0.08776   0.02688   0.15777   0.29528   8.40963   1.42233   1.08992   1.42207   1.10080  
 10 73.9265   1857.491207  x:  0.17346   0.02343   0.02572   0.04088   0.03162   0.01957   0.07346   0.06965   0.02748   0.13488   0.19056   0.02481   0.05994   0.02592   0.06565   0.01363   0.05932   0.08890   0.02879   0.15745   0.28599   8.41071   1.41974   1.08845   1.44036   1.11533  
 11 45.1816   1857.318337  x:  0.17426   0.02171   0.02861   0.03883   0.03103   0.01956   0.07056   0.07180   0.02608   0.12650   0.19194   0.02474   0.06255   0.02439   0.06420   0.01391   0.05871   0.08943   0.02776   0.15574   0.27314   8.41208   1.41824   1.08878   1.45890   1.13185  
 12 55.5903   1857.292206  x:  0.17313   0.02337   0.02820   0.03836   0.03088   0.01959   0.07088   0.07315   0.02457   0.12615   0.19197   0.02503   0.06279   0.02596   0.06487   0.01382   0.05917   0.08880   0.02769   0.15485   0.27098   8.41252   1.41908   1.09029   1.46150   1.13560  
 13 16.5698   1857.241355  x:  0.16849   0.02268   0.02728   0.03875   0.03110   0.01956   0.07288   0.07526   0.02542   0.12807   0.19167   0.02472   0.06221   0.02432   0.06697   0.01378   0.06023   0.08670   0.02835   0.15245   0.26734   8.41396   1.42374   1.09703   1.46568   1.14597  
 14 15.2556   1857.190279  x:  0.16462   0.02153   0.02849   0.03858   0.03073   0.01956   0.07274   0.07383   0.02722   0.13043   0.19108   0.02499   0.06224   0.02670   0.06601   0.01370   0.05952   0.08669   0.02768   0.15134   0.26547   8.41590   1.43078   1.10645   1.46930   1.15857  
 15 23.4871   1857.111804  x:  0.16158   0.02289   0.02789   0.03857   0.03097   0.01964   0.07113   0.07066   0.02502   0.13282   0.19005   0.02510   0.06290   0.02477   0.06357   0.01392   0.05807   0.08855   0.02754   0.15149   0.26492   8.41921   1.44319   1.12240   1.47431   1.17891  
 16 44.1950   1856.979297  x:  0.16713   0.02270   0.02923   0.03931   0.03117   0.01964   0.07063   0.07266   0.02503   0.13022   0.18920   0.02367   0.06235   0.02538   0.06589   0.01378   0.06057   0.09123   0.02958   0.15652   0.26919   8.42585   1.46847   1.15228   1.48251   1.21602  
 17 35.7581   1856.948219  x:  0.16941   0.02245   0.02788   0.03863   0.03103   0.01960   0.07126   0.07330   0.02566   0.12920   0.18944   0.02537   0.06245   0.02514   0.06604   0.01375   0.06017   0.09025   0.02754   0.15723   0.27055   8.42759   1.47492   1.15905   1.48449   1.22456  
 18 40.4820   1856.936897  x:  0.17087   0.02257   0.02803   0.03867   0.03112   0.01961   0.07201   0.07327   0.02551   0.12875   0.19028   0.02446   0.06254   0.02524   0.06523   0.01380   0.05891   0.08817   0.02765   0.15632   0.27130   8.42858   1.47821   1.16104   1.48545   1.22744  
 19 10.6658   1856.933364  x:  0.17140   0.02252   0.02828   0.03873   0.03110   0.01962   0.07192   0.07307   0.02540   0.12871   0.19086   0.02518   0.06254   0.02521   0.06506   0.01379   0.05897   0.08767   0.02832   0.15550   0.27156   8.42915   1.47989   1.16132   1.48595   1.22815  
 20  6.2574   1856.926860  x:  0.17220   0.02255   0.02823   0.03876   0.03110   0.01961   0.07113   0.07260   0.02541   0.12889   0.19225   0.02485   0.06255   0.02519   0.06534   0.01378   0.06000   0.08778   0.02783   0.15341   0.27193   8.43079   1.48433   1.16101   1.48732   1.22895  
 21  6.0800   1856.918455  x:  0.17220   0.02253   0.02815   0.03873   0.03112   0.01960   0.07175   0.07335   0.02545   0.12902   0.19328   0.02488   0.06239   0.02522   0.06564   0.01376   0.05875   0.08954   0.02785   0.15256   0.27186   8.43391   1.49196   1.15958   1.48988   1.22911  
 22  5.7099   1856.904821  x:  0.17094   0.02261   0.02809   0.03868   0.03110   0.01960   0.07211   0.07330   0.02541   0.12861   0.19275   0.02485   0.06247   0.02520   0.06459   0.01375   0.05976   0.08870   0.02790   0.15492   0.27099   8.44023   1.50573   1.15684   1.49491   1.22824  
 23  8.2642   1856.902116  x:  0.17086   0.02263   0.02815   0.03871   0.03108   0.01960   0.07144   0.07293   0.02537   0.12856   0.19204   0.02487   0.06253   0.02520   0.06555   0.01374   0.05924   0.08816   0.02792   0.15527   0.27076   8.44192   1.50832   1.15669   1.49620   1.22770  
 24  5.4281   1856.896791  x:  0.17187   0.02256   0.02815   0.03869   0.03109   0.01960   0.07164   0.07302   0.02541   0.12881   0.18896   0.02485   0.06255   0.02520   0.06523   0.01373   0.05936   0.08831   0.02799   0.15409   0.27035   8.44772   1.51198   1.15918   1.50038   1.22451  
 25  2.3794   1856.868608  x:  0.17109   0.02254   0.02817   0.03864   0.03109   0.01957   0.07154   0.07294   0.02537   0.12868   0.19134   0.02484   0.06248   0.02519   0.06528   0.01363   0.05931   0.08822   0.02793   0.15477   0.27046   8.48530   1.52699   1.17936   1.52626   1.20311  
 26  5.2548   1856.516319  x:  0.16905   0.02238   0.02811   0.03756   0.03143   0.01876   0.06999   0.07444   0.02543   0.13052   0.19033   0.02476   0.06111   0.02508   0.06466   0.01058   0.05914   0.08777   0.02804   0.15478   0.27792   9.50045   1.51795   1.16934   1.53649   1.25360  
 27  1.1099   1856.491800  x:  0.17015   0.02235   0.02804   0.03864   0.03173   0.01891   0.07063   0.07395   0.02536   0.13007   0.19083   0.02482   0.06250   0.02521   0.06489   0.01190   0.05925   0.08805   0.02799   0.15499   0.27521   9.65916   1.51815   1.16950   1.53363   1.25136  
 28  0.1489   1856.490465  x:  0.17016   0.02240   0.02809   0.03847   0.03157   0.01905   0.07076   0.07382   0.02537   0.12983   0.19088   0.02483   0.06233   0.02519   0.06497   0.01170   0.05928   0.08808   0.02798   0.15496   0.27510   9.71114   1.51843   1.16970   1.53206   1.24907  
 29  0.0434   1856.490443  x:  0.17014   0.02240   0.02808   0.03845   0.03155   0.01901   0.07072   0.07386   0.02537   0.12991   0.19087   0.02482   0.06233   0.02518   0.06496   0.01170   0.05927   0.08807   0.02799   0.15496   0.27524   9.71377   1.51832   1.16960   1.53180   1.24901  
 30  0.0025   1856.490443  x:  0.17014   0.02240   0.02808   0.03845   0.03155   0.01901   0.07072   0.07387   0.02537   0.12990   0.19088   0.02482   0.06232   0.02518   0.06496   0.01171   0.05927   0.08807   0.02799   0.15496   0.27523   9.71379   1.51831   1.16960   1.53179   1.24901  
 31  0.0000   1856.490443  x:  0.17014   0.02240   0.02808   0.03845   0.03155   0.01901   0.07072   0.07387   0.02537   0.12990   0.19088   0.02482   0.06232   0.02518   0.06496   0.01171   0.05927   0.08807   0.02799   0.15496   0.27523   9.71379   1.51832   1.16960   1.53179   1.24901  
 32  0.0000   1856.490443  x:  0.17014   0.02240   0.02808   0.03845   0.03155   0.01901   0.07072   0.07387   0.02537   0.12990   0.19088   0.02482   0.06232   0.02518   0.06496   0.01171   0.05927   0.08807   0.02799   0.15496   0.27523   9.71379   1.51832   1.16960   1.53180   1.24901  
 33  0.0000   1856.490443  x:  0.17014   0.02240   0.02808   0.03845   0.03155   0.01901   0.07072   0.07387   0.02537   0.12990   0.19088   0.02482   0.06232   0.02518   0.06496   0.01171   0.05927   0.08807   0.02799   0.15496   0.27523   9.71379   1.51832   1.16960   1.53180   1.24901  