

TREE # 1

  0  0.0000   2205.870456  x:  0.01972   0.20925   0.02571   0.03211   0.02495   0.05815   0.02188   0.05666   0.08536   0.02661   0.17168   0.01972   0.20925   0.02571   0.03211   0.02495   0.05815   0.02188   0.05666   0.08536   0.02661   0.17168   0.21568   8.40433   1.56741   1.21742   1.35067   1.00000  
  1 99.0000   2128.028128  x:  0.00178   0.19991   0.08372   0.04918   0.01902   0.08348   0.00670   0.05765   0.09864   0.08460   0.17641   0.00000   0.19547   0.11332   0.01393   0.01917   0.06832   0.01831   0.06458   0.09275   0.17249   0.17124   0.20695   8.40421   1.56852   1.21500   1.35153   1.00005  
  2 1264.9070   2127.054075  x:  0.00000   0.19877   0.08372   0.04950   0.01896   0.08480   0.00663   0.05762   0.09962   0.08471   0.17696   0.00000   0.19368   0.11304   0.01141   0.01910   0.06894   0.01840   0.06508   0.09337   0.17233   0.17129   0.20591   8.40419   1.56867   1.21473   1.35158   1.00005  
  3 230.2171   2124.513637  x:  0.00000   0.19428   0.08385   0.04855   0.01972   0.08338   0.00897   0.05760   0.09998   0.08519   0.17959   0.00000   0.18549   0.11369   0.00000   0.02020   0.06812   0.01706   0.06422   0.09501   0.17217   0.17229   0.20206   8.40412   1.56945   1.21335   1.35177   1.00012  
  4 460.9398   2120.551788  x:  0.00000   0.17105   0.08398   0.04271   0.02076   0.07176   0.00134   0.05780   0.09841   0.08678   0.19278   0.00000   0.14134   0.11746   0.00000   0.02274   0.06209   0.01610   0.05844   0.10300   0.17041   0.17814   0.18252   8.40370   1.57370   1.20571   1.35277   1.00053  
  5 724.5093   2118.456247  x:  0.00000   0.15347   0.08398   0.04026   0.01485   0.06244   0.00393   0.05833   0.09272   0.08692   0.20110   0.00000   0.10451   0.12139   0.00000   0.01537   0.05784   0.03029   0.05494   0.10734   0.16957   0.18334   0.16848   8.40329   1.57737   1.19875   1.35353   1.00096  
  6 466.1205   2117.378852  x:  0.00000   0.14744   0.08306   0.04871   0.02108   0.06691   0.00356   0.05913   0.07776   0.08300   0.19919   0.00000   0.08100   0.12606   0.00000   0.01642   0.06002   0.03191   0.05874   0.09769   0.16807   0.18843   0.16685   8.40276   1.58110   1.19066   1.35409   1.00160  
  7 74.4239   2116.894300  x:  0.00000   0.14561   0.08263   0.04923   0.01327   0.06913   0.00348   0.05889   0.07667   0.08141   0.19657   0.00000   0.07211   0.12808   0.00000   0.01653   0.06135   0.02735   0.05963   0.09267   0.16692   0.19123   0.16787   8.40234   1.58383   1.18446   1.35449   1.00210  
  8 57.1939   2115.967916  x:  0.00000   0.14193   0.08252   0.04499   0.01671   0.07110   0.00326   0.05831   0.08863   0.08053   0.18940   0.00000   0.06032   0.13103   0.00000   0.01008   0.06351   0.02560   0.05947   0.08824   0.16489   0.19710   0.17120   8.40105   1.59172   1.16616   1.35569   1.00354  
  9 49.7954   2115.027918  x:  0.00000   0.13654   0.08273   0.04156   0.01790   0.07365   0.00334   0.05778   0.10192   0.08060   0.18188   0.00000   0.04994   0.13337   0.00000   0.01815   0.06594   0.03195   0.05995   0.08746   0.16307   0.20338   0.17388   8.39938   1.60175   1.14281   1.35719   1.00536  
 10 185.3390   2111.656614  x:  0.00000   0.09984   0.08420   0.06002   0.01537   0.08504   0.00338   0.05767   0.10715   0.08902   0.18542   0.00000   0.05386   0.12711   0.00000   0.01618   0.06582   0.02981   0.06761   0.12250   0.15741   0.21548   0.15637   8.39280   1.63939   1.05605   1.36246   1.01168  
 11 80.7313   2110.425978  x:  0.00000   0.09767   0.08398   0.04483   0.01607   0.09532   0.00332   0.05740   0.10186   0.08969   0.20369   0.00000   0.05699   0.11576   0.00000   0.01579   0.07727   0.03191   0.06707   0.11885   0.16389   0.20514   0.13455   8.38990   1.65138   1.02911   1.36321   1.01309  
 12 58.8319   2109.977365  x:  0.00000   0.10514   0.08384   0.05314   0.01560   0.09410   0.00317   0.05684   0.10840   0.08860   0.21550   0.00000   0.05424   0.10928   0.00000   0.01595   0.07342   0.03272   0.06758   0.11273   0.16733   0.19228   0.12355   8.38830   1.65411   1.02398   1.36234   1.01268  
 13 39.0142   2109.838526  x:  0.00000   0.10467   0.08228   0.05128   0.01560   0.09596   0.00321   0.05835   0.10865   0.08787   0.22010   0.00000   0.05127   0.11304   0.00000   0.01583   0.07172   0.03256   0.07175   0.11654   0.16572   0.18120   0.12704   8.38670   1.65095   1.03366   1.35985   1.01047  
 14 12.3010   2109.737109  x:  0.00000   0.10094   0.08342   0.05337   0.01558   0.09665   0.00320   0.05610   0.10948   0.08821   0.22256   0.00000   0.05057   0.11456   0.00000   0.01583   0.07596   0.03274   0.06696   0.11727   0.16390   0.17749   0.12806   8.38466   1.64606   1.04798   1.35682   1.00739  
 15 15.8733   2109.591279  x:  0.00000   0.09665   0.08548   0.05304   0.01552   0.09793   0.00320   0.05867   0.11144   0.08989   0.22418   0.00000   0.05103   0.11216   0.00000   0.01593   0.07488   0.03301   0.07043   0.11570   0.16382   0.18435   0.12351   8.38043   1.63652   1.07538   1.35176   1.00121  
 16 18.7333   2109.562425  x:  0.00000   0.09946   0.08372   0.05283   0.01557   0.09904   0.00323   0.05668   0.11120   0.08936   0.22441   0.00000   0.04987   0.11160   0.00000   0.01588   0.07476   0.03280   0.07022   0.11839   0.16503   0.18728   0.12256   8.37900   1.63460   1.08074   1.35123   0.99958  
 17 10.8415   2109.554556  x:  0.00000   0.10027   0.08334   0.05313   0.01553   0.09890   0.00325   0.05857   0.11137   0.08855   0.22477   0.00000   0.04970   0.11178   0.00000   0.01588   0.07567   0.03265   0.06971   0.11914   0.16536   0.18790   0.12253   8.37774   1.63436   1.08142   1.35192   0.99865  
 18  2.8808   2109.406577  x:  0.00000   0.10080   0.08587   0.05359   0.01559   0.09802   0.00338   0.05590   0.11370   0.08260   0.23156   0.00000   0.05234   0.11539   0.00000   0.01608   0.07794   0.03216   0.07322   0.11837   0.16576   0.19093   0.12502   8.34402   1.63351   1.08486   1.37371   0.97665  
 19  3.5566   2109.117191  x:  0.00000   0.10332   0.08553   0.05356   0.01574   0.10436   0.00365   0.05777   0.11454   0.09113   0.23431   0.00000   0.05354   0.11419   0.00000   0.01625   0.07425   0.03108   0.06938   0.11624   0.16586   0.19047   0.12985   8.27614   1.63302   1.09174   1.41493   0.93497  
 20 52.0825   2108.925545  x:  0.00000   0.10266   0.08308   0.05377   0.01594   0.10051   0.00393   0.05703   0.11450   0.09283   0.22203   0.00000   0.05372   0.10997   0.00000   0.01643   0.07852   0.02860   0.07261   0.11748   0.17079   0.18297   0.12601   8.23066   1.63547   1.09774   1.43535   0.91397  
 21 35.4377   2108.817176  x:  0.00000   0.10248   0.08579   0.05289   0.01613   0.10409   0.00408   0.05741   0.11471   0.08738   0.21522   0.00000   0.05523   0.11137   0.00000   0.01657   0.07485   0.02780   0.06980   0.11827   0.17207   0.17942   0.12146   8.20397   1.64028   1.10171   1.43987   0.90969  
 22 21.8944   2108.020337  x:  0.00000   0.11781   0.09421   0.05308   0.01681   0.10765   0.00505   0.05705   0.11898   0.09749   0.21084   0.00000   0.06191   0.12193   0.00000   0.01729   0.08112   0.02230   0.07422   0.11858   0.16697   0.17672   0.11694   7.99470   1.69933   1.13322   1.42645   0.93240  
 23 23.1840   2107.393787  x:  0.00000   0.11329   0.08492   0.05426   0.01750   0.11246   0.00580   0.05684   0.12419   0.09436   0.21440   0.00000   0.06751   0.11394   0.00000   0.01814   0.07956   0.01831   0.07345   0.11459   0.18349   0.17586   0.13053   7.83140   1.74307   1.15718   1.41318   0.95556  
 24 122.9836   2107.363699  x:  0.00000   0.11416   0.08919   0.05397   0.01754   0.11249   0.00586   0.05693   0.12375   0.09396   0.21433   0.00000   0.06636   0.11081   0.00000   0.01812   0.07976   0.01781   0.07362   0.11582   0.18426   0.17554   0.13257   7.82270   1.73807   1.15635   1.41344   0.96044  
 25  7.0352   2107.171929  x:  0.00000   0.11393   0.08692   0.05430   0.01773   0.11403   0.00609   0.05685   0.12551   0.09496   0.21354   0.00000   0.06774   0.11376   0.00000   0.01837   0.08012   0.01640   0.07386   0.11510   0.18512   0.17457   0.13048   7.76470   1.68046   1.14339   1.41751   1.00313  
 26 12.9570   2107.030527  x:  0.00000   0.11397   0.08762   0.05424   0.01798   0.11477   0.00628   0.05673   0.12658   0.09553   0.21388   0.00000   0.06784   0.11504   0.00000   0.01857   0.08040   0.01530   0.07403   0.11478   0.18627   0.17510   0.13084   7.70988   1.61823   1.10319   1.35071   0.97864  
 27  3.1030   2106.682705  x:  0.00000   0.11012   0.09155   0.05449   0.01852   0.11960   0.00615   0.05645   0.13025   0.09689   0.21531   0.00000   0.06339   0.11937   0.00000   0.01859   0.08185   0.02100   0.07477   0.11246   0.19761   0.17909   0.13111   7.31899   1.60998   1.08804   1.34074   0.97990  
 28  0.5302   2106.630021  x:  0.00000   0.10767   0.09203   0.05435   0.01858   0.11981   0.00623   0.05642   0.13038   0.09728   0.21648   0.00000   0.06022   0.12169   0.00000   0.01860   0.08169   0.01898   0.07450   0.11215   0.19994   0.18108   0.12935   7.24427   1.62986   1.09101   1.35523   0.97361  
 29  0.1780   2106.621824  x:  0.00000   0.10824   0.09129   0.05429   0.01830   0.12105   0.00618   0.05659   0.13121   0.09750   0.21461   0.00000   0.05994   0.12149   0.00000   0.01849   0.08207   0.01857   0.07469   0.11294   0.20174   0.17973   0.12924   7.29034   1.63026   1.09385   1.35609   0.97313  
 30  0.0394   2106.621414  x:  0.00000   0.10831   0.09127   0.05426   0.01836   0.12133   0.00614   0.05654   0.13144   0.09754   0.21519   0.00000   0.05986   0.12148   0.00000   0.01848   0.08206   0.01861   0.07467   0.11274   0.20199   0.17991   0.12925   7.30172   1.62892   1.09309   1.35495   0.97388  
 31  0.0091   2106.621316  x:  0.00000   0.10832   0.09132   0.05427   0.01840   0.12138   0.00606   0.05654   0.13150   0.09755   0.21501   0.00000   0.05989   0.12151   0.00000   0.01847   0.08206   0.01861   0.07467   0.11274   0.20197   0.17995   0.12930   7.29842   1.62941   1.09315   1.35520   0.97390  
 32  0.0014   2106.621303  x:  0.00000   0.10829   0.09130   0.05427   0.01840   0.12133   0.00605   0.05654   0.13147   0.09753   0.21507   0.00000   0.05988   0.12149   0.00000   0.01848   0.08206   0.01859   0.07467   0.11276   0.20192   0.17991   0.12927   7.29901   1.62922   1.09313   1.35513   0.97383  
 33  0.0005   2106.621303  x:  0.00000   0.10830   0.09130   0.05427   0.01839   0.12133   0.00605   0.05654   0.13147   0.09754   0.21507   0.00000   0.05989   0.12148   0.00000   0.01848   0.08206   0.01859   0.07467   0.11275   0.20193   0.17992   0.12928   7.29882   1.62920   1.09314   1.35510   0.97385  
 34  0.0001   2106.621303  x:  0.00000   0.10830   0.09130   0.05427   0.01839   0.12133   0.00605   0.05654   0.13146   0.09754   0.21507   0.00000   0.05989   0.12149   0.00000   0.01848   0.08206   0.01859   0.07467   0.11275   0.20193   0.17992   0.12928   7.29887   1.62921   1.09313   1.35511   0.97385  
 35  0.0000   2106.621303  x:  0.00000   0.10829   0.09130   0.05427   0.01839   0.12133   0.00605   0.05654   0.13146   0.09754   0.21507   0.00000   0.05989   0.12149   0.00000   0.01848   0.08206   0.01859   0.07467   0.11275   0.20193   0.17992   0.12927   7.29887   1.62921   1.09313   1.35511   0.97385  
 36  0.0000   2106.621303  x:  0.00000   0.10829   0.09130   0.05427   0.01839   0.12133   0.00605   0.05654   0.13146   0.09754   0.21507   0.00000   0.05989   0.12149   0.00000   0.01848   0.08206   0.01859   0.07467   0.11275   0.20193   0.17992   0.12927   7.29887   1.62921   1.09313   1.35511   0.97385  
 37  0.0000   2106.621303  x:  0.00000   0.10829   0.09130   0.05427   0.01839   0.12133   0.00605   0.05654   0.13146   0.09754   0.21507   0.00000   0.05989   0.12149   0.00000   0.01848   0.08206   0.01859   0.07467   0.11275   0.20193   0.17992   0.12927   7.29887   1.62921   1.09313   1.35511   0.97385  

TREE # 2

  0  0.0000   2421.606342  x:  0.00000   0.10829   0.09130   0.05427   0.01839   0.12133   0.00605   0.05654   0.13146   0.09754   0.21507   0.00000   0.05989   0.12149   0.00000   0.01848   0.08206   0.01859   0.07467   0.11275   0.20193   0.17992   0.12927   7.29887   1.59997   1.00133   1.24281   0.97385  
  1 99.0000   2263.761864  x:  0.24486   0.10883   0.09302   0.05511   0.03641   0.12195   0.03205   0.05560   0.13057   0.09625   0.21398   0.01775   0.06489   0.12430   0.19774   0.02945   0.08314   0.02931   0.07439   0.11178   0.20012   0.17919   0.12734   7.29887   1.59991   1.00143   1.24294   0.97381  
  2 23570.8885   2161.564874  x:  0.22701   0.04756   0.14587   0.07653   0.32712   0.12877   0.18586   0.00000   0.09950   0.03975   0.17129   0.00949   0.00770   0.16609   0.18289   0.15822   0.10206   0.24990   0.06028   0.07843   0.13784   0.15458   0.06067   7.29895   1.59639   1.00838   1.24661   0.97358  
  3 982.3003   2154.634767  x:  0.22702   0.03784   0.14838   0.07494   0.32904   0.12755   0.18480   0.00000   0.09620   0.03335   0.16507   0.01803   0.00000   0.16952   0.18257   0.15686   0.10092   0.24921   0.05797   0.07480   0.12767   0.15171   0.04989   7.29897   1.59575   1.00980   1.24698   0.97354  
  4 352.7503   2135.711968  x:  0.22898   0.00000   0.15762   0.06891   0.33291   0.12342   0.17883   0.00000   0.08453   0.01114   0.14090   0.01151   0.00000   0.18231   0.18282   0.14998   0.09663   0.24371   0.05038   0.06216   0.08743   0.14122   0.00773   7.29904   1.59338   1.01516   1.24842   0.97339  
  5 1347.6579   2133.449220  x:  0.22937   0.00000   0.16029   0.06786   0.33448   0.12296   0.17750   0.00000   0.08222   0.01737   0.13417   0.01102   0.00000   0.18551   0.18274   0.14847   0.09580   0.24258   0.04970   0.05996   0.07540   0.13886   0.00000   7.29906   1.59278   1.01651   1.24887   0.97335  
  6 448.4537   2126.376459  x:  0.23115   0.00000   0.17321   0.06245   0.34210   0.12038   0.17075   0.00000   0.07073   0.02834   0.10113   0.00835   0.00000   0.20131   0.18227   0.14086   0.09167   0.23679   0.04594   0.04892   0.01786   0.12791   0.00722   7.29916   1.58975   1.02322   1.25113   0.97315  
  7 509.5800   2125.571844  x:  0.23225   0.00000   0.17976   0.06464   0.34901   0.12321   0.16618   0.00000   0.07701   0.02677   0.08422   0.00893   0.00000   0.20835   0.18130   0.13684   0.09289   0.23200   0.05670   0.06425   0.01503   0.12479   0.00696   7.29925   1.58763   1.02802   1.25377   0.97287  
  8 60.9017   2125.375339  x:  0.23308   0.00000   0.18371   0.06456   0.35447   0.12437   0.16296   0.00000   0.07731   0.02795   0.07815   0.00870   0.00000   0.21287   0.18054   0.13404   0.09267   0.22786   0.05671   0.06196   0.02066   0.12312   0.00730   7.29933   1.58584   1.03220   1.25605   0.97266  
  9 38.9175   2125.027617  x:  0.23582   0.00000   0.19046   0.06672   0.37389   0.13029   0.15375   0.00000   0.08442   0.02801   0.08741   0.00890   0.00000   0.22035   0.17758   0.12759   0.09457   0.21214   0.05688   0.05969   0.01979   0.12560   0.00733   7.29969   1.57951   1.04767   1.26566   0.97184  
 10 27.3008   2124.853284  x:  0.23687   0.00000   0.18698   0.06221   0.38474   0.12874   0.15212   0.00000   0.07667   0.02852   0.08885   0.00899   0.00000   0.21731   0.17605   0.12768   0.09461   0.20141   0.05619   0.06449   0.02030   0.12817   0.00743   7.30008   1.57505   1.06073   1.27470   0.97114  
 11 19.4082   2124.707225  x:  0.23663   0.00000   0.17946   0.06444   0.38970   0.12609   0.15451   0.00000   0.08000   0.02821   0.08472   0.00944   0.00000   0.20948   0.17572   0.13049   0.09371   0.19375   0.05888   0.06039   0.01958   0.12832   0.00733   7.30066   1.57179   1.07485   1.28633   0.97033  
 12 16.5258   2124.525694  x:  0.23365   0.00000   0.18120   0.06897   0.38474   0.12542   0.15820   0.00000   0.08118   0.02850   0.08507   0.01020   0.00000   0.20924   0.17861   0.13086   0.09115   0.19666   0.05142   0.06365   0.01969   0.12112   0.00760   7.30189   1.57246   1.09368   1.30684   0.96915  
 13  9.8307   2124.241409  x:  0.22893   0.00000   0.18755   0.06574   0.37357   0.12515   0.16120   0.00000   0.07721   0.02798   0.08789   0.01191   0.00000   0.21421   0.18337   0.13008   0.09341   0.20749   0.05917   0.06039   0.01992   0.11908   0.00761   7.30414   1.57815   1.12181   1.34080   0.96731  
 14 30.7668   2124.097122  x:  0.22897   0.00000   0.18766   0.06201   0.37039   0.12661   0.15914   0.00000   0.07957   0.02757   0.08403   0.01298   0.00000   0.21726   0.18295   0.12987   0.09491   0.21348   0.05462   0.06005   0.01955   0.12976   0.00736   7.30550   1.58769   1.13074   1.35556   0.96682  
 15 17.6670   2123.856288  x:  0.23558   0.00000   0.18187   0.06951   0.37411   0.12837   0.14956   0.00000   0.07306   0.02679   0.08220   0.01492   0.00000   0.22040   0.17451   0.12824   0.09315   0.21604   0.05484   0.05843   0.01910   0.12935   0.00723   7.30834   1.62095   1.13126   1.36996   0.96741  
 16 11.2093   2123.640011  x:  0.23985   0.00000   0.18108   0.06037   0.37977   0.12352   0.14693   0.00000   0.07677   0.02660   0.08248   0.01651   0.00000   0.22149   0.16840   0.12728   0.09199   0.21301   0.05396   0.05770   0.01897   0.12109   0.00738   7.31108   1.65408   1.12901   1.37831   0.96838  
 17 27.6420   2123.504861  x:  0.23624   0.00000   0.19022   0.06187   0.38231   0.12236   0.15570   0.00000   0.07480   0.02594   0.08132   0.01769   0.00000   0.22031   0.17144   0.12722   0.09363   0.20147   0.05343   0.05669   0.01875   0.12298   0.00724   7.31321   1.67683   1.12704   1.37657   0.96958  
 18 13.3790   2123.453030  x:  0.23013   0.00000   0.18840   0.06077   0.38425   0.12488   0.15401   0.00000   0.07472   0.02577   0.08129   0.01809   0.00000   0.22192   0.17893   0.12794   0.08851   0.20016   0.05408   0.05646   0.01872   0.12307   0.00721   7.31462   1.68187   1.13055   1.36672   0.97061  
 19  4.9977   2123.407545  x:  0.22674   0.00000   0.18635   0.06156   0.38498   0.12268   0.15114   0.00000   0.07463   0.02577   0.08097   0.01840   0.00000   0.22298   0.18330   0.12746   0.09416   0.20065   0.05296   0.05638   0.01870   0.12196   0.00723   7.31626   1.68311   1.13567   1.35395   0.97184  
 20  7.7089   2123.324858  x:  0.23127   0.00000   0.18931   0.06235   0.38287   0.11879   0.15241   0.00000   0.07467   0.02559   0.08126   0.01890   0.00000   0.22171   0.17772   0.12343   0.09122   0.20368   0.05329   0.05638   0.01879   0.12363   0.00718   7.31998   1.67711   1.14516   1.32853   0.97431  
 21  6.4470   2123.270980  x:  0.23500   0.00000   0.19010   0.06042   0.37954   0.12561   0.15364   0.00000   0.07417   0.02517   0.08061   0.01931   0.00000   0.22189   0.17300   0.12755   0.09277   0.20264   0.05268   0.05588   0.01864   0.12188   0.00713   7.32281   1.66964   1.14702   1.31503   0.97587  
 22  8.5307   2123.034539  x:  0.23725   0.00000   0.18813   0.06215   0.37418   0.11671   0.15362   0.00000   0.07399   0.02435   0.08111   0.02038   0.00000   0.23740   0.17071   0.13859   0.08981   0.19471   0.05270   0.05557   0.01872   0.12276   0.00692   7.33747   1.61802   1.11625   1.29059   0.98135  
 23  4.8965   2122.577472  x:  0.23517   0.00000   0.18761   0.05954   0.37413   0.12079   0.15213   0.00000   0.07160   0.02187   0.07796   0.02247   0.00000   0.23196   0.17538   0.12122   0.09095   0.19199   0.05075   0.05326   0.01783   0.11932   0.00634   7.36550   1.52233   1.05141   1.25450   0.98905  
 24 29.2267   2122.508904  x:  0.23496   0.00000   0.19442   0.05973   0.37342   0.11913   0.14449   0.00000   0.07138   0.02140   0.07754   0.02260   0.00000   0.22531   0.17672   0.12595   0.09002   0.19243   0.05055   0.05296   0.01770   0.11924   0.00624   7.37013   1.51588   1.04704   1.25277   0.98663  
 25  5.4465   2120.311930  x:  0.24650   0.00000   0.19099   0.06008   0.32145   0.11799   0.14013   0.00000   0.07076   0.01295   0.07712   0.02172   0.00000   0.23192   0.18111   0.11701   0.08939   0.17416   0.04937   0.05210   0.01668   0.11656   0.00468   7.51860   1.55047   1.07804   1.28844   0.83144  
 26  2.9219   2118.780999  x:  0.25455   0.00000   0.19055   0.06023   0.28180   0.11833   0.13503   0.00000   0.07087   0.00727   0.07727   0.02065   0.00000   0.23251   0.18530   0.11129   0.08911   0.16282   0.04927   0.05210   0.01627   0.11520   0.00349   7.62200   1.60163   1.12359   1.34312   0.94533  
 27  9.6726   2116.133929  x:  0.26193   0.00000   0.18618   0.06065   0.21307   0.11940   0.12531   0.00000   0.07195   0.01786   0.08136   0.01964   0.00000   0.22824   0.18936   0.10162   0.08903   0.14203   0.04947   0.05390   0.01765   0.11534   0.00553   7.75480   1.65192   1.16371   1.39788   1.01178  
 28  0.3674   2110.782293  x:  0.17857   0.00000   0.16066   0.06362   0.24703   0.12747   0.11286   0.00000   0.08245   0.02046   0.09762   0.02798   0.00000   0.18671   0.14626   0.09653   0.09256   0.13107   0.06164   0.06784   0.02696   0.13374   0.00716   7.34481   1.63440   1.07242   1.33638   0.98649  
 29  0.1952   2107.426149  x:  0.12088   0.00000   0.17189   0.06004   0.22089   0.12338   0.11419   0.00000   0.07795   0.02288   0.08614   0.02659   0.00000   0.20825   0.10753   0.09866   0.09119   0.14391   0.05964   0.06064   0.02135   0.12985   0.00767   7.07610   1.64356   1.08997   1.35530   0.96684  
 30  0.3297   2106.806072  x:  0.13531   0.00000   0.17991   0.05961   0.20134   0.12145   0.11260   0.00000   0.07490   0.02195   0.08089   0.02312   0.00000   0.21663   0.10462   0.09806   0.09104   0.12919   0.05615   0.05648   0.01781   0.12339   0.00709   7.20033   1.63896   1.10205   1.36613   0.96320  
 31  0.1852   2106.705321  x:  0.12910   0.00000   0.18076   0.06002   0.19851   0.12111   0.11268   0.00000   0.07437   0.02110   0.08097   0.02096   0.00000   0.21645   0.11344   0.09751   0.09133   0.13071   0.05434   0.05605   0.01759   0.12112   0.00663   7.28115   1.63481   1.10198   1.36524   0.96697  
 32  0.1216   2106.636569  x:  0.12942   0.00000   0.18070   0.06011   0.20207   0.12133   0.11317   0.00000   0.07440   0.01986   0.08225   0.01839   0.00000   0.21535   0.10848   0.09719   0.09153   0.13316   0.05317   0.05643   0.01820   0.11991   0.00605   7.34598   1.62942   1.09786   1.36056   0.97381  
 33  0.0691   2106.624823  x:  0.12889   0.00000   0.17990   0.05992   0.20170   0.12156   0.11301   0.00000   0.07476   0.01914   0.08254   0.01838   0.00000   0.21502   0.10816   0.09808   0.09128   0.13072   0.05419   0.05672   0.01866   0.12117   0.00596   7.31620   1.62718   1.09216   1.35436   0.97275  
 34  0.0331   2106.622118  x:  0.12948   0.00000   0.17978   0.05984   0.20187   0.12155   0.11246   0.00000   0.07474   0.01877   0.08210   0.01847   0.00000   0.21499   0.10830   0.09732   0.09126   0.13158   0.05446   0.05656   0.01850   0.12154   0.00598   7.29528   1.62827   1.09186   1.35333   0.97315  
 35  0.0235   2106.621454  x:  0.12928   0.00000   0.17991   0.05987   0.20220   0.12146   0.11287   0.00000   0.07465   0.01857   0.08193   0.01855   0.00000   0.21505   0.10831   0.09753   0.09129   0.13137   0.05430   0.05650   0.01835   0.12139   0.00603   7.29322   1.62918   1.09265   1.35426   0.97378  
 36  0.0026   2106.621332  x:  0.12930   0.00000   0.17991   0.05989   0.20184   0.12148   0.11283   0.00000   0.07466   0.01850   0.08202   0.01859   0.00000   0.21503   0.10828   0.09760   0.09131   0.13152   0.05425   0.05654   0.01838   0.12134   0.00604   7.29623   1.62910   1.09277   1.35462   0.97376  
 37  0.0047   2106.621305  x:  0.12926   0.00000   0.17993   0.05989   0.20193   0.12149   0.11273   0.00000   0.07467   0.01849   0.08206   0.01859   0.00000   0.21507   0.10830   0.09754   0.09131   0.13146   0.05425   0.05655   0.01839   0.12132   0.00605   7.29841   1.62918   1.09304   1.35499   0.97385  
 38  0.0036   2106.621303  x:  0.12928   0.00000   0.17992   0.05989   0.20193   0.12149   0.11276   0.00000   0.07467   0.01848   0.08206   0.01859   0.00000   0.21507   0.10830   0.09753   0.09130   0.13146   0.05427   0.05654   0.01839   0.12133   0.00605   7.29893   1.62920   1.09312   1.35509   0.97386  
 39  0.0006   2106.621303  x:  0.12928   0.00000   0.17992   0.05989   0.20193   0.12149   0.11275   0.00000   0.07467   0.01848   0.08206   0.01859   0.00000   0.21507   0.10830   0.09754   0.09130   0.13146   0.05427   0.05654   0.01839   0.12133   0.00605   7.29891   1.62921   1.09313   1.35511   0.97385  
 40  0.0000   2106.621303  x:  0.12927   0.00000   0.17992   0.05989   0.20193   0.12149   0.11275   0.00000   0.07467   0.01848   0.08206   0.01859   0.00000   0.21507   0.10829   0.09754   0.09130   0.13146   0.05427   0.05654   0.01839   0.12133   0.00605   7.29887   1.62921   1.09313   1.35511   0.97385  
 41  0.0000   2106.621303  x:  0.12928   0.00000   0.17992   0.05989   0.20193   0.12149   0.11275   0.00000   0.07467   0.01848   0.08206   0.01859   0.00000   0.21507   0.10830   0.09754   0.09130   0.13146   0.05427   0.05654   0.01839   0.12133   0.00605   7.29887   1.62921   1.09313   1.35511   0.97385  
 42  0.0000   2106.621303  x:  0.12927   0.00000   0.17992   0.05989   0.20193   0.12149   0.11275   0.00000   0.07467   0.01848   0.08206   0.01859   0.00000   0.21507   0.10829   0.09754   0.09130   0.13146   0.05427   0.05654   0.01839   0.12133   0.00605   7.29887   1.62921   1.09313   1.35511   0.97385  