

TREE # 1

  0  0.0000   1846.953429  x:  0.20925   0.02571   0.03211   0.02495   0.05815   0.02188   0.05666   0.08536   0.02661   0.17168   0.20925   0.02571   0.03211   0.02495   0.05815   0.02188   0.05666   0.08536   0.02661   0.17168   0.21568   8.40433   1.83679   1.43379   1.56437   1.00000  
  1 99.0000   1837.993123  x:  0.20590   0.01655   0.04739   0.02994   0.04293   0.00736   0.05733   0.08535   0.08629   0.16930   0.19944   0.03405   0.02601   0.03915   0.06160   0.02707   0.05104   0.08395   0.01800   0.17120   0.21888   8.40465   1.83743   1.43161   1.56641   0.99822  
  2 332.6469   1837.178600  x:  0.20358   0.00994   0.04942   0.03077   0.03657   0.01815   0.05687   0.08481   0.09100   0.16794   0.19340   0.03466   0.02479   0.03929   0.06271   0.02615   0.04881   0.08338   0.01746   0.17096   0.22078   8.40485   1.83786   1.43021   1.56771   0.99700  
  3 138.3067   1836.517078  x:  0.19913   0.00352   0.05010   0.03050   0.02841   0.01512   0.05577   0.08374   0.08919   0.16545   0.18159   0.03395   0.02456   0.03670   0.06407   0.02392   0.04599   0.08252   0.01881   0.17058   0.22441   8.40529   1.83875   1.42732   1.57037   0.99443  
  4 87.5625   1835.883220  x:  0.19205   0.00964   0.05157   0.03041   0.02146   0.01491   0.05439   0.08246   0.08827   0.16147   0.16181   0.03322   0.02445   0.03430   0.06588   0.02275   0.04267   0.08129   0.01912   0.17007   0.23046   8.40606   1.84032   1.42215   1.57511   0.98990  
  5 130.7772   1835.032874  x:  0.18018   0.00913   0.05285   0.03060   0.02969   0.01480   0.05322   0.08079   0.08767   0.15557   0.12975   0.03303   0.02490   0.03451   0.06761   0.02493   0.04113   0.07984   0.01795   0.16960   0.24037   8.40748   1.84316   1.41271   1.58382   0.98167  
  6 142.5045   1834.860293  x:  0.17664   0.00916   0.05059   0.03061   0.02835   0.01494   0.05516   0.08182   0.08749   0.15618   0.12510   0.03407   0.02513   0.03853   0.06517   0.02448   0.04780   0.08098   0.01981   0.17075   0.24371   8.40845   1.84499   1.40651   1.58960   0.97625  
  7 33.2800   1834.631523  x:  0.17209   0.00898   0.04836   0.03048   0.02776   0.01477   0.05696   0.08372   0.08757   0.15955   0.12557   0.03333   0.02385   0.03699   0.06194   0.02415   0.04863   0.08273   0.01447   0.17367   0.24880   8.41071   1.84918   1.39251   1.60276   0.96380  
  8 34.1051   1834.167581  x:  0.16335   0.00924   0.04714   0.03048   0.02917   0.01501   0.05850   0.08670   0.08978   0.16724   0.12971   0.03313   0.02322   0.03276   0.05828   0.02502   0.04446   0.08529   0.01971   0.18009   0.25951   8.41637   1.85952   1.35821   1.63509   0.93296  
  9 135.1298   1833.803466  x:  0.16181   0.00919   0.05108   0.03020   0.02887   0.01487   0.05476   0.08464   0.08730   0.17048   0.13390   0.03353   0.02838   0.03849   0.06437   0.02427   0.04279   0.08327   0.01835   0.18261   0.26413   8.42162   1.86861   1.32900   1.66317   0.90543  
 10 93.6795   1833.591452  x:  0.16590   0.00919   0.05245   0.03049   0.02901   0.01465   0.05284   0.08137   0.08645   0.16865   0.13481   0.03302   0.02213   0.03836   0.06763   0.02474   0.04546   0.08041   0.01858   0.18093   0.26223   8.42515   1.87410   1.31257   1.67979   0.88828  
 11 66.6357   1833.361619  x:  0.17517   0.00886   0.05037   0.03058   0.02896   0.01488   0.05446   0.07860   0.08840   0.16220   0.13346   0.03394   0.02579   0.03399   0.06588   0.02453   0.04759   0.07821   0.01832   0.17514   0.25407   8.43012   1.88088   1.29426   1.69991   0.86638  
 12 58.6803   1833.277349  x:  0.17834   0.00877   0.04924   0.02987   0.02873   0.01483   0.05534   0.08079   0.08772   0.15902   0.13235   0.03335   0.02482   0.03716   0.06330   0.02442   0.04422   0.07982   0.01844   0.17201   0.24853   8.43261   1.88359   1.28859   1.70766   0.85725  
 13 35.5607   1833.255811  x:  0.17732   0.00872   0.05072   0.03087   0.02870   0.01479   0.05464   0.08314   0.08750   0.15868   0.13203   0.03313   0.02493   0.03655   0.06391   0.02451   0.04494   0.08183   0.01841   0.17121   0.24527   8.43425   1.88458   1.28893   1.71010   0.85363  
 14 10.0311   1833.241221  x:  0.17528   0.00877   0.05043   0.02907   0.02876   0.01485   0.05446   0.08318   0.08776   0.15913   0.13199   0.03365   0.02483   0.03627   0.06459   0.02433   0.04515   0.08190   0.01839   0.17115   0.24249   8.43643   1.88557   1.29119   1.71213   0.85002  
 15  8.4990   1833.220045  x:  0.17231   0.00886   0.04948   0.03053   0.02865   0.01481   0.05501   0.08176   0.08776   0.16008   0.13206   0.03344   0.02486   0.03659   0.06468   0.02465   0.04479   0.08065   0.01839   0.17153   0.23901   8.44067   1.88738   1.29626   1.71550   0.84379  
 16 15.2942   1833.195594  x:  0.17254   0.00890   0.05142   0.03031   0.02899   0.01480   0.05482   0.08094   0.08773   0.16038   0.13202   0.03262   0.02491   0.03670   0.06276   0.02329   0.04502   0.08010   0.01850   0.17250   0.23933   8.44758   1.89033   1.30502   1.72020   0.83549  
 17 10.4252   1833.162958  x:  0.17410   0.00876   0.05220   0.02981   0.02847   0.01480   0.05448   0.08096   0.08721   0.16041   0.13199   0.03315   0.02508   0.03667   0.06197   0.02560   0.04514   0.08029   0.01838   0.17363   0.24128   8.45774   1.89478   1.31771   1.72695   0.82410  
 18 40.1292   1833.129416  x:  0.17621   0.00881   0.05038   0.03047   0.02881   0.01476   0.05464   0.08213   0.08748   0.16011   0.13203   0.03421   0.02483   0.03659   0.06395   0.02441   0.04484   0.08118   0.01838   0.17417   0.24422   8.46873   1.89979   1.33085   1.73412   0.81296  
 19 43.1834   1833.124114  x:  0.17626   0.00879   0.05004   0.03021   0.02881   0.01479   0.05495   0.08237   0.08776   0.15999   0.13221   0.03287   0.02501   0.03664   0.06452   0.02456   0.04499   0.08121   0.01850   0.17362   0.24476   8.47105   1.90110   1.33280   1.73555   0.81195  
 20  9.3207   1833.099388  x:  0.17440   0.00885   0.05079   0.03021   0.02890   0.01473   0.05598   0.08246   0.08738   0.15936   0.13386   0.03357   0.02488   0.03665   0.06439   0.02456   0.04505   0.08059   0.01842   0.16772   0.24685   8.48646   1.91131   1.34073   1.74464   0.81307  
 21  6.8076   1833.057139  x:  0.17399   0.00890   0.04907   0.03053   0.02895   0.01473   0.05177   0.08160   0.08796   0.15922   0.13434   0.03318   0.02508   0.03678   0.06310   0.02450   0.04524   0.08136   0.01845   0.16581   0.24696   8.51530   1.93083   1.35308   1.76130   0.81856  
 22 19.7325   1832.867854  x:  0.17722   0.00889   0.05025   0.03016   0.02905   0.01444   0.05539   0.08004   0.08722   0.15967   0.13278   0.03313   0.02489   0.03688   0.06454   0.02454   0.04477   0.08353   0.01847   0.17106   0.24228   8.65293   2.02373   1.40884   1.83976   0.84783  
 23 74.3297   1832.854473  x:  0.17740   0.00886   0.05015   0.03015   0.02906   0.01442   0.05507   0.08241   0.08719   0.15942   0.13271   0.03321   0.02493   0.03681   0.06437   0.02454   0.04489   0.08075   0.01847   0.17183   0.24190   8.66322   2.02976   1.41233   1.84464   0.84972  
 24 22.4340   1832.796737  x:  0.17416   0.00894   0.05004   0.03017   0.02927   0.01427   0.05511   0.08201   0.08709   0.15051   0.13599   0.03326   0.02490   0.03687   0.06427   0.02458   0.04518   0.08115   0.01840   0.17520   0.24277   8.74435   2.03447   1.41004   1.83817   0.84844  
 25  2.7654   1832.083140  x:  0.17775   0.00879   0.04947   0.03014   0.03060   0.01249   0.05522   0.08252   0.08581   0.16256   0.13516   0.03328   0.02492   0.03690   0.06389   0.02481   0.04580   0.08145   0.01824   0.17296   0.24333   9.79944   2.07772   1.37350   1.74699   0.82945  
 26 68.1500   1831.179745  x:  0.17955   0.00872   0.04885   0.03000   0.03210   0.01018   0.05511   0.08256   0.08375   0.16286   0.13747   0.03303   0.02486   0.03698   0.06355   0.02498   0.04639   0.08157   0.01801   0.17201   0.24213  11.13712   1.93179   1.35618   1.78667   0.86938  
 27 35.4030   1831.045409  x:  0.17771   0.00901   0.04941   0.03005   0.03180   0.01316   0.05503   0.08247   0.08533   0.16076   0.13434   0.03303   0.02493   0.03676   0.06384   0.02496   0.04573   0.08119   0.01820   0.17277   0.24341  11.77588   1.96635   1.36472   1.80106   0.86766  
 28  0.4810   1831.028859  x:  0.17774   0.00878   0.04938   0.03012   0.03112   0.01213   0.05503   0.08243   0.08474   0.16048   0.13470   0.03309   0.02491   0.03677   0.06393   0.02480   0.04568   0.08130   0.01820   0.17280   0.24355  12.03791   1.96755   1.36347   1.79721   0.86669  
 29  0.2024   1831.028422  x:  0.17800   0.00882   0.04934   0.03010   0.03113   0.01216   0.05505   0.08246   0.08490   0.16076   0.13514   0.03308   0.02491   0.03680   0.06386   0.02483   0.04577   0.08133   0.01819   0.17275   0.24336  12.05843   1.96414   1.36281   1.79624   0.86712  
 30  0.0214   1831.028394  x:  0.17798   0.00882   0.04937   0.03010   0.03113   0.01214   0.05504   0.08246   0.08502   0.16081   0.13505   0.03308   0.02491   0.03680   0.06387   0.02484   0.04575   0.08131   0.01819   0.17274   0.24340  12.06288   1.96439   1.36303   1.79656   0.86723  
 31  0.0026   1831.028390  x:  0.17799   0.00882   0.04937   0.03010   0.03113   0.01214   0.05505   0.08246   0.08506   0.16078   0.13507   0.03309   0.02491   0.03681   0.06387   0.02483   0.04576   0.08132   0.01819   0.17275   0.24339  12.06096   1.96441   1.36297   1.79645   0.86718  
 32  0.0014   1831.028390  x:  0.17799   0.00882   0.04937   0.03010   0.03113   0.01214   0.05505   0.08246   0.08506   0.16078   0.13507   0.03308   0.02491   0.03681   0.06387   0.02483   0.04576   0.08132   0.01819   0.17275   0.24339  12.06069   1.96437   1.36296   1.79644   0.86717  
 33  0.0002   1831.028390  x:  0.17799   0.00882   0.04937   0.03010   0.03113   0.01214   0.05505   0.08246   0.08506   0.16078   0.13507   0.03308   0.02491   0.03681   0.06387   0.02483   0.04576   0.08132   0.01819   0.17275   0.24339  12.06069   1.96438   1.36296   1.79644   0.86717  
 34  0.0000   1831.028390  x:  0.17799   0.00882   0.04937   0.03010   0.03113   0.01214   0.05505   0.08246   0.08506   0.16078   0.13507   0.03308   0.02491   0.03681   0.06387   0.02483   0.04576   0.08132   0.01819   0.17275   0.24339  12.06069   1.96437   1.36296   1.79644   0.86717  