

TREE # 1

  0  0.0000   2322.972163  x:  0.01972   0.20925   0.02571   0.03211   0.02495   0.05815   0.02188   0.05666   0.08536   0.02661   0.17168   0.01972   0.20925   0.02571   0.03211   0.02495   0.05815   0.02188   0.05666   0.08536   0.02661   0.17168   0.21568   8.40433   1.72838   1.25962   1.42752   1.00000  
  1 99.0000   2228.517923  x:  0.01647   0.20995   0.02460   0.13457   0.01167   0.05089   0.00000   0.05402   0.08581   0.02203   0.17706   0.04539   0.21354   0.02269   0.01705   0.01295   0.25092   0.07291   0.05659   0.07881   0.02462   0.17395   0.22140   8.40408   1.72815   1.25527   1.43016   1.00075  
  2 1197.0918   2220.174786  x:  0.01483   0.21033   0.02398   0.18211   0.00609   0.04753   0.02442   0.05275   0.08594   0.01960   0.17972   0.05732   0.21565   0.02133   0.00982   0.00718   0.34092   0.09634   0.05662   0.07560   0.02369   0.17503   0.22424   8.40395   1.72803   1.25310   1.43148   1.00112  
  3 11307.8001   2219.147239  x:  0.01263   0.21133   0.02214   0.17931   0.02097   0.04608   0.02449   0.05258   0.08435   0.01526   0.18245   0.05523   0.21756   0.02375   0.00947   0.00488   0.34745   0.09055   0.05891   0.07308   0.02418   0.17528   0.22733   8.40379   1.72797   1.25049   1.43295   1.00159  
  4 150.3075   2216.890792  x:  0.00498   0.21608   0.01898   0.16100   0.01594   0.04128   0.02451   0.04937   0.07787   0.00712   0.19442   0.04557   0.22592   0.02893   0.01136   0.00595   0.36740   0.06361   0.06737   0.06307   0.02500   0.17631   0.24120   8.40305   1.72765   1.23828   1.43975   1.00388  
  5 113.5881   2216.062076  x:  0.00327   0.21892   0.02026   0.15080   0.01618   0.04004   0.02456   0.04846   0.07500   0.01550   0.20108   0.04166   0.23052   0.03006   0.01375   0.00806   0.37833   0.05024   0.07030   0.05858   0.02544   0.17700   0.24907   8.40259   1.72742   1.23081   1.44393   1.00526  
  6 275.9757   2215.486907  x:  0.01017   0.22228   0.02406   0.13959   0.01716   0.04397   0.02459   0.05027   0.07525   0.01335   0.20773   0.04381   0.23476   0.02549   0.02028   0.01239   0.38659   0.04571   0.06615   0.05892   0.02663   0.17825   0.25725   8.40194   1.72695   1.22041   1.44973   1.00715  
  7 79.8165   2215.149145  x:  0.00900   0.22439   0.02297   0.13171   0.01650   0.04552   0.02454   0.05152   0.07669   0.01382   0.21152   0.04550   0.23749   0.02332   0.01935   0.00681   0.39004   0.04616   0.05871   0.06124   0.02851   0.17891   0.26298   8.40124   1.72634   1.20986   1.45556   1.00902  
  8 61.9753   2214.937655  x:  0.00484   0.22584   0.02109   0.12710   0.01686   0.04465   0.02454   0.05164   0.07795   0.01405   0.21384   0.04575   0.23940   0.02434   0.01795   0.01037   0.39142   0.04989   0.05369   0.06324   0.02837   0.17917   0.26733   8.40046   1.72559   1.19867   1.46168   1.01101  
  9 64.9376   2214.624812  x:  0.00347   0.22792   0.02435   0.12681   0.01664   0.04162   0.02455   0.05011   0.07950   0.01390   0.21613   0.04567   0.24151   0.02935   0.02047   0.00811   0.38972   0.05516   0.05378   0.06500   0.02120   0.17928   0.27336   8.39865   1.72358   1.17363   1.47517   1.01541  
 10 48.0955   2214.089729  x:  0.00719   0.23014   0.02114   0.13626   0.01638   0.04419   0.02447   0.04926   0.07864   0.01436   0.21681   0.04707   0.24350   0.02825   0.01406   0.00847   0.38323   0.05564   0.06007   0.06516   0.02208   0.17898   0.28074   8.39460   1.71870   1.12099   1.50300   1.02461  
 11 69.0444   2213.937664  x:  0.00375   0.22936   0.02215   0.13955   0.01645   0.04426   0.02448   0.05026   0.07780   0.01414   0.21510   0.04658   0.24282   0.02553   0.01774   0.00822   0.38176   0.05524   0.06083   0.06409   0.02573   0.17844   0.28025   8.39312   1.71662   1.10450   1.51148   1.02751  
 12 66.4641   2213.833822  x:  0.00421   0.22652   0.02344   0.13982   0.01660   0.04248   0.02448   0.05151   0.07684   0.01366   0.21103   0.04585   0.23945   0.02450   0.01743   0.00892   0.38279   0.05159   0.05609   0.06179   0.02403   0.17750   0.27425   8.39144   1.71348   1.09198   1.51745   1.02978  
 13 25.2711   2213.784431  x:  0.00560   0.22458   0.02173   0.13850   0.01644   0.04291   0.02449   0.05105   0.07656   0.01391   0.20861   0.04584   0.23717   0.02695   0.01903   0.00893   0.38415   0.05052   0.05481   0.06171   0.02476   0.17699   0.26974   8.39028   1.71114   1.08554   1.52030   1.03097  
 14 31.1196   2213.752967  x:  0.00520   0.22285   0.02224   0.13547   0.01656   0.04414   0.02449   0.04959   0.07708   0.01388   0.20713   0.04603   0.23536   0.02628   0.01836   0.00886   0.38582   0.05085   0.05690   0.06297   0.02441   0.17672   0.26540   8.38898   1.70833   1.08126   1.52178   1.03181  
 15 15.2736   2213.745352  x:  0.00571   0.22258   0.02217   0.13446   0.01650   0.04290   0.02449   0.05045   0.07714   0.01395   0.20742   0.04607   0.23511   0.02601   0.01807   0.00873   0.38612   0.05160   0.05785   0.06276   0.02489   0.17679   0.26420   8.38815   1.70653   1.08020   1.52172   1.03207  
 16  6.6572   2213.728921  x:  0.00542   0.22277   0.02209   0.13441   0.01642   0.04430   0.02449   0.05146   0.07682   0.01400   0.21020   0.04540   0.23563   0.02621   0.01794   0.00858   0.38598   0.05258   0.05790   0.06107   0.02449   0.17729   0.26203   8.38401   1.69767   1.07803   1.51955   1.03279  
 17  4.6413   2213.692957  x:  0.00527   0.22360   0.02268   0.13580   0.01647   0.04330   0.02449   0.04957   0.07683   0.01393   0.21523   0.04580   0.23695   0.02624   0.01796   0.00874   0.38545   0.05182   0.05693   0.06229   0.02533   0.17827   0.25884   8.37379   1.67630   1.07327   1.51355   1.03436  
 18 20.7545   2213.677713  x:  0.00502   0.22393   0.02138   0.13617   0.01646   0.04305   0.02449   0.05006   0.07713   0.01407   0.21532   0.04604   0.23719   0.02547   0.01867   0.00877   0.38549   0.05127   0.05708   0.06325   0.02427   0.17823   0.25897   8.36900   1.66703   1.07114   1.51034   1.03493  
 19 22.0333   2213.638527  x:  0.00466   0.22463   0.02237   0.13623   0.01629   0.04369   0.02449   0.05231   0.07808   0.01391   0.21172   0.04619   0.23719   0.02673   0.01817   0.00896   0.38596   0.05050   0.05750   0.06449   0.02457   0.17732   0.26216   8.35554   1.64261   1.06509   1.50054   1.03622  
 20 30.4389   2213.609785  x:  0.00532   0.22484   0.02217   0.13550   0.01636   0.04342   0.02449   0.05030   0.07758   0.01396   0.20826   0.04581   0.23687   0.02603   0.01821   0.00875   0.38616   0.05172   0.05731   0.06246   0.02489   0.17665   0.26542   8.34516   1.62549   1.06021   1.49241   1.03692  
 21 35.5688   2213.584298  x:  0.00513   0.22177   0.02235   0.13539   0.01629   0.04351   0.02449   0.05061   0.07419   0.01400   0.20909   0.04662   0.23527   0.02621   0.01812   0.00866   0.38621   0.05214   0.05726   0.06333   0.02457   0.17880   0.26711   8.33151   1.61820   1.05131   1.47776   1.03555  
 22  5.0363   2213.544808  x:  0.00532   0.21875   0.02210   0.13590   0.01623   0.04346   0.02450   0.05043   0.07810   0.01408   0.21088   0.04567   0.23364   0.02613   0.01823   0.00868   0.38645   0.05182   0.05716   0.06274   0.02471   0.18063   0.26828   8.30874   1.60893   1.03639   1.45342   1.03286  
 23 25.9479   2213.514985  x:  0.00505   0.22400   0.02216   0.13572   0.01617   0.04347   0.02450   0.05045   0.07743   0.01407   0.21044   0.04672   0.23610   0.02623   0.01823   0.00864   0.38677   0.05193   0.05710   0.06271   0.02453   0.17664   0.26555   8.28933   1.60414   1.02538   1.43558   1.03033  
 24 12.1672   2213.510425  x:  0.00543   0.22460   0.02219   0.13582   0.01616   0.04351   0.02451   0.05049   0.07710   0.01406   0.21005   0.04503   0.23661   0.02602   0.01822   0.00858   0.38697   0.05217   0.05694   0.06343   0.02461   0.17711   0.26522   8.28485   1.60395   1.02484   1.43473   1.02982  
 25  3.0758   2213.461323  x:  0.00515   0.22722   0.02217   0.13586   0.01596   0.04350   0.02451   0.05049   0.07752   0.01408   0.20567   0.04583   0.24153   0.02618   0.01825   0.00862   0.38770   0.05206   0.05692   0.06279   0.02444   0.18594   0.26273   8.22894   1.60382   1.02425   1.43386   1.02387  
 26  7.8810   2212.602958  x:  0.00712   0.21323   0.02248   0.14140   0.01265   0.04387   0.02460   0.05078   0.07790   0.01433   0.20355   0.04730   0.24644   0.02506   0.01811   0.00826   0.39917   0.05445   0.05564   0.06388   0.02479   0.17452   0.25907   7.28567   1.60670   1.03777   1.44932   0.93302  
 27 36.2073   2212.449034  x:  0.00629   0.22487   0.02243   0.14233   0.01205   0.04393   0.02462   0.05081   0.07798   0.01440   0.20536   0.04780   0.22886   0.02483   0.01817   0.00823   0.40165   0.05447   0.05574   0.06364   0.02520   0.17831   0.25956   7.10955   1.60938   1.04202   1.45052   0.93168  
 28 64.0605   2212.204160  x:  0.00717   0.22039   0.02239   0.14403   0.01113   0.04408   0.02466   0.05088   0.07826   0.01455   0.20296   0.04797   0.23327   0.02456   0.01808   0.00800   0.40531   0.05539   0.05536   0.06400   0.02522   0.17705   0.25733   6.82308   1.62198   1.05461   1.44371   0.99083  
 29 25.4429   2211.227394  x:  0.00678   0.22200   0.02262   0.15334   0.01100   0.04363   0.02449   0.04985   0.07798   0.01522   0.21065   0.04892   0.22818   0.02438   0.01917   0.00870   0.45890   0.05565   0.05618   0.06272   0.02536   0.17314   0.26457   7.67969   1.65603   1.07411   1.47995   1.05233  
 30  0.2125   2210.800702  x:  0.00635   0.22105   0.02230   0.15854   0.01137   0.04366   0.02369   0.05071   0.07818   0.01527   0.20597   0.04935   0.23631   0.02481   0.01918   0.00713   0.49473   0.05693   0.05487   0.06290   0.02543   0.17790   0.26066   7.23001   1.61669   1.05302   1.44823   1.00325  
 31  0.2667   2210.447324  x:  0.00686   0.22346   0.02155   0.15772   0.01336   0.04368   0.01864   0.05050   0.07796   0.01261   0.20464   0.04935   0.22043   0.02479   0.01800   0.00394   0.51776   0.05864   0.05727   0.06230   0.02608   0.17212   0.26029   7.46276   1.64831   1.07287   1.44803   1.01744  
 32  0.0336   2209.557679  x:  0.00608   0.22343   0.02126   0.15577   0.01249   0.04313   0.00665   0.04990   0.07768   0.01003   0.20971   0.04837   0.23285   0.02557   0.01858   0.00524   0.52341   0.05902   0.05755   0.06190   0.02573   0.17564   0.26339   7.47381   1.64264   1.06771   1.46332   1.01858  
 33  0.0095   2209.301659  x:  0.00623   0.22080   0.02191   0.15689   0.01178   0.04354   0.00520   0.05056   0.07830   0.01400   0.20708   0.04914   0.23633   0.02500   0.01923   0.00693   0.49764   0.05810   0.05502   0.06308   0.02536   0.17762   0.26105   7.30592   1.62168   1.05559   1.45499   1.01151  
 34  0.1521   2209.286938  x:  0.00633   0.22088   0.02205   0.15715   0.01172   0.04360   0.00615   0.05061   0.07828   0.01436   0.20668   0.04918   0.23561   0.02491   0.01924   0.00702   0.49479   0.05775   0.05501   0.06306   0.02539   0.17739   0.26092   7.29373   1.62206   1.05565   1.45384   1.01072  
 35  0.0379   2209.282032  x:  0.00651   0.22143   0.02222   0.15753   0.01177   0.04366   0.00601   0.05061   0.07814   0.01450   0.20613   0.04917   0.23312   0.02480   0.01912   0.00684   0.49335   0.05724   0.05537   0.06286   0.02552   0.17649   0.26090   7.29673   1.62653   1.05782   1.45258   1.01028  
 36  0.0070   2209.281953  x:  0.00649   0.22146   0.02220   0.15765   0.01177   0.04366   0.00599   0.05060   0.07813   0.01456   0.20630   0.04915   0.23323   0.02481   0.01912   0.00681   0.49343   0.05714   0.05539   0.06286   0.02552   0.17656   0.26093   7.29843   1.62649   1.05777   1.45303   1.01029  
 37  0.0015   2209.281950  x:  0.00649   0.22144   0.02220   0.15766   0.01177   0.04366   0.00599   0.05061   0.07813   0.01458   0.20627   0.04915   0.23324   0.02481   0.01912   0.00682   0.49347   0.05713   0.05538   0.06286   0.02552   0.17656   0.26091   7.29854   1.62642   1.05777   1.45294   1.01029  
 38  0.0001   2209.281950  x:  0.00649   0.22144   0.02220   0.15766   0.01177   0.04366   0.00599   0.05061   0.07813   0.01458   0.20627   0.04915   0.23323   0.02481   0.01912   0.00682   0.49348   0.05713   0.05538   0.06286   0.02552   0.17656   0.26092   7.29849   1.62643   1.05777   1.45294   1.01029  
 39  0.0001   2209.281950  x:  0.00649   0.22144   0.02220   0.15766   0.01177   0.04366   0.00599   0.05061   0.07813   0.01458   0.20627   0.04915   0.23323   0.02481   0.01912   0.00682   0.49348   0.05714   0.05538   0.06286   0.02552   0.17656   0.26092   7.29850   1.62644   1.05777   1.45295   1.01029  
 40  0.0000   2209.281950  x:  0.00649   0.22144   0.02220   0.15766   0.01177   0.04366   0.00599   0.05061   0.07813   0.01458   0.20627   0.04915   0.23323   0.02481   0.01912   0.00682   0.49348   0.05714   0.05538   0.06286   0.02552   0.17656   0.26092   7.29850   1.62643   1.05777   1.45295   1.01029  

TREE # 2

  0  0.0000   2555.561926  x:  0.00649   0.22144   0.02220   0.15766   0.01177   0.04366   0.00599   0.05061   0.07813   0.01458   0.20627   0.04915   0.23323   0.02481   0.01912   0.00682   0.49348   0.05714   0.05538   0.06286   0.02552   0.17656   0.26092   7.29850   1.59691   0.96798   1.33124   1.01029  
  1 99.0000   2373.044650  x:  0.30173   0.22109   0.10852   0.17002   0.03903   0.04077   0.14491   0.04048   0.07210   0.01625   0.22980   0.04957   0.22889   0.15741   0.18897   0.06529   0.47733   0.06824   0.08467   0.05897   0.01434   0.16214   0.24224   7.29853   1.59670   0.96884   1.33185   1.00958  
  2 3243.9815   2338.474786  x:  0.30309   0.19533   0.12920   0.18513   0.02351   0.02384   0.12624   0.01774   0.06170   0.00369   0.27070   0.05370   0.19951   0.16915   0.19708   0.04124   0.44218   0.07858   0.11499   0.05240   0.00000   0.13187   0.20172   7.29861   1.59450   0.97341   1.33297   1.00893  
  3 396.0999   2322.044030  x:  0.30401   0.18032   0.14057   0.19355   0.01582   0.01552   0.11567   0.00599   0.05627   0.00000   0.29354   0.05645   0.18233   0.17582   0.20184   0.02742   0.42156   0.08376   0.13128   0.04914   0.00861   0.11460   0.17812   7.29866   1.59324   0.97601   1.33364   1.00857  
  4 4640.4355   2295.038676  x:  0.30500   0.14844   0.16015   0.20905   0.01334   0.01468   0.09459   0.00108   0.05068   0.02924   0.33601   0.06701   0.14551   0.18804   0.21110   0.00000   0.37698   0.08975   0.15749   0.04489   0.01220   0.07893   0.12701   7.29875   1.59073   0.98123   1.33507   1.00786  
  5 2051.4990   2255.317275  x:  0.29749   0.08384   0.19006   0.23584   0.02608   0.03169   0.05215   0.03267   0.05187   0.03495   0.41025   0.08215   0.06982   0.20578   0.22524   0.01925   0.28517   0.09422   0.19808   0.04186   0.01937   0.01215   0.02097   7.29890   1.58568   0.99166   1.33808   1.00620  
  6 1485.1162   2248.746549  x:  0.29654   0.07303   0.19341   0.23919   0.02840   0.03414   0.04808   0.03559   0.05230   0.03480   0.42078   0.08236   0.05619   0.20818   0.22737   0.01946   0.26764   0.09311   0.20180   0.04280   0.01995   0.01953   0.00223   7.29892   1.58483   0.99340   1.33869   1.00594  
  7 879.5885   2235.295345  x:  0.29240   0.03129   0.20250   0.24974   0.03777   0.04338   0.04023   0.04469   0.05489   0.03241   0.45818   0.07823   0.00000   0.21589   0.23473   0.01741   0.19169   0.08446   0.20921   0.04896   0.02101   0.03557   0.01479   7.29900   1.58134   1.00039   1.34138   1.00493  
  8 475.0602   2235.295345  x:  0.29240   0.03129   0.20250   0.24974   0.03777   0.04338   0.04023   0.04469   0.05489   0.03241   0.45818   0.07823   0.00000   0.21589   0.23473   0.01741   0.19169   0.08446   0.20921   0.04896   0.02101   0.03557   0.01479   7.29900   1.58134   1.00039   1.34138   1.00493  
  9 318.4443   2230.123291  x:  0.29035   0.03937   0.20030   0.24852   0.03036   0.03558   0.05035   0.03247   0.05280   0.01922   0.45972   0.06959   0.00472   0.21526   0.23400   0.00915   0.17211   0.08114   0.20372   0.04929   0.01122   0.04115   0.00000   7.29901   1.58063   1.00156   1.34221   1.00483  
 10 253.4866   2226.428557  x:  0.28868   0.04591   0.19850   0.24752   0.02434   0.02922   0.05856   0.02253   0.05112   0.00848   0.46098   0.06257   0.00851   0.21473   0.23340   0.00252   0.15609   0.07843   0.19924   0.04958   0.00351   0.04570   0.00054   7.29902   1.58004   1.00251   1.34290   1.00475  
 11 1528.3696   2223.502311  x:  0.28695   0.05096   0.19658   0.24651   0.01977   0.02384   0.06524   0.01440   0.05015   0.00000   0.46224   0.05682   0.01073   0.21410   0.23284   0.00640   0.13969   0.07598   0.19484   0.05026   0.00831   0.04874   0.00059   7.29903   1.57949   1.00342   1.34361   1.00465  
 12 588.1135   2217.346144  x:  0.27885   0.06441   0.18736   0.24200   0.01523   0.01226   0.08514   0.00468   0.05184   0.02238   0.46846   0.04893   0.01164   0.21061   0.22971   0.01333   0.06191   0.06756   0.17514   0.05212   0.01023   0.05412   0.00076   7.29907   1.57724   1.00707   1.34703   1.00436  
 13 311.4484   2213.982965  x:  0.27462   0.06994   0.18262   0.23969   0.01729   0.01546   0.09330   0.01244   0.05349   0.02277   0.47142   0.04593   0.01162   0.20882   0.22796   0.01430   0.02132   0.06457   0.16523   0.05273   0.01114   0.05577   0.00080   7.29908   1.57607   1.00899   1.34891   1.00420  
 14 696.4392   2213.732805  x:  0.27322   0.06887   0.18122   0.23896   0.01966   0.01786   0.09194   0.00897   0.05294   0.02179   0.47250   0.04687   0.00985   0.20827   0.22726   0.01478   0.01718   0.06640   0.16288   0.05237   0.01021   0.05392   0.00080   7.29908   1.57572   1.00951   1.34968   1.00419  
 15 72.7967   2213.540381  x:  0.26990   0.06720   0.17807   0.23714   0.01815   0.01474   0.08939   0.00937   0.05295   0.02015   0.47507   0.04902   0.00728   0.20713   0.22566   0.01492   0.01505   0.06994   0.15752   0.05180   0.00936   0.05074   0.00079   7.29909   1.57487   1.01081   1.35162   1.00417  
 16 45.9655   2213.333905  x:  0.26282   0.06775   0.17174   0.23326   0.01638   0.01693   0.08904   0.00908   0.05364   0.02066   0.48090   0.04938   0.00876   0.20516   0.22266   0.01309   0.01697   0.07215   0.14636   0.05177   0.01111   0.04956   0.00078   7.29910   1.57291   1.01381   1.35608   1.00416  
 17 40.7452   2213.257984  x:  0.25960   0.06821   0.16918   0.23159   0.01808   0.01659   0.08905   0.00953   0.05376   0.02047   0.48382   0.04910   0.00976   0.20434   0.22134   0.01511   0.01826   0.07189   0.14237   0.05177   0.00961   0.05008   0.00081   7.29911   1.57192   1.01536   1.35853   1.00416  
 18 51.5622   2213.217993  x:  0.25726   0.06774   0.16815   0.23057   0.02029   0.01522   0.08783   0.00956   0.05343   0.02032   0.48659   0.04892   0.01016   0.20391   0.22043   0.01400   0.01844   0.07056   0.14223   0.05178   0.01046   0.05084   0.00079   7.29911   1.57101   1.01686   1.36126   1.00419  
 19 20.4519   2213.121342  x:  0.25104   0.06524   0.16682   0.22814   0.01884   0.01577   0.08305   0.00957   0.05308   0.02026   0.49537   0.04797   0.01143   0.20304   0.21823   0.01444   0.01781   0.06677   0.14598   0.05170   0.01001   0.05238   0.00079   7.29910   1.56813   1.02183   1.37066   1.00429  
 20 27.6960   2213.013560  x:  0.24666   0.06661   0.16912   0.22722   0.01959   0.01576   0.08525   0.01011   0.05351   0.02081   0.50732   0.04627   0.01191   0.20291   0.21730   0.01466   0.01791   0.07196   0.15245   0.05228   0.01014   0.05055   0.00081   7.29909   1.56430   1.02963   1.38631   1.00450  
 21 18.3505   2212.924586  x:  0.25005   0.06704   0.17270   0.22940   0.01909   0.01636   0.08788   0.01000   0.05220   0.02021   0.51522   0.05086   0.00867   0.20397   0.21923   0.01474   0.01858   0.06976   0.15147   0.05113   0.01029   0.05054   0.00083   7.29908   1.56209   1.03745   1.40287   1.00476  
 22 14.9392   2212.816976  x:  0.25898   0.06385   0.17561   0.23350   0.01969   0.01585   0.08458   0.00991   0.05471   0.02035   0.52025   0.04851   0.01065   0.20615   0.22315   0.01467   0.01826   0.06957   0.14719   0.05232   0.01027   0.04940   0.00085   7.29910   1.56156   1.04721   1.42453   1.00514  
 23 21.6697   2212.753845  x:  0.26249   0.06328   0.17313   0.23417   0.01949   0.01622   0.08279   0.01058   0.05195   0.02117   0.51750   0.04572   0.00815   0.20589   0.22366   0.01476   0.01843   0.07169   0.14691   0.05133   0.01052   0.05264   0.00085   7.29916   1.56451   1.05272   1.43682   1.00537  
 24 12.8707   2212.576546  x:  0.26686   0.06569   0.16372   0.23262   0.01966   0.01628   0.08035   0.01055   0.04953   0.02147   0.50183   0.04930   0.01130   0.20400   0.22238   0.01521   0.01839   0.07178   0.15107   0.05172   0.01080   0.04912   0.00092   7.29943   1.57904   1.06726   1.46967   1.00600  
 25 20.8570   2212.451792  x:  0.26572   0.06482   0.16154   0.23110   0.02001   0.01651   0.08076   0.00965   0.05652   0.02116   0.49023   0.04928   0.00753   0.20241   0.22048   0.01510   0.01917   0.07025   0.15286   0.05209   0.01081   0.04817   0.00095   7.29965   1.59215   1.07675   1.49102   1.00644  
 26 39.2676   2212.260733  x:  0.25690   0.05867   0.17228   0.22933   0.02030   0.01635   0.07958   0.00924   0.05748   0.02137   0.47521   0.05271   0.01061   0.20261   0.21855   0.01565   0.01862   0.07306   0.15068   0.05054   0.01125   0.05150   0.00100   7.30003   1.61870   1.08866   1.51772   1.00706  
 27 26.1534   2212.161649  x:  0.25250   0.05813   0.17723   0.22972   0.02032   0.01664   0.07833   0.01006   0.05355   0.02199   0.47182   0.04953   0.00881   0.20344   0.21868   0.01579   0.01917   0.07097   0.14899   0.05278   0.01121   0.04709   0.00105   7.30024   1.63506   1.09343   1.52738   1.00740  
 28 24.7839   2211.894255  x:  0.25048   0.06328   0.17578   0.23491   0.02088   0.01705   0.06980   0.01020   0.05590   0.02230   0.48300   0.04991   0.00761   0.20782   0.22395   0.01638   0.01937   0.07180   0.14975   0.04702   0.01185   0.04578   0.00116   7.30085   1.68887   1.10120   1.53814   1.00849  
 29 16.3694   2211.728301  x:  0.25216   0.05881   0.17192   0.23646   0.02092   0.01736   0.06919   0.01023   0.05611   0.02200   0.49238   0.05265   0.00682   0.20898   0.22592   0.01670   0.01947   0.07345   0.15128   0.05413   0.01192   0.04786   0.00121   7.30127   1.72300   1.10591   1.54249   1.00927  
 30 49.1912   2211.659090  x:  0.25505   0.05293   0.17027   0.23505   0.02114   0.01733   0.07206   0.01054   0.05541   0.02209   0.49653   0.05180   0.00770   0.20753   0.22469   0.01678   0.01969   0.07306   0.15222   0.05144   0.01209   0.04616   0.00124   7.30146   1.73485   1.10809   1.54235   1.00965  
 31 21.6172   2211.595377  x:  0.26178   0.05402   0.17422   0.22932   0.02131   0.01750   0.06954   0.01064   0.05565   0.02219   0.49967   0.05188   0.00772   0.20138   0.21796   0.01702   0.01980   0.07333   0.15218   0.05176   0.01224   0.04596   0.00127   7.30173   1.73822   1.11143   1.53680   1.01038  
 32  6.3377   2211.303389  x:  0.26152   0.04938   0.17466   0.22950   0.02237   0.01798   0.06403   0.01098   0.05650   0.02261   0.49500   0.05363   0.00618   0.21230   0.22010   0.01785   0.02047   0.07501   0.15443   0.05177   0.01286   0.04449   0.00143   7.30351   1.69021   1.12703   1.48195   1.01672  
 33  4.0386   2211.192508  x:  0.25873   0.04739   0.17486   0.23736   0.02262   0.01815   0.06202   0.01115   0.05657   0.02263   0.49390   0.05430   0.00666   0.19933   0.22562   0.01805   0.02076   0.07545   0.15506   0.05173   0.01310   0.04388   0.00149   7.30416   1.66746   1.11227   1.46748   1.01889  
 34  8.5775   2211.003256  x:  0.25996   0.04534   0.17510   0.23535   0.02293   0.01861   0.05882   0.01155   0.05671   0.02264   0.49394   0.05487   0.00561   0.20601   0.21922   0.01863   0.02086   0.07606   0.15533   0.05153   0.01348   0.04282   0.00158   7.30519   1.62553   1.05844   1.45318   1.02101  
 35 11.1474   2210.995575  x:  0.26013   0.04537   0.17536   0.23167   0.02299   0.01864   0.05863   0.01158   0.05676   0.02260   0.49392   0.05485   0.00536   0.20587   0.22265   0.01860   0.02087   0.07607   0.15542   0.05151   0.01346   0.04278   0.00159   7.30525   1.62415   1.05655   1.45278   1.01924  
 36  2.2325   2210.930128  x:  0.26026   0.04540   0.17540   0.23312   0.02324   0.01891   0.05861   0.01191   0.05676   0.02193   0.49364   0.05517   0.00539   0.20601   0.22163   0.01839   0.02103   0.07623   0.15574   0.05147   0.01340   0.04269   0.00159   7.30611   1.61975   1.05353   1.45037   0.97715  
 37  0.9314   2209.853185  x:  0.26098   0.05104   0.17697   0.23350   0.02683   0.02426   0.06528   0.01798   0.05658   0.00703   0.49110   0.05945   0.00637   0.20640   0.22205   0.01472   0.02161   0.07833   0.15881   0.05016   0.01195   0.04227   0.00158   7.30323   1.61515   1.04756   1.44233   1.00519  
 38  0.1216   2209.723355  x:  0.26071   0.04695   0.17673   0.23276   0.02675   0.02573   0.06017   0.02037   0.05512   0.00679   0.49506   0.05729   0.00653   0.20638   0.22093   0.01597   0.02161   0.07828   0.15712   0.05064   0.01295   0.04455   0.00196   7.29219   1.63505   1.06351   1.45777   1.01387  
 39  0.0215   2209.619673  x:  0.26109   0.05023   0.17668   0.23354   0.02533   0.02656   0.06374   0.02184   0.05507   0.00794   0.49460   0.05611   0.00560   0.20634   0.22211   0.01729   0.02234   0.07873   0.15768   0.05082   0.01405   0.04237   0.00260   7.30055   1.61539   1.05144   1.44485   1.01181  
 40  0.0107   2209.520491  x:  0.26139   0.04984   0.17681   0.23369   0.02421   0.02585   0.06340   0.02102   0.05551   0.00460   0.49128   0.05693   0.00633   0.20640   0.22217   0.01605   0.02395   0.07901   0.15883   0.05055   0.01339   0.04268   0.00312   7.30096   1.62296   1.05471   1.45345   1.00459  
 41  0.0099   2209.383728  x:  0.26060   0.04851   0.17650   0.23276   0.02339   0.02381   0.06262   0.01829   0.05597   0.00738   0.49103   0.05724   0.00758   0.20634   0.22125   0.01516   0.02335   0.07791   0.15771   0.05025   0.01315   0.04536   0.00414   7.29600   1.63762   1.06402   1.46213   1.00551  
 42  0.0116   2209.303629  x:  0.26050   0.04943   0.17649   0.23316   0.02541   0.02421   0.06324   0.01841   0.05501   0.00639   0.49565   0.05707   0.00582   0.20617   0.22120   0.01469   0.02140   0.07757   0.15651   0.05077   0.01227   0.04338   0.00514   7.29522   1.62490   1.05748   1.44920   1.01487  
 43  0.0120   2209.284764  x:  0.26119   0.04919   0.17658   0.23337   0.02578   0.02465   0.06276   0.01880   0.05546   0.00665   0.49280   0.05720   0.00704   0.20637   0.22165   0.01483   0.02208   0.07833   0.15820   0.05063   0.01187   0.04345   0.00576   7.30078   1.62455   1.05613   1.45236   1.01019  
 44  0.0053   2209.282207  x:  0.26095   0.04911   0.17660   0.23323   0.02564   0.02481   0.06293   0.01900   0.05542   0.00677   0.49325   0.05711   0.00639   0.20626   0.22147   0.01467   0.02222   0.07821   0.15781   0.05056   0.01181   0.04378   0.00596   7.29858   1.62695   1.05806   1.45363   1.00973  
 45  0.0035   2209.281972  x:  0.26087   0.04917   0.17654   0.23321   0.02556   0.02482   0.06283   0.01908   0.05538   0.00681   0.49355   0.05710   0.00650   0.20627   0.22142   0.01460   0.02221   0.07812   0.15761   0.05062   0.01179   0.04365   0.00600   7.29812   1.62663   1.05797   1.45303   1.01030  
 46  0.0010   2209.281953  x:  0.26092   0.04915   0.17655   0.23324   0.02552   0.02481   0.06287   0.01911   0.05538   0.00681   0.49346   0.05714   0.00650   0.20627   0.22144   0.01458   0.02221   0.07813   0.15765   0.05061   0.01178   0.04367   0.00600   7.29859   1.62632   1.05767   1.45286   1.01034  
 47  0.0005   2209.281950  x:  0.26092   0.04916   0.17656   0.23324   0.02551   0.02481   0.06286   0.01912   0.05538   0.00681   0.49347   0.05714   0.00649   0.20627   0.22145   0.01458   0.02220   0.07813   0.15766   0.05060   0.01177   0.04366   0.00599   7.29853   1.62647   1.05779   1.45298   1.01029  
 48  0.0002   2209.281950  x:  0.26091   0.04915   0.17656   0.23323   0.02552   0.02481   0.06286   0.01912   0.05538   0.00682   0.49348   0.05714   0.00649   0.20627   0.22144   0.01458   0.02220   0.07814   0.15766   0.05061   0.01177   0.04366   0.00599   7.29849   1.62643   1.05777   1.45294   1.01029  
 49  0.0000   2209.281950  x:  0.26092   0.04915   0.17656   0.23323   0.02552   0.02481   0.06286   0.01912   0.05538   0.00682   0.49348   0.05714   0.00649   0.20627   0.22144   0.01458   0.02220   0.07813   0.15766   0.05061   0.01177   0.04366   0.00599   7.29850   1.62643   1.05777   1.45295   1.01029  
 50  0.0000   2209.281950  x:  0.26092   0.04915   0.17656   0.23323   0.02552   0.02481   0.06286   0.01912   0.05538   0.00682   0.49348   0.05714   0.00649   0.20627   0.22144   0.01458   0.02220   0.07813   0.15766   0.05061   0.01177   0.04366   0.00599   7.29850   1.62644   1.05777   1.45295   1.01029  
 51  0.0000   2209.281950  x:  0.26092   0.04915   0.17656   0.23323   0.02552   0.02481   0.06286   0.01912   0.05538   0.00682   0.49348   0.05714   0.00649   0.20627   0.22144   0.01458   0.02220   0.07813   0.15766   0.05061   0.01177   0.04366   0.00599   7.29850   1.62643   1.05777   1.45295   1.01029  