

TREE # 1

  0  0.0000   2259.569767  x:  0.08814   0.00427   0.11088   0.02705   0.06652   0.05031   0.06243   0.03724   0.10292   0.04943   0.07046   0.16038   0.00000   0.09742   0.01530   0.04806   0.00305   0.08537   0.12001   0.08880   0.12192   0.06470   0.12142   0.10676   2.00000   1.59618   1.06972   1.46217   0.40000  
  1 99.0000   2259.564963  x:  0.08814   0.00427   0.11088   0.02705   0.06652   0.05030   0.06243   0.03724   0.10292   0.04943   0.07046   0.16038   0.00000   0.09742   0.01531   0.04806   0.00306   0.08538   0.12000   0.08880   0.12192   0.06470   0.12142   0.10676   2.00000   1.59618   1.06972   1.46217   0.40000  
  2 573.3637   2248.233473  x:  0.09217   0.00850   0.11746   0.02893   0.06346   0.04404   0.06356   0.03380   0.10225   0.05074   0.06873   0.16335   0.00000   0.11182   0.02230   0.04544   0.00000   0.10326   0.11308   0.08514   0.11958   0.06130   0.12325   0.11079   2.00258   1.59531   1.06958   1.46268   0.40800  
  3 1298.5640   2242.445028  x:  0.09493   0.00000   0.12190   0.02961   0.06123   0.03927   0.06431   0.03160   0.10175   0.05150   0.06741   0.16545   0.00000   0.12047   0.02199   0.04363   0.00055   0.11272   0.10736   0.08205   0.11757   0.05859   0.12457   0.11355   2.00476   1.59456   1.06951   1.46310   0.41429  
  4 981.4167   2237.459956  x:  0.09910   0.00124   0.12890   0.02850   0.05738   0.03055   0.06529   0.02920   0.10089   0.05222   0.06505   0.16938   0.00000   0.12887   0.00608   0.04113   0.00077   0.11649   0.09499   0.07531   0.11312   0.05300   0.12683   0.11773   2.00964   1.59287   1.06949   1.46402   0.42683  
  5 468.1204   2228.970010  x:  0.10822   0.00119   0.14547   0.02083   0.04731   0.00759   0.06692   0.02787   0.09861   0.05271   0.05879   0.18084   0.00000   0.13419   0.01195   0.03889   0.00153   0.09352   0.05303   0.05392   0.09906   0.03824   0.13246   0.12685   2.02734   1.58674   1.06963   1.46723   0.46721  
  6 353.0814   2225.780332  x:  0.11277   0.00103   0.15424   0.02261   0.04397   0.02276   0.06762   0.02884   0.09767   0.05311   0.05639   0.18779   0.00000   0.13549   0.01355   0.04011   0.00187   0.08580   0.02605   0.04279   0.09040   0.03204   0.13560   0.13140   2.04083   1.58216   1.06971   1.46962   0.49431  
  7 381.8874   2222.523534  x:  0.11167   0.00081   0.15673   0.03607   0.05258   0.01830   0.06510   0.03644   0.09726   0.05171   0.06027   0.19729   0.00000   0.11462   0.01286   0.06077   0.00147   0.09480   0.01715   0.04455   0.07878   0.04508   0.13797   0.13031   2.08037   1.56919   1.07015   1.47597   0.55205  
  8 121.5557   2219.332858  x:  0.11013   0.00063   0.15793   0.02318   0.05533   0.02474   0.06381   0.03522   0.09697   0.05083   0.06081   0.20860   0.00000   0.10604   0.01337   0.07163   0.00092   0.09644   0.04436   0.04372   0.07029   0.04673   0.14035   0.12878   2.14352   1.54885   1.07121   1.48536   0.63279  
  9 225.1526   2215.668650  x:  0.09709   0.00098   0.13441   0.03128   0.05567   0.02523   0.06450   0.02632   0.09961   0.05224   0.06683   0.20506   0.00000   0.11948   0.01315   0.05688   0.00084   0.08624   0.04628   0.07416   0.09720   0.04531   0.13394   0.11576   2.24319   1.51867   1.07410   1.49773   0.70894  
 10 148.1016   2213.764379  x:  0.09325   0.00123   0.12148   0.01899   0.05519   0.02505   0.06476   0.04017   0.10084   0.05067   0.06552   0.19215   0.00000   0.11382   0.01321   0.04212   0.00088   0.09502   0.04014   0.07266   0.10795   0.04642   0.12762   0.11193   2.31109   1.49991   1.07685   1.50429   0.72762  
 11 133.3921   2210.601062  x:  0.09645   0.00162   0.11568   0.03673   0.05253   0.02340   0.06527   0.04394   0.10142   0.05022   0.06128   0.16426   0.00000   0.10769   0.01371   0.02610   0.00100   0.09641   0.04743   0.04811   0.11525   0.04569   0.11920   0.11516   2.45185   1.46335   1.08269   1.51604   0.73700  
 12 201.6828   2203.376701  x:  0.10553   0.00211   0.12337   0.02702   0.05329   0.02388   0.06503   0.02776   0.10112   0.05176   0.05616   0.11265   0.00000   0.11919   0.01285   0.06292   0.00097   0.09497   0.04086   0.03537   0.12346   0.05285   0.11167   0.12431   2.81299   1.37456   1.09641   1.54318   0.72142  
 13 361.3905   2189.284177  x:  0.11844   0.00126   0.17038   0.02814   0.05362   0.02390   0.06556   0.04088   0.09716   0.05148   0.06235   0.15748   0.00000   0.11459   0.01382   0.05323   0.00134   0.09409   0.04153   0.08064   0.08214   0.03099   0.13239   0.13739   3.59026   1.20054   1.11960   1.59174   0.64194  
 14 492.0370   2185.915667  x:  0.10635   0.00136   0.15831   0.02278   0.05542   0.02376   0.06438   0.02309   0.09858   0.05196   0.06421   0.19828   0.00000   0.12042   0.01349   0.04881   0.00165   0.09474   0.03635   0.05829   0.07950   0.05735   0.14054   0.12534   3.77269   1.18264   1.11593   1.59365   0.62063  
 15 253.1031   2184.391463  x:  0.10028   0.00122   0.14587   0.02679   0.05348   0.02247   0.06620   0.03543   0.09993   0.05460   0.06390   0.21968   0.00000   0.12876   0.01294   0.06486   0.00158   0.09517   0.03783   0.04408   0.08908   0.04627   0.14270   0.11930   3.86119   1.19822   1.10464   1.58467   0.61290  
 16 129.8930   2182.384168  x:  0.10371   0.00127   0.13350   0.02648   0.05210   0.02216   0.06537   0.02141   0.10026   0.05037   0.05915   0.22986   0.00000   0.11658   0.01348   0.07060   0.00148   0.10248   0.03492   0.04287   0.09176   0.02885   0.13938   0.12276   3.97187   1.24920   1.07838   1.55988   0.60905  
 17 119.4439   2177.311768  x:  0.12676   0.00152   0.13099   0.02624   0.04840   0.02314   0.06604   0.03065   0.09899   0.05233   0.05215   0.23382   0.00000   0.12577   0.01320   0.06652   0.00156   0.09590   0.03703   0.05475   0.08322   0.04912   0.13425   0.14592   4.29621   1.43034   0.98963   1.47287   0.60843  
 18 272.2999   2175.997942  x:  0.11306   0.00141   0.15169   0.02383   0.05735   0.02274   0.06547   0.02993   0.09852   0.05587   0.07218   0.22407   0.00000   0.12631   0.01337   0.06122   0.00162   0.09648   0.03627   0.05141   0.08211   0.04577   0.14198   0.13226   4.37932   1.48117   0.96882   1.44750   0.60957  
 19 134.1289   2175.758694  x:  0.10525   0.00141   0.15785   0.02501   0.05230   0.02286   0.06564   0.03034   0.09846   0.05159   0.06419   0.22103   0.00000   0.12632   0.01335   0.06129   0.00159   0.09710   0.03636   0.05267   0.08058   0.04634   0.14524   0.12446   4.39231   1.49011   0.96951   1.44227   0.61017  
 20 32.9648   2175.613080  x:  0.10370   0.00144   0.15895   0.02503   0.05411   0.02283   0.06524   0.02989   0.09829   0.06004   0.05883   0.22060   0.00000   0.12549   0.01342   0.06081   0.00161   0.09765   0.03623   0.05330   0.08047   0.04601   0.14638   0.12293   4.39744   1.49515   0.97980   1.43807   0.61125  
 21  9.8357   2174.087856  x:  0.10841   0.00195   0.15891   0.02522   0.06017   0.02321   0.06682   0.03012   0.09880   0.05131   0.06264   0.22236   0.00000   0.13092   0.01420   0.06045   0.00194   0.10086   0.03661   0.05316   0.08389   0.04630   0.15082   0.12786   4.44085   1.54462   1.11333   1.39556   0.62462  
 22 27.4061   2173.729705  x:  0.10761   0.00205   0.15807   0.02528   0.04653   0.02349   0.06544   0.02959   0.09976   0.05638   0.06987   0.22224   0.00000   0.13026   0.01430   0.06168   0.00199   0.10277   0.03663   0.05385   0.08061   0.04714   0.14584   0.12713   4.44766   1.55292   1.12901   1.39764   0.62680  
 23 22.7752   2170.190610  x:  0.09952   0.00288   0.16724   0.02597   0.05664   0.02321   0.07050   0.02932   0.10291   0.05434   0.06727   0.22639   0.00000   0.14807   0.01598   0.06009   0.00277   0.11094   0.03599   0.05403   0.06353   0.04287   0.09546   0.11962   4.49409   1.61346   1.17137   1.50347   0.64410  
 24 18.6334   2157.305429  x:  0.11916   0.00615   0.21262   0.02798   0.04579   0.02673   0.05550   0.02571   0.09626   0.05409   0.05739   0.23163   0.00000   0.17157   0.02394   0.04715   0.00620   0.15677   0.03769   0.05512   0.12646   0.04850   0.13334   0.14189   4.69412   1.87074   1.31177   2.00324   0.72407  
 25 170.3758   2155.105474  x:  0.11800   0.00719   0.18716   0.02950   0.04770   0.02626   0.08376   0.02453   0.09511   0.05630   0.06043   0.21660   0.00000   0.18342   0.02578   0.04551   0.00675   0.16360   0.03714   0.05735   0.09973   0.04290   0.16656   0.14115   4.72493   1.90498   1.32737   2.07413   0.73661  
 26 105.2323   2154.522499  x:  0.11681   0.00751   0.17571   0.03032   0.05063   0.02593   0.06727   0.02565   0.09535   0.05519   0.06075   0.21070   0.00000   0.19095   0.02626   0.04480   0.00689   0.16460   0.03679   0.05770   0.08655   0.03895   0.17654   0.14006   4.73176   1.90839   1.32740   2.08398   0.73966  
 27 45.3252   2143.705297  x:  0.12290   0.01015   0.17468   0.03427   0.04734   0.02712   0.06951   0.02314   0.07997   0.05826   0.05125   0.21154   0.00000   0.21907   0.03081   0.04775   0.00888   0.19557   0.03461   0.05242   0.09354   0.03154   0.16272   0.14794   4.79149   1.41738   0.91498   1.43030   0.81111  
 28 11.7601   2143.465818  x:  0.12365   0.01020   0.17559   0.03430   0.04756   0.02700   0.06982   0.02297   0.09583   0.05843   0.05058   0.21152   0.00000   0.21963   0.03094   0.04774   0.00894   0.19640   0.03453   0.05231   0.09375   0.03128   0.16337   0.14874   4.79343   1.40390   0.90361   1.41238   0.81316  
 29 56.1451   2135.707989  x:  0.12881   0.01003   0.20332   0.03197   0.03885   0.01861   0.07059   0.02337   0.10147   0.05915   0.05759   0.22263   0.00000   0.26697   0.03360   0.03824   0.01061   0.23778   0.01973   0.03928   0.08515   0.02672   0.14864   0.15586   5.82685   1.46289   1.13106   1.48101   0.95461  
 30  0.6590   2133.116960  x:  0.12671   0.01114   0.20567   0.03767   0.05182   0.01630   0.07053   0.02657   0.09619   0.05730   0.05660   0.21589   0.00000   0.28574   0.03646   0.05473   0.01165   0.26518   0.03168   0.05210   0.08346   0.03406   0.14158   0.15505   6.55159   1.41611   1.06991   1.47015   1.01656  
 31  0.5044   2132.141159  x:  0.12294   0.01094   0.20405   0.03376   0.04612   0.01645   0.07036   0.02321   0.09578   0.05732   0.05435   0.20732   0.00000   0.28821   0.03740   0.04708   0.01238   0.27657   0.02668   0.04571   0.08179   0.03373   0.14428   0.15177   7.12056   1.41433   1.00542   1.50202   1.04046  
 32  0.3481   2131.554548  x:  0.12355   0.00965   0.20087   0.03130   0.04409   0.01844   0.07061   0.02671   0.09908   0.05915   0.05690   0.20463   0.00000   0.27815   0.03669   0.04617   0.01223   0.27808   0.02542   0.04467   0.08948   0.02682   0.14127   0.15221   7.64005   1.39699   1.02971   1.46522   1.04181  
 33  0.2544   2131.290471  x:  0.12523   0.00849   0.19604   0.03240   0.04607   0.01897   0.07053   0.02395   0.10002   0.05836   0.05560   0.20412   0.00000   0.26654   0.03574   0.04557   0.01189   0.27519   0.02742   0.04464   0.08759   0.03288   0.14350   0.15357   7.96896   1.42558   1.05698   1.49660   1.03015  
 34  0.2569   2131.218414  x:  0.12569   0.00787   0.19496   0.03353   0.04637   0.01820   0.07022   0.02490   0.09770   0.05772   0.05512   0.20403   0.00000   0.26271   0.03533   0.04808   0.01178   0.27329   0.02729   0.04596   0.08549   0.03119   0.14453   0.15391   8.12730   1.41009   1.03566   1.48798   1.02275  
 35  0.1238   2131.206663  x:  0.12576   0.00755   0.19808   0.03380   0.04640   0.01790   0.07028   0.02458   0.09755   0.05805   0.05568   0.20506   0.00000   0.26255   0.03520   0.04675   0.01173   0.27111   0.02722   0.04552   0.08645   0.03118   0.14370   0.15392   8.15567   1.40725   1.03170   1.48572   1.02085  
 36  0.0183   2131.200475  x:  0.12568   0.00739   0.19920   0.03391   0.04582   0.01790   0.07038   0.02473   0.09816   0.05808   0.05532   0.20537   0.00000   0.26421   0.03530   0.04724   0.01171   0.26855   0.02705   0.04579   0.08591   0.03106   0.14448   0.15380   8.15933   1.41152   1.03645   1.49128   1.02022  
 37  0.0049   2131.197347  x:  0.12566   0.00740   0.19874   0.03388   0.04629   0.01806   0.07035   0.02463   0.09799   0.05805   0.05546   0.20505   0.00000   0.26575   0.03558   0.04737   0.01175   0.26729   0.02703   0.04568   0.08580   0.03129   0.14472   0.15378   8.17026   1.40659   1.03399   1.48484   1.02127  
 38  0.0093   2131.196268  x:  0.12570   0.00742   0.19815   0.03381   0.04636   0.01811   0.07036   0.02471   0.09789   0.05801   0.05554   0.20472   0.00000   0.26610   0.03578   0.04720   0.01180   0.26680   0.02719   0.04574   0.08615   0.03111   0.14454   0.15383   8.18503   1.40905   1.03427   1.48824   1.02200  
 39  0.0111   2131.195991  x:  0.12577   0.00744   0.19791   0.03381   0.04612   0.01804   0.07040   0.02466   0.09785   0.05801   0.05542   0.20476   0.00000   0.26601   0.03589   0.04722   0.01183   0.26669   0.02717   0.04566   0.08618   0.03114   0.14429   0.15391   8.18897   1.40873   1.03424   1.48760   1.02216  
 40  0.0026   2131.195815  x:  0.12578   0.00748   0.19793   0.03382   0.04628   0.01796   0.07035   0.02467   0.09792   0.05804   0.05543   0.20481   0.00000   0.26579   0.03602   0.04720   0.01188   0.26657   0.02712   0.04568   0.08609   0.03107   0.14425   0.15394   8.18602   1.40901   1.03471   1.48785   1.02196  
 41  0.0013   2131.195713  x:  0.12573   0.00749   0.19809   0.03382   0.04620   0.01801   0.07037   0.02469   0.09792   0.05802   0.05550   0.20478   0.00000   0.26560   0.03611   0.04720   0.01193   0.26656   0.02716   0.04572   0.08608   0.03110   0.14435   0.15390   8.18429   1.40871   1.03432   1.48763   1.02188  
 42  0.0009   2131.195657  x:  0.12571   0.00747   0.19815   0.03379   0.04624   0.01805   0.07038   0.02465   0.09787   0.05801   0.05541   0.20483   0.00000   0.26555   0.03612   0.04723   0.01198   0.26662   0.02712   0.04567   0.08613   0.03108   0.14441   0.15389   8.18649   1.40880   1.03443   1.48784   1.02203  
 43  0.0009   2131.195576  x:  0.12573   0.00741   0.19809   0.03379   0.04621   0.01802   0.07036   0.02468   0.09786   0.05804   0.05550   0.20485   0.00000   0.26565   0.03608   0.04721   0.01205   0.26670   0.02711   0.04570   0.08609   0.03109   0.14439   0.15394   8.18668   1.40888   1.03463   1.48778   1.02231  
 44  0.0001   2131.195557  x:  0.12572   0.00741   0.19807   0.03381   0.04623   0.01802   0.07038   0.02468   0.09790   0.05802   0.05545   0.20484   0.00000   0.26566   0.03605   0.04721   0.01206   0.26665   0.02713   0.04570   0.08610   0.03109   0.14436   0.15393   8.18314   1.40881   1.03440   1.48771   1.02208  
 45  0.0020   2131.195554  x:  0.12571   0.00741   0.19805   0.03381   0.04622   0.01802   0.07037   0.02467   0.09790   0.05802   0.05547   0.20481   0.00000   0.26565   0.03605   0.04722   0.01207   0.26663   0.02712   0.04569   0.08611   0.03109   0.14435   0.15392   8.18267   1.40882   1.03443   1.48773   1.02194  
 46  0.0003   2131.195552  x:  0.12572   0.00742   0.19806   0.03381   0.04622   0.01802   0.07037   0.02468   0.09789   0.05802   0.05546   0.20480   0.00000   0.26566   0.03604   0.04721   0.01207   0.26663   0.02712   0.04569   0.08611   0.03109   0.14435   0.15393   8.18307   1.40880   1.03445   1.48772   1.02184  
 47  0.0002   2131.195551  x:  0.12572   0.00742   0.19807   0.03381   0.04622   0.01802   0.07037   0.02467   0.09789   0.05802   0.05546   0.20481   0.00000   0.26568   0.03603   0.04722   0.01207   0.26664   0.02712   0.04569   0.08611   0.03109   0.14435   0.15393   8.18357   1.40881   1.03444   1.48772   1.02183  
 48  0.0003   2131.195551  x:  0.12572   0.00742   0.19806   0.03381   0.04622   0.01802   0.07037   0.02468   0.09790   0.05802   0.05546   0.20482   0.00000   0.26568   0.03603   0.04721   0.01208   0.26664   0.02712   0.04569   0.08611   0.03110   0.14435   0.15393   8.18373   1.40881   1.03443   1.48772   1.02184  
 49  0.0001   2131.195550  x:  0.12571   0.00742   0.19806   0.03381   0.04622   0.01802   0.07037   0.02468   0.09790   0.05802   0.05546   0.20482   0.00000   0.26567   0.03603   0.04721   0.01208   0.26663   0.02712   0.04569   0.08611   0.03110   0.14435   0.15393   8.18369   1.40880   1.03444   1.48771   1.02186  
 50  0.0000   2131.195550  x:  0.12571   0.00743   0.19806   0.03381   0.04622   0.01802   0.07037   0.02468   0.09789   0.05802   0.05546   0.20482   0.00000   0.26567   0.03603   0.04721   0.01208   0.26663   0.02712   0.04569   0.08611   0.03110   0.14435   0.15393   8.18367   1.40881   1.03444   1.48772   1.02188  
 51  0.0000   2131.195550  x:  0.12571   0.00743   0.19806   0.03381   0.04622   0.01802   0.07037   0.02468   0.09789   0.05802   0.05546   0.20482   0.00000   0.26567   0.03603   0.04721   0.01208   0.26663   0.02712   0.04569   0.08611   0.03110   0.14435   0.15393   8.18368   1.40881   1.03444   1.48772   1.02188  
 52  0.0000   2131.195550  x:  0.12571   0.00743   0.19806   0.03381   0.04622   0.01802   0.07037   0.02468   0.09789   0.05802   0.05546   0.20482   0.00000   0.26567   0.03603   0.04721   0.01208   0.26663   0.02712   0.04569   0.08611   0.03110   0.14435   0.15393   8.18369   1.40881   1.03444   1.48772   1.02188  
 53  0.0000   2131.195550  x:  0.12571   0.00743   0.19806   0.03381   0.04622   0.01802   0.07037   0.02468   0.09789   0.05802   0.05546   0.20482   0.00000   0.26567   0.03603   0.04721   0.01208   0.26663   0.02712   0.04569   0.08611   0.03110   0.14435   0.15393   8.18369   1.40881   1.03444   1.48772   1.02188  