

TREE # 1

  0  0.0000   2179.288185  x:  0.05090   0.00744   0.11344   0.00000   0.09811   0.05163   0.06392   0.07060   0.10793   0.04708   0.08624   0.10020   0.02797   0.06171   0.02245   0.06265   0.05501   0.04890   0.05315   0.06381   0.07780   0.07621   0.07695   0.06952   2.00000   1.77080   1.20894   1.54086   0.40000  
  1 99.0000   2140.293492  x:  0.09584   0.05962   0.15844   0.08060   0.09116   0.01951   0.08325   0.09180   0.09589   0.09541   0.09650   0.13280   0.02387   0.14892   0.07045   0.02097   0.01530   0.07168   0.01868   0.07853   0.04611   0.08790   0.11644   0.11446   2.01108   1.76883   1.20355   1.54628   0.43983  
  2 583.3268   2132.506717  x:  0.10266   0.04439   0.17497   0.06150   0.08294   0.01420   0.08764   0.09558   0.08926   0.10063   0.09313   0.14174   0.01821   0.16167   0.06414   0.00326   0.00744   0.07321   0.01570   0.08134   0.03225   0.08996   0.12477   0.12128   2.01896   1.76699   1.20109   1.54959   0.46254  
  3 248.7191   2124.146502  x:  0.11600   0.02062   0.20529   0.03101   0.06829   0.00821   0.09562   0.10272   0.07769   0.11202   0.08730   0.15823   0.01041   0.18733   0.05602   0.01431   0.00680   0.07665   0.01230   0.08658   0.01157   0.09385   0.14052   0.13462   2.03377   1.76357   1.19643   1.55583   0.50420  
  4 792.4786   2118.139656  x:  0.12805   0.00535   0.23301   0.00601   0.05563   0.01736   0.10214   0.10887   0.06877   0.12382   0.08152   0.17300   0.01125   0.21217   0.05147   0.01342   0.01841   0.07971   0.01607   0.09062   0.02206   0.09712   0.15479   0.14667   2.04873   1.76011   1.19188   1.56208   0.54358  
  5 681.8124   2116.794851  x:  0.12762   0.01141   0.24005   0.00000   0.05357   0.01643   0.10118   0.10830   0.06944   0.12480   0.07810   0.17549   0.01601   0.21420   0.04788   0.01505   0.01349   0.07808   0.01840   0.08958   0.02497   0.09672   0.15582   0.14624   2.05574   1.75843   1.19027   1.56472   0.55713  
  6 169.3212   2114.143671  x:  0.12146   0.01056   0.26078   0.01079   0.04966   0.01663   0.09523   0.10453   0.07393   0.12492   0.06745   0.18004   0.02125   0.21277   0.03270   0.01793   0.00589   0.07049   0.02286   0.08473   0.03093   0.09423   0.15480   0.14008   2.08133   1.75224   1.18480   1.57416   0.60272  
  7 245.7469   2112.153204  x:  0.11306   0.01875   0.27846   0.01543   0.04901   0.01178   0.08803   0.09940   0.08016   0.12412   0.05807   0.18225   0.02291   0.20830   0.02835   0.01536   0.01850   0.06389   0.01955   0.07966   0.02822   0.09175   0.15089   0.13168   2.11021   1.74527   1.17910   1.58451   0.64893  
  8 359.5500   2109.593902  x:  0.10133   0.02288   0.29398   0.01519   0.05252   0.02400   0.08046   0.09325   0.08709   0.12295   0.05384   0.18022   0.01670   0.19927   0.04763   0.01577   0.01696   0.06141   0.01167   0.07510   0.02598   0.09002   0.14233   0.11995   2.15244   1.73520   1.17153   1.59905   0.70716  
  9 286.6762   2108.027597  x:  0.09540   0.02215   0.29808   0.01581   0.05650   0.01734   0.07892   0.09105   0.08913   0.12313   0.06036   0.17464   0.01248   0.19199   0.06411   0.01553   0.01694   0.06634   0.02596   0.07533   0.02691   0.08955   0.13483   0.11403   2.18886   1.72677   1.16572   1.61091   0.74798  
 10 246.4163   2106.417205  x:  0.09461   0.01755   0.29150   0.01600   0.05962   0.00860   0.08289   0.09248   0.08708   0.12290   0.07189   0.16478   0.02225   0.18385   0.07015   0.01623   0.01626   0.07388   0.01921   0.07884   0.03242   0.08925   0.12789   0.11323   2.22986   1.71769   1.16018   1.62323   0.78216  
 11 185.1544   2104.228223  x:  0.10058   0.02456   0.26913   0.01876   0.06397   0.01889   0.09366   0.09869   0.08102   0.12288   0.09058   0.14674   0.03061   0.17274   0.06247   0.01509   0.01878   0.08498   0.02069   0.08646   0.02392   0.08881   0.11900   0.11920   2.30669   1.70141   1.15106   1.64485   0.83274  
 12 246.4524   2101.976558  x:  0.10949   0.03277   0.23772   0.01798   0.06586   0.01616   0.09788   0.10247   0.07702   0.12139   0.09346   0.13541   0.01126   0.16948   0.05422   0.01633   0.01726   0.08347   0.01574   0.08756   0.03229   0.08980   0.11848   0.12811   2.38590   1.68577   1.14350   1.66475   0.86815  
 13 197.9885   2098.927308  x:  0.12028   0.02713   0.17990   0.01888   0.06766   0.01507   0.09127   0.10117   0.07884   0.11617   0.07736   0.13415   0.01910   0.17852   0.06224   0.01554   0.01717   0.06648   0.02002   0.08024   0.02836   0.09371   0.13346   0.13890   2.52580   1.66065   1.13313   1.69561   0.90284  
 14 189.6992   2094.188548  x:  0.09984   0.02494   0.15871   0.01681   0.06386   0.01725   0.07872   0.08882   0.09327   0.10685   0.08522   0.18297   0.01555   0.20219   0.05006   0.01567   0.01666   0.10342   0.01686   0.08457   0.02858   0.08461   0.14771   0.11846   2.83858   1.61728   1.12121   1.74626   0.88182  
 15 105.4869   2084.100645  x:  0.08791   0.02073   0.22971   0.01337   0.08088   0.01622   0.10682   0.11215   0.07290   0.10326   0.09055   0.20443   0.01646   0.20995   0.05105   0.01585   0.01636   0.05782   0.01824   0.08052   0.02930   0.10079   0.13800   0.10653   3.53550   1.53702   1.10270   1.83921   0.77834  
 16 262.1779   2079.755767  x:  0.11330   0.01538   0.27308   0.01178   0.05751   0.01563   0.08557   0.09548   0.08316   0.12122   0.06357   0.17122   0.01850   0.19510   0.05536   0.01525   0.01571   0.07560   0.01980   0.07682   0.02738   0.09071   0.12762   0.13193   3.83551   1.51895   1.09962   1.86185   0.72932  
 17 252.0872   2079.066202  x:  0.10706   0.01599   0.27547   0.01160   0.04586   0.01593   0.08053   0.09201   0.08141   0.13167   0.06900   0.15868   0.01789   0.19492   0.05582   0.01508   0.01573   0.06909   0.01959   0.08511   0.02704   0.08641   0.14065   0.12568   3.88958   1.53682   1.10479   1.84474   0.72737  
 18 47.8796   2077.961321  x:  0.10041   0.01436   0.27806   0.00965   0.06376   0.01588   0.08229   0.09371   0.08230   0.14331   0.06207   0.14423   0.01760   0.19710   0.05209   0.01515   0.01538   0.07583   0.01947   0.08369   0.02703   0.08607   0.15651   0.11903   3.98761   1.58955   1.11942   1.79309   0.73155  
 19 77.1958   2075.960303  x:  0.10484   0.01512   0.27662   0.01123   0.05101   0.01584   0.09018   0.09726   0.08561   0.13117   0.06694   0.15499   0.01838   0.19311   0.05502   0.01513   0.01600   0.07748   0.01960   0.06788   0.02725   0.09581   0.14606   0.12346   4.16217   1.69912   1.14941   1.68385   0.74604  
 20 118.3999   2075.538565  x:  0.10898   0.01491   0.27632   0.01134   0.05519   0.01567   0.08526   0.09633   0.08413   0.12620   0.06565   0.16197   0.01884   0.19297   0.05589   0.01522   0.01586   0.07344   0.01981   0.08174   0.02769   0.09216   0.13746   0.12760   4.20094   1.72419   1.15604   1.65874   0.74986  
 21 89.8815   2075.520334  x:  0.10929   0.01467   0.27608   0.01109   0.05603   0.01572   0.08414   0.09589   0.08293   0.12731   0.06696   0.16234   0.01889   0.19412   0.05570   0.01520   0.01585   0.07259   0.01977   0.07999   0.02761   0.08929   0.13592   0.12791   4.20272   1.72520   1.15599   1.65797   0.75007  
 22  6.7095   2075.481582  x:  0.10757   0.01421   0.27464   0.01095   0.05454   0.01564   0.08645   0.09579   0.08311   0.12971   0.06460   0.16107   0.01893   0.19769   0.05549   0.01514   0.01574   0.07246   0.01982   0.08056   0.02744   0.08866   0.13099   0.12619   4.20768   1.72685   1.15346   1.65878   0.75087  
 23  1.8252   2075.141906  x:  0.10646   0.01261   0.27383   0.00940   0.05578   0.01605   0.07643   0.09565   0.08322   0.12860   0.06883   0.15583   0.01872   0.20472   0.05176   0.01494   0.01534   0.07163   0.01919   0.07987   0.02710   0.10039   0.12474   0.12508   4.25332   1.73907   1.12985   1.66962   0.75995  
 24  6.7713   2073.708223  x:  0.10836   0.00899   0.27346   0.00780   0.05524   0.01593   0.08497   0.09501   0.08403   0.10931   0.06915   0.15226   0.01715   0.19562   0.05080   0.01435   0.01435   0.06955   0.01848   0.08005   0.02712   0.08753   0.13336   0.12698   4.44360   1.78415   1.04108   1.71416   0.79964  
 25 60.8310   2073.059869  x:  0.10787   0.00812   0.26812   0.00764   0.05362   0.01575   0.08336   0.09953   0.07309   0.12638   0.06393   0.16580   0.01726   0.17391   0.05036   0.01400   0.01385   0.07072   0.01816   0.07987   0.02717   0.09147   0.13356   0.12649   4.53151   1.79197   1.02858   1.73081   0.82022  
 26 49.8369   2072.113435  x:  0.11145   0.00315   0.26507   0.00385   0.05695   0.01584   0.08884   0.09782   0.09244   0.13751   0.07134   0.17091   0.01624   0.16363   0.04621   0.01366   0.01293   0.06281   0.01727   0.08128   0.02694   0.09332   0.13228   0.13007   4.66343   1.78225   1.05711   1.74942   0.85520  
 27 49.7568   2070.007128  x:  0.10907   0.00000   0.26292   0.00305   0.05371   0.01609   0.08771   0.09967   0.07752   0.12038   0.06741   0.16230   0.01566   0.16223   0.04358   0.01306   0.01190   0.06547   0.01651   0.08089   0.02682   0.09223   0.13141   0.12769   4.88652   1.75573   1.12618   1.77705   0.91612  
 28 140.7161   2069.993267  x:  0.10923   0.00009   0.26294   0.00313   0.05419   0.01614   0.08891   0.09588   0.07626   0.12039   0.06761   0.16241   0.01566   0.16222   0.04341   0.01306   0.01190   0.06531   0.01649   0.08087   0.02684   0.09320   0.13151   0.12784   4.88878   1.75465   1.12614   1.77628   0.91664  
 29  4.9915   2069.137634  x:  0.10629   0.00376   0.25964   0.00348   0.05484   0.01665   0.08989   0.09863   0.07702   0.11846   0.07007   0.15814   0.01531   0.16202   0.04094   0.01291   0.01210   0.06669   0.01656   0.08124   0.02753   0.09378   0.13223   0.12491   5.07243   1.58163   1.04938   1.60766   0.94620  
 30  2.4636   2067.467573  x:  0.10315   0.01603   0.25206   0.00645   0.05447   0.01752   0.09121   0.10295   0.07462   0.10773   0.07333   0.15660   0.01462   0.16231   0.03809   0.01243   0.01285   0.06899   0.01752   0.08322   0.02981   0.09054   0.12772   0.12176   5.55132   1.70865   1.17955   1.80963   0.99877  
 31  2.2673   2065.875305  x:  0.09748   0.01074   0.24817   0.00447   0.05810   0.01804   0.08714   0.09439   0.08137   0.11586   0.06785   0.16524   0.02086   0.18314   0.04579   0.01170   0.01248   0.06857   0.02019   0.07939   0.03276   0.09111   0.13346   0.11608   6.49858   1.65237   1.13059   1.76141   1.03694  
 32  0.5885   2065.510972  x:  0.10662   0.00923   0.25298   0.00467   0.05545   0.01761   0.08662   0.09837   0.07870   0.11597   0.06912   0.16468   0.01878   0.17479   0.04190   0.01136   0.01309   0.06943   0.01914   0.08045   0.03253   0.09176   0.13395   0.12522   6.91096   1.68128   1.11897   1.76557   1.02475  
 33  0.2560   2065.428102  x:  0.10314   0.00866   0.25291   0.00545   0.05542   0.01726   0.08847   0.09866   0.07794   0.11535   0.07019   0.16430   0.01737   0.17740   0.04335   0.01176   0.01306   0.06946   0.01859   0.08159   0.03171   0.09146   0.13365   0.12174   7.10875   1.67474   1.12965   1.77506   1.01038  
 34  0.1120   2065.420406  x:  0.10343   0.00859   0.25287   0.00524   0.05613   0.01733   0.08762   0.09784   0.07899   0.11533   0.06945   0.16454   0.01743   0.17648   0.04319   0.01191   0.01296   0.06941   0.01864   0.08082   0.03094   0.09132   0.13332   0.12203   7.13222   1.67531   1.12961   1.77586   1.00464  
 35  0.0179   2065.419559  x:  0.10330   0.00869   0.25205   0.00524   0.05608   0.01738   0.08762   0.09799   0.07874   0.11524   0.06972   0.16428   0.01767   0.17623   0.04314   0.01201   0.01293   0.06940   0.01859   0.08086   0.03079   0.09140   0.13321   0.12190   7.12677   1.67549   1.12857   1.77490   1.00302  
 36  0.0044   2065.419491  x:  0.10333   0.00876   0.25184   0.00522   0.05605   0.01737   0.08762   0.09797   0.07876   0.11520   0.06969   0.16422   0.01760   0.17621   0.04316   0.01204   0.01293   0.06938   0.01863   0.08090   0.03083   0.09137   0.13329   0.12193   7.12456   1.67515   1.12854   1.77476   1.00267  
 37  0.0018   2065.419484  x:  0.10333   0.00875   0.25183   0.00522   0.05606   0.01737   0.08763   0.09796   0.07878   0.11521   0.06971   0.16424   0.01761   0.17621   0.04315   0.01204   0.01294   0.06942   0.01863   0.08090   0.03085   0.09137   0.13328   0.12193   7.12460   1.67508   1.12854   1.77473   1.00252  
 38  0.0001   2065.419483  x:  0.10333   0.00875   0.25183   0.00522   0.05606   0.01737   0.08762   0.09796   0.07877   0.11520   0.06970   0.16423   0.01762   0.17620   0.04315   0.01204   0.01295   0.06940   0.01863   0.08089   0.03086   0.09137   0.13327   0.12193   7.12479   1.67511   1.12855   1.77475   1.00245  
 39  0.0002   2065.419482  x:  0.10332   0.00875   0.25183   0.00521   0.05606   0.01737   0.08762   0.09796   0.07877   0.11520   0.06970   0.16423   0.01761   0.17620   0.04315   0.01203   0.01295   0.06940   0.01863   0.08089   0.03086   0.09137   0.13327   0.12192   7.12476   1.67513   1.12856   1.77477   1.00245  
 40  0.0000   2065.419482  x:  0.10332   0.00875   0.25183   0.00521   0.05606   0.01737   0.08762   0.09796   0.07877   0.11520   0.06970   0.16423   0.01762   0.17619   0.04315   0.01203   0.01295   0.06940   0.01863   0.08089   0.03086   0.09137   0.13327   0.12192   7.12473   1.67513   1.12856   1.77477   1.00245  
 41  0.0000   2065.419482  x:  0.10333   0.00875   0.25183   0.00522   0.05606   0.01737   0.08762   0.09796   0.07877   0.11520   0.06970   0.16423   0.01762   0.17619   0.04315   0.01203   0.01295   0.06940   0.01863   0.08089   0.03086   0.09137   0.13327   0.12192   7.12473   1.67513   1.12856   1.77476   1.00244  
 42  0.0000   2065.419482  x:  0.10333   0.00875   0.25183   0.00522   0.05606   0.01737   0.08762   0.09796   0.07877   0.11520   0.06970   0.16423   0.01762   0.17619   0.04315   0.01203   0.01295   0.06940   0.01863   0.08089   0.03086   0.09137   0.13327   0.12192   7.12473   1.67513   1.12856   1.77476   1.00244  