

TREE # 1

  0  0.0000   2386.793096  x:  0.03656   0.00000   0.11400   0.02216   0.08683   0.08413   0.04924   0.05340   0.09704   0.04951   0.07547   0.09039   0.02715   0.03860   0.02268   0.07793   0.06797   0.04576   0.06851   0.06280   0.11360   0.05847   0.07902   0.05518   2.00000   1.60383   0.99398   1.12509   0.40000  
  1 99.0000   2319.103423  x:  0.10551   0.17197   0.19069   0.03536   0.07165   0.04210   0.05043   0.03734   0.09926   0.10751   0.06157   0.15131   0.02474   0.22048   0.04441   0.06331   0.04188   0.07947   0.05953   0.09761   0.12428   0.06005   0.16296   0.12413   2.01328   1.60386   0.99072   1.13222   0.43807  
  2 979.2595   2304.034709  x:  0.10834   0.14598   0.21917   0.02685   0.05944   0.00825   0.05112   0.03464   0.10061   0.11344   0.04993   0.16512   0.00000   0.22975   0.03533   0.05146   0.02614   0.08203   0.05392   0.10377   0.13206   0.04654   0.18053   0.12696   2.02618   1.60309   0.99053   1.13723   0.46554  
  3 267.9051   2291.295786  x:  0.11996   0.06306   0.29496   0.02697   0.03829   0.05232   0.05277   0.03458   0.10435   0.12897   0.03124   0.19917   0.00000   0.26387   0.03120   0.02954   0.02065   0.08762   0.04821   0.11834   0.15193   0.02251   0.22953   0.13858   2.07113   1.60133   0.98904   1.15416   0.54893  
  4 316.7217   2284.263392  x:  0.12615   0.00853   0.33521   0.03582   0.04767   0.05106   0.05239   0.03519   0.10549   0.13525   0.04398   0.21498   0.00000   0.28958   0.04282   0.04369   0.03834   0.08836   0.05308   0.12305   0.15977   0.04668   0.25510   0.14477   2.10647   1.60036   0.98847   1.16635   0.60140  
  5 332.3228   2280.758187  x:  0.11922   0.00561   0.34092   0.02973   0.07633   0.05341   0.04730   0.04204   0.09922   0.11884   0.05905   0.20497   0.00000   0.31295   0.03413   0.05072   0.02481   0.07516   0.06436   0.10224   0.14490   0.03241   0.25130   0.13784   2.18172   1.59959   0.99288   1.18617   0.65693  
  6 80.3763   2275.585181  x:  0.10188   0.01962   0.33425   0.02215   0.07039   0.05068   0.05313   0.02977   0.09351   0.09180   0.04358   0.17960   0.00000   0.33271   0.04005   0.04303   0.04736   0.07099   0.05650   0.08296   0.12261   0.03630   0.22905   0.12050   2.33787   1.59931   1.00344   1.22441   0.75055  
  7 171.9170   2270.661522  x:  0.09493   0.02864   0.30605   0.05732   0.05042   0.04701   0.05230   0.05001   0.09743   0.09420   0.03939   0.15090   0.00000   0.33978   0.04003   0.04791   0.03560   0.08291   0.04846   0.09549   0.11799   0.04203   0.19545   0.11355   2.53033   1.60219   1.01610   1.26760   0.83732  
  8 258.7326   2265.316796  x:  0.11025   0.03173   0.26167   0.04141   0.05063   0.04895   0.04573   0.02468   0.10423   0.12243   0.04567   0.14332   0.00000   0.32881   0.04015   0.05427   0.02854   0.09137   0.05947   0.11792   0.13790   0.04171   0.17002   0.12887   2.74173   1.61064   1.02960   1.30804   0.89532  
  9 235.1555   2262.622078  x:  0.12148   0.03540   0.23864   0.02235   0.05452   0.04761   0.05264   0.04632   0.10549   0.13406   0.04736   0.15390   0.00000   0.31665   0.04104   0.04924   0.03779   0.08947   0.05907   0.12323   0.14829   0.04203   0.17061   0.14010   2.87224   1.61923   1.03755   1.32852   0.91122  
 10 279.2580   2257.181981  x:  0.13713   0.04099   0.21206   0.04980   0.06591   0.04329   0.06010   0.03972   0.09948   0.13466   0.05354   0.19773   0.00000   0.27817   0.03762   0.03003   0.04400   0.06969   0.04757   0.10755   0.15575   0.04034   0.20733   0.15575   3.16523   1.64705   1.05464   1.36264   0.89780  
 11 242.4631   2250.867958  x:  0.13847   0.04670   0.22150   0.04583   0.04620   0.04865   0.04642   0.04072   0.09442   0.11647   0.03693   0.23741   0.00000   0.24054   0.04198   0.06938   0.02786   0.07597   0.05949   0.09210   0.14861   0.04766   0.25644   0.15709   3.52882   1.68898   1.07408   1.39466   0.84392  
 12 348.4549   2243.762676  x:  0.11724   0.03677   0.27895   0.03277   0.05252   0.05179   0.04946   0.03581   0.10785   0.10680   0.06874   0.23489   0.00000   0.23521   0.03232   0.05978   0.03342   0.11656   0.05199   0.12369   0.12471   0.04010   0.28190   0.13586   3.95687   1.74718   1.09420   1.41765   0.73569  
 13 296.5229   2239.193039  x:  0.10926   0.01079   0.31491   0.03068   0.06307   0.05062   0.05198   0.03763   0.10597   0.12285   0.04698   0.20725   0.00000   0.26470   0.05326   0.03976   0.02344   0.09871   0.05846   0.12139   0.13246   0.04586   0.27205   0.12788   4.20922   1.78620   1.10388   1.42067   0.65225  
 14 254.4075   2238.062797  x:  0.11192   0.00360   0.32611   0.03360   0.05633   0.04835   0.05032   0.03803   0.10396   0.12610   0.04405   0.19829   0.00000   0.27771   0.04126   0.04603   0.03584   0.08592   0.05876   0.11825   0.14092   0.03784   0.26311   0.13054   4.27505   1.79820   1.10465   1.41707   0.62922  
 15 156.3514   2237.796334  x:  0.11421   0.00343   0.33206   0.03120   0.05167   0.05008   0.05263   0.03756   0.10351   0.12312   0.04869   0.19843   0.00000   0.27909   0.03635   0.04554   0.03244   0.08193   0.05424   0.11426   0.14679   0.04383   0.25583   0.13283   4.29072   1.80302   1.10268   1.41104   0.62605  
 16 39.8242   2237.518679  x:  0.11771   0.00569   0.34238   0.03352   0.05358   0.04922   0.05041   0.03877   0.10453   0.11744   0.04930   0.20436   0.00000   0.27416   0.04036   0.04409   0.03376   0.08573   0.05567   0.10965   0.15480   0.04130   0.24057   0.13633   4.30740   1.81246   1.09535   1.39260   0.62832  
 17 23.3094   2237.272781  x:  0.11911   0.00498   0.34419   0.03445   0.05863   0.04975   0.05534   0.03800   0.10293   0.11918   0.04326   0.20953   0.00000   0.27114   0.03653   0.04686   0.03310   0.08636   0.05420   0.11204   0.14893   0.04278   0.23277   0.13773   4.32192   1.82309   1.08481   1.36556   0.63407  
 18 22.2685   2236.912549  x:  0.11812   0.00281   0.33994   0.03295   0.05305   0.04926   0.04935   0.03838   0.10119   0.12359   0.04699   0.21229   0.00000   0.26869   0.03950   0.04423   0.03329   0.08138   0.05472   0.11424   0.13883   0.04263   0.23093   0.13674   4.34271   1.83793   1.06763   1.32081   0.64444  
 19 42.1405   2236.672215  x:  0.11381   0.00289   0.33429   0.03309   0.05113   0.04874   0.05597   0.03765   0.10477   0.12303   0.04897   0.20628   0.00000   0.26705   0.04066   0.04482   0.03304   0.08253   0.05819   0.11264   0.14587   0.04084   0.23908   0.13243   4.35650   1.84401   1.05558   1.29008   0.65233  
 20 29.9281   2236.547634  x:  0.11230   0.00301   0.33168   0.03251   0.05420   0.04894   0.05121   0.03804   0.10583   0.12160   0.04683   0.20148   0.00000   0.26557   0.03837   0.04429   0.03344   0.08474   0.05470   0.11229   0.15141   0.04247   0.24425   0.13092   4.36313   1.84371   1.05005   1.27648   0.65596  
 21 27.9446   2236.207162  x:  0.11901   0.00109   0.33476   0.03241   0.05468   0.04812   0.05278   0.03809   0.09382   0.11509   0.04709   0.19029   0.00000   0.25350   0.04091   0.04337   0.03281   0.08570   0.05418   0.11661   0.15208   0.04134   0.24707   0.13763   4.37850   1.81351   1.04022   1.26095   0.66045  
 22  7.8014   2235.279909  x:  0.11922   0.00343   0.35059   0.03303   0.05554   0.04767   0.05189   0.03928   0.10590   0.11940   0.04478   0.18324   0.00000   0.21935   0.03686   0.03930   0.03416   0.07500   0.06213   0.11770   0.15060   0.04602   0.24351   0.13784   4.41944   1.71984   1.01428   1.22987   0.67223  
 23 43.3943   2234.768607  x:  0.11575   0.00000   0.34988   0.03221   0.05540   0.04752   0.05264   0.03869   0.10738   0.12179   0.04559   0.18858   0.00000   0.21418   0.03948   0.04162   0.03371   0.07644   0.05675   0.11413   0.15169   0.04355   0.23856   0.13437   4.43441   1.68473   1.00397   1.22065   0.67437  
 24 68.9218   2234.768607  x:  0.11575   0.00000   0.34988   0.03221   0.05540   0.04752   0.05264   0.03869   0.10738   0.12179   0.04559   0.18858   0.00000   0.21418   0.03948   0.04162   0.03371   0.07644   0.05675   0.11413   0.15169   0.04355   0.23856   0.13437   4.43441   1.68473   1.00397   1.22065   0.67437  
 25 34.1018   2231.307784  x:  0.11202   0.00390   0.34619   0.02516   0.05307   0.01219   0.05163   0.03464   0.10524   0.11875   0.04465   0.19096   0.00000   0.21596   0.03275   0.04249   0.02571   0.07809   0.05500   0.11170   0.15105   0.04071   0.23498   0.13064   4.43675   1.68369   1.00431   1.22396   0.68209  
 26 126.9194   2230.971258  x:  0.10947   0.00000   0.34276   0.02582   0.05332   0.01080   0.05173   0.03528   0.10405   0.11699   0.04548   0.19214   0.00000   0.21729   0.03301   0.04358   0.02786   0.07908   0.05460   0.11023   0.15059   0.04064   0.23198   0.12809   4.43899   1.68283   1.00432   1.22715   0.68911  
 27 41.7129   2229.989055  x:  0.09644   0.00616   0.32378   0.02535   0.05337   0.01556   0.05153   0.03568   0.09814   0.10804   0.04789   0.20088   0.00000   0.22529   0.03135   0.04709   0.02786   0.08350   0.05214   0.10238   0.14814   0.03940   0.21552   0.11506   4.45291   1.67772   1.00468   1.24647   0.73140  
 28 121.9517   2229.276584  x:  0.10202   0.00533   0.30886   0.02998   0.05399   0.01506   0.05107   0.03485   0.10268   0.11267   0.04101   0.20251   0.00000   0.22870   0.03794   0.04055   0.02143   0.07904   0.05535   0.10541   0.14795   0.04229   0.20844   0.12064   4.47068   1.67287   1.00522   1.26825   0.77556  
 29 54.4478   2228.892993  x:  0.10811   0.00848   0.30265   0.02748   0.05347   0.01413   0.05102   0.03512   0.10572   0.11675   0.04081   0.20131   0.00000   0.22847   0.03477   0.03986   0.02971   0.07613   0.05682   0.10986   0.14840   0.04120   0.20856   0.12673   4.48405   1.67018   1.00588   1.28281   0.80372  
 30 89.3703   2228.658947  x:  0.11137   0.00594   0.30269   0.02530   0.05296   0.01570   0.05148   0.03538   0.10596   0.11838   0.04582   0.19789   0.00000   0.22561   0.02966   0.04321   0.02622   0.07606   0.05536   0.11219   0.14926   0.03975   0.21322   0.12999   4.49531   1.66909   1.00687   1.29273   0.82131  
 31 55.3447   2228.445724  x:  0.11152   0.00805   0.30909   0.02690   0.05247   0.01449   0.05182   0.03506   0.10359   0.11783   0.04891   0.19277   0.00000   0.21992   0.03486   0.04628   0.02645   0.07907   0.05316   0.11187   0.15027   0.04140   0.22308   0.13014   4.51166   1.66924   1.00907   1.30361   0.83819  
 32 40.5151   2228.255358  x:  0.10891   0.00675   0.31820   0.02549   0.05255   0.01533   0.05096   0.03521   0.10149   0.11586   0.04286   0.18874   0.00000   0.21436   0.03328   0.04231   0.02683   0.08066   0.05409   0.10931   0.15023   0.04064   0.23208   0.12753   4.53103   1.67077   1.01243   1.31349   0.85147  
 33 44.0488   2228.158268  x:  0.10731   0.00725   0.32458   0.02982   0.05443   0.01470   0.05132   0.03555   0.10314   0.11507   0.04356   0.18963   0.00000   0.21347   0.03065   0.04152   0.02704   0.07734   0.05621   0.10848   0.14973   0.04090   0.23348   0.12593   4.54725   1.67361   1.01563   1.31864   0.85569  
 34 25.7311   2227.897432  x:  0.10516   0.00555   0.34038   0.02451   0.05516   0.01494   0.05143   0.03545   0.10835   0.11392   0.04462   0.19552   0.00000   0.21502   0.03327   0.04396   0.02669   0.06936   0.05807   0.10899   0.14852   0.04295   0.23084   0.12378   4.59898   1.68431   1.02611   1.33168   0.86188  
 35 47.5769   2227.261397  x:  0.10817   0.00258   0.36912   0.02654   0.04991   0.01546   0.05126   0.03293   0.11110   0.11641   0.04569   0.20852   0.00000   0.22275   0.03342   0.04059   0.02718   0.07943   0.05161   0.11498   0.14658   0.03860   0.21784   0.12679   4.74070   1.71570   1.05439   1.36256   0.86921  
 36 88.8627   2226.731040  x:  0.11278   0.00329   0.37658   0.02607   0.05545   0.01459   0.05163   0.04252   0.10264   0.11919   0.04207   0.20955   0.00000   0.22786   0.03166   0.04597   0.02601   0.08567   0.05650   0.11385   0.14835   0.04235   0.21083   0.13140   4.86912   1.74525   1.07860   1.38651   0.86987  
 37 125.6278   2225.656508  x:  0.11720   0.00249   0.36933   0.02607   0.05998   0.01561   0.05015   0.02852   0.08894   0.11944   0.04268   0.19960   0.00000   0.23256   0.03094   0.04760   0.02750   0.08118   0.06000   0.10621   0.15276   0.04310   0.20697   0.13582   5.11227   1.80184   1.12194   1.42733   0.86559  
 38 218.9793   2224.099902  x:  0.11590   0.00465   0.34358   0.02618   0.05198   0.01481   0.05140   0.03915   0.09101   0.11510   0.04839   0.18050   0.00000   0.23393   0.03407   0.03831   0.02763   0.07030   0.05137   0.09878   0.15674   0.03680   0.21103   0.13452   5.49334   1.89062   1.18544   1.48794   0.85574  
 39 436.8291   2223.151978  x:  0.10859   0.00520   0.32005   0.02727   0.04993   0.01516   0.05166   0.03579   0.11007   0.11302   0.04378   0.17564   0.00000   0.22873   0.03122   0.04499   0.02751   0.07853   0.05427   0.10736   0.15455   0.04345   0.22153   0.12721   5.73380   1.94603   1.21847   1.52349   0.84855  
 40 306.1311   2222.875955  x:  0.10642   0.00481   0.31153   0.02532   0.05784   0.01487   0.05157   0.03575   0.10906   0.11584   0.04628   0.18574   0.00000   0.22198   0.03381   0.04227   0.02695   0.07990   0.05564   0.11250   0.15014   0.03863   0.22893   0.12504   5.80529   1.96105   1.21919   1.53106   0.84677  
 41 82.0170   2222.648283  x:  0.10679   0.00378   0.30535   0.02662   0.05180   0.01495   0.05177   0.03626   0.10303   0.11772   0.04517   0.19949   0.00000   0.21441   0.03225   0.04266   0.02709   0.07663   0.05437   0.11330   0.14622   0.04274   0.23558   0.12541   5.86619   1.97170   1.21036   1.53407   0.84602  
 42 62.9187   2222.382174  x:  0.11072   0.00349   0.30450   0.02698   0.05000   0.01495   0.05052   0.03603   0.10750   0.11283   0.04479   0.20516   0.00000   0.21002   0.03320   0.04480   0.02700   0.07876   0.05774   0.10358   0.15092   0.03841   0.23584   0.12934   5.94329   1.97807   1.17827   1.52904   0.84779  
 43 31.1227   2222.078114  x:  0.11119   0.00377   0.30618   0.02519   0.05553   0.01464   0.05256   0.03533   0.10937   0.11079   0.04529   0.20302   0.00000   0.20984   0.03109   0.04082   0.02754   0.07949   0.05153   0.10174   0.15476   0.04471   0.23284   0.12981   6.03474   1.98134   1.13595   1.51921   0.85091  
 44 89.4155   2221.713352  x:  0.10632   0.00462   0.31012   0.02620   0.05258   0.01445   0.05101   0.03561   0.10468   0.11452   0.04392   0.19253   0.00000   0.21367   0.03198   0.04216   0.02669   0.07659   0.05423   0.11158   0.15403   0.04119   0.22740   0.12494   6.14635   1.97899   1.08462   1.50287   0.85554  
 45 102.8980   2221.560606  x:  0.10693   0.00465   0.31112   0.02470   0.05081   0.01439   0.05299   0.03539   0.10519   0.11627   0.04733   0.18945   0.00000   0.21652   0.03224   0.03993   0.02655   0.07876   0.05824   0.10833   0.14296   0.04286   0.22759   0.12555   6.19690   1.96262   1.07212   1.48715   0.85866  
 46 26.0756   2221.247206  x:  0.10893   0.00466   0.31211   0.02648   0.05410   0.01444   0.04956   0.03555   0.10694   0.11737   0.04295   0.18821   0.00000   0.22011   0.03225   0.04556   0.02670   0.07734   0.05165   0.10440   0.13078   0.04003   0.22942   0.12754   6.30309   1.91775   1.05379   1.44901   0.86554  
 47 73.9813   2220.033085  x:  0.10995   0.00295   0.31366   0.02683   0.05344   0.01444   0.05731   0.03553   0.10574   0.11098   0.04274   0.19756   0.00000   0.22512   0.03290   0.04483   0.02662   0.07819   0.05372   0.11008   0.14565   0.03921   0.23615   0.12857   6.71265   1.72613   0.99683   1.29543   0.89182  
 48 147.5263   2219.934840  x:  0.10930   0.00283   0.31378   0.02653   0.05311   0.01441   0.05043   0.03611   0.10620   0.11319   0.04493   0.19810   0.00000   0.22349   0.03262   0.04341   0.02674   0.07891   0.05437   0.10950   0.14787   0.04112   0.23533   0.12792   6.74609   1.70944   0.99221   1.28415   0.89319  
 49 86.6071   2219.894846  x:  0.10811   0.00303   0.31383   0.02635   0.05289   0.01439   0.05191   0.03589   0.10698   0.11827   0.04480   0.19743   0.00000   0.21815   0.03261   0.04394   0.02684   0.07908   0.05390   0.10739   0.14884   0.04089   0.23176   0.12673   6.76068   1.69965   0.98974   1.28330   0.89147  
 50 14.5857   2219.857604  x:  0.10891   0.00334   0.31355   0.02643   0.05314   0.01434   0.05160   0.03599   0.10642   0.11447   0.04487   0.19631   0.00000   0.21299   0.03271   0.04375   0.02674   0.07880   0.05418   0.10921   0.14698   0.04116   0.22787   0.12752   6.77503   1.68651   0.98608   1.28930   0.88604  
 51  8.6132   2219.817174  x:  0.10844   0.00316   0.31281   0.02639   0.05307   0.01431   0.05160   0.03595   0.10642   0.11537   0.04480   0.19735   0.00000   0.21822   0.03260   0.04379   0.02676   0.07885   0.05410   0.10836   0.14776   0.04101   0.23075   0.12706   6.79182   1.66952   0.98035   1.30183   0.87730  
 52  8.2433   2219.022369  x:  0.10520   0.00000   0.32166   0.02611   0.05293   0.01214   0.05127   0.03552   0.10371   0.11469   0.04553   0.19952   0.00000   0.22276   0.03219   0.04407   0.02697   0.07977   0.05469   0.10938   0.15010   0.04101   0.22418   0.12381   7.26908   1.73845   1.04210   1.36977   0.90480  
 53  0.5995   2218.835982  x:  0.10600   0.00000   0.32545   0.02747   0.05390   0.01442   0.05176   0.03591   0.10205   0.11425   0.04590   0.20088   0.00000   0.22506   0.03326   0.04426   0.02863   0.07973   0.05505   0.10843   0.15074   0.04143   0.22086   0.12462   7.75965   1.76128   1.04945   1.38846   0.92144  
 54  0.4896   2218.799603  x:  0.10603   0.00000   0.32376   0.02656   0.05356   0.01258   0.05163   0.03541   0.10192   0.11385   0.04558   0.20030   0.00000   0.22512   0.03244   0.04437   0.02786   0.07974   0.05460   0.10774   0.15030   0.04094   0.22097   0.12464   7.90152   1.75820   1.04453   1.38452   0.92443  
 55  0.2023   2218.796296  x:  0.10618   0.00000   0.32290   0.02659   0.05353   0.01284   0.05156   0.03552   0.10247   0.11423   0.04546   0.19940   0.00000   0.22457   0.03248   0.04429   0.02776   0.07967   0.05461   0.10795   0.14989   0.04098   0.22213   0.12479   7.93450   1.75457   1.04373   1.38120   0.92128  
 56  0.0287   2218.796141  x:  0.10621   0.00000   0.32336   0.02658   0.05351   0.01281   0.05158   0.03555   0.10249   0.11422   0.04549   0.19959   0.00000   0.22451   0.03248   0.04430   0.02774   0.07968   0.05462   0.10796   0.14992   0.04101   0.22216   0.12483   7.93922   1.75499   1.04327   1.38104   0.92030  
 57  0.0044   2218.796138  x:  0.10621   0.00000   0.32335   0.02658   0.05352   0.01281   0.05158   0.03554   0.10247   0.11421   0.04550   0.19956   0.00000   0.22453   0.03249   0.04430   0.02774   0.07967   0.05462   0.10796   0.14995   0.04100   0.22213   0.12482   7.93875   1.75505   1.04334   1.38101   0.92014  
 58  0.0005   2218.796138  x:  0.10621   0.00000   0.32335   0.02658   0.05352   0.01281   0.05158   0.03554   0.10247   0.11421   0.04550   0.19957   0.00000   0.22453   0.03249   0.04430   0.02774   0.07967   0.05462   0.10796   0.14995   0.04100   0.22214   0.12482   7.93870   1.75505   1.04335   1.38102   0.92014  
 59  0.0001   2218.796138  x:  0.10621   0.00000   0.32335   0.02658   0.05352   0.01281   0.05158   0.03554   0.10247   0.11421   0.04550   0.19957   0.00000   0.22453   0.03249   0.04430   0.02774   0.07967   0.05462   0.10796   0.14995   0.04100   0.22214   0.12482   7.93870   1.75505   1.04335   1.38102   0.92014  