

TREE # 1

  0  0.0000   2013.113184  x:  0.06878   0.00873   0.12618   0.00305   0.01042   0.00000   0.15088   0.08776   0.08448   0.07167   0.04263   0.18344   0.00263   0.17076   0.01333   0.02180   0.03279   0.06706   0.01959   0.05895   0.12973   0.03183   0.13375   0.08740   2.00000   1.67700   1.12470   1.60700   0.40000  
  1 99.0000   2005.499308  x:  0.06906   0.01235   0.12721   0.00498   0.00789   0.03779   0.15016   0.09110   0.08355   0.07097   0.04061   0.18376   0.00849   0.17158   0.01292   0.02219   0.03171   0.06747   0.01732   0.05905   0.12967   0.03061   0.13436   0.08768   2.00067   1.67698   1.12458   1.60700   0.40193  
  2 1968.5696   2000.296077  x:  0.06978   0.01781   0.12976   0.00594   0.00000   0.03684   0.14736   0.09797   0.08093   0.06912   0.03508   0.18454   0.01386   0.17359   0.01194   0.02313   0.02892   0.06857   0.01135   0.05933   0.12953   0.02746   0.13574   0.08840   2.00251   1.67688   1.12433   1.60702   0.40693  
  3 336.5128   1995.656033  x:  0.07140   0.01367   0.13574   0.00194   0.00000   0.03771   0.13934   0.11261   0.07416   0.06472   0.02011   0.18619   0.00581   0.17862   0.01065   0.02404   0.02348   0.07133   0.00000   0.06040   0.12933   0.02146   0.13874   0.09002   2.00820   1.67660   1.12353   1.60707   0.42145  
  4 396.6933   1993.876379  x:  0.07242   0.01038   0.13971   0.00722   0.00000   0.03792   0.13376   0.12153   0.06968   0.06196   0.01101   0.18731   0.00142   0.18204   0.00831   0.02436   0.02069   0.07341   0.00066   0.06152   0.12942   0.01833   0.14077   0.09104   2.01232   1.67641   1.12293   1.60710   0.43162  
  5 692.0155   1992.653495  x:  0.07319   0.00569   0.14325   0.00396   0.00000   0.03788   0.12805   0.12756   0.06574   0.05997   0.00710   0.18836   0.00409   0.18548   0.00644   0.02396   0.02031   0.07532   0.00569   0.06295   0.12975   0.01825   0.14282   0.09181   2.01697   1.67621   1.12224   1.60712   0.44223  
  6 325.1844   1989.798547  x:  0.07543   0.00212   0.15570   0.00209   0.00000   0.03800   0.10704   0.14369   0.05313   0.05462   0.02012   0.19242   0.00263   0.19756   0.01361   0.02207   0.02320   0.08055   0.01140   0.06718   0.13092   0.02400   0.14958   0.09405   2.03548   1.67548   1.11953   1.60720   0.48198  
  7 313.6630   1989.129495  x:  0.07538   0.00561   0.15789   0.00086   0.00000   0.03816   0.10229   0.14193   0.05274   0.05525   0.01872   0.19342   0.00068   0.20023   0.01354   0.02086   0.02600   0.08044   0.01277   0.06741   0.13117   0.02670   0.15076   0.09400   2.04179   1.67526   1.11868   1.60719   0.49311  
  8 203.9770   1986.608098  x:  0.07445   0.00671   0.16594   0.00367   0.00000   0.03831   0.08209   0.12757   0.05397   0.06003   0.01155   0.19733   0.00138   0.21185   0.01428   0.01534   0.03994   0.07812   0.00772   0.06719   0.13204   0.04026   0.15563   0.09307   2.07186   1.67424   1.11475   1.60715   0.54389  
  9 695.3537   1984.553603  x:  0.07286   0.00661   0.16920   0.00365   0.00000   0.03863   0.07601   0.11140   0.06149   0.06475   0.01543   0.20000   0.00054   0.22043   0.00552   0.03307   0.03790   0.07374   0.00606   0.06363   0.13182   0.03611   0.15801   0.09148   2.10780   1.67304   1.11062   1.60689   0.59409  
 10 205.2524   1981.971178  x:  0.07058   0.00695   0.16621   0.00292   0.00000   0.03862   0.08969   0.09440   0.07142   0.06793   0.01596   0.20110   0.00200   0.22605   0.01676   0.02661   0.02249   0.06993   0.01018   0.05972   0.13137   0.02072   0.15760   0.08920   2.16271   1.67129   1.10506   1.60610   0.65561  
 11 204.1154   1980.413539  x:  0.06981   0.00729   0.15737   0.00309   0.00000   0.03845   0.10754   0.09736   0.07402   0.06682   0.02037   0.19906   0.00121   0.22220   0.00609   0.01804   0.02419   0.06883   0.00773   0.05847   0.12974   0.02108   0.15362   0.08843   2.20587   1.67005   1.10146   1.60527   0.68780  
 12 150.6325   1978.495206  x:  0.06926   0.00835   0.13864   0.00366   0.00000   0.03796   0.13624   0.10699   0.07537   0.06399   0.01593   0.19346   0.00147   0.20961   0.01123   0.02694   0.03327   0.06985   0.00780   0.06027   0.12748   0.03290   0.14492   0.08788   2.28237   1.66795   1.09573   1.60353   0.73065  
 13 264.8287   1974.307319  x:  0.07484   0.01050   0.11417   0.00382   0.00000   0.03828   0.11551   0.09795   0.05134   0.06762   0.01669   0.17297   0.00282   0.15538   0.00947   0.02652   0.02683   0.07886   0.00608   0.06955   0.12725   0.02571   0.13203   0.09346   2.49925   1.66265   1.08544   1.59663   0.74967  
 14 92.2194   1967.173594  x:  0.06796   0.00819   0.13867   0.00286   0.00000   0.03816   0.08482   0.12367   0.10081   0.06097   0.01834   0.15937   0.00308   0.12178   0.01281   0.02140   0.02225   0.06678   0.00956   0.05666   0.13461   0.02696   0.13379   0.08658   2.97193   1.65204   1.06422   1.58168   0.72987  
 15 228.9482   1950.979523  x:  0.07178   0.00666   0.18070   0.00307   0.00000   0.03852   0.09697   0.11404   0.08004   0.05794   0.01802   0.18296   0.00000   0.21398   0.01091   0.02506   0.04395   0.08042   0.00643   0.07424   0.13906   0.01162   0.15588   0.09040   3.99070   1.62919   1.02138   1.55062   0.63938  
 16 509.4674   1950.979523  x:  0.07178   0.00666   0.18070   0.00307   0.00000   0.03852   0.09697   0.11404   0.08004   0.05794   0.01802   0.18296   0.00000   0.21398   0.01091   0.02506   0.04395   0.08042   0.00643   0.07424   0.13906   0.01162   0.15588   0.09040   3.99070   1.62919   1.02138   1.55062   0.63938  
 17 709.1706   1946.847272  x:  0.07250   0.02045   0.18057   0.01057   0.00000   0.03302   0.09694   0.11910   0.07679   0.05762   0.01539   0.18422   0.01602   0.21476   0.00945   0.02504   0.03823   0.08017   0.00000   0.07257   0.13830   0.01817   0.15655   0.09112   3.99129   1.62906   1.02165   1.55067   0.64123  
 18 368.0432   1944.759109  x:  0.07369   0.02447   0.17939   0.00367   0.00000   0.02310   0.09687   0.12840   0.07064   0.05709   0.01073   0.18584   0.01636   0.21520   0.00189   0.02502   0.02775   0.08049   0.00000   0.07038   0.13728   0.02025   0.15635   0.09231   3.99252   1.62877   1.02221   1.55072   0.64504  
 19 181.9432   1943.582874  x:  0.07496   0.02472   0.17782   0.00654   0.00000   0.01373   0.09683   0.13875   0.06380   0.05660   0.01079   0.18760   0.01207   0.21560   0.00463   0.02595   0.01723   0.08095   0.00000   0.06835   0.13635   0.02094   0.15587   0.09358   3.99409   1.62843   1.02288   1.55079   0.64981  
 20 223.8268   1942.873146  x:  0.07688   0.02616   0.17469   0.00693   0.00000   0.01877   0.09729   0.15651   0.05350   0.05612   0.01722   0.19109   0.01083   0.21647   0.00295   0.02670   0.01757   0.08156   0.00000   0.06619   0.13484   0.01955   0.15533   0.09550   3.99774   1.62770   1.02430   1.55098   0.66068  
 21 81.2784   1942.605278  x:  0.07759   0.02631   0.17303   0.00495   0.00000   0.01988   0.09748   0.16451   0.05070   0.05605   0.01505   0.19289   0.01126   0.21697   0.00651   0.02688   0.02039   0.08176   0.00000   0.06572   0.13421   0.01961   0.15514   0.09621   4.00004   1.62726   1.02518   1.55109   0.66726  
 22 114.4439   1942.364152  x:  0.07795   0.02457   0.17119   0.00754   0.00000   0.01973   0.09760   0.17154   0.05108   0.05619   0.01092   0.19475   0.01094   0.21747   0.00541   0.02615   0.02385   0.08188   0.00000   0.06592   0.13361   0.01893   0.15493   0.09657   4.00311   1.62669   1.02635   1.55123   0.67572  
 23 98.1786   1941.938818  x:  0.07734   0.02089   0.16718   0.00671   0.00000   0.01626   0.09765   0.18145   0.06155   0.05710   0.01451   0.19874   0.01374   0.21872   0.00532   0.02428   0.02591   0.08163   0.00000   0.06817   0.13268   0.01994   0.15489   0.09596   4.01266   1.62498   1.02995   1.55161   0.70043  
 24 67.0367   1941.535037  x:  0.07571   0.02201   0.16462   0.00660   0.00000   0.02209   0.09792   0.18284   0.06816   0.05741   0.01217   0.20176   0.01324   0.21949   0.00608   0.02682   0.01953   0.08112   0.00000   0.06986   0.13249   0.01878   0.15513   0.09433   4.02531   1.62286   1.03462   1.55202   0.73036  
 25 75.5265   1940.474031  x:  0.07158   0.03245   0.16259   0.00676   0.00000   0.01822   0.09749   0.16612   0.06189   0.05600   0.01354   0.20577   0.00520   0.21954   0.00539   0.02903   0.02378   0.08020   0.00000   0.07032   0.13436   0.02028   0.15665   0.09020   4.06784   1.61632   1.04970   1.55320   0.82180  
 26 97.2183   1940.075625  x:  0.07263   0.02685   0.16356   0.00649   0.00000   0.01769   0.09738   0.15777   0.05504   0.05599   0.01341   0.20462   0.01053   0.21919   0.00580   0.02446   0.02211   0.08077   0.00000   0.06844   0.13508   0.01708   0.15783   0.09125   4.08658   1.61402   1.05560   1.55365   0.85631  
 27 121.9237   1939.995346  x:  0.07411   0.02429   0.16493   0.00662   0.00000   0.01837   0.09741   0.15641   0.05394   0.05627   0.01325   0.20290   0.01112   0.21868   0.00543   0.02531   0.02182   0.08121   0.00000   0.06740   0.13500   0.02078   0.15798   0.09273   4.09238   1.61374   1.05681   1.55378   0.86303  
 28 48.5271   1939.882296  x:  0.07860   0.02463   0.17037   0.00657   0.00000   0.01760   0.09746   0.15660   0.05537   0.05696   0.01342   0.19645   0.01149   0.21687   0.00531   0.02866   0.02249   0.08220   0.00000   0.06536   0.13425   0.01904   0.15775   0.09722   4.10670   1.61408   1.05830   1.55410   0.86998  
 29 26.3040   1939.774623  x:  0.08065   0.02659   0.17559   0.00660   0.00000   0.01846   0.09755   0.15796   0.05666   0.05683   0.01328   0.18981   0.00983   0.21521   0.00578   0.02438   0.02210   0.08240   0.00000   0.06548   0.13356   0.01959   0.15698   0.09927   4.12402   1.61495   1.05945   1.55448   0.87437  
 30 40.8352   1939.469214  x:  0.07423   0.02500   0.18448   0.00659   0.00000   0.01793   0.09753   0.16246   0.05454   0.05462   0.01329   0.17568   0.01152   0.21344   0.00550   0.02641   0.02206   0.07993   0.00000   0.07269   0.13284   0.01956   0.15374   0.09285   4.18871   1.61945   1.06181   1.55595   0.87965  
 31 39.1552   1937.849927  x:  0.06301   0.02485   0.18594   0.00657   0.00000   0.01812   0.09751   0.16549   0.05643   0.06965   0.01320   0.17103   0.01131   0.21829   0.00557   0.02584   0.02273   0.08279   0.00000   0.05137   0.13770   0.01949   0.14471   0.08163   4.56101   1.64795   1.06951   1.56537   0.88467  
 32 77.5978   1931.242640  x:  0.08747   0.02699   0.16233   0.00641   0.00000   0.01744   0.09776   0.15758   0.05441   0.05827   0.01315   0.20474   0.00897   0.24391   0.00441   0.02641   0.02094   0.09028   0.00000   0.08090   0.15040   0.02011   0.13209   0.10609   6.37852   1.78544   1.10366   1.61393   0.89752  
 33 637.8260   1930.447369  x:  0.08665   0.02574   0.16300   0.00638   0.00000   0.01762   0.09801   0.15792   0.05631   0.04600   0.01319   0.21076   0.00796   0.23743   0.00463   0.02638   0.02132   0.07866   0.00000   0.07354   0.13880   0.02002   0.15472   0.10527   6.56627   1.79505   1.10699   1.62134   0.89785  
 34 231.8673   1930.223615  x:  0.08622   0.02584   0.16394   0.00636   0.00000   0.01748   0.09808   0.15806   0.05513   0.05429   0.01317   0.21386   0.00740   0.23084   0.00467   0.02634   0.02119   0.07788   0.00000   0.07722   0.13214   0.02001   0.16644   0.10484   6.62246   1.79455   1.10779   1.62533   0.89753  
 35 104.3576   1930.146448  x:  0.08492   0.02581   0.16427   0.00637   0.00000   0.01751   0.09796   0.15852   0.05537   0.05273   0.01317   0.21570   0.00766   0.22367   0.00469   0.02639   0.02115   0.08529   0.00000   0.07755   0.13202   0.02003   0.16923   0.10353   6.64221   1.78833   1.10787   1.62968   0.89685  
 36 23.3835   1930.020903  x:  0.08529   0.02556   0.16330   0.00635   0.00000   0.01753   0.09791   0.15921   0.05545   0.05299   0.01316   0.21889   0.00838   0.20987   0.00469   0.02642   0.02098   0.08098   0.00000   0.07747   0.13735   0.01999   0.16585   0.10391   6.67490   1.76481   1.10741   1.64285   0.89463  
 37 18.3504   1929.838706  x:  0.08550   0.02556   0.16244   0.00633   0.00000   0.01757   0.09839   0.15833   0.05549   0.05260   0.01318   0.21801   0.00822   0.21760   0.00479   0.02632   0.02113   0.08132   0.00000   0.07706   0.12884   0.01996   0.16219   0.10412   6.72462   1.71388   1.10412   1.66757   0.89033  
 38 18.9093   1929.805342  x:  0.08553   0.02562   0.16352   0.00634   0.00000   0.01761   0.09766   0.15920   0.05558   0.05292   0.01316   0.21706   0.00789   0.22176   0.00473   0.02634   0.02110   0.08161   0.00000   0.07737   0.13400   0.01999   0.16637   0.10415   6.73443   1.70313   1.10193   1.67060   0.88971  
 39 12.7977   1929.749009  x:  0.08545   0.02573   0.16234   0.00634   0.00000   0.01733   0.10486   0.15930   0.05558   0.05293   0.01318   0.21576   0.00791   0.22135   0.00471   0.02634   0.02108   0.08172   0.00000   0.07727   0.13464   0.01999   0.16693   0.10406   6.75829   1.67840   1.07912   1.64490   0.89158  
 40  2.7493   1929.648133  x:  0.08534   0.02579   0.16181   0.00633   0.00000   0.01746   0.09815   0.15959   0.05559   0.05289   0.01312   0.21510   0.00803   0.22009   0.00473   0.02634   0.02097   0.08161   0.00000   0.07697   0.13358   0.01998   0.16618   0.10396   6.80033   1.63503   1.03993   1.59759   0.89482  
 41 43.4434   1929.631195  x:  0.08508   0.02544   0.16658   0.00632   0.00000   0.01746   0.09866   0.16000   0.05568   0.05289   0.01313   0.21863   0.00808   0.22078   0.00473   0.02634   0.02099   0.08150   0.00000   0.07705   0.13356   0.01999   0.16533   0.10369   6.80871   1.62710   1.04117   1.58724   0.89428  
 42  4.3896   1929.604055  x:  0.08516   0.02564   0.16370   0.00634   0.00000   0.01751   0.09864   0.16046   0.05587   0.05305   0.01312   0.21664   0.00803   0.22069   0.00473   0.02637   0.02104   0.08172   0.00000   0.07697   0.13379   0.02001   0.16619   0.10378   6.82339   1.61495   1.05041   1.57015   0.89246  
 43  5.8027   1928.500603  x:  0.07719   0.02442   0.17299   0.00574   0.00000   0.01591   0.09817   0.17704   0.05812   0.05581   0.01198   0.19439   0.00749   0.22250   0.00439   0.02583   0.01896   0.08089   0.00000   0.06486   0.13260   0.01950   0.16086   0.09581   7.64348   1.67486   1.07616   1.61071   0.96280  
 44  0.9659   1928.315202  x:  0.07635   0.02509   0.17279   0.00646   0.00000   0.01763   0.09864   0.16984   0.05702   0.05734   0.01340   0.20055   0.00719   0.22309   0.00489   0.02654   0.02124   0.08178   0.00000   0.06785   0.13505   0.01950   0.15890   0.09497   8.10183   1.67279   1.07440   1.61321   0.96601  
 45  0.2921   1928.283311  x:  0.07788   0.02522   0.17118   0.00600   0.00000   0.01664   0.09852   0.17017   0.05661   0.05704   0.01267   0.20085   0.00713   0.22385   0.00461   0.02631   0.02013   0.08191   0.00000   0.06780   0.13492   0.01968   0.15936   0.09650   8.28877   1.67547   1.07442   1.61399   0.96360  
 46  0.1415   1928.281620  x:  0.07784   0.02506   0.17141   0.00610   0.00000   0.01687   0.09851   0.17050   0.05703   0.05677   0.01272   0.20007   0.00727   0.22381   0.00462   0.02628   0.02020   0.08184   0.00000   0.06758   0.13470   0.01963   0.15947   0.09645   8.31879   1.67677   1.07457   1.61444   0.96126  
 47  0.0263   1928.281537  x:  0.07779   0.02509   0.17158   0.00609   0.00000   0.01681   0.09851   0.17050   0.05694   0.05671   0.01273   0.20012   0.00730   0.22376   0.00462   0.02628   0.02022   0.08182   0.00000   0.06763   0.13471   0.01964   0.15941   0.09641   8.32045   1.67660   1.07451   1.61449   0.96032  
 48  0.0016   1928.281533  x:  0.07780   0.02509   0.17158   0.00609   0.00000   0.01682   0.09851   0.17048   0.05694   0.05672   0.01272   0.20011   0.00731   0.22376   0.00462   0.02628   0.02020   0.08183   0.00000   0.06763   0.13472   0.01964   0.15940   0.09642   8.31902   1.67657   1.07447   1.61444   0.96015  
 49  0.0011   1928.281533  x:  0.07780   0.02510   0.17158   0.00609   0.00000   0.01682   0.09851   0.17048   0.05694   0.05673   0.01272   0.20010   0.00731   0.22376   0.00462   0.02628   0.02021   0.08183   0.00000   0.06762   0.13472   0.01964   0.15940   0.09641   8.31887   1.67658   1.07448   1.61446   0.96015  
 50  0.0001   1928.281533  x:  0.07780   0.02510   0.17158   0.00609   0.00000   0.01682   0.09851   0.17048   0.05694   0.05673   0.01272   0.20011   0.00731   0.22376   0.00462   0.02628   0.02021   0.08183   0.00000   0.06762   0.13472   0.01964   0.15940   0.09641   8.31896   1.67658   1.07448   1.61446   0.96016  
 51  0.0001   1928.281533  x:  0.07780   0.02510   0.17158   0.00610   0.00000   0.01682   0.09851   0.17048   0.05694   0.05673   0.01272   0.20011   0.00731   0.22376   0.00462   0.02628   0.02021   0.08183   0.00000   0.06762   0.13472   0.01964   0.15940   0.09641   8.31896   1.67658   1.07448   1.61446   0.96016  
 52  0.0000   1928.281533  x:  0.07780   0.02510   0.17158   0.00610   0.00000   0.01682   0.09851   0.17048   0.05694   0.05673   0.01272   0.20011   0.00731   0.22376   0.00462   0.02628   0.02021   0.08183   0.00000   0.06762   0.13472   0.01964   0.15940   0.09641   8.31896   1.67658   1.07448   1.61446   0.96016  
 53  0.0000   1928.281533  x:  0.07780   0.02510   0.17158   0.00610   0.00000   0.01682   0.09851   0.17048   0.05694   0.05673   0.01272   0.20011   0.00731   0.22376   0.00462   0.02628   0.02021   0.08183   0.00000   0.06762   0.13472   0.01964   0.15940   0.09641   8.31896   1.67658   1.07448   1.61446   0.96016  