

TREE # 1

  0  0.0000   2318.282982  x:  0.20925   0.02571   0.03211   0.02495   0.05815   0.02188   0.05666   0.08536   0.02661   0.17168   0.20925   0.02571   0.03211   0.02495   0.05815   0.02188   0.05666   0.08536   0.02661   0.17168   0.21568   8.40433   1.59375   1.58119   1.67040   1.00000  
  1 99.0000   2270.453839  x:  0.21231   0.01634   0.02808   0.09225   0.07759   0.02598   0.08973   0.08394   0.01742   0.17723   0.20820   0.00000   0.05560   0.02827   0.12395   0.04181   0.06200   0.15414   0.02517   0.18626   0.21539   8.40425   1.59210   1.57852   1.67403   0.99904  
  2 705.2154   2263.570502  x:  0.21859   0.02523   0.02425   0.05929   0.09029   0.01368   0.10262   0.08240   0.01941   0.18732   0.20616   0.00000   0.05546   0.01562   0.14191   0.01728   0.06242   0.19563   0.02389   0.21120   0.21486   8.40410   1.58915   1.57276   1.68118   0.99676  
  3 181.1949   2262.374859  x:  0.22129   0.02241   0.02507   0.04579   0.09301   0.02139   0.10449   0.08128   0.02071   0.19206   0.20523   0.00000   0.05606   0.02456   0.14373   0.02118   0.06028   0.20660   0.02210   0.22228   0.21468   8.40401   1.58744   1.56915   1.68553   0.99536  
  4 139.0068   2261.667020  x:  0.22572   0.01292   0.02901   0.04768   0.09067   0.01897   0.10086   0.07997   0.02078   0.20016   0.20347   0.00000   0.05447   0.02288   0.13599   0.02293   0.05501   0.21200   0.02342   0.24078   0.21442   8.40380   1.58347   1.56051   1.69573   0.99199  
  5 56.4578   2261.203150  x:  0.22968   0.01992   0.02892   0.05301   0.08797   0.02091   0.09763   0.07944   0.02369   0.20733   0.20172   0.00000   0.05416   0.02314   0.12926   0.02367   0.05330   0.21389   0.02319   0.25785   0.21409   8.40355   1.57882   1.55027   1.70766   0.98795  
  6 89.8050   2260.861040  x:  0.23144   0.01998   0.02274   0.05412   0.08647   0.02078   0.09717   0.07998   0.01767   0.21105   0.20004   0.00000   0.05598   0.02487   0.12932   0.02248   0.05925   0.20920   0.02182   0.26811   0.21400   8.40324   1.57320   1.53762   1.72211   0.98284  
  7 50.4625   2260.342655  x:  0.23202   0.02016   0.02943   0.05219   0.08689   0.02112   0.10014   0.08263   0.01894   0.21328   0.19706   0.00000   0.05785   0.02159   0.13853   0.02493   0.06684   0.19708   0.02398   0.27761   0.21441   8.40252   1.56056   1.50877   1.75454   0.97100  
  8 62.7585   2259.721162  x:  0.22886   0.01755   0.02413   0.05316   0.09006   0.01946   0.10297   0.08216   0.02587   0.20973   0.19429   0.00000   0.05289   0.02436   0.14512   0.02179   0.05734   0.19082   0.02053   0.27526   0.21527   8.40144   1.54279   1.46769   1.79986   0.95355  
  9 70.5833   2259.212112  x:  0.22409   0.02042   0.02406   0.05196   0.09130   0.01996   0.10253   0.07925   0.01928   0.20406   0.19377   0.00000   0.05551   0.02402   0.14189   0.02253   0.05019   0.19546   0.02749   0.26581   0.21553   8.40038   1.52683   1.43071   1.84017   0.93726  
 10 97.6634   2258.954628  x:  0.22167   0.01985   0.02767   0.05236   0.08977   0.02026   0.10033   0.07822   0.01926   0.20118   0.19391   0.00000   0.05801   0.02434   0.13654   0.02078   0.05445   0.20232   0.02227   0.25784   0.21534   8.39974   1.51839   1.41143   1.86108   0.92816  
 11 76.8672   2258.899702  x:  0.22168   0.01941   0.02579   0.05185   0.08863   0.01981   0.09954   0.07884   0.02107   0.20123   0.19456   0.00000   0.05674   0.02297   0.13522   0.02329   0.05719   0.20487   0.02270   0.25534   0.21504   8.39952   1.51648   1.40725   1.86560   0.92571  
 12 29.5278   2258.888595  x:  0.22228   0.01932   0.02603   0.05213   0.08828   0.02055   0.09967   0.07956   0.02068   0.20206   0.19541   0.00000   0.05487   0.02308   0.13517   0.02285   0.05781   0.20543   0.02316   0.25448   0.21466   8.39938   1.51608   1.40658   1.86632   0.92468  
 13  8.0273   2258.880663  x:  0.22329   0.01973   0.02637   0.05205   0.08806   0.01980   0.09984   0.08020   0.02009   0.20331   0.19657   0.00000   0.05429   0.02342   0.13531   0.02337   0.05758   0.20554   0.02265   0.25364   0.21412   8.39916   1.51578   1.40633   1.86659   0.92337  
 14  6.4644   2258.866126  x:  0.22562   0.01950   0.02604   0.05194   0.08807   0.02050   0.09997   0.08061   0.02017   0.20596   0.19904   0.00000   0.05549   0.02263   0.13547   0.02316   0.05689   0.20529   0.02225   0.25201   0.21294   8.39856   1.51521   1.40623   1.86668   0.92010  
 15  8.0611   2258.857105  x:  0.22671   0.01935   0.02606   0.05208   0.08830   0.01997   0.09978   0.07998   0.02082   0.20682   0.19998   0.00000   0.05611   0.02357   0.13558   0.02263   0.05722   0.20521   0.02314   0.25145   0.21243   8.39806   1.51487   1.40641   1.86642   0.91762  
 16  6.8324   2258.807824  x:  0.22889   0.01958   0.02629   0.05237   0.09019   0.02011   0.09901   0.07500   0.02032   0.20598   0.20007   0.00000   0.05465   0.02291   0.13636   0.02343   0.05802   0.20505   0.02251   0.25164   0.21147   8.39470   1.51318   1.40850   1.86353   0.90269  
 17  6.5357   2258.670018  x:  0.22943   0.01923   0.02613   0.05289   0.08891   0.02023   0.10070   0.08001   0.02042   0.20032   0.19679   0.00000   0.05573   0.02327   0.13648   0.02325   0.05738   0.20653   0.02289   0.25434   0.21159   8.38478   1.50862   1.41448   1.85479   0.86258  
 18 20.8054   2258.557460  x:  0.21751   0.01940   0.02609   0.05300   0.08628   0.02035   0.09776   0.07907   0.02039   0.20866   0.19745   0.00000   0.05606   0.02332   0.14011   0.02295   0.05680   0.20776   0.02284   0.25435   0.21796   8.37512   1.50590   1.41424   1.84935   0.85163  
 19  4.7770   2258.370873  x:  0.20949   0.01907   0.02592   0.05472   0.09489   0.01980   0.10585   0.07956   0.02094   0.21563   0.19767   0.00000   0.05604   0.02334   0.13550   0.02416   0.05861   0.20835   0.02278   0.25431   0.22204   8.35789   1.50185   1.41028   1.84195   0.84782  
 20 10.0356   2253.517465  x:  0.22851   0.01523   0.02481   0.07625   0.08084   0.02179   0.13452   0.07106   0.01964   0.21637   0.18014   0.00000   0.06571   0.02589   0.17944   0.02783   0.05722   0.25843   0.02199   0.25720   0.20981   7.88665   1.39904   1.26908   1.66573   0.89940  
 21 20.9202   2252.742457  x:  0.23087   0.01466   0.02456   0.08084   0.09954   0.02225   0.11625   0.08214   0.01834   0.21023   0.18794   0.00000   0.06688   0.02604   0.18918   0.02888   0.05811   0.26715   0.02123   0.26143   0.21026   7.81326   1.38285   1.25021   1.64174   0.90851  
 22 106.9139   2252.599617  x:  0.22885   0.01427   0.02453   0.08141   0.09763   0.02224   0.11907   0.08079   0.01886   0.20201   0.20450   0.00000   0.06688   0.02589   0.18988   0.02913   0.05852   0.26851   0.02044   0.26677   0.21456   7.80029   1.37989   1.25622   1.64646   0.91126  
 23 12.8047   2252.153205  x:  0.22537   0.01418   0.02449   0.08334   0.09893   0.02218   0.11917   0.08074   0.01868   0.20338   0.20008   0.00000   0.06762   0.02619   0.19353   0.02948   0.05822   0.27419   0.02058   0.26354   0.20685   7.76304   1.38114   1.34846   1.73138   0.92591  
 24  7.7817   2252.019632  x:  0.23392   0.01443   0.02454   0.08396   0.09936   0.02225   0.11929   0.08081   0.01804   0.20400   0.19695   0.00000   0.06788   0.02620   0.19438   0.02960   0.05823   0.27623   0.02062   0.26040   0.22284   7.75347   1.41024   1.36966   1.76114   0.92688  
 25 10.3740   2251.729993  x:  0.22735   0.01423   0.02449   0.08522   0.09987   0.02211   0.11989   0.08067   0.01835   0.20292   0.19943   0.00000   0.06835   0.02602   0.19683   0.02988   0.05847   0.28032   0.02023   0.26170   0.21146   7.73481   1.50972   1.40632   1.82892   0.92411  
 26 17.4394   2251.312915  x:  0.22664   0.01860   0.02453   0.08618   0.10137   0.01908   0.12442   0.07882   0.01897   0.20924   0.19889   0.00000   0.06743   0.02251   0.20540   0.02726   0.05889   0.30089   0.02114   0.27001   0.21411   8.15232   1.49973   1.40273   1.82744   0.90651  
 27  0.3246   2251.285584  x:  0.22619   0.01682   0.02451   0.08715   0.10092   0.01905   0.12386   0.07913   0.01886   0.20765   0.19867   0.00000   0.06706   0.02221   0.20702   0.02634   0.05893   0.30660   0.02061   0.26748   0.21374   8.15569   1.49395   1.39567   1.81913   0.90671  
 28  0.0116   2251.284663  x:  0.22635   0.01695   0.02459   0.08724   0.10069   0.01913   0.12370   0.07914   0.01871   0.20769   0.19884   0.00000   0.06704   0.02244   0.20678   0.02636   0.05899   0.30734   0.02079   0.26739   0.21358   8.13363   1.49390   1.39517   1.81747   0.90790  
 29  0.0177   2251.284574  x:  0.22637   0.01695   0.02456   0.08723   0.10065   0.01913   0.12368   0.07911   0.01881   0.20775   0.19882   0.00000   0.06702   0.02243   0.20653   0.02637   0.05897   0.30765   0.02073   0.26748   0.21361   8.13324   1.49389   1.39508   1.81759   0.90776  
 30  0.0005   2251.284561  x:  0.22635   0.01695   0.02456   0.08721   0.10066   0.01913   0.12367   0.07911   0.01877   0.20774   0.19880   0.00000   0.06703   0.02241   0.20642   0.02638   0.05898   0.30770   0.02074   0.26749   0.21362   8.13499   1.49391   1.39514   1.81773   0.90768  
 31  0.0015   2251.284560  x:  0.22635   0.01695   0.02457   0.08721   0.10067   0.01913   0.12367   0.07911   0.01878   0.20773   0.19881   0.00000   0.06703   0.02242   0.20641   0.02638   0.05898   0.30769   0.02074   0.26748   0.21361   8.13505   1.49392   1.39517   1.81772   0.90771  
 32  0.0001   2251.284560  x:  0.22635   0.01695   0.02457   0.08721   0.10067   0.01913   0.12368   0.07911   0.01877   0.20773   0.19881   0.00000   0.06703   0.02242   0.20641   0.02638   0.05898   0.30769   0.02074   0.26748   0.21361   8.13500   1.49392   1.39516   1.81772   0.90771  
 33  0.0000   2251.284560  x:  0.22635   0.01695   0.02457   0.08721   0.10067   0.01913   0.12368   0.07911   0.01877   0.20773   0.19881   0.00000   0.06703   0.02242   0.20641   0.02638   0.05898   0.30769   0.02074   0.26748   0.21361   8.13500   1.49392   1.39516   1.81772   0.90771  