

TREE # 1

  0  0.0000   2234.415880  x:  0.01972   0.20925   0.02571   0.03211   0.02495   0.05815   0.02188   0.05666   0.08536   0.02661   0.17168   0.01972   0.20925   0.02571   0.03211   0.02495   0.05815   0.02188   0.05666   0.08536   0.02661   0.17168   0.21568   8.40433   1.84580   1.33054   1.47609   1.00000  
  1 99.0000   2128.901465  x:  0.00000   0.20871   0.01287   0.01832   0.00339   0.30244   0.08786   0.06281   0.07282   0.02533   0.17193   0.02977   0.21003   0.02373   0.02274   0.01808   0.06651   0.04000   0.06186   0.08009   0.00985   0.16878   0.22058   8.40424   1.84574   1.32759   1.48001   1.00281  
  2 1263.2163   2128.220376  x:  0.00000   0.20878   0.01392   0.01662   0.00000   0.30363   0.08436   0.06384   0.07038   0.02551   0.17220   0.03009   0.21016   0.02476   0.02218   0.01886   0.06718   0.03854   0.06260   0.07912   0.01116   0.16792   0.22185   8.40422   1.84576   1.32678   1.48110   1.00365  
  3 115.3120   2127.653239  x:  0.00000   0.20893   0.01153   0.01514   0.00000   0.30505   0.07680   0.06695   0.06390   0.02534   0.17299   0.03049   0.21053   0.02373   0.02216   0.01759   0.06846   0.03616   0.06407   0.07656   0.00548   0.16516   0.22583   8.40415   1.84579   1.32378   1.48510   1.00671  
  4 122.1501   2127.359175  x:  0.00000   0.20901   0.00812   0.01813   0.00000   0.30575   0.07370   0.06940   0.05927   0.02528   0.17373   0.03025   0.21098   0.02128   0.02380   0.01525   0.06877   0.03695   0.06425   0.07491   0.00797   0.16220   0.23001   8.40407   1.84582   1.31997   1.49022   1.01056  
  5 79.8279   2127.032814  x:  0.00000   0.20907   0.01231   0.02407   0.00000   0.30644   0.07173   0.07159   0.05439   0.02631   0.17480   0.02959   0.21159   0.01866   0.02613   0.01413   0.06866   0.03960   0.06386   0.07306   0.00794   0.15751   0.23666   8.40393   1.84586   1.31323   1.49928   1.01741  
  6 110.0042   2126.532872  x:  0.00000   0.20901   0.01062   0.03125   0.00000   0.30674   0.07100   0.07009   0.05203   0.02667   0.17641   0.02892   0.21262   0.02431   0.02648   0.02065   0.06776   0.04325   0.06253   0.07170   0.00653   0.14918   0.24878   8.40362   1.84590   1.29876   1.51897   1.03236  
  7 96.4791   2125.521207  x:  0.00000   0.20863   0.01098   0.03188   0.00000   0.30735   0.06991   0.05877   0.05881   0.02604   0.17826   0.03018   0.21459   0.02606   0.01850   0.01449   0.06599   0.04094   0.06044   0.07314   0.00674   0.13606   0.26988   8.40295   1.84598   1.26729   1.56252   1.06565  
  8 124.9479   2125.028621  x:  0.00000   0.20834   0.01075   0.02718   0.00000   0.30795   0.06992   0.05465   0.06347   0.02496   0.17775   0.03103   0.21517   0.01975   0.02390   0.01872   0.06599   0.03801   0.06156   0.07504   0.00722   0.13422   0.27659   8.40256   1.84615   1.24953   1.58781   1.08521  
  9 129.0831   2124.353500  x:  0.00000   0.20778   0.01141   0.02049   0.00000   0.30721   0.07379   0.06359   0.06560   0.02514   0.17326   0.02987   0.21436   0.02575   0.03150   0.01431   0.06791   0.03704   0.06425   0.07818   0.00699   0.14488   0.27325   8.40194   1.84692   1.22190   1.62953   1.11816  
 10 83.6128   2123.711917  x:  0.00000   0.20698   0.01101   0.01653   0.00000   0.30560   0.07853   0.07338   0.06250   0.02625   0.16860   0.02875   0.21274   0.02163   0.02187   0.01795   0.06918   0.03848   0.06394   0.07817   0.00735   0.15711   0.26323   8.40137   1.84814   1.19743   1.66867   1.14970  
 11 138.3080   2123.496940  x:  0.00000   0.20591   0.01130   0.01445   0.00000   0.30548   0.07974   0.06842   0.05609   0.02478   0.16898   0.03047   0.21107   0.02215   0.02268   0.01740   0.06547   0.03942   0.06025   0.07323   0.00743   0.15727   0.25166   8.40119   1.84984   1.19200   1.68255   1.16222  
 12 35.5066   2123.352689  x:  0.00000   0.20471   0.01092   0.01865   0.00000   0.30729   0.07733   0.06633   0.05702   0.02826   0.17120   0.02958   0.20931   0.02243   0.02315   0.01741   0.06617   0.03625   0.06230   0.07152   0.00739   0.15274   0.23910   8.40110   1.85272   1.19197   1.69230   1.17235  
 13 26.0914   2123.269594  x:  0.00000   0.20411   0.01137   0.02063   0.00000   0.30869   0.07400   0.06619   0.05868   0.02443   0.17265   0.02979   0.20845   0.02249   0.02296   0.01741   0.06756   0.03790   0.06337   0.07284   0.00735   0.14979   0.23249   8.40106   1.85525   1.19418   1.69770   1.17867  
 14 30.1704   2123.189099  x:  0.00000   0.20427   0.01098   0.01999   0.00000   0.31003   0.07089   0.06586   0.05915   0.02720   0.17329   0.03143   0.20848   0.02233   0.02321   0.01731   0.06763   0.04144   0.06161   0.07645   0.00718   0.14896   0.23022   8.40108   1.85987   1.20141   1.70272   1.18601  
 15 14.7599   2122.586287  x:  0.00000   0.20705   0.01143   0.02418   0.00000   0.31778   0.06972   0.06591   0.05460   0.02531   0.17363   0.02928   0.21099   0.02262   0.02343   0.01827   0.06348   0.03332   0.05483   0.08846   0.00709   0.15182   0.23079   8.40134   1.90053   1.26926   1.73794   1.24189  
 16 33.6605   2121.588917  x:  0.00000   0.21076   0.01148   0.02256   0.00000   0.32663   0.07313   0.06068   0.05428   0.02620   0.17233   0.02835   0.21517   0.02275   0.02232   0.01761   0.06872   0.03894   0.06883   0.07734   0.00771   0.15817   0.23736   8.40193   1.97353   1.38747   1.79789   1.33565  
 17 145.6605   2121.431917  x:  0.00000   0.20981   0.01154   0.02203   0.00000   0.32852   0.07277   0.06499   0.05943   0.02607   0.17173   0.03133   0.21432   0.02264   0.02284   0.01785   0.06866   0.03832   0.06413   0.07031   0.00778   0.15757   0.23849   8.40211   1.98624   1.40267   1.80650   1.34638  
 18 46.6799   2121.268258  x:  0.00000   0.20509   0.01149   0.01743   0.00000   0.33007   0.07474   0.06758   0.05978   0.02642   0.17033   0.02508   0.20930   0.02232   0.02289   0.01779   0.06927   0.03943   0.06186   0.06941   0.00794   0.15274   0.23899   8.40260   2.00437   1.40849   1.81391   1.34569  
 19 13.3514   2120.726644  x:  0.00000   0.19052   0.01172   0.01143   0.00000   0.33451   0.08458   0.07414   0.05542   0.02662   0.16651   0.03392   0.19416   0.02231   0.02204   0.01802   0.07064   0.03765   0.06563   0.07361   0.00844   0.14092   0.24039   8.40453   2.07118   1.42084   1.83930   1.33419  
 20 56.3124   2118.662950  x:  0.00000   0.19419   0.01179   0.02006   0.00000   0.37218   0.07001   0.06501   0.05885   0.02542   0.17555   0.03071   0.19666   0.02287   0.02073   0.01824   0.05669   0.03916   0.07032   0.07047   0.00850   0.16132   0.24042   8.41265   2.32893   1.43892   1.93748   1.25885  
 21 54.6649   2118.247751  x:  0.00000   0.19977   0.01190   0.02159   0.00000   0.37871   0.07069   0.06048   0.05659   0.02514   0.17568   0.03099   0.20264   0.02327   0.02147   0.01811   0.07143   0.03765   0.06402   0.07009   0.00840   0.16326   0.23908   8.41441   2.37859   1.44250   1.95852   1.24149  
 22 107.8575   2117.965527  x:  0.00000   0.21348   0.01209   0.01667   0.00000   0.38178   0.07548   0.06574   0.05595   0.02505   0.16862   0.03143   0.21899   0.02326   0.02104   0.01835   0.06904   0.03759   0.06543   0.07054   0.00847   0.15144   0.23438   8.41583   2.39306   1.44649   1.97451   1.22543  
 23 18.4751   2116.409429  x:  0.00000   0.20087   0.01245   0.02522   0.00000   0.41426   0.06453   0.05748   0.05562   0.02486   0.14558   0.03101   0.21591   0.02414   0.02127   0.01848   0.06901   0.03695   0.06561   0.06950   0.00844   0.15345   0.23636   8.42569   2.28977   1.48429   2.07414   1.10815  
 24  9.3634   2115.854046  x:  0.00000   0.20316   0.01265   0.02076   0.00000   0.42368   0.06925   0.06166   0.05473   0.02502   0.17247   0.03127   0.21205   0.02408   0.02077   0.01874   0.06941   0.03650   0.06593   0.06985   0.00874   0.15368   0.23794   8.42951   2.24602   1.49555   2.10588   1.06782  
 25 52.7177   2114.741601  x:  0.00000   0.24036   0.01270   0.02311   0.00000   0.44884   0.06658   0.05939   0.05490   0.02493   0.16697   0.03203   0.17833   0.02433   0.02073   0.01865   0.06957   0.03625   0.06686   0.06954   0.00946   0.15085   0.24370   8.43803   2.13942   1.43561   2.00534   1.10314  
 26  6.9715   2111.671320  x:  0.00000   0.21014   0.01360   0.02560   0.00000   0.51566   0.06322   0.05825   0.05312   0.02527   0.17440   0.03180   0.21007   0.02555   0.02008   0.01913   0.07036   0.03539   0.06841   0.07018   0.01041   0.14900   0.25342   8.46139   1.84768   1.25881   1.70271   1.21967  
 27 82.9991   2111.007144  x:  0.00000   0.20482   0.01387   0.02120   0.00000   0.55423   0.06615   0.06146   0.05281   0.02492   0.17379   0.03260   0.21534   0.02623   0.02049   0.01940   0.07220   0.03570   0.06569   0.07068   0.01038   0.14754   0.25309   8.57207   2.02175   1.32388   1.78870   1.24419  
 28  0.2181   2110.896598  x:  0.00000   0.20746   0.01385   0.02506   0.00000   0.57741   0.06307   0.05839   0.05323   0.02487   0.17340   0.03258   0.21346   0.02631   0.02030   0.01937   0.07173   0.03589   0.06568   0.07086   0.01026   0.14692   0.25140   8.63859   1.99843   1.33406   1.79394   1.24103  
 29  0.0704   2110.882755  x:  0.00000   0.20771   0.01381   0.02343   0.00000   0.58195   0.06427   0.05937   0.05314   0.02493   0.17243   0.03265   0.21202   0.02619   0.02030   0.01930   0.07152   0.03576   0.06601   0.07094   0.01023   0.14753   0.25145   8.65313   1.98417   1.32602   1.78223   1.23833  
 30  0.0372   2110.882198  x:  0.00000   0.20755   0.01376   0.02356   0.00000   0.58268   0.06407   0.05926   0.05313   0.02493   0.17267   0.03258   0.21188   0.02614   0.02033   0.01928   0.07141   0.03574   0.06614   0.07089   0.01018   0.14755   0.25154   8.65466   1.98467   1.32401   1.77968   1.23719  
 31  0.0047   2110.882157  x:  0.00000   0.20744   0.01374   0.02355   0.00000   0.58277   0.06409   0.05929   0.05314   0.02494   0.17277   0.03255   0.21189   0.02611   0.02032   0.01927   0.07137   0.03575   0.06615   0.07087   0.01015   0.14758   0.25156   8.65492   1.98513   1.32456   1.78055   1.23685  
 32  0.0011   2110.882155  x:  0.00000   0.20748   0.01373   0.02355   0.00000   0.58275   0.06410   0.05929   0.05314   0.02494   0.17277   0.03255   0.21189   0.02611   0.02032   0.01928   0.07137   0.03575   0.06614   0.07088   0.01014   0.14758   0.25155   8.65480   1.98514   1.32457   1.78049   1.23680  
 33  0.0001   2110.882155  x:  0.00000   0.20748   0.01373   0.02354   0.00000   0.58274   0.06410   0.05929   0.05314   0.02494   0.17276   0.03256   0.21189   0.02612   0.02032   0.01928   0.07137   0.03575   0.06614   0.07088   0.01014   0.14758   0.25155   8.65477   1.98512   1.32457   1.78047   1.23680  
 34  0.0000   2110.882155  x:  0.00000   0.20748   0.01373   0.02355   0.00000   0.58274   0.06410   0.05929   0.05314   0.02494   0.17276   0.03256   0.21189   0.02612   0.02032   0.01928   0.07137   0.03575   0.06614   0.07088   0.01014   0.14758   0.25155   8.65477   1.98512   1.32457   1.78047   1.23680  
 35  0.0000   2110.882155  x:  0.00000   0.20748   0.01373   0.02354   0.00000   0.58274   0.06410   0.05929   0.05314   0.02494   0.17276   0.03256   0.21189   0.02612   0.02032   0.01928   0.07137   0.03575   0.06614   0.07088   0.01014   0.14758   0.25155   8.65478   1.98512   1.32457   1.78048   1.23681  
 36  0.0000   2110.882155  x:  0.00000   0.20748   0.01373   0.02354   0.00000   0.58274   0.06410   0.05929   0.05314   0.02494   0.17276   0.03256   0.21189   0.02612   0.02032   0.01928   0.07137   0.03575   0.06614   0.07088   0.01014   0.14758   0.25155   8.65478   1.98512   1.32457   1.78048   1.23681  

TREE # 2

  0  0.0000   2514.116582  x:  0.00000   0.20748   0.01373   0.02354   0.00000   0.58274   0.06410   0.05929   0.05314   0.02494   0.17276   0.03256   0.21189   0.02612   0.02032   0.01928   0.07137   0.03575   0.06614   0.07088   0.01014   0.14758   0.25155   8.65478   1.94254   1.19333   1.60637   1.23681  
  1 99.0000   2305.888310  x:  0.65608   0.21435   0.18885   0.15931   0.05973   0.56821   0.06471   0.04956   0.05665   0.02028   0.16295   0.03233   0.21471   0.13163   0.15656   0.02562   0.05911   0.04151   0.05231   0.07167   0.00000   0.18935   0.24002   8.65478   1.94186   1.19387   1.60751   1.23659  
  2 6297.7295   2242.002581  x:  0.65139   0.16617   0.18448   0.17523   0.01505   0.51158   0.06738   0.01565   0.06624   0.01097   0.12614   0.03334   0.15835   0.15347   0.18084   0.02291   0.00948   0.05549   0.00000   0.07312   0.00000   0.30506   0.19575   8.65504   1.93847   1.20271   1.60711   1.23734  
  3 425.5558   2228.482516  x:  0.65117   0.14671   0.18325   0.18173   0.00000   0.48759   0.07173   0.01373   0.06605   0.02727   0.11439   0.03563   0.13471   0.15762   0.18635   0.02857   0.02021   0.05361   0.00000   0.07819   0.00000   0.32261   0.18042   8.65513   1.93743   1.20538   1.60730   1.23751  
  4 615.2074   2185.290334  x:  0.65336   0.04127   0.17746   0.21955   0.00000   0.35027   0.09425   0.03556   0.05336   0.00415   0.06702   0.03241   0.00000   0.16200   0.19875   0.02530   0.03477   0.02625   0.00000   0.10309   0.00000   0.32338   0.10822   8.65554   1.93250   1.21687   1.61002   1.23786  
  5 681.2604   2178.372946  x:  0.65454   0.00781   0.17541   0.23263   0.00000   0.29604   0.09727   0.04161   0.05147   0.01428   0.05812   0.03032   0.00000   0.16133   0.20079   0.01842   0.02239   0.02961   0.00000   0.10740   0.00000   0.31367   0.08639   8.65566   1.93077   1.22045   1.61154   1.23790  
  6 836.2133   2161.000338  x:  0.65039   0.01020   0.17056   0.27264   0.00000   0.09914   0.09643   0.04099   0.05574   0.00995   0.05145   0.03464   0.00000   0.16149   0.20900   0.04336   0.01576   0.06099   0.00000   0.11406   0.00000   0.29447   0.03277   8.65604   1.92493   1.23189   1.61767   1.23806  
  7 399.7151   2154.932497  x:  0.64862   0.01037   0.16901   0.28530   0.00000   0.02943   0.09579   0.03918   0.05654   0.01056   0.05122   0.03479   0.00000   0.16235   0.21239   0.04214   0.01525   0.05813   0.00000   0.11545   0.00000   0.29441   0.03998   8.65617   1.92283   1.23597   1.61995   1.23812  
  8 692.4699   2154.102232  x:  0.64828   0.01050   0.16874   0.28752   0.00396   0.01787   0.09567   0.03889   0.05663   0.01070   0.05127   0.03480   0.00000   0.16250   0.21298   0.04181   0.01515   0.05752   0.00000   0.11565   0.00000   0.29445   0.04104   8.65620   1.92245   1.23670   1.62037   1.23813  
  9 1387.5053   2153.831185  x:  0.64551   0.01339   0.16753   0.29432   0.00367   0.01683   0.09368   0.03925   0.05713   0.01188   0.05561   0.03451   0.00000   0.16266   0.21511   0.03677   0.01582   0.05316   0.00000   0.11441   0.00000   0.29638   0.03671   8.65631   1.92064   1.24037   1.62262   1.23832  
 10 23.9403   2153.611761  x:  0.64439   0.01388   0.16701   0.29707   0.00361   0.01670   0.09288   0.03931   0.05735   0.01207   0.05692   0.03452   0.00000   0.16269   0.21595   0.03556   0.01615   0.05233   0.00000   0.11390   0.00414   0.29700   0.03584   8.65635   1.91989   1.24187   1.62356   1.23840  
 11 175.1830   2152.688360  x:  0.64179   0.01322   0.16577   0.30336   0.00362   0.01724   0.09104   0.03903   0.05784   0.01177   0.05851   0.03483   0.00000   0.16267   0.21781   0.03504   0.01700   0.05282   0.01790   0.11258   0.00454   0.29793   0.03615   8.65646   1.91812   1.24548   1.62582   1.23856  
 12 127.4344   2150.844879  x:  0.62285   0.00661   0.15785   0.34611   0.00362   0.02015   0.07719   0.03527   0.05834   0.00973   0.06352   0.03606   0.00000   0.15969   0.22812   0.03533   0.02460   0.05267   0.02211   0.07401   0.00403   0.30489   0.03721   8.65732   1.90352   1.27476   1.64434   1.23990  
 13 61.8988   2149.909174  x:  0.61189   0.01225   0.15621   0.36603   0.00346   0.02259   0.07954   0.03771   0.05528   0.01234   0.05049   0.03479   0.00000   0.15772   0.23183   0.03632   0.02136   0.05022   0.02432   0.06032   0.00402   0.30822   0.03902   8.65783   1.89532   1.29166   1.65517   1.24069  
 14 107.7099   2145.964810  x:  0.55624   0.01410   0.16105   0.42975   0.00341   0.03203   0.11560   0.02904   0.05870   0.01369   0.06930   0.03703   0.00000   0.15024   0.23775   0.03921   0.01124   0.05651   0.01839   0.07987   0.00222   0.34185   0.04824   8.66075   1.85327   1.38124   1.71849   1.24493  
 15 59.7342   2142.414806  x:  0.52169   0.01614   0.17244   0.42088   0.00380   0.03225   0.09683   0.02176   0.06179   0.01047   0.05679   0.02585   0.00000   0.15539   0.22675   0.01769   0.02236   0.07309   0.01833   0.09232   0.00177   0.37072   0.04811   8.66304   1.83147   1.43795   1.76670   1.24794  
 16 77.3381   2136.306587  x:  0.46943   0.01341   0.19125   0.36969   0.00426   0.02897   0.05190   0.03317   0.06184   0.01030   0.04720   0.04339   0.00000   0.17029   0.20437   0.02565   0.01134   0.06411   0.02357   0.10091   0.00166   0.42310   0.04495   8.66691   1.80442   1.52254   1.84540   1.25258  
 17 228.7101   2131.671186  x:  0.44090   0.00873   0.19762   0.29596   0.00422   0.02235   0.06424   0.02438   0.05928   0.01082   0.04812   0.02321   0.00000   0.18336   0.19169   0.03919   0.00488   0.05470   0.03532   0.07623   0.00260   0.45684   0.03802   8.66957   1.80080   1.56500   1.89466   1.25516  
 18 165.4752   2129.680677  x:  0.42766   0.00812   0.19461   0.25606   0.00426   0.01825   0.08218   0.02735   0.05855   0.00860   0.04698   0.03839   0.00000   0.18838   0.19274   0.03046   0.00671   0.06036   0.04127   0.05805   0.00292   0.47529   0.03527   8.67090   1.80554   1.58011   1.91661   1.25617  
 19 180.7884   2127.408895  x:  0.40736   0.01048   0.14991   0.23591   0.00462   0.01742   0.08000   0.04758   0.06452   0.00784   0.04837   0.02994   0.00000   0.18508   0.23976   0.02821   0.00543   0.06731   0.04072   0.06009   0.00240   0.49944   0.03708   8.67280   1.84655   1.56956   1.92907   1.25586  
 20 46.0404   2126.099338  x:  0.39541   0.01094   0.13351   0.23371   0.00458   0.01834   0.07627   0.02825   0.05692   0.00801   0.04351   0.03692   0.00000   0.17912   0.25627   0.02697   0.00297   0.06346   0.04066   0.06447   0.00252   0.50457   0.03574   8.67386   1.88221   1.55077   1.92860   1.25497  
 21 67.0064   2122.165197  x:  0.33567   0.00826   0.17085   0.26800   0.00448   0.01881   0.07734   0.03239   0.06696   0.00732   0.04224   0.03627   0.00000   0.15448   0.24570   0.02529   0.00210   0.06605   0.04308   0.05582   0.00204   0.55869   0.03540   8.67767   2.05457   1.43742   1.89806   1.24902  
 22 59.4058   2121.702851  x:  0.33014   0.00886   0.16611   0.27568   0.00429   0.01886   0.07776   0.03613   0.05365   0.00737   0.04574   0.03490   0.00000   0.16555   0.23542   0.02461   0.00230   0.06984   0.04293   0.05544   0.00187   0.56695   0.03610   8.67823   2.07396   1.42556   1.89143   1.24822  
 23 45.5621   2121.387267  x:  0.32844   0.00933   0.15475   0.28253   0.00439   0.01968   0.07941   0.03564   0.06157   0.00734   0.04465   0.03580   0.00000   0.17985   0.22128   0.02428   0.00217   0.06900   0.04262   0.05543   0.00177   0.56942   0.03649   8.67876   2.08680   1.41876   1.88310   1.24751  
 24 33.0126   2120.761544  x:  0.33370   0.01066   0.13969   0.27822   0.00455   0.01937   0.07841   0.03508   0.06159   0.00746   0.04513   0.03528   0.00000   0.15879   0.20350   0.02498   0.00345   0.06869   0.04353   0.05498   0.00179   0.58084   0.03640   8.68109   2.09520   1.42607   1.83655   1.24503  
 25  6.8257   2118.516616  x:  0.30263   0.01178   0.15640   0.25867   0.00553   0.02188   0.07302   0.02466   0.06634   0.00799   0.04893   0.03656   0.00000   0.18192   0.22851   0.02501   0.00537   0.06692   0.04253   0.05315   0.00182   0.58361   0.03896   8.69038   2.11286   1.45330   1.66384   1.23722  
 26 28.5226   2116.247010  x:  0.28149   0.01259   0.15357   0.25211   0.00563   0.02459   0.07035   0.01312   0.06937   0.00892   0.04884   0.03747   0.00000   0.18891   0.23928   0.02689   0.00903   0.06190   0.04113   0.05325   0.00116   0.59628   0.03954   8.70020   2.03506   1.30109   1.72455   1.25426  
 27  7.3017   2113.294279  x:  0.27741   0.01783   0.15547   0.21319   0.00655   0.02803   0.06714   0.01789   0.07033   0.01142   0.05962   0.03795   0.00000   0.18264   0.22381   0.02547   0.00830   0.05828   0.03653   0.05337   0.00000   0.60370   0.04585   8.73916   2.05210   1.31162   1.78108   1.26235  
 28  0.4128   2112.934506  x:  0.26988   0.01914   0.15335   0.21560   0.00652   0.02773   0.06828   0.01840   0.07000   0.01216   0.06113   0.03817   0.00000   0.17987   0.22237   0.02550   0.00821   0.05769   0.03463   0.05443   0.00000   0.60729   0.04800   8.74376   1.99120   1.28097   1.75296   1.15320  
 29  1.1584   2112.103328  x:  0.24950   0.02270   0.14799   0.22474   0.00679   0.02594   0.07152   0.01941   0.06904   0.01418   0.06568   0.03875   0.00000   0.17197   0.21791   0.02603   0.00779   0.05658   0.02925   0.05793   0.00000   0.61353   0.05494   8.74502   1.87329   1.23382   1.67622   1.24697  
 30  1.8670   2111.544842  x:  0.24154   0.02557   0.14736   0.22449   0.00694   0.02481   0.07299   0.01727   0.06874   0.01587   0.06851   0.03915   0.00000   0.17300   0.21382   0.02718   0.00860   0.05429   0.02446   0.06154   0.00000   0.61001   0.05996   8.74125   2.00002   1.35129   1.80423   1.24377  
 31  1.9774   2111.113018  x:  0.26119   0.02947   0.14819   0.20942   0.00813   0.02698   0.07210   0.01944   0.06706   0.01789   0.07074   0.03682   0.00000   0.17418   0.20689   0.02487   0.00986   0.05125   0.02046   0.05983   0.00000   0.59566   0.06405   8.71383   1.99250   1.32892   1.80253   1.24400  
 32  0.0542   2110.975353  x:  0.25023   0.03144   0.14847   0.21094   0.00893   0.02727   0.07078   0.02259   0.06615   0.01899   0.07051   0.03460   0.00000   0.17592   0.21017   0.02534   0.01141   0.05318   0.02278   0.05815   0.00000   0.59383   0.06424   8.67572   1.99384   1.32693   1.80064   1.23890  
 33  0.0347   2110.912451  x:  0.25168   0.03315   0.14815   0.21056   0.00954   0.02674   0.06980   0.02037   0.06558   0.01968   0.07178   0.03488   0.00000   0.17262   0.20752   0.02505   0.01199   0.05409   0.02407   0.05819   0.00000   0.58790   0.06464   8.65624   1.98307   1.32568   1.77451   1.23450  
 34  0.0387   2110.894638  x:  0.25261   0.03336   0.14821   0.21299   0.00978   0.02640   0.07104   0.02048   0.06601   0.01990   0.07149   0.03561   0.00000   0.17292   0.20824   0.02500   0.01273   0.05300   0.02384   0.06045   0.00000   0.58447   0.06470   8.65108   1.98490   1.32396   1.77669   1.23605  
 35  0.0100   2110.886149  x:  0.25122   0.03331   0.14726   0.21180   0.01003   0.02594   0.07105   0.02016   0.06648   0.01975   0.07139   0.03584   0.00000   0.17331   0.20774   0.02501   0.01331   0.05286   0.02371   0.05909   0.00000   0.58274   0.06455   8.65442   1.98428   1.32382   1.78320   1.23715  
 36  0.0060   2110.882826  x:  0.25110   0.03280   0.14768   0.21142   0.01017   0.02619   0.07086   0.02030   0.06623   0.01939   0.07105   0.03582   0.00000   0.17280   0.20719   0.02500   0.01361   0.05333   0.02351   0.05945   0.00000   0.58225   0.06409   8.65657   1.98633   1.32440   1.78207   1.23718  
 37  0.0022   2110.882339  x:  0.25149   0.03261   0.14753   0.21207   0.01017   0.02617   0.07081   0.02033   0.06617   0.01931   0.07120   0.03578   0.00000   0.17265   0.20750   0.02495   0.01365   0.05314   0.02353   0.05921   0.00000   0.58211   0.06399   8.65535   1.98579   1.32476   1.78110   1.23687  
 38  0.0022   2110.882210  x:  0.25151   0.03255   0.14755   0.21183   0.01017   0.02607   0.07087   0.02032   0.06614   0.01928   0.07131   0.03574   0.00000   0.17278   0.20748   0.02496   0.01368   0.05309   0.02352   0.05930   0.00000   0.58243   0.06402   8.65376   1.98504   1.32437   1.78017   1.23667  
 39  0.0016   2110.882171  x:  0.25153   0.03255   0.14759   0.21191   0.01016   0.02610   0.07090   0.02033   0.06613   0.01927   0.07141   0.03574   0.00000   0.17277   0.20746   0.02493   0.01370   0.05317   0.02354   0.05929   0.00000   0.58261   0.06407   8.65396   1.98510   1.32449   1.78057   1.23677  
 40  0.0004   2110.882160  x:  0.25153   0.03255   0.14757   0.21188   0.01015   0.02612   0.07087   0.02033   0.06614   0.01928   0.07140   0.03574   0.00000   0.17276   0.20748   0.02495   0.01372   0.05313   0.02355   0.05929   0.00000   0.58272   0.06409   8.65459   1.98520   1.32460   1.78058   1.23682  
 41  0.0004   2110.882156  x:  0.25156   0.03255   0.14758   0.21189   0.01015   0.02611   0.07087   0.02032   0.06614   0.01928   0.07137   0.03575   0.00000   0.17277   0.20748   0.02494   0.01373   0.05314   0.02355   0.05929   0.00000   0.58275   0.06411   8.65498   1.98517   1.32458   1.78048   1.23682  
 42  0.0003   2110.882155  x:  0.25155   0.03255   0.14758   0.21190   0.01014   0.02612   0.07088   0.02032   0.06614   0.01928   0.07136   0.03575   0.00000   0.17276   0.20748   0.02494   0.01373   0.05314   0.02355   0.05929   0.00000   0.58276   0.06410   8.65486   1.98510   1.32457   1.78047   1.23680  
 43  0.0001   2110.882155  x:  0.25155   0.03255   0.14758   0.21190   0.01014   0.02612   0.07088   0.02032   0.06614   0.01928   0.07137   0.03575   0.00000   0.17276   0.20748   0.02494   0.01373   0.05314   0.02354   0.05929   0.00000   0.58275   0.06410   8.65468   1.98511   1.32456   1.78048   1.23681  
 44  0.0001   2110.882155  x:  0.25155   0.03255   0.14758   0.21190   0.01014   0.02612   0.07088   0.02032   0.06614   0.01928   0.07137   0.03575   0.00000   0.17276   0.20748   0.02494   0.01373   0.05314   0.02354   0.05929   0.00000   0.58275   0.06410   8.65471   1.98512   1.32457   1.78048   1.23681  
 45  0.0000   2110.882155  x:  0.25155   0.03256   0.14758   0.21189   0.01014   0.02612   0.07088   0.02032   0.06614   0.01928   0.07137   0.03575   0.00000   0.17276   0.20748   0.02494   0.01373   0.05314   0.02354   0.05929   0.00000   0.58274   0.06410   8.65476   1.98512   1.32457   1.78048   1.23681  
 46  0.0000   2110.882155  x:  0.25155   0.03256   0.14758   0.21189   0.01014   0.02612   0.07088   0.02032   0.06614   0.01928   0.07137   0.03575   0.00000   0.17276   0.20748   0.02494   0.01373   0.05314   0.02354   0.05929   0.00000   0.58274   0.06410   8.65478   1.98512   1.32457   1.78048   1.23681  
 47  0.0000   2110.882155  x:  0.25155   0.03256   0.14758   0.21189   0.01014   0.02612   0.07088   0.02032   0.06614   0.01928   0.07137   0.03575   0.00000   0.17276   0.20748   0.02494   0.01373   0.05314   0.02354   0.05929   0.00000   0.58274   0.06410   8.65478   1.98512   1.32457   1.78048   1.23681  
 48  0.0000   2110.882155  x:  0.25155   0.03256   0.14758   0.21189   0.01014   0.02612   0.07088   0.02032   0.06614   0.01928   0.07137   0.03575   0.00000   0.17276   0.20748   0.02494   0.01373   0.05314   0.02354   0.05929   0.00000   0.58274   0.06410   8.65478   1.98512   1.32457   1.78048   1.23681  
 49  0.0000   2110.882155  x:  0.25155   0.03256   0.14758   0.21189   0.01014   0.02612   0.07088   0.02032   0.06614   0.01928   0.07137   0.03575   0.00000   0.17276   0.20748   0.02494   0.01373   0.05314   0.02354   0.05929   0.00000   0.58274   0.06410   8.65477   1.98512   1.32457   1.78048   1.23681  