

TREE # 1

  0  0.0000   2351.304890  x:  0.20925   0.02571   0.03211   0.02495   0.05815   0.02188   0.05666   0.08536   0.02661   0.17168   0.20925   0.02571   0.03211   0.02495   0.05815   0.02188   0.05666   0.08536   0.02661   0.17168   0.21568   8.40433   1.50481   1.16474   1.30928   1.00000  
  1 99.0000   2314.040435  x:  0.21257   0.03889   0.05540   0.07621   0.07423   0.12981   0.07637   0.10659   0.09687   0.18226   0.21777   0.04394   0.05318   0.04346   0.09121   0.06398   0.08595   0.09424   0.03824   0.16194   0.21195   8.40389   1.50459   1.16306   1.31221   1.00273  
  2 773.9150   2308.749860  x:  0.21858   0.02180   0.05595   0.06342   0.07693   0.12025   0.09347   0.15189   0.10299   0.21304   0.24256   0.03810   0.06024   0.03424   0.12536   0.04897   0.11733   0.11063   0.04023   0.12959   0.19996   8.40228   1.50420   1.15814   1.32142   1.01312  
  3 120.3181   2308.008048  x:  0.22097   0.03888   0.05210   0.06318   0.07747   0.11489   0.09258   0.15865   0.10468   0.22296   0.25325   0.04012   0.05672   0.03686   0.12815   0.05010   0.11963   0.11210   0.03550   0.11764   0.19500   8.40120   1.50382   1.15567   1.32716   1.01976  
  4 71.0519   2307.528803  x:  0.22326   0.03270   0.04686   0.06907   0.07793   0.11371   0.08722   0.15761   0.10516   0.23271   0.26793   0.04463   0.05098   0.03793   0.12356   0.05573   0.11532   0.11053   0.03165   0.10735   0.18846   8.39909   1.50296   1.15187   1.33772   1.03221  
  5 41.5793   2307.178908  x:  0.22537   0.03375   0.05303   0.06895   0.07731   0.11615   0.08608   0.15245   0.10608   0.23969   0.28410   0.04132   0.05406   0.03365   0.11657   0.05183   0.11074   0.10945   0.03731   0.10767   0.18314   8.39532   1.50152   1.14624   1.35536   1.05327  
  6 32.3303   2306.948301  x:  0.22626   0.03271   0.05402   0.06506   0.07638   0.11779   0.08816   0.14894   0.10454   0.24071   0.29176   0.03908   0.05708   0.04074   0.11659   0.05170   0.11142   0.10963   0.03298   0.11303   0.18260   8.39123   1.50042   1.14151   1.37262   1.07448  
  7 37.8712   2306.615077  x:  0.22607   0.03388   0.04954   0.06342   0.07616   0.11852   0.09079   0.14653   0.10105   0.23530   0.29351   0.04547   0.05347   0.03577   0.12287   0.05431   0.11505   0.11153   0.03384   0.12037   0.18693   8.38305   1.49929   1.13461   1.40342   1.11379  
  8 43.0994   2306.392870  x:  0.22449   0.03384   0.05155   0.06937   0.07717   0.11713   0.08842   0.14899   0.10204   0.22845   0.28592   0.04049   0.05138   0.03401   0.12411   0.05197   0.11614   0.11138   0.03039   0.11685   0.19070   8.37589   1.49965   1.13205   1.42544   1.14394  
  9 40.9196   2306.281750  x:  0.22345   0.03331   0.05225   0.06890   0.07686   0.11536   0.08648   0.15144   0.10349   0.22545   0.27881   0.04240   0.05375   0.03781   0.12236   0.05158   0.11558   0.11123   0.03460   0.11200   0.19151   8.37112   1.50092   1.13266   1.43664   1.16090  
 10 37.7355   2306.233672  x:  0.22330   0.03321   0.05105   0.06542   0.07632   0.11640   0.08754   0.15286   0.10519   0.22678   0.27365   0.04151   0.05496   0.03618   0.12056   0.05371   0.11362   0.11012   0.03381   0.11047   0.18980   8.36756   1.50337   1.13579   1.44043   1.16944  
 11 15.4203   2306.186719  x:  0.22346   0.03325   0.05015   0.06646   0.07657   0.11716   0.08933   0.15379   0.10517   0.23171   0.26850   0.04203   0.05275   0.03727   0.11992   0.05122   0.11245   0.10962   0.03428   0.11279   0.18643   8.36122   1.50939   1.14383   1.44217   1.17955  
 12 11.1804   2306.137783  x:  0.22332   0.03351   0.05179   0.06844   0.07681   0.11536   0.08726   0.15281   0.10320   0.23573   0.26649   0.04168   0.05500   0.03686   0.12150   0.05387   0.11367   0.11013   0.03455   0.11462   0.18528   8.35175   1.51912   1.15626   1.44227   1.19104  
 13 14.2577   2306.061476  x:  0.22306   0.03334   0.05189   0.06589   0.07696   0.11713   0.08563   0.14926   0.10414   0.23431   0.27012   0.04207   0.05378   0.03669   0.12261   0.05170   0.11531   0.11044   0.03390   0.11171   0.18947   8.33295   1.53864   1.17904   1.44100   1.20865  
 14 16.6858   2306.032509  x:  0.22349   0.03339   0.05129   0.06727   0.07658   0.11600   0.08922   0.15132   0.10413   0.23101   0.27322   0.04147   0.05390   0.03704   0.12132   0.05280   0.11410   0.11032   0.03456   0.11167   0.19045   8.32369   1.54747   1.18735   1.44128   1.21423  
 15 14.3926   2306.019539  x:  0.22404   0.03340   0.05110   0.06716   0.07744   0.11603   0.08784   0.15371   0.10454   0.22895   0.27436   0.04252   0.05474   0.03669   0.12094   0.05216   0.11335   0.11023   0.03365   0.11302   0.18920   8.31706   1.55254   1.18968   1.44293   1.21485  
 16  6.6244   2306.000689  x:  0.22449   0.03338   0.05114   0.06624   0.07702   0.11641   0.08617   0.15477   0.10462   0.22728   0.27477   0.04104   0.05295   0.03726   0.12136   0.05307   0.11370   0.11031   0.03484   0.11378   0.18706   8.30436   1.56086   1.19126   1.44735   1.21334  
 17  8.8475   2305.912676  x:  0.22467   0.03342   0.05203   0.06711   0.07388   0.11671   0.08797   0.15109   0.10311   0.22550   0.27293   0.04237   0.05421   0.03660   0.12229   0.05205   0.11514   0.11038   0.03359   0.11126   0.18240   8.23827   1.60058   1.19580   1.47214   1.20176  
 18 22.0811   2305.856081  x:  0.22418   0.03327   0.05105   0.06672   0.07949   0.11605   0.08852   0.15061   0.10341   0.22861   0.27203   0.04143   0.05466   0.03693   0.12157   0.05244   0.11407   0.11059   0.03439   0.11141   0.18661   8.19293   1.62354   1.19951   1.48920   1.19324  
 19 36.5713   2305.824698  x:  0.22352   0.03303   0.05218   0.06661   0.07633   0.11558   0.08751   0.15272   0.10491   0.23154   0.27205   0.04206   0.05391   0.03694   0.12096   0.05266   0.11286   0.11030   0.03401   0.11290   0.19127   8.16582   1.63193   1.20348   1.49871   1.18816  
 20 21.7935   2305.777613  x:  0.22235   0.03343   0.04812   0.06770   0.07449   0.11715   0.08624   0.15344   0.10362   0.23199   0.27274   0.04051   0.05581   0.03674   0.12050   0.05159   0.11365   0.10987   0.03476   0.11304   0.19199   8.12004   1.63343   1.21441   1.51213   1.18036  
 21 14.1433   2305.638020  x:  0.21973   0.03344   0.05207   0.06632   0.07699   0.11763   0.08771   0.15355   0.10064   0.23023   0.27434   0.04222   0.05373   0.03636   0.12016   0.05238   0.11458   0.10935   0.03341   0.11174   0.18910   7.97795   1.63229   1.24895   1.55109   1.15736  
 22 68.6529   2305.601351  x:  0.22275   0.03297   0.05128   0.06659   0.07710   0.11447   0.08799   0.15102   0.10562   0.22947   0.27430   0.04193   0.05394   0.03628   0.12181   0.05219   0.11368   0.11152   0.03338   0.11248   0.18788   7.93846   1.63125   1.25508   1.55765   1.15323  
 23 27.2019   2305.390376  x:  0.24740   0.03270   0.05276   0.06661   0.07694   0.11606   0.08763   0.15093   0.10079   0.22942   0.27178   0.04205   0.05401   0.03630   0.12097   0.05213   0.11542   0.10687   0.03380   0.11085   0.19141   7.68442   1.62398   1.25270   1.55301   1.15161  
 24 15.9813   2304.499510  x:  0.23799   0.03235   0.05266   0.06570   0.07553   0.11855   0.08671   0.15148   0.09517   0.22986   0.27187   0.04122   0.05345   0.03646   0.11844   0.05211   0.10798   0.12508   0.03283   0.10996   0.18975   6.66953   1.59691   1.22323   1.51214   1.15712  
 25 117.4296   2304.214964  x:  0.22886   0.03171   0.05157   0.06567   0.07652   0.11353   0.08736   0.15057   0.10084   0.23012   0.27360   0.04162   0.05372   0.03633   0.11925   0.05181   0.11344   0.11037   0.03391   0.11218   0.18761   6.33849   1.58820   1.21281   1.49808   1.15935  
 26 288.3574   2304.214048  x:  0.22879   0.03171   0.05160   0.06566   0.07650   0.11361   0.08735   0.15056   0.10067   0.23010   0.27365   0.04156   0.05381   0.03642   0.12008   0.05175   0.11264   0.10998   0.03402   0.11205   0.18762   6.33770   1.58814   1.21275   1.49800   1.15935  
 27  1.5734   2304.126918  x:  0.22134   0.03175   0.05101   0.06516   0.07658   0.11094   0.08736   0.15035   0.10101   0.22985   0.27329   0.04141   0.05370   0.03647   0.11960   0.05145   0.11259   0.10868   0.03428   0.11292   0.18678   6.53611   1.56180   1.18743   1.46138   1.16356  
 28  0.2358   2304.098304  x:  0.22225   0.03185   0.05086   0.06398   0.07658   0.10678   0.08702   0.14964   0.09822   0.22910   0.27203   0.04110   0.05332   0.03633   0.11861   0.05069   0.11110   0.11029   0.03411   0.11291   0.18725   6.46731   1.55715   1.18577   1.45554   1.15596  
 29  0.0328   2304.094071  x:  0.22275   0.03173   0.05078   0.06377   0.07657   0.10584   0.08693   0.14942   0.09766   0.22928   0.27249   0.04110   0.05324   0.03623   0.11835   0.05052   0.11132   0.10909   0.03406   0.11292   0.18715   6.49535   1.56380   1.19075   1.46374   1.15819  
 30  0.0286   2304.093970  x:  0.22262   0.03173   0.05076   0.06376   0.07653   0.10589   0.08691   0.14943   0.09757   0.22934   0.27263   0.04108   0.05323   0.03622   0.11836   0.05049   0.11129   0.10922   0.03404   0.11290   0.18709   6.49655   1.56383   1.19026   1.46398   1.15958  
 31  0.0018   2304.093969  x:  0.22263   0.03174   0.05076   0.06376   0.07653   0.10587   0.08691   0.14943   0.09759   0.22933   0.27263   0.04108   0.05323   0.03622   0.11836   0.05050   0.11129   0.10921   0.03404   0.11290   0.18709   6.49647   1.56374   1.19019   1.46397   1.15961  
 32  0.0001   2304.093969  x:  0.22263   0.03174   0.05076   0.06376   0.07653   0.10587   0.08691   0.14943   0.09759   0.22933   0.27263   0.04108   0.05323   0.03622   0.11836   0.05050   0.11129   0.10922   0.03404   0.11290   0.18710   6.49646   1.56374   1.19018   1.46398   1.15960  
 33  0.0000   2304.093969  x:  0.22263   0.03174   0.05076   0.06376   0.07653   0.10587   0.08691   0.14943   0.09759   0.22933   0.27263   0.04108   0.05323   0.03622   0.11836   0.05050   0.11129   0.10922   0.03404   0.11290   0.18710   6.49646   1.56374   1.19018   1.46398   1.15960  
 34  0.0000   2304.093969  x:  0.22263   0.03174   0.05076   0.06376   0.07653   0.10587   0.08691   0.14943   0.09759   0.22933   0.27263   0.04108   0.05323   0.03622   0.11836   0.05050   0.11129   0.10922   0.03404   0.11290   0.18710   6.49646   1.56374   1.19018   1.46398   1.15960  