

TREE # 1

  0  0.0000   2141.363821  x:  0.01972   0.20925   0.02571   0.03211   0.02495   0.05815   0.02188   0.05666   0.08536   0.02661   0.17168   0.01972   0.20925   0.02571   0.03211   0.02495   0.05815   0.02188   0.05666   0.08536   0.02661   0.17168   0.21568   8.40433   1.46892   0.95211   1.34713   1.00000  
  1 99.0000   2105.261174  x:  0.00000   0.20364   0.07788   0.03406   0.08364   0.06082   0.01219   0.06138   0.09546   0.06356   0.17030   0.01238   0.20548   0.06608   0.02235   0.02569   0.05864   0.07309   0.05727   0.09657   0.06784   0.17075   0.21685   8.40437   1.46879   0.95004   1.34911   0.99956  
  2 779.2223   2103.505501  x:  0.00000   0.19250   0.07977   0.03131   0.08291   0.06422   0.00960   0.06587   0.10830   0.06230   0.16826   0.00757   0.19751   0.06710   0.00743   0.02324   0.05841   0.06687   0.05719   0.11145   0.07006   0.16954   0.21959   8.40447   1.46826   0.94656   1.35302   0.99857  
  3 98.2852   2102.259283  x:  0.00000   0.17407   0.08276   0.02877   0.08253   0.06813   0.01413   0.07084   0.12526   0.06056   0.16518   0.01205   0.18434   0.06946   0.01467   0.02398   0.05826   0.05986   0.05728   0.13227   0.07331   0.16795   0.22425   8.40464   1.46733   0.94043   1.35997   0.99676  
  4 136.3234   2101.983595  x:  0.00000   0.16600   0.08222   0.03085   0.08176   0.06641   0.00889   0.06914   0.12632   0.06006   0.16422   0.01186   0.17826   0.06844   0.01633   0.02619   0.05837   0.06209   0.05731   0.13390   0.07210   0.16749   0.22630   8.40476   1.46669   0.93677   1.36430   0.99559  
  5 49.8604   2101.644150  x:  0.00000   0.15200   0.08105   0.03397   0.08132   0.06305   0.01281   0.06498   0.12509   0.06003   0.16283   0.01058   0.16750   0.06642   0.01491   0.02745   0.05852   0.06746   0.05732   0.13299   0.06970   0.16685   0.22994   8.40500   1.46537   0.92936   1.37316   0.99314  
  6 82.5310   2101.498135  x:  0.00000   0.14617   0.08079   0.03144   0.08175   0.06309   0.01206   0.06446   0.12222   0.06095   0.16263   0.01370   0.16260   0.06683   0.01420   0.02317   0.05837   0.06689   0.05725   0.12991   0.07006   0.16688   0.23190   8.40521   1.46434   0.92358   1.38025   0.99107  
  7 38.9184   2101.365972  x:  0.00000   0.14308   0.08089   0.02892   0.08242   0.06512   0.01190   0.06639   0.11881   0.06197   0.16295   0.01061   0.15909   0.06833   0.01517   0.02460   0.05835   0.06326   0.05715   0.12596   0.07164   0.16706   0.23361   8.40554   1.46288   0.91527   1.39062   0.98794  
  8 35.3093   2101.255176  x:  0.00000   0.14407   0.08170   0.03233   0.08272   0.06663   0.01204   0.06876   0.11775   0.06147   0.16365   0.01316   0.15849   0.06880   0.01366   0.02697   0.05829   0.06127   0.05710   0.12405   0.07274   0.16751   0.23476   8.40598   1.46106   0.90511   1.40382   0.98374  
  9 33.6391   2101.072944  x:  0.00000   0.14942   0.08237   0.03460   0.08206   0.06627   0.01190   0.06956   0.11932   0.05980   0.16475   0.01084   0.16071   0.06779   0.01519   0.02300   0.05800   0.06308   0.05714   0.12512   0.07234   0.16809   0.23543   8.40688   1.45763   0.88670   1.42889   0.97536  
 10 47.1618   2100.985348  x:  0.00000   0.15233   0.08205   0.03052   0.08174   0.06492   0.01197   0.06759   0.12054   0.05991   0.16493   0.01189   0.16293   0.06707   0.01459   0.02502   0.05813   0.06494   0.05707   0.12662   0.07148   0.16824   0.23499   8.40743   1.45581   0.87803   1.44212   0.97054  
 11 49.1563   2100.965786  x:  0.00000   0.15178   0.08107   0.03123   0.08263   0.06438   0.01193   0.06530   0.12065   0.06168   0.16391   0.01186   0.16466   0.06786   0.01457   0.02494   0.05830   0.06331   0.05695   0.12729   0.07120   0.16768   0.23300   8.40781   1.45521   0.87827   1.44650   0.96784  
 12  8.0657   2100.940812  x:  0.00000   0.14952   0.07966   0.03116   0.08285   0.06536   0.01190   0.06688   0.12013   0.06133   0.16211   0.01196   0.16717   0.06787   0.01455   0.02494   0.05804   0.06447   0.05716   0.12745   0.07136   0.16641   0.22855   8.40877   1.45447   0.88276   1.45417   0.96162  
 13  7.7779   2100.917803  x:  0.00000   0.14956   0.08278   0.03099   0.08162   0.06411   0.01194   0.06693   0.12033   0.06108   0.16290   0.01187   0.16647   0.06688   0.01460   0.02494   0.05859   0.06377   0.05675   0.12689   0.07157   0.16634   0.22698   8.41018   1.45470   0.89054   1.46276   0.95353  
 14  8.1202   2100.895196  x:  0.00000   0.15135   0.08154   0.03103   0.08224   0.06533   0.01188   0.06592   0.12087   0.06056   0.16467   0.01184   0.16430   0.06795   0.01455   0.02500   0.05780   0.06411   0.05756   0.12694   0.07136   0.16729   0.22894   8.41194   1.45639   0.89957   1.47177   0.94460  
 15 11.7517   2100.889666  x:  0.00000   0.15165   0.08069   0.03106   0.08267   0.06476   0.01189   0.06671   0.12070   0.06122   0.16451   0.01183   0.16440   0.06763   0.01456   0.02497   0.05854   0.06419   0.05671   0.12727   0.07142   0.16750   0.23053   8.41258   1.45799   0.90175   1.47405   0.94235  
 16  6.0995   2100.883850  x:  0.00000   0.15125   0.08113   0.03107   0.08241   0.06462   0.01189   0.06668   0.12012   0.06129   0.16333   0.01175   0.16582   0.06733   0.01454   0.02498   0.05801   0.06409   0.05757   0.12755   0.07169   0.16735   0.23285   8.41371   1.46220   0.90364   1.47653   0.94014  
 17  3.9038   2100.878976  x:  0.00000   0.15091   0.08157   0.03104   0.08229   0.06528   0.01187   0.06614   0.12022   0.06055   0.16291   0.01172   0.16649   0.06790   0.01452   0.02497   0.05837   0.06419   0.05656   0.12729   0.07139   0.16714   0.23341   8.41499   1.46739   0.90483   1.47865   0.93862  
 18  4.8643   2100.864999  x:  0.00000   0.15086   0.08126   0.03097   0.08277   0.06466   0.01186   0.06670   0.12143   0.06102   0.16374   0.01177   0.16586   0.06801   0.01450   0.02495   0.05846   0.06410   0.05735   0.12642   0.07080   0.16686   0.23143   8.41938   1.48500   0.90770   1.48502   0.93517  
 19  7.5922   2100.862047  x:  0.00000   0.15106   0.08105   0.03104   0.08250   0.06484   0.01186   0.06641   0.12086   0.06123   0.16393   0.01178   0.16541   0.06751   0.01448   0.02496   0.05797   0.06419   0.05690   0.12699   0.07174   0.16701   0.23074   8.42050   1.48866   0.90840   1.48657   0.93493  
 20  6.0423   2100.860710  x:  0.00000   0.15125   0.08115   0.03106   0.08252   0.06488   0.01185   0.06639   0.12008   0.06104   0.16382   0.01178   0.16512   0.06767   0.01443   0.02494   0.05849   0.06419   0.05719   0.12766   0.07164   0.16726   0.23045   8.42134   1.48997   0.90897   1.48764   0.93566  
 21  1.9579   2100.857830  x:  0.00000   0.15145   0.08141   0.03102   0.08273   0.06463   0.01185   0.06670   0.11972   0.06109   0.16342   0.01178   0.16491   0.06798   0.01440   0.02497   0.05768   0.06413   0.05682   0.12798   0.07087   0.16764   0.23033   8.42379   1.49201   0.91071   1.49062   0.93877  
 22  2.3173   2100.849096  x:  0.00000   0.15153   0.08124   0.03098   0.08261   0.06488   0.01184   0.06642   0.12085   0.06125   0.16281   0.01175   0.16504   0.06769   0.01439   0.02493   0.05824   0.06430   0.05706   0.12713   0.07163   0.16794   0.23060   8.43184   1.49756   0.91627   1.50002   0.94920  
 23  7.9467   2100.847525  x:  0.00000   0.15120   0.08119   0.03096   0.08290   0.06465   0.01184   0.06641   0.12063   0.06097   0.16402   0.01173   0.16548   0.06772   0.01436   0.02494   0.05817   0.06422   0.05704   0.12736   0.07174   0.16697   0.23083   8.43371   1.49823   0.91699   1.50126   0.95062  
 24  2.0804   2100.846610  x:  0.00000   0.15111   0.08130   0.03100   0.08257   0.06505   0.01183   0.06647   0.12054   0.06152   0.16446   0.01175   0.16560   0.06771   0.01436   0.02493   0.05823   0.06437   0.05705   0.12749   0.07145   0.16662   0.23093   8.43517   1.49836   0.91713   1.50153   0.95093  
 25  1.3184   2100.784944  x:  0.00000   0.15111   0.08146   0.03116   0.07968   0.06271   0.01177   0.06739   0.12109   0.06245   0.16436   0.01147   0.16520   0.07312   0.01332   0.02481   0.05803   0.06581   0.05698   0.12806   0.07377   0.16594   0.23128   8.54921   1.49675   0.91553   1.50108   0.95087  
 26  2.1113   2100.544403  x:  0.00000   0.15076   0.08717   0.03060   0.08873   0.06549   0.01052   0.06748   0.12325   0.06368   0.16280   0.01005   0.16346   0.07165   0.01039   0.02435   0.05823   0.06803   0.05703   0.13036   0.07548   0.16563   0.23215   8.99251   1.49015   0.90893   1.49857   0.94984  
 27 182.7512   2100.542489  x:  0.00000   0.15002   0.08721   0.03062   0.08874   0.06549   0.01051   0.06750   0.12329   0.06372   0.16366   0.00999   0.16420   0.07169   0.01037   0.02435   0.05823   0.06806   0.05703   0.13044   0.07550   0.16728   0.23211   8.99593   1.49010   0.90887   1.49854   0.94984  
 28  3.2962   2100.500950  x:  0.00000   0.15126   0.08918   0.03065   0.09155   0.06554   0.01045   0.06712   0.12231   0.06489   0.16386   0.01062   0.16528   0.07264   0.01236   0.02446   0.05830   0.06995   0.05708   0.12913   0.07662   0.16744   0.23136   8.95766   1.48788   0.91054   1.49238   0.94998  
 29  0.0252   2100.495288  x:  0.00000   0.15061   0.08988   0.03066   0.09221   0.06545   0.01075   0.06719   0.12263   0.06516   0.16373   0.01067   0.16464   0.07325   0.01180   0.02461   0.05829   0.07048   0.05708   0.12968   0.07716   0.16727   0.23165   8.88974   1.48811   0.91039   1.49366   0.94938  
 30  0.0476   2100.494986  x:  0.00000   0.15066   0.08989   0.03063   0.09222   0.06549   0.01063   0.06721   0.12267   0.06514   0.16373   0.01054   0.16470   0.07319   0.01181   0.02453   0.05829   0.07043   0.05708   0.12969   0.07713   0.16730   0.23163   8.86918   1.48779   0.91014   1.49352   0.94899  
 31  0.0170   2100.494980  x:  0.00000   0.15069   0.08988   0.03063   0.09223   0.06550   0.01063   0.06721   0.12265   0.06514   0.16373   0.01057   0.16473   0.07318   0.01180   0.02453   0.05829   0.07043   0.05708   0.12966   0.07712   0.16731   0.23161   8.86777   1.48777   0.91018   1.49343   0.94900  
 32  0.0015   2100.494980  x:  0.00000   0.15069   0.08988   0.03063   0.09223   0.06550   0.01063   0.06721   0.12265   0.06514   0.16373   0.01056   0.16473   0.07318   0.01180   0.02454   0.05829   0.07043   0.05708   0.12966   0.07712   0.16731   0.23161   8.86775   1.48778   0.91019   1.49342   0.94900  
 33  0.0000   2100.494980  x:  0.00000   0.15069   0.08988   0.03063   0.09223   0.06550   0.01063   0.06721   0.12265   0.06514   0.16373   0.01056   0.16473   0.07318   0.01180   0.02454   0.05829   0.07043   0.05708   0.12966   0.07712   0.16731   0.23161   8.86775   1.48778   0.91019   1.49342   0.94900  
 34  0.0000   2100.494980  x:  0.00000   0.15069   0.08988   0.03063   0.09223   0.06550   0.01063   0.06721   0.12265   0.06514   0.16373   0.01056   0.16473   0.07318   0.01180   0.02454   0.05829   0.07043   0.05708   0.12966   0.07712   0.16731   0.23161   8.86775   1.48778   0.91019   1.49342   0.94900  
 35  0.0000   2100.494980  x:  0.00000   0.15069   0.08988   0.03063   0.09223   0.06550   0.01063   0.06721   0.12265   0.06514   0.16373   0.01056   0.16473   0.07318   0.01180   0.02454   0.05829   0.07043   0.05708   0.12966   0.07712   0.16731   0.23161   8.86775   1.48778   0.91019   1.49342   0.94900  
 36  0.0000   2100.494980  x:  0.00000   0.15069   0.08988   0.03063   0.09223   0.06550   0.01063   0.06721   0.12265   0.06514   0.16373   0.01056   0.16473   0.07318   0.01180   0.02454   0.05829   0.07043   0.05708   0.12966   0.07712   0.16731   0.23161   8.86775   1.48778   0.91019   1.49342   0.94900  
 37  0.0000   2100.494980  x:  0.00000   0.15069   0.08988   0.03063   0.09223   0.06550   0.01063   0.06721   0.12265   0.06514   0.16373   0.01056   0.16473   0.07318   0.01180   0.02454   0.05829   0.07043   0.05708   0.12966   0.07712   0.16731   0.23161   8.86775   1.48778   0.91019   1.49342   0.94900  
check convergence!


TREE # 2

  0  0.0000   2370.934448  x:  0.00000   0.15069   0.08988   0.03063   0.09223   0.06550   0.01063   0.06721   0.12265   0.06514   0.16373   0.01056   0.16473   0.07318   0.01180   0.02454   0.05829   0.07043   0.05708   0.12966   0.07712   0.16731   0.23161   8.86775   1.46203   0.83632   1.37383   0.94900  
  1 99.0000   2212.611923  x:  0.41291   0.15663   0.09833   0.06369   0.09177   0.06857   0.09727   0.06273   0.11751   0.06100   0.15824   0.05371   0.16873   0.08712   0.09451   0.04686   0.06284   0.07638   0.05417   0.12531   0.07754   0.16173   0.22290   8.86775   1.46205   0.83637   1.37429   0.94881  
  2 6845.9449   2146.770777  x:  0.39041   0.08632   0.16746   0.17702   0.08166   0.07636   0.12366   0.00000   0.06832   0.00600   0.09966   0.07921   0.08780   0.15881   0.14962   0.09635   0.09819   0.12713   0.02178   0.08325   0.08268   0.10771   0.13678   8.86792   1.45704   0.84414   1.37806   0.94863  
  3 428.6088   2122.978435  x:  0.37591   0.01210   0.20985   0.24519   0.07259   0.08539   0.14948   0.04461   0.03039   0.06466   0.04749   0.09530   0.00000   0.20384   0.18660   0.11638   0.11581   0.15774   0.01369   0.04953   0.08881   0.05657   0.04378   8.86809   1.45217   0.85196   1.38192   0.94854  
  4 755.8549   2120.152769  x:  0.37571   0.00112   0.21155   0.24829   0.07180   0.08450   0.15140   0.04330   0.03776   0.06530   0.04451   0.09396   0.00000   0.20589   0.18894   0.11271   0.11496   0.15839   0.02288   0.05085   0.08993   0.05264   0.02372   8.86812   1.45110   0.85364   1.38281   0.94855  
  5 241.7250   2119.081708  x:  0.37520   0.00501   0.21288   0.25054   0.07132   0.08388   0.15271   0.04275   0.04054   0.06620   0.04288   0.09296   0.00000   0.20731   0.19051   0.10989   0.11417   0.15864   0.02583   0.05146   0.09066   0.05041   0.01023   8.86815   1.45029   0.85490   1.38349   0.94854  
  6 302.2589   2118.788858  x:  0.37506   0.00357   0.21363   0.25223   0.07093   0.08234   0.15454   0.04105   0.03919   0.06719   0.04432   0.09019   0.00000   0.20827   0.19226   0.10238   0.11101   0.15712   0.02098   0.05294   0.09192   0.05163   0.00667   8.86820   1.44858   0.85760   1.38502   0.94845  
  7 49.3957   2118.196077  x:  0.37325   0.00401   0.21872   0.26188   0.06941   0.07825   0.16163   0.03664   0.04035   0.07164   0.04275   0.08274   0.00000   0.21403   0.20018   0.07994   0.10329   0.15477   0.02131   0.05526   0.09654   0.05063   0.00957   8.86839   1.44261   0.86694   1.39044   0.94816  
  8 84.6509   2118.115048  x:  0.37265   0.00404   0.21916   0.26362   0.07074   0.07908   0.16263   0.03639   0.03851   0.07188   0.04592   0.08330   0.00000   0.21453   0.20193   0.07720   0.10346   0.15331   0.02375   0.05283   0.09562   0.05303   0.00925   8.86849   1.43987   0.87116   1.39331   0.94799  
  9 21.8348   2117.998698  x:  0.37161   0.00408   0.21846   0.26535   0.07338   0.08153   0.16346   0.03728   0.04243   0.07158   0.04585   0.08588   0.00000   0.21379   0.20466   0.07595   0.10528   0.14909   0.02190   0.05107   0.09249   0.05435   0.00947   8.86880   1.43259   0.88237   1.40143   0.94745  
 10 21.7480   2117.847224  x:  0.37091   0.00402   0.21589   0.26528   0.07401   0.08278   0.16339   0.03769   0.03934   0.07020   0.04363   0.08773   0.00000   0.21112   0.20702   0.07649   0.10748   0.14369   0.02289   0.05544   0.09018   0.05252   0.00947   8.86930   1.42153   0.89942   1.41459   0.94657  
 11 39.7559   2117.732798  x:  0.37104   0.00409   0.21398   0.26402   0.06937   0.07992   0.16244   0.03778   0.03989   0.07010   0.04602   0.08573   0.00000   0.20929   0.20729   0.08034   0.10764   0.14465   0.02260   0.05319   0.09403   0.05058   0.00961   8.86984   1.41295   0.91296   1.42737   0.94570  
 12 24.4487   2117.680225  x:  0.37140   0.00413   0.21365   0.26297   0.06981   0.07928   0.16168   0.03773   0.03979   0.07031   0.04370   0.08437   0.00000   0.20921   0.20615   0.08195   0.10642   0.14841   0.02282   0.05285   0.09587   0.05428   0.00939   8.87020   1.41006   0.91810   1.43473   0.94522  
 13 17.7420   2117.606068  x:  0.37202   0.00416   0.21436   0.26114   0.07422   0.08063   0.16059   0.03748   0.04012   0.07072   0.04559   0.08420   0.00000   0.21057   0.20289   0.08223   0.10376   0.15609   0.02247   0.05449   0.09586   0.05265   0.00955   8.87089   1.40880   0.92233   1.44687   0.94446  
 14 14.8416   2117.485927  x:  0.37302   0.00403   0.21526   0.25605   0.07147   0.08078   0.15967   0.03625   0.03905   0.06986   0.04338   0.08651   0.00000   0.21253   0.19658   0.07779   0.10289   0.15944   0.02240   0.05090   0.09110   0.05074   0.00942   8.87230   1.41317   0.92290   1.46743   0.94320  
 15 12.3535   2117.251556  x:  0.37236   0.00416   0.22018   0.25246   0.06555   0.08049   0.16118   0.03688   0.04066   0.07012   0.04604   0.08921   0.00000   0.21892   0.19097   0.07636   0.10842   0.15808   0.02222   0.05614   0.09008   0.05432   0.00954   8.87540   1.42756   0.92010   1.50730   0.94080  
 16 28.1219   2116.869296  x:  0.37134   0.00405   0.22231   0.24592   0.07392   0.07951   0.16248   0.03643   0.03980   0.06820   0.04465   0.08270   0.00000   0.22165   0.18844   0.07733   0.11263   0.14518   0.02235   0.05321   0.09851   0.05249   0.00930   8.88068   1.45600   0.91501   1.56651   0.93718  
 17 45.8777   2116.318048  x:  0.36523   0.00435   0.21306   0.24866   0.07245   0.07712   0.15901   0.03527   0.04031   0.06785   0.04561   0.08140   0.00000   0.20782   0.20761   0.08521   0.09290   0.14070   0.02360   0.05379   0.09071   0.05349   0.00956   8.88879   1.50569   0.91914   1.62437   0.93329  
 18 23.7841   2115.622959  x:  0.36053   0.00456   0.19392   0.25135   0.07046   0.08328   0.15374   0.03485   0.04022   0.06419   0.04522   0.08815   0.00000   0.18472   0.21596   0.07337   0.10249   0.15109   0.02229   0.05408   0.10125   0.05335   0.00929   8.89967   1.57246   0.94520   1.66371   0.93027  
 19 26.8752   2114.276588  x:  0.35747   0.00496   0.18473   0.24494   0.07536   0.06921   0.15418   0.03305   0.04116   0.06269   0.04716   0.06784   0.00000   0.17978   0.20081   0.07227   0.11585   0.15381   0.02212   0.05516   0.08424   0.05395   0.00984   8.92091   1.69175   1.01986   1.69805   0.92795  
 20 39.5230   2112.451467  x:  0.35124   0.00557   0.19061   0.21787   0.07467   0.07324   0.15388   0.02763   0.04171   0.05798   0.04750   0.08218   0.00000   0.19269   0.17013   0.07709   0.09248   0.13627   0.02406   0.05556   0.09615   0.05536   0.01003   8.95085   1.84631   1.12765   1.72946   0.92779  
 21 95.8081   2112.140706  x:  0.35011   0.00566   0.19732   0.20366   0.07034   0.08519   0.14983   0.03156   0.04158   0.05202   0.04772   0.07389   0.00000   0.19515   0.17728   0.07557   0.09230   0.13692   0.02397   0.05546   0.09569   0.05526   0.01005   8.95621   1.85458   1.13452   1.72855   0.93165  
 22 14.2780   2111.347241  x:  0.34435   0.00591   0.20822   0.16994   0.07531   0.07350   0.14037   0.02532   0.04187   0.05433   0.04788   0.08017   0.00000   0.19449   0.19678   0.07131   0.09917   0.13986   0.02316   0.05603   0.09556   0.05555   0.01015   8.96981   1.84359   1.12956   1.71769   0.94699  
 23 16.0714   2106.492917  x:  0.31919   0.00742   0.18148   0.13952   0.07870   0.06243   0.15642   0.03676   0.04407   0.02245   0.05149   0.07724   0.00000   0.15831   0.16471   0.06213   0.08795   0.13063   0.02368   0.05916   0.09507   0.05880   0.01096   9.04772   1.68989   1.03130   1.64060   1.04054  
 24 24.6334   2104.537463  x:  0.31227   0.00813   0.16488   0.13173   0.07586   0.07537   0.14909   0.01454   0.04555   0.03491   0.05283   0.06903   0.00000   0.14528   0.14756   0.06254   0.08694   0.12165   0.02393   0.06049   0.09319   0.06047   0.01140   9.08052   1.62307   0.98848   1.60764   1.07689  
 25 184.3123   2104.121489  x:  0.31453   0.00825   0.15689   0.13699   0.07613   0.07325   0.12584   0.01719   0.04604   0.03299   0.05336   0.06810   0.00000   0.15277   0.14451   0.05919   0.08605   0.11713   0.02418   0.06116   0.09358   0.06104   0.01141   9.08773   1.60720   0.97830   1.59950   1.07707  
 26 32.9711   2103.533247  x:  0.30975   0.00858   0.14831   0.12934   0.07643   0.07338   0.12871   0.01586   0.04652   0.03127   0.05380   0.06769   0.00000   0.15512   0.14542   0.05805   0.08591   0.11646   0.02460   0.06156   0.09338   0.06159   0.01129   9.09789   1.57281   0.95609   1.57507   0.95211  
 27  7.9633   2103.475783  x:  0.31023   0.00849   0.15508   0.13086   0.07654   0.07295   0.12595   0.01612   0.04665   0.03119   0.05390   0.06749   0.00000   0.14904   0.14344   0.05756   0.08571   0.11561   0.02473   0.06168   0.09335   0.06170   0.01126   9.09883   1.56909   0.95393   1.57254   0.93897  
 28 15.8317   2101.263935  x:  0.26376   0.00975   0.15764   0.16441   0.07794   0.07145   0.13882   0.01355   0.05797   0.03085   0.05681   0.06985   0.00000   0.15548   0.15481   0.05870   0.08884   0.11760   0.03461   0.06762   0.09221   0.06394   0.00924   9.02697   1.41986   0.87049   1.46123   0.94843  
 29  0.2414   2100.583033  x:  0.23606   0.01025   0.16511   0.16301   0.07779   0.07524   0.13069   0.01135   0.06012   0.02556   0.05895   0.07064   0.00000   0.16326   0.14960   0.06756   0.09047   0.12105   0.03509   0.06904   0.09116   0.06598   0.01009   8.94211   1.49003   0.91229   1.48160   0.94909  
 30  0.1492   2100.505442  x:  0.23134   0.01017   0.16741   0.16395   0.07737   0.07326   0.12973   0.01227   0.05806   0.02391   0.05917   0.07034   0.00000   0.16392   0.15101   0.06454   0.09000   0.12312   0.03147   0.06809   0.09220   0.06635   0.01101   8.89304   1.48562   0.90866   1.49083   0.95054  
 31  0.0499   2100.498298  x:  0.23178   0.01021   0.16740   0.16461   0.07720   0.07283   0.12962   0.01148   0.05747   0.02460   0.05881   0.07044   0.00000   0.16384   0.15103   0.06470   0.08978   0.12279   0.03079   0.06760   0.09233   0.06602   0.01095   8.88035   1.48768   0.90998   1.49386   0.94929  
 32  0.0208   2100.495786  x:  0.23219   0.01029   0.16726   0.16501   0.07706   0.07307   0.12971   0.01186   0.05715   0.02455   0.05845   0.07048   0.00000   0.16369   0.15065   0.06536   0.08992   0.12260   0.03053   0.06724   0.09224   0.06566   0.01078   8.87141   1.48818   0.91046   1.49449   0.94841  
 33  0.0127   2100.495127  x:  0.23172   0.01041   0.16738   0.16478   0.07707   0.07323   0.12967   0.01178   0.05713   0.02450   0.05825   0.07040   0.00000   0.16374   0.15067   0.06508   0.08992   0.12261   0.03063   0.06715   0.09223   0.06544   0.01061   8.86728   1.48808   0.91052   1.49377   0.94909  
 34  0.0046   2100.495023  x:  0.23152   0.01049   0.16732   0.16472   0.07714   0.07315   0.12962   0.01180   0.05709   0.02455   0.05827   0.07045   0.00000   0.16374   0.15072   0.06518   0.08988   0.12271   0.03063   0.06719   0.09221   0.06547   0.01061   8.86721   1.48739   0.90998   1.49305   0.94898  
 35  0.0009   2100.494986  x:  0.23156   0.01055   0.16728   0.16474   0.07714   0.07317   0.12969   0.01181   0.05706   0.02455   0.05829   0.07042   0.00000   0.16374   0.15068   0.06512   0.08988   0.12263   0.03063   0.06722   0.09223   0.06550   0.01062   8.86769   1.48783   0.91017   1.49334   0.94894  
 36  0.0006   2100.494981  x:  0.23161   0.01056   0.16730   0.16472   0.07712   0.07318   0.12965   0.01180   0.05706   0.02454   0.05829   0.07042   0.00000   0.16373   0.15068   0.06514   0.08988   0.12264   0.03063   0.06721   0.09223   0.06550   0.01063   8.86778   1.48779   0.91017   1.49343   0.94903  
 37  0.0002   2100.494980  x:  0.23161   0.01056   0.16731   0.16473   0.07712   0.07318   0.12966   0.01180   0.05707   0.02454   0.05829   0.07043   0.00000   0.16374   0.15069   0.06514   0.08988   0.12265   0.03063   0.06721   0.09223   0.06550   0.01063   8.86776   1.48779   0.91020   1.49344   0.94899  
 38  0.0001   2100.494980  x:  0.23161   0.01056   0.16731   0.16473   0.07712   0.07318   0.12966   0.01180   0.05707   0.02454   0.05829   0.07043   0.00000   0.16373   0.15069   0.06514   0.08988   0.12265   0.03063   0.06721   0.09223   0.06550   0.01063   8.86775   1.48778   0.91019   1.49342   0.94900  
 39  0.0000   2100.494980  x:  0.23161   0.01056   0.16731   0.16473   0.07712   0.07318   0.12966   0.01180   0.05708   0.02454   0.05829   0.07043   0.00000   0.16373   0.15069   0.06514   0.08988   0.12265   0.03063   0.06721   0.09223   0.06550   0.01063   8.86775   1.48778   0.91019   1.49342   0.94900  
 40  0.0000   2100.494980  x:  0.23161   0.01056   0.16731   0.16473   0.07712   0.07318   0.12966   0.01180   0.05708   0.02454   0.05829   0.07043   0.00000   0.16373   0.15069   0.06514   0.08988   0.12265   0.03063   0.06721   0.09223   0.06550   0.01063   8.86775   1.48778   0.91019   1.49342   0.94900  
 41  0.0000   2100.494980  x:  0.23161   0.01056   0.16731   0.16473   0.07712   0.07318   0.12966   0.01180   0.05708   0.02454   0.05829   0.07043   0.00000   0.16373   0.15069   0.06514   0.08988   0.12265   0.03063   0.06721   0.09223   0.06550   0.01063   8.86775   1.48778   0.91019   1.49342   0.94900  