

TREE # 1

  0  0.0000   2064.418807  x:  0.20925   0.02571   0.03211   0.02495   0.05815   0.02188   0.05666   0.08536   0.02661   0.17168   0.20925   0.02571   0.03211   0.02495   0.05815   0.02188   0.05666   0.08536   0.02661   0.17168   0.21568   8.40433   1.45604   1.07524   1.34426   1.00000  
  1 99.0000   2051.547591  x:  0.19863   0.01133   0.03358   0.03024   0.08180   0.03272   0.05260   0.07605   0.03725   0.18260   0.21018   0.05269   0.01803   0.03331   0.10277   0.03601   0.05577   0.12297   0.08773   0.19632   0.20754   8.40435   1.45622   1.06805   1.34857   1.00049  
  2 328.6840   2047.974319  x:  0.18121   0.02448   0.03377   0.02489   0.09143   0.02005   0.05043   0.06609   0.03879   0.19906   0.20837   0.03912   0.01316   0.02547   0.11896   0.02377   0.05670   0.15164   0.08083   0.22857   0.19415   8.40439   1.45651   1.05572   1.35621   1.00134  
  3 125.7145   2046.047748  x:  0.16505   0.01406   0.03529   0.02762   0.09410   0.02740   0.04993   0.06223   0.03449   0.21250   0.20649   0.03041   0.02355   0.02943   0.12435   0.02698   0.05634   0.16889   0.06647   0.25481   0.18173   8.40445   1.45678   1.04259   1.36427   1.00223  
  4 151.9805   2045.264899  x:  0.15409   0.01121   0.03464   0.02848   0.08922   0.02655   0.05168   0.06742   0.03721   0.22046   0.20425   0.04110   0.01554   0.03257   0.11923   0.02995   0.05329   0.17049   0.05824   0.27033   0.17310   8.40452   1.45705   1.02867   1.37263   1.00318  
  5 70.9987   2044.982633  x:  0.14960   0.01659   0.03475   0.02874   0.08611   0.02906   0.05181   0.06973   0.03802   0.22384   0.20237   0.04371   0.01886   0.03174   0.11459   0.03122   0.05397   0.16745   0.06171   0.27732   0.16930   8.40459   1.45722   1.01719   1.37946   1.00396  
  6 54.0520   2044.584135  x:  0.14548   0.01229   0.03432   0.02714   0.08273   0.02774   0.05127   0.07063   0.03635   0.22734   0.19918   0.04122   0.01906   0.02781   0.10772   0.02840   0.05615   0.15959   0.07034   0.28576   0.16533   8.40473   1.45740   0.99590   1.39205   1.00540  
  7 72.4705   2044.293992  x:  0.14663   0.01339   0.03493   0.02905   0.08469   0.02688   0.05081   0.06759   0.03684   0.22785   0.19652   0.03584   0.01544   0.03357   0.10701   0.03066   0.05604   0.15233   0.07256   0.28911   0.16549   8.40490   1.45728   0.97302   1.40555   1.00695  
  8 51.3331   2043.924336  x:  0.15239   0.01236   0.03450   0.02710   0.09035   0.02556   0.05085   0.06385   0.03936   0.22544   0.19408   0.04006   0.01915   0.03139   0.11249   0.03040   0.05380   0.14726   0.06821   0.28837   0.16957   8.40523   1.45651   0.93647   1.42720   1.00944  
  9 56.9128   2043.818143  x:  0.15374   0.01292   0.03519   0.02847   0.08973   0.02889   0.05071   0.06590   0.03731   0.22376   0.19426   0.04005   0.01701   0.02941   0.11440   0.02885   0.05432   0.14952   0.06687   0.28570   0.17110   8.40538   1.45576   0.92463   1.43442   1.01026  
 10 40.5334   2043.736776  x:  0.15364   0.01299   0.03442   0.02775   0.08663   0.02681   0.05072   0.06902   0.03602   0.22165   0.19552   0.03933   0.01760   0.03079   0.11491   0.02992   0.05562   0.15504   0.06701   0.28113   0.17193   8.40557   1.45441   0.91478   1.44079   1.01097  
 11 29.4434   2043.713837  x:  0.15245   0.01266   0.03442   0.02796   0.08576   0.02729   0.05077   0.06769   0.03827   0.22083   0.19660   0.03872   0.01752   0.03070   0.11331   0.02963   0.05478   0.15749   0.06726   0.27833   0.17133   8.40570   1.45316   0.91198   1.44307   1.01120  
 12 12.1626   2043.706783  x:  0.15149   0.01284   0.03477   0.02784   0.08636   0.02716   0.05078   0.06654   0.03723   0.22074   0.19717   0.03919   0.01739   0.03070   0.11243   0.02979   0.05446   0.15807   0.06734   0.27691   0.17059   8.40582   1.45205   0.91129   1.44407   1.01129  
 13  6.5994   2043.703462  x:  0.15075   0.01283   0.03440   0.02797   0.08738   0.02716   0.05066   0.06699   0.03741   0.22103   0.19757   0.03917   0.01740   0.03073   0.11251   0.02967   0.05507   0.15777   0.06721   0.27593   0.16973   8.40601   1.45026   0.91131   1.44501   1.01134  
 14  3.1509   2043.700924  x:  0.15056   0.01281   0.03502   0.02770   0.08725   0.02710   0.05077   0.06731   0.03753   0.22148   0.19775   0.03892   0.01740   0.03051   0.11309   0.02992   0.05474   0.15736   0.06720   0.27547   0.16923   8.40629   1.44774   0.91164   1.44610   1.01140  
 15  3.2331   2043.697731  x:  0.15078   0.01284   0.03462   0.02796   0.08653   0.02709   0.05077   0.06704   0.03736   0.22204   0.19778   0.03904   0.01754   0.03079   0.11364   0.02944   0.05444   0.15707   0.06724   0.27537   0.16910   8.40677   1.44383   0.91222   1.44765   1.01147  
 16  5.4352   2043.695509  x:  0.15126   0.01285   0.03439   0.02779   0.08646   0.02721   0.05071   0.06677   0.03740   0.22213   0.19762   0.03907   0.01734   0.03053   0.11328   0.02991   0.05492   0.15729   0.06717   0.27580   0.16961   8.40722   1.44065   0.91266   1.44872   1.01151  
 17  4.4814   2043.694427  x:  0.15148   0.01281   0.03476   0.02794   0.08673   0.02711   0.05077   0.06693   0.03746   0.22197   0.19750   0.03916   0.01742   0.03066   0.11285   0.02973   0.05503   0.15753   0.06721   0.27617   0.17004   8.40751   1.43899   0.91283   1.44916   1.01152  
 18  4.2780   2043.694123  x:  0.15144   0.01282   0.03464   0.02782   0.08690   0.02716   0.05076   0.06709   0.03742   0.22175   0.19746   0.03909   0.01742   0.03070   0.11273   0.02970   0.05476   0.15758   0.06725   0.27633   0.17018   8.40767   1.43847   0.91281   1.44915   1.01152  
 19  1.4973   2043.693896  x:  0.15127   0.01283   0.03459   0.02800   0.08690   0.02708   0.05075   0.06711   0.03741   0.22140   0.19746   0.03906   0.01743   0.03058   0.11278   0.02978   0.05468   0.15753   0.06725   0.27646   0.17022   8.40791   1.43801   0.91265   1.44888   1.01150  
 20  0.8506   2043.693406  x:  0.15092   0.01285   0.03467   0.02785   0.08678   0.02713   0.05075   0.06700   0.03742   0.22065   0.19751   0.03909   0.01742   0.03066   0.11296   0.02970   0.05486   0.15738   0.06720   0.27670   0.17021   8.40858   1.43700   0.91215   1.44802   1.01144  
 21  1.9720   2043.689924  x:  0.15202   0.01291   0.03461   0.02786   0.08684   0.02708   0.05096   0.06706   0.03738   0.22067   0.19805   0.03905   0.01740   0.03062   0.11272   0.02967   0.05484   0.15746   0.06713   0.27702   0.16908   8.41480   1.42978   0.90691   1.43929   1.01090  
 22  1.3633   2043.688883  x:  0.15164   0.01291   0.03469   0.02786   0.08680   0.02704   0.05039   0.06707   0.03741   0.22123   0.19788   0.03907   0.01740   0.03062   0.11272   0.02965   0.05481   0.15740   0.06708   0.27682   0.16965   8.41682   1.42775   0.90538   1.43671   1.01075  
 23  3.7292   2043.688318  x:  0.15126   0.01291   0.03464   0.02785   0.08682   0.02705   0.05081   0.06704   0.03741   0.22163   0.19766   0.03903   0.01739   0.03061   0.11276   0.02964   0.05484   0.15737   0.06709   0.27664   0.17016   8.41800   1.42672   0.90459   1.43539   1.01068  
 24  3.8903   2043.686940  x:  0.15130   0.01291   0.03465   0.02783   0.08683   0.02700   0.05078   0.06702   0.03742   0.22146   0.19587   0.03902   0.01738   0.03058   0.11276   0.02959   0.05484   0.15761   0.06698   0.27622   0.16967   8.42314   1.42667   0.90469   1.43518   1.01093  
 25  0.3240   2043.645631  x:  0.15188   0.01365   0.03455   0.02725   0.08664   0.02548   0.05077   0.06682   0.03737   0.22133   0.19790   0.03809   0.01673   0.02971   0.11192   0.02830   0.05493   0.15788   0.06439   0.27565   0.17062   8.58261   1.43293   0.91126   1.43810   1.01912  
 26  3.4247   2043.644373  x:  0.15189   0.01367   0.03455   0.02724   0.08663   0.02544   0.05077   0.06681   0.03736   0.22131   0.19790   0.03806   0.01671   0.02969   0.11189   0.02827   0.05493   0.15788   0.06430   0.27560   0.17063   8.58820   1.43326   0.91135   1.43880   1.01268  
 27  0.4546   2043.640979  x:  0.15188   0.01354   0.03456   0.02736   0.08632   0.02585   0.05079   0.06685   0.03719   0.22122   0.19786   0.03781   0.01700   0.02986   0.11107   0.02850   0.05494   0.15679   0.06391   0.27526   0.17059   8.63920   1.43389   0.91103   1.43980   1.01365  
 28  0.0427   2043.640941  x:  0.15190   0.01352   0.03456   0.02736   0.08628   0.02580   0.05080   0.06690   0.03721   0.22118   0.19784   0.03790   0.01699   0.02986   0.11102   0.02850   0.05493   0.15669   0.06389   0.27514   0.17060   8.63947   1.43386   0.91094   1.43977   1.01366  
 29  0.0004   2043.640940  x:  0.15191   0.01352   0.03455   0.02736   0.08628   0.02580   0.05080   0.06690   0.03721   0.22117   0.19784   0.03789   0.01699   0.02986   0.11102   0.02850   0.05493   0.15668   0.06388   0.27513   0.17060   8.63841   1.43386   0.91096   1.43975   1.01364  
 30  0.0007   2043.640940  x:  0.15191   0.01352   0.03455   0.02736   0.08628   0.02580   0.05080   0.06690   0.03721   0.22117   0.19784   0.03789   0.01699   0.02986   0.11102   0.02850   0.05493   0.15668   0.06388   0.27513   0.17060   8.63822   1.43386   0.91096   1.43975   1.01364  
 31  0.0002   2043.640940  x:  0.15191   0.01352   0.03455   0.02736   0.08628   0.02580   0.05080   0.06690   0.03721   0.22117   0.19784   0.03789   0.01699   0.02986   0.11102   0.02850   0.05493   0.15668   0.06388   0.27513   0.17060   8.63823   1.43386   0.91096   1.43975   1.01364  
 32  0.0000   2043.640940  x:  0.15191   0.01352   0.03455   0.02736   0.08628   0.02580   0.05080   0.06690   0.03721   0.22117   0.19784   0.03789   0.01699   0.02986   0.11102   0.02850   0.05493   0.15668   0.06388   0.27513   0.17060   8.63823   1.43386   0.91096   1.43975   1.01364  