

TREE # 1

  0  0.0000   2070.288364  x:  0.01972   0.20925   0.02571   0.03211   0.02495   0.05815   0.02188   0.05666   0.08536   0.02661   0.17168   0.01972   0.20925   0.02571   0.03211   0.02495   0.05815   0.02188   0.05666   0.08536   0.02661   0.17168   0.21568   8.40433   1.71759   1.31458   1.30030   1.00000  
  1 99.0000   2004.590385  x:  0.00000   0.18937   0.15530   0.02618   0.03354   0.05729   0.03481   0.04267   0.08000   0.22776   0.17321   0.01749   0.20512   0.03512   0.03568   0.03990   0.05635   0.02905   0.04442   0.07984   0.02961   0.17031   0.21933   8.40423   1.71761   1.31301   1.30231   1.00029  
  2 1265.8326   1999.010947  x:  0.00000   0.14446   0.15104   0.00296   0.02985   0.05625   0.02811   0.02402   0.07291   0.23146   0.17772   0.01648   0.19526   0.03499   0.03550   0.03683   0.05427   0.02412   0.02773   0.07120   0.02687   0.16988   0.22747   8.40404   1.71761   1.31073   1.30619   1.00080  
  3 144.9250   1992.750675  x:  0.00000   0.05282   0.14261   0.01831   0.02832   0.05508   0.02472   0.01454   0.06999   0.23685   0.18678   0.01180   0.17594   0.03540   0.03673   0.03448   0.05260   0.02162   0.01426   0.05844   0.02533   0.16957   0.24322   8.40364   1.71756   1.30562   1.31470   1.00189  
  4 309.8411   1990.592454  x:  0.00000   0.01998   0.13970   0.01631   0.02843   0.05486   0.02510   0.01924   0.06853   0.23906   0.19017   0.01139   0.16892   0.03556   0.03722   0.03445   0.05243   0.02175   0.01900   0.05551   0.02537   0.16986   0.24891   8.40348   1.71754   1.30361   1.31800   1.00236  
  5 620.4242   1990.292116  x:  0.00000   0.01692   0.13730   0.01511   0.03063   0.05546   0.02997   0.01770   0.07057   0.23982   0.19506   0.01198   0.16109   0.03540   0.03687   0.03655   0.05373   0.02581   0.01793   0.06057   0.02773   0.17309   0.25499   8.40327   1.71762   1.30077   1.32219   1.00321  
  6 43.4470   1989.747637  x:  0.00000   0.01700   0.13231   0.01466   0.02987   0.05608   0.02641   0.01996   0.07454   0.24387   0.20879   0.00874   0.13939   0.03419   0.03630   0.03706   0.05492   0.02183   0.01775   0.06632   0.02795   0.18208   0.27204   8.40263   1.71793   1.29249   1.33450   1.00575  
  7 67.5998   1989.651273  x:  0.00000   0.01763   0.13110   0.01512   0.02928   0.05584   0.02631   0.01814   0.07459   0.24475   0.21193   0.00995   0.13596   0.03435   0.03670   0.03610   0.05447   0.02266   0.02013   0.06443   0.02716   0.18415   0.27579   8.40243   1.71803   1.29011   1.33813   1.00657  
  8 51.3315   1989.575095  x:  0.00000   0.01850   0.12999   0.01502   0.02914   0.05541   0.02742   0.01972   0.07377   0.24539   0.21474   0.01066   0.13452   0.03486   0.03706   0.03502   0.05359   0.02429   0.01910   0.06089   0.02656   0.18610   0.27904   8.40218   1.71818   1.28727   1.34253   1.00763  
  9 43.2101   1989.512735  x:  0.00000   0.01886   0.12923   0.01492   0.03033   0.05516   0.02858   0.01938   0.07250   0.24558   0.21698   0.00800   0.13647   0.03539   0.03688   0.03588   0.05307   0.02365   0.01964   0.05876   0.02770   0.18789   0.28146   8.40178   1.71845   1.28319   1.34898   1.00928  
 10 24.3253   1989.393374  x:  0.00000   0.01841   0.12817   0.01525   0.03071   0.05518   0.02720   0.01949   0.07116   0.24625   0.22091   0.01012   0.14408   0.03507   0.03627   0.03781   0.05328   0.02247   0.01933   0.05949   0.02848   0.19112   0.28550   8.40070   1.71918   1.27268   1.36590   1.01378  
 11 37.8842   1989.315169  x:  0.00000   0.01796   0.12829   0.01508   0.02891   0.05535   0.02674   0.01941   0.07142   0.24639   0.22193   0.00809   0.14819   0.03433   0.03667   0.03613   0.05378   0.02429   0.01939   0.06147   0.02644   0.19194   0.28679   8.39986   1.71981   1.26520   1.37830   1.01720  
 12 47.9684   1989.245845  x:  0.00000   0.01782   0.12919   0.01468   0.02937   0.05539   0.02845   0.01929   0.07363   0.24589   0.21990   0.00854   0.14820   0.03515   0.03723   0.03336   0.05365   0.02235   0.01929   0.06191   0.02621   0.18988   0.28547   8.39887   1.72068   1.25800   1.39116   1.02104  
 13 26.7023   1989.129743  x:  0.00000   0.01808   0.13114   0.01398   0.03004   0.05512   0.02637   0.01928   0.07659   0.24437   0.21401   0.00862   0.14478   0.03601   0.03713   0.03519   0.05317   0.02388   0.01919   0.06026   0.02729   0.18418   0.28114   8.39689   1.72259   1.24514   1.41527   1.02852  
 14 51.9612   1989.104621  x:  0.00000   0.01826   0.13139   0.01422   0.02908   0.05508   0.02749   0.01929   0.07504   0.24414   0.21250   0.00887   0.14336   0.03464   0.03647   0.03647   0.05328   0.02331   0.01920   0.06013   0.02645   0.18300   0.27970   8.39633   1.72327   1.24280   1.42069   1.03039  
 15 23.5983   1989.091417  x:  0.00000   0.01840   0.13125   0.01463   0.02957   0.05513   0.02720   0.01932   0.07227   0.24425   0.21171   0.00903   0.14228   0.03441   0.03655   0.03565   0.05354   0.02349   0.01924   0.06081   0.02705   0.18285   0.27841   8.39584   1.72405   1.24235   1.42373   1.03171  
 16 10.3695   1989.081125  x:  0.00000   0.01836   0.13048   0.01472   0.02917   0.05520   0.02729   0.01933   0.07169   0.24465   0.21161   0.00902   0.14182   0.03612   0.03709   0.03616   0.05331   0.02336   0.01921   0.06127   0.02652   0.18422   0.27654   8.39490   1.72586   1.24431   1.42635   1.03360  
 17  4.0777   1989.044092  x:  0.00000   0.01812   0.12810   0.01454   0.03020   0.05519   0.02710   0.01933   0.07302   0.24634   0.21211   0.00883   0.14111   0.03488   0.03611   0.03586   0.05316   0.02349   0.01926   0.06082   0.02612   0.18928   0.27022   8.39094   1.73372   1.25384   1.43580   1.04113  
 18 13.1932   1989.025618  x:  0.00000   0.01813   0.12785   0.01447   0.02862   0.05512   0.02732   0.01939   0.07352   0.24658   0.21271   0.00879   0.14109   0.03432   0.03670   0.03568   0.05350   0.02346   0.01928   0.06056   0.02788   0.19009   0.26873   8.38876   1.73811   1.25929   1.44045   1.04498  
 19 19.9857   1988.903398  x:  0.00000   0.01890   0.13119   0.01418   0.03029   0.05493   0.02753   0.01983   0.07377   0.24424   0.21763   0.00876   0.14224   0.03362   0.04008   0.03673   0.05558   0.02336   0.01959   0.06099   0.02677   0.18513   0.26922   8.37312   1.76998   1.29882   1.47089   1.07064  
 20 25.7020   1988.844009  x:  0.00000   0.01926   0.13252   0.01426   0.02969   0.05528   0.02771   0.02006   0.07371   0.24342   0.21845   0.00873   0.14298   0.03521   0.03604   0.03611   0.05425   0.02377   0.02000   0.06187   0.02702   0.18266   0.27088   8.36563   1.78535   1.31710   1.48483   1.08212  
 21 71.5164   1988.812550  x:  0.00000   0.01962   0.13116   0.01427   0.02983   0.05567   0.02780   0.02020   0.07389   0.24429   0.21339   0.00870   0.14374   0.03444   0.03698   0.03631   0.05160   0.02386   0.02014   0.06265   0.02723   0.18320   0.27463   8.36114   1.79492   1.32522   1.49118   1.08602  
 22 13.1248   1988.790725  x:  0.00000   0.01991   0.13013   0.01423   0.02984   0.05537   0.02788   0.02029   0.07409   0.24496   0.20907   0.00869   0.14425   0.03491   0.03661   0.03629   0.05422   0.02386   0.02023   0.06229   0.02713   0.18417   0.27744   8.35772   1.80229   1.32993   1.49509   1.08752  
 23 18.1575   1988.668922  x:  0.00000   0.01991   0.13875   0.01403   0.03002   0.05455   0.02818   0.02079   0.07420   0.23925   0.20722   0.00959   0.14410   0.03479   0.03654   0.03651   0.05382   0.02402   0.02076   0.06308   0.02735   0.19004   0.27533   8.33351   1.85382   1.33255   1.50497   1.06835  
 24  4.4764   1988.605863  x:  0.00000   0.02090   0.13432   0.01392   0.03016   0.05849   0.02843   0.02116   0.07469   0.24210   0.20920   0.00951   0.14506   0.03480   0.03661   0.03665   0.05439   0.02420   0.02116   0.06325   0.02744   0.18576   0.27267   8.32033   1.87815   1.33294   1.50941   1.05669  
 25 18.6727   1988.582759  x:  0.00000   0.02131   0.13198   0.01390   0.03023   0.05528   0.02857   0.02131   0.07492   0.24361   0.21008   0.00941   0.14551   0.03481   0.03655   0.03670   0.05415   0.02427   0.02132   0.06399   0.02748   0.18365   0.27165   8.31543   1.88534   1.33313   1.51093   1.05232  
 26 19.3322   1988.288464  x:  0.00000   0.02443   0.13408   0.01326   0.03088   0.05584   0.02972   0.02313   0.07655   0.24205   0.20694   0.00989   0.14846   0.03477   0.03646   0.03733   0.05469   0.02501   0.02328   0.06670   0.02806   0.18476   0.26641   8.23504   1.83782   1.34758   1.53066   0.98871  
 27  2.4296   1987.785416  x:  0.00000   0.02838   0.13654   0.01241   0.03202   0.05635   0.03177   0.02652   0.07915   0.23991   0.20441   0.01039   0.15332   0.03476   0.03626   0.03848   0.05560   0.02627   0.02696   0.07143   0.02905   0.18683   0.25990   8.07433   1.75716   1.27468   1.44628   1.05105  
 28  3.9937   1987.522759  x:  0.00000   0.02232   0.13361   0.00961   0.03136   0.05597   0.03118   0.03007   0.07727   0.24154   0.20829   0.00988   0.14877   0.03459   0.03623   0.03779   0.05499   0.02595   0.03096   0.06880   0.02853   0.18607   0.26753   7.72453   1.77911   1.28966   1.46223   1.04494  
 29  0.3309   1987.512159  x:  0.00000   0.02361   0.13415   0.01029   0.03127   0.05598   0.03092   0.03076   0.07706   0.24051   0.20744   0.00983   0.14953   0.03465   0.03605   0.03766   0.05481   0.02591   0.03196   0.06885   0.02842   0.18634   0.26547   7.68807   1.77713   1.28886   1.45989   1.04183  
 30  0.0273   1987.510575  x:  0.00000   0.02350   0.13366   0.01004   0.03128   0.05599   0.03080   0.03095   0.07723   0.23984   0.20758   0.00984   0.14941   0.03465   0.03616   0.03768   0.05483   0.02585   0.03239   0.06857   0.02845   0.18621   0.26609   7.71263   1.77814   1.28998   1.46095   1.04199  
 31  0.0114   1987.509519  x:  0.00000   0.02355   0.13332   0.01025   0.03128   0.05597   0.03088   0.03076   0.07706   0.23848   0.20758   0.00989   0.14943   0.03461   0.03603   0.03767   0.05483   0.02589   0.03236   0.06875   0.02844   0.18631   0.26584   7.72835   1.77806   1.28879   1.46066   1.04293  
 32  0.0049   1987.509205  x:  0.00000   0.02355   0.13314   0.01016   0.03126   0.05599   0.03088   0.03073   0.07712   0.23800   0.20747   0.00988   0.14945   0.03464   0.03610   0.03765   0.05482   0.02589   0.03229   0.06875   0.02843   0.18628   0.26581   7.70806   1.77768   1.28908   1.46065   1.04229  
 33  0.0126   1987.509183  x:  0.00000   0.02355   0.13309   0.01019   0.03127   0.05598   0.03085   0.03076   0.07711   0.23798   0.20753   0.00988   0.14944   0.03462   0.03610   0.03765   0.05483   0.02587   0.03225   0.06870   0.02844   0.18627   0.26591   7.70718   1.77791   1.28915   1.46061   1.04217  
 34  0.0006   1987.509179  x:  0.00000   0.02356   0.13310   0.01018   0.03127   0.05598   0.03085   0.03078   0.07711   0.23796   0.20750   0.00988   0.14944   0.03463   0.03610   0.03765   0.05483   0.02587   0.03223   0.06870   0.02844   0.18627   0.26586   7.70832   1.77784   1.28912   1.46063   1.04224  
 35  0.0007   1987.509179  x:  0.00000   0.02355   0.13310   0.01018   0.03127   0.05598   0.03085   0.03079   0.07711   0.23796   0.20751   0.00988   0.14944   0.03463   0.03610   0.03765   0.05483   0.02588   0.03223   0.06871   0.02844   0.18627   0.26587   7.70824   1.77784   1.28912   1.46063   1.04224  
 36  0.0001   1987.509179  x:  0.00000   0.02355   0.13310   0.01018   0.03127   0.05598   0.03085   0.03079   0.07711   0.23796   0.20751   0.00988   0.14944   0.03463   0.03610   0.03765   0.05483   0.02588   0.03223   0.06871   0.02844   0.18627   0.26587   7.70824   1.77784   1.28912   1.46063   1.04223  
 37  0.0000   1987.509179  x:  0.00000   0.02355   0.13310   0.01018   0.03127   0.05598   0.03085   0.03079   0.07711   0.23796   0.20751   0.00988   0.14944   0.03463   0.03610   0.03765   0.05483   0.02588   0.03223   0.06871   0.02844   0.18627   0.26587   7.70824   1.77784   1.28912   1.46063   1.04223  

TREE # 2

  0  0.0000   2341.564115  x:  0.00000   0.02355   0.13310   0.01018   0.03127   0.05598   0.03085   0.03079   0.07711   0.23796   0.20751   0.00988   0.14944   0.03463   0.03610   0.03765   0.05483   0.02588   0.03223   0.06871   0.02844   0.18627   0.26587   7.70824   1.74316   1.17212   1.32981   1.04223  
  1 99.0000   2171.899084  x:  0.34379   0.02876   0.13317   0.02069   0.03141   0.05582   0.03164   0.03085   0.07675   0.23747   0.20708   0.00995   0.14986   0.03691   0.03653   0.04048   0.05598   0.02680   0.03211   0.06834   0.02834   0.18584   0.26532   7.70824   1.74314   1.17216   1.32983   1.04224  
  2 81759.7297   2059.996761  x:  0.33851   0.01962   0.15340   0.29161   0.03332   0.03988   0.08926   0.03506   0.04901   0.20003   0.17427   0.01512   0.11015   0.22571   0.04059   0.23908   0.13895   0.09379   0.02278   0.04025   0.02116   0.15276   0.22333   7.70833   1.74172   1.17547   1.33049   1.04227  
  3 1292.9132   2036.996144  x:  0.33901   0.00000   0.15500   0.28800   0.02479   0.03297   0.08068   0.03554   0.03017   0.16135   0.14168   0.01728   0.07005   0.22795   0.02867   0.24638   0.14342   0.08624   0.00373   0.02675   0.02882   0.12168   0.18053   7.70843   1.73970   1.18089   1.33048   1.04237  
  4 295.7912   2005.530561  x:  0.33927   0.00990   0.16102   0.27731   0.02672   0.03349   0.06979   0.03901   0.02053   0.09374   0.08699   0.02407   0.00000   0.23211   0.01839   0.25771   0.14764   0.08276   0.01763   0.02893   0.02991   0.07068   0.10461   7.70855   1.73631   1.18887   1.33182   1.04270  
  5 1062.6645   1995.371971  x:  0.33963   0.00741   0.17134   0.26674   0.03076   0.03666   0.07103   0.03806   0.05182   0.04171   0.05245   0.02421   0.00000   0.23664   0.03438   0.26696   0.14970   0.08112   0.00497   0.03418   0.02921   0.04645   0.04222   7.70862   1.73390   1.19385   1.33390   1.04279  
  6 627.3005   1994.565422  x:  0.33980   0.00327   0.17498   0.26202   0.02927   0.03590   0.07420   0.03512   0.05031   0.03604   0.05359   0.02631   0.00000   0.23824   0.03531   0.26981   0.14927   0.08375   0.00963   0.03245   0.03023   0.05520   0.02964   7.70863   1.73304   1.19514   1.33532   1.04269  
  7 96.2922   1994.352097  x:  0.33982   0.00742   0.17824   0.25785   0.02908   0.03587   0.07609   0.03436   0.04769   0.03470   0.05413   0.02652   0.00000   0.24012   0.03458   0.27280   0.14831   0.08499   0.00625   0.03218   0.03010   0.05851   0.02636   7.70864   1.73214   1.19646   1.33678   1.04264  
  8 55.7966   1993.798231  x:  0.34039   0.00367   0.19614   0.23291   0.03169   0.03772   0.08325   0.03622   0.04267   0.03144   0.05060   0.02343   0.00000   0.25208   0.03243   0.29160   0.14521   0.09176   0.00462   0.03535   0.02844   0.05934   0.03076   7.70873   1.72651   1.20506   1.34589   1.04219  
  9 42.8958   1993.474550  x:  0.34076   0.00293   0.20641   0.21582   0.03031   0.03618   0.08352   0.03647   0.04487   0.03758   0.05148   0.02767   0.00000   0.26200   0.02990   0.30567   0.14284   0.09387   0.00495   0.03333   0.03037   0.05503   0.02932   7.70881   1.72205   1.21205   1.35336   1.04188  
 10 73.9013   1993.350537  x:  0.34088   0.00306   0.20729   0.20955   0.02963   0.03522   0.07897   0.03448   0.04705   0.03660   0.05474   0.02442   0.00000   0.26787   0.02706   0.31218   0.14123   0.09161   0.00578   0.03215   0.02936   0.05486   0.02944   7.70886   1.71944   1.21643   1.35820   1.04175  
 11 33.0704   1993.286466  x:  0.34095   0.00234   0.20533   0.20656   0.03087   0.03621   0.07550   0.03532   0.04734   0.03552   0.05559   0.02664   0.00000   0.27201   0.02635   0.31570   0.13978   0.08887   0.00529   0.03372   0.02945   0.05663   0.02989   7.70891   1.71737   1.22012   1.36250   1.04169  
 12 26.1032   1993.235672  x:  0.34099   0.00241   0.20087   0.20431   0.03060   0.03644   0.07523   0.03633   0.04659   0.03706   0.05330   0.02515   0.00000   0.27565   0.02855   0.31737   0.13761   0.08697   0.00568   0.03372   0.03019   0.05804   0.02938   7.70897   1.71479   1.22509   1.36869   1.04168  
 13 16.7463   1993.187843  x:  0.34102   0.00233   0.19567   0.20276   0.03006   0.03590   0.07784   0.03487   0.04632   0.03629   0.05329   0.02638   0.00000   0.27816   0.02959   0.31728   0.13522   0.08735   0.00561   0.03300   0.02846   0.05720   0.03009   7.70906   1.71171   1.23150   1.37708   1.04170  
 14 19.1600   1993.151854  x:  0.34102   0.00202   0.19280   0.20267   0.03090   0.03626   0.07962   0.03507   0.04654   0.03592   0.05480   0.02580   0.00000   0.27904   0.02841   0.31623   0.13415   0.08918   0.00520   0.03373   0.03049   0.05618   0.02964   7.70915   1.70915   1.23741   1.38520   1.04175  
 15 21.4845   1993.107113  x:  0.34098   0.00146   0.19310   0.20416   0.03072   0.03633   0.07862   0.03708   0.04690   0.03676   0.05478   0.02540   0.00000   0.27826   0.02717   0.31378   0.13512   0.09160   0.00460   0.03382   0.02846   0.05654   0.02867   7.70929   1.70613   1.24599   1.39763   1.04187  
 16 17.6817   1993.047111  x:  0.34090   0.00209   0.19611   0.20690   0.02990   0.03588   0.07626   0.03603   0.04702   0.03593   0.05347   0.02597   0.00000   0.27637   0.02825   0.31047   0.13758   0.09310   0.00467   0.03293   0.02994   0.05743   0.03008   7.70950   1.70263   1.25807   1.41566   1.04210  
 17 37.2346   1993.024101  x:  0.34087   0.00175   0.19802   0.20828   0.03082   0.03635   0.07660   0.03458   0.04596   0.03671   0.05406   0.02575   0.00000   0.27511   0.02911   0.30973   0.13853   0.09092   0.00473   0.03367   0.02959   0.05672   0.02949   7.70960   1.70241   1.26258   1.42288   1.04221  
 18 18.0802   1993.009023  x:  0.34084   0.00193   0.19932   0.20924   0.03028   0.03610   0.07804   0.03594   0.04597   0.03616   0.05480   0.02574   0.00000   0.27380   0.02909   0.30992   0.13849   0.08826   0.00520   0.03327   0.02969   0.05654   0.02961   7.70969   1.70377   1.26526   1.42778   1.04232  
 19 11.5076   1992.985023  x:  0.34080   0.00170   0.19954   0.21037   0.03027   0.03606   0.07877   0.03500   0.04682   0.03658   0.05300   0.02587   0.00000   0.27097   0.02689   0.31211   0.13640   0.08717   0.00522   0.03339   0.02977   0.05731   0.02975   7.70991   1.71100   1.26836   1.43530   1.04264  
 20  6.1654   1992.905936  x:  0.34071   0.00110   0.19835   0.21146   0.03046   0.03615   0.07615   0.03567   0.04485   0.03604   0.05405   0.02572   0.00000   0.26300   0.02934   0.31950   0.13139   0.08912   0.00479   0.03240   0.02980   0.05596   0.02932   7.71073   1.74012   1.27783   1.45967   1.04394  
 21 20.3985   1992.856721  x:  0.34070   0.00102   0.19641   0.20969   0.02802   0.03489   0.07618   0.03549   0.04422   0.03592   0.05411   0.02563   0.00000   0.26262   0.02912   0.32065   0.13533   0.08929   0.00429   0.03487   0.02999   0.05570   0.02919   7.71129   1.76022   1.28414   1.47336   1.04491  
 22 19.9184   1992.778824  x:  0.34069   0.00123   0.19352   0.20609   0.02980   0.03597   0.07692   0.03556   0.04393   0.03574   0.05347   0.02562   0.00000   0.26425   0.02774   0.32025   0.14298   0.08893   0.00385   0.03209   0.03007   0.05583   0.02919   7.71221   1.79276   1.29468   1.49410   1.04655  
 23 60.7683   1992.702372  x:  0.34063   0.00031   0.19779   0.20621   0.03053   0.03383   0.07612   0.03578   0.04277   0.03544   0.05298   0.02562   0.00000   0.27478   0.02680   0.31095   0.13801   0.08836   0.00365   0.03194   0.03026   0.05511   0.02889   7.71331   1.82445   1.30945   1.50767   1.04857  
 24 12.6407   1992.691166  x:  0.34062   0.00019   0.19836   0.20633   0.02917   0.03591   0.07604   0.03559   0.04263   0.03542   0.05306   0.02562   0.00000   0.27602   0.02662   0.30989   0.13732   0.08833   0.00363   0.03179   0.03029   0.05487   0.02887   7.71349   1.82867   1.31234   1.50877   1.04895  
 25 13.4763   1992.593830  x:  0.34048   0.00041   0.19768   0.20664   0.02936   0.03532   0.07634   0.03568   0.04211   0.03591   0.05369   0.02561   0.00000   0.27105   0.02685   0.31223   0.13880   0.08827   0.00352   0.03150   0.03053   0.05576   0.02932   7.71579   1.85095   1.35570   1.49455   1.05459  
 26  4.1807   1992.447843  x:  0.34039   0.00000   0.19721   0.20568   0.02906   0.03506   0.07583   0.03570   0.04065   0.03576   0.05341   0.02559   0.00000   0.27054   0.02613   0.31222   0.13882   0.08781   0.00331   0.03100   0.03073   0.05532   0.02918   7.71849   1.84066   1.35005   1.48963   1.05648  
 27  0.6088   1991.949503  x:  0.34041   0.00199   0.19476   0.20078   0.02906   0.03480   0.07435   0.03617   0.03446   0.03666   0.05416   0.02571   0.00000   0.26464   0.02354   0.30544   0.13958   0.08753   0.00542   0.03113   0.03069   0.05568   0.03007   7.74119   1.83447   1.34884   1.48311   0.94955  
 28  0.8883   1990.937174  x:  0.34073   0.00511   0.19171   0.18828   0.02953   0.03501   0.07217   0.03697   0.02329   0.03936   0.05683   0.02586   0.00000   0.25599   0.01706   0.28976   0.13827   0.08735   0.01089   0.03252   0.03003   0.05776   0.03256   7.78516   1.83290   1.33772   1.49135   1.04088  
 29  1.8611   1989.232937  x:  0.34101   0.00445   0.18473   0.15585   0.02629   0.03233   0.06572   0.03647   0.03332   0.03842   0.05406   0.02690   0.00000   0.22732   0.01395   0.26040   0.13520   0.07879   0.01274   0.02739   0.03201   0.05469   0.03210   7.86774   1.70807   1.26308   1.42769   1.07217  
 30  0.1291   1988.738995  x:  0.34105   0.00656   0.18582   0.14878   0.02727   0.03324   0.06831   0.03618   0.03130   0.03902   0.05527   0.02629   0.00000   0.21242   0.02410   0.24010   0.13287   0.07684   0.01083   0.02885   0.03218   0.05614   0.03214   7.84536   1.73927   1.27347   1.43741   1.05771  
 31  0.0640   1988.638510  x:  0.34101   0.00749   0.18872   0.14706   0.02870   0.03452   0.06890   0.03613   0.03222   0.03779   0.05462   0.02598   0.00000   0.21195   0.02112   0.23847   0.13205   0.07797   0.00954   0.03115   0.03158   0.05548   0.03091   7.78259   1.78449   1.29597   1.45849   1.04684  
 32  0.0999   1988.628117  x:  0.34078   0.00668   0.18899   0.14680   0.02850   0.03453   0.06896   0.03605   0.03209   0.03785   0.05515   0.02574   0.00000   0.21357   0.02056   0.24006   0.13067   0.07833   0.00853   0.03073   0.03140   0.05636   0.03099   7.75114   1.78422   1.29252   1.46214   1.04422  
 33  0.0357   1988.617407  x:  0.34016   0.00647   0.18802   0.14774   0.02839   0.03444   0.06784   0.03611   0.03201   0.03697   0.05422   0.02589   0.00000   0.21359   0.02040   0.24123   0.13105   0.07857   0.00832   0.03038   0.03105   0.05550   0.03033   7.71072   1.77891   1.29010   1.46194   1.04894  
 34  0.0190   1988.541015  x:  0.33470   0.00773   0.18547   0.14851   0.02777   0.03362   0.06911   0.03631   0.03291   0.03815   0.05527   0.02629   0.00000   0.21217   0.01886   0.23581   0.13528   0.07982   0.00787   0.02958   0.03054   0.05653   0.03166   7.65894   1.76844   1.28710   1.45592   1.07620  
 35  0.0076   1988.084760  x:  0.30246   0.00769   0.18851   0.13317   0.02827   0.03342   0.07015   0.03638   0.03149   0.03899   0.05484   0.02693   0.00000   0.21545   0.02135   0.24996   0.13193   0.07703   0.00854   0.03189   0.03139   0.05481   0.03194   7.65709   1.75777   1.29792   1.44409   1.11072  
 36  0.0105   1987.618591  x:  0.26833   0.00887   0.18873   0.15343   0.02879   0.03453   0.06901   0.03613   0.03077   0.03875   0.05481   0.02634   0.00000   0.20631   0.02472   0.23943   0.13027   0.07516   0.00934   0.03228   0.03204   0.05515   0.03154   7.71181   1.77205   1.30048   1.45145   1.08841  
 37  0.0655   1987.513392  x:  0.26542   0.00992   0.18657   0.14954   0.02858   0.03488   0.06842   0.03611   0.03166   0.03757   0.05468   0.02581   0.00000   0.20830   0.02374   0.23636   0.13347   0.07798   0.00983   0.03077   0.03148   0.05590   0.03073   7.73530   1.78265   1.29178   1.46319   1.04585  
 38  0.0523   1987.509476  x:  0.26600   0.00994   0.18618   0.14957   0.02846   0.03468   0.06873   0.03610   0.03213   0.03762   0.05483   0.02585   0.00000   0.20702   0.02355   0.23820   0.13327   0.07721   0.01009   0.03078   0.03128   0.05602   0.03082   7.72124   1.77919   1.28932   1.46182   1.04243  
 39  0.0175   1987.509197  x:  0.26591   0.00989   0.18624   0.14945   0.02843   0.03462   0.06872   0.03610   0.03223   0.03764   0.05483   0.02588   0.00000   0.20761   0.02353   0.23798   0.13306   0.07707   0.01017   0.03080   0.03126   0.05599   0.03085   7.71258   1.77797   1.28901   1.46089   1.04239  
 40  0.0107   1987.509179  x:  0.26586   0.00988   0.18628   0.14944   0.02843   0.03462   0.06871   0.03610   0.03223   0.03765   0.05483   0.02588   0.00000   0.20750   0.02355   0.23796   0.13309   0.07712   0.01018   0.03079   0.03126   0.05598   0.03085   7.70905   1.77778   1.28910   1.46060   1.04227  
 41  0.0036   1987.509179  x:  0.26587   0.00988   0.18627   0.14944   0.02844   0.03463   0.06871   0.03610   0.03223   0.03765   0.05483   0.02588   0.00000   0.20751   0.02355   0.23796   0.13310   0.07711   0.01018   0.03079   0.03127   0.05598   0.03085   7.70832   1.77784   1.28912   1.46062   1.04223  
 42  0.0007   1987.509179  x:  0.26587   0.00988   0.18627   0.14944   0.02844   0.03463   0.06871   0.03610   0.03223   0.03765   0.05483   0.02588   0.00000   0.20751   0.02355   0.23796   0.13310   0.07711   0.01018   0.03079   0.03127   0.05598   0.03085   7.70824   1.77784   1.28912   1.46063   1.04223  
 43  0.0001   1987.509179  x:  0.26587   0.00988   0.18627   0.14944   0.02844   0.03463   0.06871   0.03610   0.03223   0.03765   0.05483   0.02588   0.00000   0.20751   0.02355   0.23796   0.13310   0.07711   0.01018   0.03079   0.03127   0.05598   0.03085   7.70824   1.77784   1.28912   1.46063   1.04223  
 44  0.0000   1987.509179  x:  0.26587   0.00988   0.18627   0.14944   0.02844   0.03463   0.06871   0.03610   0.03223   0.03765   0.05483   0.02588   0.00000   0.20751   0.02355   0.23796   0.13310   0.07711   0.01018   0.03079   0.03127   0.05598   0.03085   7.70824   1.77784   1.28912   1.46063   1.04223  