

TREE # 1

  0  0.0000   2228.016597  x:  0.05397   0.00000   0.09988   0.01176   0.10648   0.07831   0.06067   0.05528   0.08753   0.06791   0.07343   0.11309   0.01015   0.05945   0.02848   0.06022   0.06107   0.04987   0.05882   0.05757   0.12834   0.05747   0.09409   0.07259   2.00000   1.51588   0.92062   1.25111   0.40000  
  1 99.0000   2228.014872  x:  0.05397   0.00000   0.09988   0.01176   0.10648   0.07831   0.06067   0.05528   0.08752   0.06791   0.07343   0.11309   0.01015   0.05945   0.02848   0.06022   0.06107   0.04987   0.05882   0.05757   0.12834   0.05747   0.09410   0.07259   2.00000   1.51588   0.92062   1.25111   0.40000  
  2 518.9556   2219.291949  x:  0.06479   0.00000   0.12012   0.00000   0.10962   0.05877   0.06884   0.05014   0.08383   0.08234   0.06344   0.12357   0.00601   0.04766   0.02723   0.04766   0.05655   0.05705   0.04063   0.05093   0.12917   0.05172   0.10737   0.08344   2.01089   1.51651   0.91723   1.25404   0.42065  
  3 299.6607   2216.306448  x:  0.06971   0.00000   0.13190   0.01043   0.11174   0.04582   0.07257   0.04725   0.08156   0.08925   0.05749   0.12974   0.00589   0.03765   0.02545   0.03988   0.05396   0.05917   0.02928   0.04713   0.12960   0.04854   0.11434   0.08838   2.01879   1.51699   0.91478   1.25610   0.43446  
  4 771.4592   2213.610643  x:  0.06476   0.00000   0.13899   0.01000   0.11168   0.02649   0.06882   0.04640   0.07911   0.08007   0.04654   0.13592   0.01904   0.04106   0.02173   0.03197   0.05291   0.04816   0.02066   0.04542   0.12984   0.04876   0.11580   0.08347   2.03707   1.51807   0.90931   1.26071   0.46019  
  5 172.0067   2211.037549  x:  0.05698   0.00000   0.14522   0.01136   0.11066   0.01834   0.06433   0.04713   0.07729   0.07090   0.03663   0.14247   0.00818   0.04082   0.03405   0.02962   0.05314   0.04487   0.02931   0.04575   0.13027   0.05102   0.11554   0.07579   2.07046   1.52010   0.89957   1.26899   0.50141  
  6 167.1017   2206.792204  x:  0.04938   0.00000   0.15160   0.01293   0.10754   0.04064   0.05993   0.04936   0.07632   0.06539   0.03225   0.15150   0.00321   0.04376   0.02002   0.03102   0.05440   0.04949   0.03388   0.04781   0.13069   0.05444   0.11216   0.06842   2.14844   1.52489   0.87777   1.28774   0.58763  
  7 268.6390   2204.422171  x:  0.04987   0.00000   0.15004   0.01244   0.10414   0.05315   0.05977   0.05084   0.07686   0.06916   0.03951   0.15310   0.02001   0.03945   0.02883   0.03800   0.05584   0.05388   0.03961   0.05034   0.13079   0.05640   0.10798   0.06911   2.21361   1.52887   0.86085   1.30272   0.65072  
  8 493.6731   2200.447056  x:  0.06162   0.00000   0.12074   0.01220   0.09838   0.04221   0.06489   0.05054   0.08098   0.07813   0.06363   0.13559   0.01155   0.04093   0.02554   0.04839   0.05764   0.03908   0.03615   0.05286   0.12890   0.05340   0.09604   0.08118   2.31767   1.53508   0.84012   1.32321   0.71642  
  9 226.9168   2198.616090  x:  0.06116   0.00000   0.10191   0.01233   0.10052   0.03329   0.06479   0.04912   0.08286   0.07184   0.06712   0.12035   0.01057   0.04129   0.02427   0.04774   0.05682   0.05831   0.03024   0.05158   0.12724   0.04959   0.09594   0.08094   2.38444   1.53917   0.83217   1.33346   0.73284  
 10 176.4915   2193.148828  x:  0.05735   0.00000   0.09284   0.01150   0.12348   0.05017   0.06733   0.04483   0.08428   0.06929   0.05758   0.09022   0.01026   0.04069   0.03590   0.03152   0.04958   0.04597   0.02021   0.04065   0.12216   0.04243   0.11930   0.07797   2.62811   1.55465   0.81936   1.36213   0.72117  
 11 160.6077   2179.557952  x:  0.06179   0.00000   0.11236   0.00990   0.15701   0.03315   0.06707   0.04566   0.08190   0.07960   0.04752   0.09035   0.01963   0.04009   0.01179   0.02688   0.05053   0.04566   0.06858   0.04530   0.11473   0.05453   0.13867   0.08476   3.29908   1.59785   0.79577   1.43489   0.65038  
 12 605.9159   2163.471529  x:  0.05777   0.00000   0.14042   0.00759   0.15404   0.03157   0.05819   0.05224   0.07703   0.06858   0.05214   0.15405   0.00909   0.04041   0.02630   0.05308   0.06168   0.05030   0.02346   0.06394   0.12155   0.06232   0.11036   0.08367   4.10874   1.64962   0.78108   1.51588   0.55051  
 13 1109.8155   2160.093495  x:  0.05002   0.00000   0.13877   0.00811   0.11393   0.03421   0.06838   0.04705   0.07657   0.07674   0.04825   0.16723   0.01071   0.04104   0.02756   0.03681   0.05431   0.05128   0.02863   0.04500   0.13067   0.04540   0.09402   0.07656   4.26458   1.65850   0.79761   1.52227   0.53400  
 14 249.3243   2159.053364  x:  0.05604   0.00000   0.13820   0.00916   0.08866   0.03649   0.06167   0.04857   0.07698   0.07334   0.04309   0.16547   0.01076   0.04039   0.02822   0.03399   0.05403   0.05123   0.02865   0.04514   0.13364   0.05162   0.10273   0.08287   4.31493   1.66109   0.81768   1.51656   0.53288  
 15 104.5586   2157.955818  x:  0.04739   0.00000   0.14196   0.00896   0.08366   0.03397   0.06797   0.04952   0.07734   0.08044   0.04345   0.15869   0.01046   0.04049   0.02682   0.04322   0.05875   0.05113   0.02592   0.05364   0.13604   0.05317   0.11030   0.07475   4.37255   1.66344   0.87381   1.49158   0.54255  
 16 56.3122   2156.417304  x:  0.05387   0.00000   0.14757   0.00883   0.09867   0.03588   0.06529   0.04954   0.07830   0.07155   0.04720   0.15663   0.01064   0.04131   0.02739   0.04361   0.05878   0.05173   0.02831   0.05123   0.13786   0.04878   0.09933   0.08213   4.45399   1.66664   0.96499   1.44782   0.56066  
 17 137.4016   2156.263330  x:  0.05262   0.00000   0.14355   0.00854   0.10145   0.03584   0.06175   0.05042   0.07868   0.07525   0.04910   0.16041   0.01039   0.04103   0.02780   0.03994   0.05664   0.05203   0.02770   0.04948   0.13585   0.05417   0.09908   0.08104   4.46143   1.66730   0.97258   1.44217   0.56245  
 18 30.7699   2156.135334  x:  0.05308   0.00000   0.13694   0.00874   0.10302   0.03659   0.06652   0.05034   0.07892   0.07331   0.04910   0.16794   0.01071   0.04082   0.02798   0.03835   0.05660   0.05150   0.02859   0.05034   0.13250   0.05488   0.10330   0.08180   4.46633   1.66856   0.97445   1.43553   0.56370  
 19 13.4697   2155.884914  x:  0.05301   0.00000   0.13210   0.00886   0.10385   0.03676   0.06065   0.04872   0.07871   0.07614   0.04681   0.17332   0.01100   0.04121   0.02774   0.04169   0.05801   0.05097   0.02970   0.05012   0.12971   0.04705   0.10791   0.08255   4.47361   1.67156   0.97045   1.42116   0.56527  
 20 12.5944   2152.146142  x:  0.04931   0.00000   0.14451   0.00963   0.09827   0.03557   0.06908   0.05093   0.07633   0.08188   0.04015   0.16327   0.01009   0.04734   0.02946   0.05310   0.05153   0.05452   0.02821   0.03715   0.12348   0.05372   0.10474   0.09190   4.57108   1.71287   0.87889   1.21218   0.58383  
 21 32.6421   2151.144583  x:  0.04739   0.00000   0.14984   0.00935   0.09679   0.03607   0.06762   0.04780   0.07726   0.08310   0.04839   0.16047   0.00942   0.04897   0.03114   0.03774   0.05532   0.05585   0.02881   0.05251   0.12867   0.04983   0.10480   0.09377   4.59797   1.71848   0.85562   1.16128   0.58891  
 22 125.1163   2148.168316  x:  0.04344   0.00000   0.14587   0.00975   0.10726   0.03455   0.06985   0.05582   0.08575   0.08720   0.05393   0.16688   0.00879   0.05241   0.03154   0.03436   0.08015   0.05740   0.03086   0.03530   0.18604   0.05455   0.12149   0.10238   4.66873   1.64448   0.83863   1.13897   0.60359  
 23 19.0928   2140.865101  x:  0.04009   0.00000   0.13984   0.01214   0.11678   0.03688   0.07718   0.03582   0.07693   0.10543   0.02840   0.16912   0.00884   0.06182   0.03487   0.04281   0.04387   0.06112   0.03322   0.05718   0.22449   0.06091   0.12357   0.12630   4.81790   1.46288   0.82069   1.12918   0.63422  
 24 128.1099   2133.243677  x:  0.02759   0.00000   0.16690   0.01339   0.10951   0.03362   0.08052   0.06175   0.06263   0.10967   0.05332   0.16656   0.00539   0.07524   0.03917   0.04089   0.02682   0.06880   0.03452   0.05255   0.18328   0.04624   0.14242   0.14473   4.98475   1.25688   0.80853   1.13609   0.66839  
 25 250.9114   2129.520599  x:  0.02345   0.00000   0.17942   0.01442   0.10444   0.03462   0.08454   0.05255   0.06662   0.11899   0.04861   0.16127   0.00426   0.08163   0.04353   0.03370   0.05515   0.07343   0.03284   0.04729   0.14244   0.04876   0.13818   0.15695   5.07212   1.15313   0.80481   1.14485   0.68637  
 26 374.0778   2128.805569  x:  0.02150   0.00000   0.18543   0.01449   0.10329   0.03339   0.08436   0.04618   0.09237   0.11804   0.05179   0.16240   0.00388   0.08308   0.04376   0.03541   0.05056   0.07416   0.03288   0.04598   0.13667   0.04842   0.14098   0.15816   5.08618   1.15829   0.80982   1.15871   0.68997  
 27 33.9606   2120.907838  x:  0.01575   0.00000   0.19413   0.01598   0.10538   0.03349   0.09343   0.08307   0.10246   0.14144   0.03209   0.15648   0.00262   0.09473   0.05071   0.02021   0.05639   0.08156   0.03152   0.05661   0.11807   0.03830   0.13597   0.18699   5.21231   1.47187   0.92655   1.42970   0.72939  
 28 40.9757   2116.139958  x:  0.00689   0.00000   0.20691   0.01600   0.10344   0.03283   0.09279   0.04077   0.07352   0.13839   0.05758   0.15625   0.00000   0.10248   0.05240   0.02203   0.05794   0.08518   0.03351   0.04336   0.11086   0.04508   0.15058   0.19733   5.28199   1.65192   0.99282   1.58274   0.75115  
 29 312.3220   2111.210761  x:  0.00000   0.00000   0.20847   0.01659   0.10636   0.03139   0.09404   0.04406   0.07522   0.14394   0.05259   0.16209   0.00224   0.11245   0.05218   0.03271   0.05783   0.08721   0.02700   0.04322   0.12798   0.04572   0.15386   0.21093   5.63066   1.68966   0.99479   1.59378   0.77890  
 30  0.8186   2111.210761  x:  0.00000   0.00000   0.20847   0.01659   0.10636   0.03139   0.09404   0.04406   0.07522   0.14394   0.05259   0.16209   0.00224   0.11245   0.05218   0.03271   0.05783   0.08721   0.02700   0.04322   0.12798   0.04572   0.15386   0.21093   5.63066   1.68966   0.99479   1.59378   0.77890  
 31  1.5316   2106.843185  x:  0.00011   0.00000   0.20274   0.01031   0.11285   0.02728   0.08829   0.04443   0.07600   0.14430   0.03426   0.16076   0.00431   0.17997   0.04578   0.02832   0.04748   0.08145   0.01872   0.04239   0.13190   0.04788   0.15638   0.21104   5.63400   1.69233   0.99224   1.59069   0.78159  
 32 128.7835   2106.233593  x:  0.00010   0.00000   0.20197   0.01395   0.11379   0.02803   0.08775   0.04443   0.07609   0.14465   0.03522   0.16021   0.00000   0.18780   0.04579   0.02956   0.04766   0.08101   0.02232   0.04256   0.13235   0.04753   0.15644   0.21103   5.63483   1.69298   0.99165   1.58992   0.78221  
 33 118.4658   2106.035984  x:  0.00048   0.00000   0.20085   0.01212   0.11386   0.03041   0.08810   0.04420   0.07602   0.14501   0.04141   0.15813   0.00000   0.19546   0.04810   0.03354   0.05178   0.08158   0.02014   0.04332   0.13235   0.04507   0.15692   0.21140   5.63754   1.69501   0.98985   1.58729   0.78433  
 34 39.5216   2105.951221  x:  0.00094   0.00000   0.19988   0.00978   0.11341   0.02840   0.08895   0.04404   0.07568   0.14520   0.04181   0.15551   0.00000   0.19904   0.04901   0.03185   0.05308   0.08273   0.02236   0.04297   0.13134   0.04301   0.15729   0.21186   5.64203   1.69823   0.98717   1.58289   0.78765  
 35 20.1245   2105.780391  x:  0.00184   0.00000   0.19790   0.01299   0.11294   0.02626   0.09058   0.04404   0.07516   0.14588   0.04058   0.14980   0.00000   0.20583   0.04982   0.02890   0.05312   0.08468   0.01961   0.04234   0.12894   0.04110   0.15794   0.21277   5.65426   1.70677   0.98006   1.57108   0.79640  
 36 49.4091   2105.524536  x:  0.00265   0.00000   0.19557   0.01206   0.11248   0.03044   0.09131   0.04453   0.07524   0.14621   0.03524   0.14351   0.00000   0.21485   0.04891   0.03179   0.04985   0.08525   0.01994   0.04265   0.12659   0.04425   0.15816   0.21357   5.67581   1.72113   0.96812   1.55072   0.81123  
 37 76.6920   2105.335978  x:  0.00165   0.00000   0.19649   0.01122   0.11316   0.02659   0.08756   0.04391   0.07593   0.14555   0.03803   0.14708   0.00000   0.21975   0.04463   0.03281   0.04761   0.08065   0.01955   0.04336   0.12879   0.04710   0.15670   0.21257   5.69594   1.73233   0.95888   1.53321   0.82324  
 38 44.8723   2105.208997  x:  0.00037   0.00000   0.19865   0.01115   0.11438   0.02979   0.08533   0.04420   0.07630   0.14461   0.03717   0.15357   0.00000   0.22140   0.04533   0.02928   0.04966   0.07833   0.01950   0.04254   0.13187   0.04538   0.15538   0.21130   5.71298   1.73961   0.95294   1.52004   0.83157  
 39 44.9986   2105.119763  x:  0.00000   0.00000   0.20010   0.01156   0.11478   0.02840   0.08610   0.04425   0.07587   0.14418   0.03554   0.15717   0.00000   0.22076   0.04792   0.03120   0.05013   0.07979   0.01949   0.04257   0.13328   0.04449   0.15502   0.21093   5.72449   1.74271   0.95047   1.51256   0.83574  
 40 35.0072   2104.915991  x:  0.00111   0.00000   0.20278   0.01149   0.11374   0.03021   0.09195   0.04410   0.07474   0.14413   0.03980   0.16115   0.00000   0.21466   0.04651   0.03004   0.04638   0.08676   0.02026   0.04353   0.13249   0.04466   0.15563   0.21204   5.76750   1.74879   0.94572   1.48902   0.84707  
 41 36.5453   2104.593618  x:  0.00273   0.00000   0.20269   0.01288   0.11158   0.02986   0.09189   0.04412   0.07574   0.14530   0.03966   0.15579   0.00000   0.20109   0.04347   0.03155   0.05491   0.08429   0.02121   0.04196   0.12769   0.04702   0.15728   0.21365   5.84279   1.75406   0.94108   1.45294   0.86278  
 42 66.7776   2104.426718  x:  0.00198   0.00000   0.20076   0.01293   0.11157   0.03029   0.08782   0.04407   0.07621   0.14585   0.04112   0.15006   0.00000   0.19448   0.04886   0.03139   0.05102   0.07992   0.02170   0.04397   0.12723   0.04432   0.15714   0.21290   5.88520   1.75371   0.93980   1.43674   0.86911  
 43 68.4484   2104.241875  x:  0.00000   0.00000   0.19783   0.01277   0.11348   0.03048   0.08662   0.04409   0.07526   0.14553   0.04118   0.14764   0.00000   0.19354   0.04728   0.03223   0.05047   0.08186   0.02154   0.04134   0.13089   0.04277   0.15521   0.21093   5.92324   1.74769   0.94001   1.43037   0.87030  
 44 31.5842   2104.241875  x:  0.00000   0.00000   0.19783   0.01277   0.11348   0.03048   0.08662   0.04409   0.07526   0.14553   0.04118   0.14764   0.00000   0.19354   0.04728   0.03223   0.05047   0.08186   0.02154   0.04134   0.13089   0.04277   0.15521   0.21093   5.92324   1.74769   0.94001   1.43037   0.87030  
 45 152.1689   2104.097190  x:  0.00015   0.00000   0.19799   0.01759   0.11400   0.02986   0.08709   0.04413   0.07545   0.14567   0.04073   0.14895   0.00000   0.19664   0.04783   0.03293   0.05082   0.08182   0.02633   0.04282   0.13112   0.04414   0.15506   0.21107   5.92438   1.74676   0.94004   1.43145   0.86964  
 46 38.2251   2103.937173  x:  0.00083   0.00000   0.19853   0.01769   0.11488   0.02904   0.08870   0.04428   0.07613   0.14531   0.03653   0.15405   0.00000   0.21005   0.04867   0.03370   0.05108   0.08141   0.02402   0.04552   0.13203   0.04681   0.15425   0.21175   5.93000   1.74205   0.94048   1.43658   0.86658  
 47 21.9530   2103.830175  x:  0.00123   0.00000   0.19916   0.01606   0.11496   0.03049   0.08894   0.04422   0.07620   0.14514   0.03954   0.15683   0.00000   0.22047   0.04755   0.03231   0.05087   0.08141   0.02559   0.04259   0.13241   0.04417   0.15347   0.21215   5.93688   1.73644   0.94119   1.44245   0.86299  
 48 28.2486   2103.766251  x:  0.00098   0.00000   0.19954   0.01789   0.11462   0.02881   0.08750   0.04404   0.07547   0.14541   0.04207   0.15530   0.00000   0.22305   0.04780   0.03445   0.05059   0.08174   0.02356   0.04243   0.13186   0.04246   0.15316   0.21191   5.94510   1.73025   0.94215   1.44866   0.85897  
 49 17.9672   2103.562686  x:  0.00000   0.00000   0.20039   0.01466   0.11318   0.02894   0.08360   0.04419   0.07398   0.14581   0.04052   0.14727   0.00000   0.22458   0.04936   0.03719   0.05066   0.08272   0.02624   0.04479   0.12909   0.04185   0.15258   0.21093   5.97732   1.70692   0.94579   1.47173   0.84377  
 50 44.0058   2103.562686  x:  0.00000   0.00000   0.20039   0.01466   0.11318   0.02894   0.08360   0.04419   0.07398   0.14581   0.04052   0.14727   0.00000   0.22458   0.04936   0.03719   0.05066   0.08272   0.02624   0.04479   0.12909   0.04185   0.15258   0.21093   5.97732   1.70692   0.94579   1.47173   0.84377  
 51 81.3105   2103.468010  x:  0.00041   0.00000   0.20034   0.01781   0.11389   0.03029   0.08597   0.04424   0.07515   0.14586   0.03999   0.14884   0.00000   0.22287   0.04818   0.03349   0.05072   0.08212   0.02367   0.04312   0.12966   0.04336   0.15282   0.21133   5.97882   1.70668   0.94566   1.47193   0.84352  
 52 25.3673   2103.426654  x:  0.00096   0.00000   0.20018   0.01637   0.11443   0.02994   0.08853   0.04422   0.07627   0.14564   0.03870   0.15111   0.00000   0.21989   0.04741   0.03183   0.05097   0.08152   0.02544   0.04250   0.13076   0.04489   0.15319   0.21188   5.98171   1.70617   0.94545   1.47231   0.84308  
 53 15.7278   2103.383743  x:  0.00153   0.00000   0.19985   0.01614   0.11516   0.02903   0.09050   0.04423   0.07690   0.14547   0.03948   0.15460   0.00000   0.21422   0.04757   0.03403   0.05096   0.08105   0.02417   0.04366   0.13271   0.04541   0.15394   0.21245   5.98829   1.70503   0.94501   1.47315   0.84209  
 54 15.0937   2103.342032  x:  0.00140   0.00000   0.19925   0.01703   0.11546   0.03046   0.08910   0.04433   0.07604   0.14544   0.04082   0.15696   0.00000   0.20851   0.04815   0.03355   0.05076   0.08150   0.02571   0.04352   0.13369   0.04330   0.15482   0.21232   5.99849   1.70327   0.94445   1.47437   0.84060  
 55 17.2015   2103.291001  x:  0.00073   0.00000   0.19829   0.01516   0.11509   0.02993   0.08610   0.04420   0.07476   0.14533   0.03987   0.15778   0.00000   0.20384   0.04860   0.03194   0.05062   0.08220   0.02388   0.04265   0.13339   0.04284   0.15566   0.21166   6.01396   1.70068   0.94371   1.47609   0.83847  
 56 26.9234   2103.201980  x:  0.00000   0.00000   0.19733   0.01638   0.11464   0.02909   0.08452   0.04410   0.07452   0.14546   0.03914   0.15707   0.00000   0.20168   0.04849   0.03225   0.05090   0.08247   0.02447   0.04266   0.13226   0.04506   0.15625   0.21093   6.03388   1.69752   0.94272   1.47821   0.83589  
 57 41.8185   2103.201980  x:  0.00000   0.00000   0.19733   0.01638   0.11464   0.02909   0.08452   0.04410   0.07452   0.14546   0.03914   0.15707   0.00000   0.20168   0.04849   0.03225   0.05090   0.08247   0.02447   0.04266   0.13226   0.04506   0.15625   0.21093   6.03388   1.69752   0.94272   1.47821   0.83589  
 58 117.2354   2103.143404  x:  0.00062   0.00000   0.19793   0.01644   0.11471   0.03143   0.08868   0.04444   0.07643   0.14556   0.04061   0.15525   0.00000   0.20681   0.04746   0.03382   0.05088   0.08149   0.02537   0.04389   0.13208   0.04413   0.15549   0.21155   6.03716   1.69735   0.94255   1.47828   0.83585  
 59 13.4554   2103.102961  x:  0.00114   0.00000   0.19868   0.01587   0.11472   0.02898   0.09076   0.04422   0.07705   0.14559   0.04012   0.15328   0.00000   0.21268   0.04743   0.03333   0.05077   0.08097   0.02390   0.04336   0.13171   0.04393   0.15457   0.21206   6.04203   1.69706   0.94240   1.47832   0.83578  
 60 16.5292   2103.070406  x:  0.00132   0.00000   0.19956   0.01702   0.11484   0.02898   0.08943   0.04416   0.07616   0.14567   0.03906   0.15173   0.00000   0.21793   0.04836   0.03255   0.05090   0.08141   0.02586   0.04247   0.13134   0.04453   0.15364   0.21224   6.04912   1.69664   0.94223   1.47832   0.83566  
 61 15.5382   2103.035223  x:  0.00124   0.00000   0.20052   0.01679   0.11478   0.03089   0.08646   0.04431   0.07493   0.14568   0.03870   0.15079   0.00000   0.22204   0.04866   0.03312   0.05090   0.08215   0.02405   0.04301   0.13117   0.04467   0.15277   0.21216   6.05949   1.69604   0.94204   1.47825   0.83552  
 62 21.1794   2102.952324  x:  0.00067   0.00000   0.20221   0.01515   0.11415   0.02875   0.08253   0.04419   0.07430   0.14566   0.04144   0.15119   0.00000   0.22484   0.04646   0.03502   0.05087   0.08283   0.02556   0.04503   0.13136   0.04259   0.15183   0.21159   6.09067   1.69430   0.94154   1.47786   0.83521  
 63 23.6214   2102.707680  x:  0.00000   0.00000   0.20397   0.01658   0.11389   0.02876   0.08218   0.04413   0.07522   0.14574   0.04251   0.15280   0.00000   0.22518   0.04581   0.03445   0.05068   0.08265   0.02501   0.04412   0.13152   0.04218   0.15144   0.21093   6.14383   1.69144   0.94070   1.47711   0.83471  
 64 84.7025   2102.707680  x:  0.00000   0.00000   0.20397   0.01658   0.11389   0.02876   0.08218   0.04413   0.07522   0.14574   0.04251   0.15280   0.00000   0.22518   0.04581   0.03445   0.05068   0.08265   0.02501   0.04412   0.13152   0.04218   0.15144   0.21093   6.14383   1.69144   0.94070   1.47711   0.83471  
 65 1117.4516   2102.622734  x:  0.00057   0.00000   0.20287   0.01557   0.11434   0.03082   0.08648   0.04431   0.07582   0.14564   0.03887   0.15270   0.00000   0.22268   0.04839   0.03321   0.05085   0.08192   0.02432   0.04285   0.13139   0.04461   0.15228   0.21149   6.14568   1.69144   0.94067   1.47702   0.83479  
 66 20.8343   2102.591223  x:  0.00109   0.00000   0.20156   0.01777   0.11477   0.02939   0.08930   0.04424   0.07608   0.14576   0.03891   0.15266   0.00000   0.21934   0.04869   0.03284   0.05096   0.08145   0.02515   0.04295   0.13143   0.04478   0.15324   0.21201   6.14857   1.69142   0.94064   1.47689   0.83489  
 67 13.4553   2102.554249  x:  0.00166   0.00000   0.19919   0.01587   0.11494   0.02881   0.09082   0.04425   0.07617   0.14571   0.03996   0.15273   0.00000   0.21326   0.04738   0.03338   0.05086   0.08122   0.02421   0.04373   0.13169   0.04359   0.15471   0.21258   6.15524   1.69136   0.94060   1.47659   0.83518  
 68 14.1685   2102.520592  x:  0.00151   0.00000   0.19713   0.01615   0.11509   0.03106   0.08882   0.04438   0.07598   0.14572   0.04076   0.15320   0.00000   0.20795   0.04731   0.03348   0.05082   0.08164   0.02565   0.04317   0.13188   0.04394   0.15575   0.21243   6.16473   1.69128   0.94047   1.47623   0.83553  
 69 16.8936   2102.476524  x:  0.00074   0.00000   0.19544   0.01691   0.11507   0.02969   0.08530   0.04417   0.07556   0.14567   0.03980   0.15416   0.00000   0.20376   0.04847   0.03264   0.05080   0.08217   0.02383   0.04254   0.13202   0.04537   0.15634   0.21167   6.18007   1.69115   0.94022   1.47572   0.83609  
 70 24.5808   2102.402581  x:  0.00000   0.00000   0.19508   0.01598   0.11481   0.02852   0.08465   0.04413   0.07557   0.14552   0.03856   0.15510   0.00000   0.20306   0.04880   0.03228   0.05104   0.08220   0.02540   0.04325   0.13216   0.04539   0.15619   0.21093   6.19958   1.69101   0.93979   1.47521   0.83679  
 71 32.2232   2102.402581  x:  0.00000   0.00000   0.19508   0.01598   0.11481   0.02852   0.08465   0.04413   0.07557   0.14552   0.03856   0.15510   0.00000   0.20306   0.04880   0.03228   0.05104   0.08220   0.02540   0.04325   0.13216   0.04539   0.15619   0.21093   6.19958   1.69101   0.93979   1.47521   0.83679  
 72 196.1998   2102.360686  x:  0.00041   0.00000   0.19614   0.01706   0.11487   0.03086   0.08698   0.04433   0.07590   0.14563   0.04031   0.15476   0.00000   0.20569   0.04787   0.03310   0.05084   0.08182   0.02383   0.04316   0.13212   0.04443   0.15577   0.21133   6.20132   1.69102   0.93969   1.47524   0.83683  
 73 14.9577   2102.320701  x:  0.00114   0.00000   0.19834   0.01562   0.11475   0.03014   0.09021   0.04431   0.07616   0.14563   0.04072   0.15395   0.00000   0.21136   0.04715   0.03366   0.05079   0.08134   0.02562   0.04310   0.13190   0.04358   0.15482   0.21206   6.20572   1.69099   0.93951   1.47530   0.83695  
 74 14.7592   2102.291572  x:  0.00147   0.00000   0.20029   0.01643   0.11481   0.02850   0.09038   0.04419   0.07605   0.14570   0.03954   0.15317   0.00000   0.21635   0.04798   0.03310   0.05082   0.08133   0.02404   0.04324   0.13158   0.04428   0.15394   0.21240   6.21139   1.69093   0.93936   1.47531   0.83706  
 75 15.3815   2102.261897  x:  0.00141   0.00000   0.20201   0.01722   0.11485   0.03042   0.08788   0.04432   0.07587   0.14577   0.03843   0.15232   0.00000   0.22059   0.04884   0.03272   0.05101   0.08179   0.02519   0.04327   0.13131   0.04496   0.15309   0.21234   6.22020   1.69082   0.93923   1.47527   0.83723  
 76 16.7465   2102.206923  x:  0.00080   0.00000   0.20341   0.01505   0.11437   0.03026   0.08322   0.04422   0.07553   0.14577   0.04003   0.15126   0.00000   0.22357   0.04744   0.03398   0.05084   0.08242   0.02407   0.04303   0.13132   0.04341   0.15224   0.21172   6.24127   1.69050   0.93912   1.47502   0.83766  
 77 19.4422   2102.073086  x:  0.00000   0.00000   0.20399   0.01762   0.11420   0.02854   0.08181   0.04408   0.07549   0.14600   0.04212   0.15051   0.00000   0.22410   0.04644   0.03432   0.05070   0.08252   0.02544   0.04308   0.13140   0.04256   0.15187   0.21093   6.28085   1.68995   0.93893   1.47450   0.83844  
 78 50.4377   2102.073086  x:  0.00000   0.00000   0.20399   0.01762   0.11420   0.02854   0.08181   0.04408   0.07549   0.14600   0.04212   0.15051   0.00000   0.22410   0.04644   0.03432   0.05070   0.08252   0.02544   0.04308   0.13140   0.04256   0.15187   0.21093   6.28085   1.68995   0.93893   1.47450   0.83844  
 79 309.7384   2101.998764  x:  0.00050   0.00000   0.20313   0.01522   0.11437   0.03055   0.08554   0.04429   0.07581   0.14579   0.03928   0.15111   0.00000   0.22232   0.04791   0.03339   0.05082   0.08201   0.02408   0.04322   0.13137   0.04413   0.15239   0.21142   6.28226   1.68994   0.93892   1.47447   0.83848  
 80 21.4796   2101.964786  x:  0.00109   0.00000   0.20186   0.01731   0.11476   0.02994   0.08920   0.04430   0.07602   0.14583   0.03878   0.15206   0.00000   0.21939   0.04862   0.03282   0.05098   0.08153   0.02519   0.04324   0.13144   0.04485   0.15318   0.21201   6.28488   1.68994   0.93891   1.47442   0.83851  
 81 14.4855   2101.935267  x:  0.00160   0.00000   0.19978   0.01633   0.11484   0.02846   0.09049   0.04420   0.07601   0.14573   0.04013   0.15340   0.00000   0.21449   0.04757   0.03343   0.05083   0.08136   0.02405   0.04314   0.13175   0.04377   0.15429   0.21253   6.29055   1.68988   0.93894   1.47430   0.83863  
 82 11.1031   2101.905315  x:  0.00164   0.00000   0.19756   0.01571   0.11496   0.03038   0.08913   0.04433   0.07599   0.14563   0.04086   0.15470   0.00000   0.20934   0.04716   0.03362   0.05081   0.08162   0.02562   0.04313   0.13201   0.04349   0.15535   0.21256   6.29908   1.68980   0.93895   1.47416   0.83878  
 83 17.8823   2101.867740  x:  0.00101   0.00000   0.19563   0.01710   0.11514   0.03041   0.08602   0.04429   0.07581   0.14562   0.03984   0.15568   0.00000   0.20506   0.04833   0.03271   0.05084   0.08199   0.02400   0.04328   0.13209   0.04497   0.15617   0.21193   6.31266   1.68969   0.93891   1.47401   0.83900  
 84 21.6957   2101.805842  x:  0.00000   0.00000   0.19485   0.01574   0.11492   0.02787   0.08474   0.04409   0.07569   0.14552   0.03803   0.15578   0.00000   0.20368   0.04906   0.03216   0.05110   0.08208   0.02568   0.04317   0.13210   0.04572   0.15633   0.21093   6.33551   1.68953   0.93873   1.47389   0.83941  
 85 27.6658   2101.805842  x:  0.00000   0.00000   0.19485   0.01574   0.11492   0.02787   0.08474   0.04409   0.07569   0.14552   0.03803   0.15578   0.00000   0.20368   0.04906   0.03216   0.05110   0.08208   0.02568   0.04317   0.13210   0.04572   0.15633   0.21093   6.33551   1.68953   0.93873   1.47389   0.83941  
 86 108.0343   2101.758220  x:  0.00033   0.00000   0.19574   0.01706   0.11497   0.03063   0.08649   0.04431   0.07591   0.14565   0.03997   0.15534   0.00000   0.20558   0.04814   0.03289   0.05090   0.08186   0.02402   0.04319   0.13211   0.04469   0.15598   0.21125   6.33676   1.68954   0.93865   1.47393   0.83943  
 87 18.2749   2101.720858  x:  0.00106   0.00000   0.19795   0.01551   0.11478   0.03024   0.08955   0.04432   0.07603   0.14566   0.04084   0.15417   0.00000   0.21057   0.04713   0.03364   0.05079   0.08152   0.02552   0.04317   0.13199   0.04345   0.15502   0.21198   6.34054   1.68955   0.93850   1.47402   0.83953  
 88 12.4550   2101.692333  x:  0.00150   0.00000   0.20014   0.01646   0.11481   0.02865   0.09032   0.04421   0.07598   0.14576   0.03990   0.15302   0.00000   0.21553   0.04781   0.03327   0.05080   0.08143   0.02408   0.04321   0.13170   0.04408   0.15406   0.21242   6.34571   1.68956   0.93836   1.47411   0.83962  
 89 14.9612   2101.668447  x:  0.00152   0.00000   0.20183   0.01701   0.11486   0.03032   0.08865   0.04433   0.07596   0.14582   0.03858   0.15213   0.00000   0.21930   0.04869   0.03280   0.05099   0.08167   0.02517   0.04320   0.13144   0.04493   0.15325   0.21244   6.35264   1.68954   0.93825   1.47416   0.83974  
 90 15.2774   2101.623472  x:  0.00089   0.00000   0.20333   0.01524   0.11450   0.03030   0.08387   0.04424   0.07576   0.14582   0.03965   0.15133   0.00000   0.22231   0.04769   0.03359   0.05090   0.08219   0.02402   0.04319   0.13138   0.04373   0.15239   0.21181   6.37055   1.68944   0.93818   1.47414   0.84007  
 91 15.7445   2101.530734  x:  0.00000   0.00000   0.20407   0.01808   0.11441   0.02865   0.08163   0.04410   0.07563   0.14604   0.04191   0.15109   0.00000   0.22333   0.04675   0.03412   0.05077   0.08240   0.02592   0.04317   0.13140   0.04275   0.15198   0.21092   6.40608   1.68929   0.93806   1.47404   0.84069  
 92 41.4408   2101.530734  x:  0.00000   0.00000   0.20407   0.01808   0.11441   0.02865   0.08163   0.04410   0.07563   0.14604   0.04191   0.15109   0.00000   0.22333   0.04675   0.03412   0.05077   0.08240   0.02592   0.04317   0.13140   0.04275   0.15198   0.21092   6.40608   1.68929   0.93806   1.47404   0.84069  
 93 177.5433   2101.458372  x:  0.00046   0.00000   0.20328   0.01531   0.11446   0.03029   0.08509   0.04427   0.07584   0.14583   0.03945   0.15148   0.00000   0.22187   0.04781   0.03344   0.05081   0.08200   0.02392   0.04321   0.13139   0.04398   0.15242   0.21139   6.40727   1.68928   0.93807   1.47401   0.84073  
 94 22.3328   2101.424593  x:  0.00111   0.00000   0.20196   0.01697   0.11478   0.03001   0.08917   0.04431   0.07599   0.14585   0.03883   0.15221   0.00000   0.21912   0.04853   0.03289   0.05097   0.08158   0.02526   0.04320   0.13148   0.04479   0.15322   0.21203   6.40979   1.68929   0.93807   1.47398   0.84077  
 95 13.8415   2101.401070  x:  0.00157   0.00000   0.20008   0.01674   0.11484   0.02866   0.09023   0.04422   0.07597   0.14581   0.04020   0.15316   0.00000   0.21509   0.04767   0.03337   0.05084   0.08147   0.02396   0.04320   0.13176   0.04386   0.15418   0.21249   6.41466   1.68927   0.93814   1.47390   0.84086  
 96  9.7621   2101.372940  x:  0.00171   0.00000   0.19767   0.01546   0.11490   0.02993   0.08907   0.04430   0.07597   0.14568   0.04083   0.15431   0.00000   0.20997   0.04717   0.03363   0.05083   0.08165   0.02550   0.04318   0.13204   0.04341   0.15530   0.21263   6.42306   1.68924   0.93822   1.47379   0.84102  
 97 17.6852   2101.338980  x:  0.00118   0.00000   0.19560   0.01706   0.11515   0.03064   0.08633   0.04432   0.07590   0.14568   0.03979   0.15531   0.00000   0.20566   0.04831   0.03279   0.05086   0.08191   0.02431   0.04320   0.13213   0.04487   0.15615   0.21210   6.43605   1.68921   0.93827   1.47370   0.84123  
 98 20.8967   2101.277295  x:  0.00000   0.00000   0.19478   0.01586   0.11500   0.02737   0.08511   0.04405   0.07574   0.14556   0.03785   0.15566   0.00000   0.20416   0.04915   0.03206   0.05111   0.08195   0.02528   0.04317   0.13210   0.04586   0.15628   0.21092   6.46158   1.68917   0.93821   1.47366   0.84169  
 99 24.7094   2101.277295  x:  0.00000   0.00000   0.19478   0.01586   0.11500   0.02737   0.08511   0.04405   0.07574   0.14556   0.03785   0.15566   0.00000   0.20416   0.04915   0.03206   0.05111   0.08195   0.02528   0.04317   0.13210   0.04586   0.15628   0.21092   6.46158   1.68917   0.93821   1.47366   0.84169  
100 106.9116   2101.227431  x:  0.00034   0.00000   0.19568   0.01696   0.11503   0.03076   0.08660   0.04433   0.07594   0.14568   0.03986   0.15526   0.00000   0.20591   0.04821   0.03286   0.05093   0.08182   0.02433   0.04319   0.13212   0.04476   0.15595   0.21126   6.46272   1.68919   0.93813   1.47371   0.84171  
101 19.1362   2101.192574  x:  0.00111   0.00000   0.19800   0.01528   0.11479   0.02992   0.08930   0.04431   0.07598   0.14570   0.04082   0.15415   0.00000   0.21076   0.04715   0.03364   0.05079   0.08161   0.02534   0.04319   0.13201   0.04339   0.15502   0.21203   6.46633   1.68922   0.93798   1.47381   0.84180  
102 11.2823   2101.166255  x:  0.00159   0.00000   0.20036   0.01687   0.11485   0.02881   0.09007   0.04423   0.07595   0.14584   0.04006   0.15304   0.00000   0.21571   0.04781   0.03329   0.05080   0.08153   0.02406   0.04321   0.13173   0.04403   0.15405   0.21251   6.47135   1.68926   0.93784   1.47393   0.84189  
103 14.4769   2101.146831  x:  0.00161   0.00000   0.20189   0.01672   0.11485   0.03021   0.08884   0.04432   0.07597   0.14585   0.03864   0.15227   0.00000   0.21895   0.04861   0.03284   0.05098   0.08167   0.02512   0.04320   0.13150   0.04486   0.15335   0.21253   6.47708   1.68927   0.93775   1.47400   0.84199  
104 14.7884   2101.105150  x:  0.00080   0.00000   0.20334   0.01547   0.11455   0.03010   0.08393   0.04424   0.07583   0.14587   0.03964   0.15146   0.00000   0.22177   0.04778   0.03349   0.05093   0.08205   0.02377   0.04321   0.13143   0.04388   0.15249   0.21172   6.49475   1.68926   0.93770   1.47405   0.84231  
105 13.5147   2101.034236  x:  0.00000   0.00000   0.20385   0.01748   0.11452   0.02926   0.08208   0.04417   0.07575   0.14603   0.04113   0.15119   0.00000   0.22259   0.04721   0.03383   0.05087   0.08221   0.02588   0.04318   0.13142   0.04323   0.15215   0.21092   6.52111   1.68928   0.93765   1.47409   0.84276  
106 40.4673   2101.034236  x:  0.00000   0.00000   0.20385   0.01748   0.11452   0.02926   0.08208   0.04417   0.07575   0.14603   0.04113   0.15119   0.00000   0.22259   0.04721   0.03383   0.05087   0.08221   0.02588   0.04318   0.13142   0.04323   0.15215   0.21092   6.52111   1.68928   0.93765   1.47409   0.84276  
107 155.3819   2100.982199  x:  0.00052   0.00000   0.20306   0.01545   0.11457   0.03010   0.08560   0.04427   0.07588   0.14586   0.03929   0.15161   0.00000   0.22113   0.04794   0.03332   0.05083   0.08189   0.02375   0.04321   0.13145   0.04412   0.15260   0.21144   6.52237   1.68928   0.93767   1.47407   0.84280  
108 17.9754   2100.953751  x:  0.00122   0.00000   0.20177   0.01683   0.11482   0.02991   0.08957   0.04431   0.07599   0.14588   0.03897   0.15235   0.00000   0.21850   0.04842   0.03295   0.05094   0.08159   0.02528   0.04320   0.13154   0.04467   0.15337   0.21214   6.52488   1.68930   0.93767   1.47404   0.84284  
109 13.7574   2100.931290  x:  0.00168   0.00000   0.19975   0.01694   0.11488   0.02879   0.08999   0.04423   0.07595   0.14585   0.04059   0.15338   0.00000   0.21430   0.04755   0.03344   0.05086   0.08156   0.02412   0.04320   0.13184   0.04371   0.15438   0.21260   6.53037   1.68929   0.93776   1.47396   0.84294  
110  8.6231   2100.904335  x:  0.00178   0.00000   0.19731   0.01541   0.11492   0.02993   0.08850   0.04430   0.07595   0.14570   0.04072   0.15457   0.00000   0.20930   0.04733   0.03352   0.05088   0.08173   0.02543   0.04318   0.13209   0.04355   0.15548   0.21270   6.53927   1.68928   0.93787   1.47388   0.84310  
111 18.8161   2100.873650  x:  0.00118   0.00000   0.19553   0.01716   0.11518   0.03048   0.08630   0.04431   0.07592   0.14570   0.03935   0.15542   0.00000   0.20573   0.04858   0.03260   0.05089   0.08186   0.02447   0.04320   0.13213   0.04514   0.15619   0.21210   6.55223   1.68929   0.93794   1.47383   0.84331  
112 20.3701   2100.796908  x:  0.00000   0.00000   0.19510   0.01646   0.11507   0.02800   0.08598   0.04412   0.07582   0.14564   0.03823   0.15555   0.00000   0.20498   0.04900   0.03222   0.05102   0.08181   0.02495   0.04318   0.13211   0.04570   0.15616   0.21092   6.57700   1.68932   0.93792   1.47386   0.84374  
113 25.7387   2100.796908  x:  0.00000   0.00000   0.19510   0.01646   0.11507   0.02800   0.08598   0.04412   0.07582   0.14564   0.03823   0.15555   0.00000   0.20498   0.04900   0.03222   0.05102   0.08181   0.02495   0.04318   0.13211   0.04570   0.15616   0.21092   6.57700   1.68932   0.93792   1.47386   0.84374  
114 208.3430   2100.761188  x:  0.00044   0.00000   0.19614   0.01655   0.11502   0.03100   0.08726   0.04437   0.07598   0.14571   0.04007   0.15507   0.00000   0.20699   0.04800   0.03303   0.05090   0.08175   0.02446   0.04319   0.13212   0.04447   0.15577   0.21136   6.57832   1.68934   0.93784   1.47392   0.84377  
115 14.5459   2100.728991  x:  0.00136   0.00000   0.19877   0.01542   0.11479   0.02933   0.08933   0.04426   0.07594   0.14577   0.04089   0.15382   0.00000   0.21231   0.04718   0.03364   0.05083   0.08166   0.02526   0.04319   0.13197   0.04332   0.15474   0.21228   6.58246   1.68939   0.93768   1.47405   0.84387  
116 10.8045   2100.705386  x:  0.00179   0.00000   0.20108   0.01699   0.11488   0.02923   0.08955   0.04426   0.07594   0.14590   0.03976   0.15274   0.00000   0.21701   0.04805   0.03319   0.05083   0.08163   0.02404   0.04321   0.13167   0.04423   0.15380   0.21271   6.58770   1.68944   0.93754   1.47417   0.84396  
117 14.1375   2100.691319  x:  0.00166   0.00000   0.20209   0.01648   0.11485   0.03029   0.08843   0.04433   0.07597   0.14589   0.03864   0.15222   0.00000   0.21911   0.04854   0.03291   0.05096   0.08171   0.02524   0.04320   0.13152   0.04477   0.15330   0.21258   6.59260   1.68946   0.93749   1.47423   0.84404  
118 13.0344   2100.638109  x:  0.00000   0.00000   0.20352   0.01543   0.11451   0.02990   0.08252   0.04419   0.07584   0.14591   0.03985   0.15138   0.00000   0.22186   0.04760   0.03347   0.05097   0.08199   0.02391   0.04320   0.13144   0.04372   0.15231   0.21092   6.61805   1.68951   0.93747   1.47433   0.84448  
119 14.6579   2100.638109  x:  0.00000   0.00000   0.20352   0.01543   0.11451   0.02990   0.08252   0.04419   0.07584   0.14591   0.03985   0.15138   0.00000   0.22186   0.04760   0.03347   0.05097   0.08199   0.02391   0.04320   0.13144   0.04372   0.15231   0.21092   6.61805   1.68951   0.93747   1.47433   0.84448  
120 51.6493   2100.598228  x:  0.00064   0.00000   0.20269   0.01747   0.11476   0.02975   0.08651   0.04428   0.07591   0.14598   0.03976   0.15188   0.00000   0.22019   0.04807   0.03326   0.05092   0.08181   0.02589   0.04319   0.13150   0.04424   0.15286   0.21155   6.61953   1.68953   0.93746   1.47432   0.84450  
121 14.4544   2100.575340  x:  0.00130   0.00000   0.20157   0.01645   0.11482   0.02968   0.08978   0.04432   0.07597   0.14589   0.03915   0.15248   0.00000   0.21797   0.04823   0.03311   0.05080   0.08162   0.02436   0.04321   0.13161   0.04444   0.15350   0.21222   6.62183   1.68954   0.93748   1.47429   0.84455  
122 13.5490   2100.547875  x:  0.00185   0.00000   0.19881   0.01503   0.11483   0.02985   0.08904   0.04422   0.07597   0.14576   0.04048   0.15385   0.00000   0.21236   0.04743   0.03331   0.05114   0.08171   0.02549   0.04315   0.13195   0.04358   0.15483   0.21277   6.63006   1.68953   0.93761   1.47420   0.84471  
123  7.5253   2100.525394  x:  0.00184   0.00000   0.19681   0.01673   0.11504   0.02975   0.08763   0.04424   0.07594   0.14579   0.04087   0.15485   0.00000   0.20829   0.04760   0.03326   0.05105   0.08177   0.02425   0.04319   0.13213   0.04390   0.15575   0.21276   6.63853   1.68955   0.93771   1.47414   0.84484  
124 22.8007   2100.490349  x:  0.00085   0.00000   0.19537   0.01645   0.11519   0.02957   0.08621   0.04441   0.07590   0.14566   0.03791   0.15549   0.00000   0.20557   0.04917   0.03252   0.05057   0.08180   0.02505   0.04324   0.13212   0.04583   0.15621   0.21177   6.65504   1.68958   0.93778   1.47413   0.84511  
125 18.7318   2100.424349  x:  0.00000   0.00000   0.19529   0.01642   0.11515   0.02980   0.08646   0.04437   0.07591   0.14566   0.03808   0.15548   0.00000   0.20543   0.04909   0.03233   0.05057   0.08176   0.02502   0.04320   0.13211   0.04576   0.15609   0.21092   6.67286   1.68963   0.93777   1.47419   0.84541  
126 38.1511   2100.424349  x:  0.00000   0.00000   0.19529   0.01642   0.11515   0.02980   0.08646   0.04437   0.07591   0.14566   0.03808   0.15548   0.00000   0.20543   0.04909   0.03233   0.05057   0.08176   0.02502   0.04320   0.13211   0.04576   0.15609   0.21092   6.67286   1.68963   0.93777   1.47419   0.84541  
127 580.8340   2100.391300  x:  0.00065   0.00000   0.19674   0.01668   0.11498   0.02969   0.08781   0.04421   0.07594   0.14579   0.04099   0.15482   0.00000   0.20818   0.04754   0.03327   0.05106   0.08172   0.02414   0.04319   0.13213   0.04388   0.15556   0.21157   6.67467   1.68966   0.93768   1.47426   0.84546  
128 11.6270   2100.368251  x:  0.00138   0.00000   0.19883   0.01517   0.11481   0.02976   0.08893   0.04426   0.07597   0.14578   0.04062   0.15382   0.00000   0.21240   0.04737   0.03350   0.05118   0.08172   0.02563   0.04318   0.13196   0.04356   0.15474   0.21230   6.67808   1.68970   0.93755   1.47437   0.84554  
129 11.2100   2100.342764  x:  0.00196   0.00000   0.20149   0.01653   0.11488   0.02977   0.08932   0.04436   0.07597   0.14591   0.03915   0.15257   0.00000   0.21776   0.04825   0.03313   0.05081   0.08169   0.02449   0.04321   0.13164   0.04444   0.15367   0.21288   6.68378   1.68976   0.93739   1.47451   0.84563  
130 17.0530   2100.313460  x:  0.00070   0.00000   0.20273   0.01745   0.11477   0.02931   0.08526   0.04401   0.07586   0.14602   0.03991   0.15189   0.00000   0.22017   0.04809   0.03290   0.05089   0.08180   0.02575   0.04315   0.13150   0.04419   0.15286   0.21161   6.69727   1.68981   0.93736   1.47459   0.84585  
131  7.6922   2100.280490  x:  0.00000   0.00000   0.20307   0.01635   0.11465   0.02967   0.08387   0.04406   0.07584   0.14598   0.03984   0.15166   0.00000   0.22084   0.04793   0.03313   0.05091   0.08181   0.02476   0.04318   0.13148   0.04404   0.15256   0.21092   6.70816   1.68984   0.93736   1.47464   0.84604  
132 35.4583   2100.280490  x:  0.00000   0.00000   0.20307   0.01635   0.11465   0.02967   0.08387   0.04406   0.07584   0.14598   0.03984   0.15166   0.00000   0.22084   0.04793   0.03313   0.05091   0.08181   0.02476   0.04318   0.13148   0.04404   0.15256   0.21092   6.70816   1.68984   0.93736   1.47464   0.84604  
133 76.4864   2100.245002  x:  0.00123   0.00000   0.20170   0.01637   0.11484   0.03011   0.08949   0.04461   0.07599   0.14592   0.03918   0.15244   0.00000   0.21813   0.04812   0.03351   0.05087   0.08169   0.02456   0.04325   0.13165   0.04437   0.15345   0.21215   6.71085   1.68987   0.93736   1.47462   0.84610  
134  9.9224   2100.229609  x:  0.00173   0.00000   0.20023   0.01670   0.11489   0.02871   0.08964   0.04387   0.07593   0.14590   0.04010   0.15320   0.00000   0.21518   0.04787   0.03259   0.05093   0.08171   0.02531   0.04309   0.13176   0.04398   0.15422   0.21265   6.71515   1.68987   0.93743   1.47457   0.84617  
135  6.9108   2100.199424  x:  0.00212   0.00000   0.19720   0.01567   0.11499   0.02985   0.08778   0.04371   0.07594   0.14576   0.04050   0.15468   0.00000   0.20911   0.04789   0.03260   0.05092   0.08174   0.02399   0.04313   0.13207   0.04407   0.15564   0.21304   6.72637   1.68988   0.93758   1.47449   0.84637  
136 17.2078   2100.178326  x:  0.00162   0.00000   0.19595   0.01660   0.11515   0.03042   0.08681   0.04477   0.07595   0.14575   0.03968   0.15527   0.00000   0.20663   0.04829   0.03363   0.05095   0.08177   0.02563   0.04329   0.13220   0.04477   0.15612   0.21254   6.73645   1.68992   0.93763   1.47448   0.84652  
137 19.2609   2100.108432  x:  0.00000   0.00000   0.19537   0.01722   0.11521   0.02893   0.08686   0.04550   0.07589   0.14573   0.03814   0.15548   0.00000   0.20557   0.04841   0.03353   0.05082   0.08173   0.02461   0.04328   0.13222   0.04516   0.15609   0.21092   6.76017   1.69000   0.93768   1.47454   0.84691  
138 28.8001   2100.108432  x:  0.00000   0.00000   0.19537   0.01722   0.11521   0.02893   0.08686   0.04550   0.07589   0.14573   0.03814   0.15548   0.00000   0.20557   0.04841   0.03353   0.05082   0.08173   0.02461   0.04328   0.13222   0.04516   0.15609   0.21092   6.76017   1.69000   0.93768   1.47454   0.84691  
139 178.1448   2100.077070  x:  0.00059   0.00000   0.19660   0.01565   0.11498   0.03052   0.08774   0.04378   0.07598   0.14574   0.04028   0.15490   0.00000   0.20797   0.04787   0.03249   0.05094   0.08174   0.02490   0.04312   0.13210   0.04420   0.15562   0.21150   6.76167   1.69001   0.93760   1.47460   0.84696  
140 12.1678   2100.048763  x:  0.00159   0.00000   0.19943   0.01679   0.11489   0.02906   0.08887   0.04365   0.07592   0.14592   0.04132   0.15359   0.00000   0.21352   0.04795   0.03329   0.05097   0.08173   0.02426   0.04324   0.13189   0.04406   0.15455   0.21251   6.76597   1.69008   0.93743   1.47475   0.84704  
141 10.0168   2100.029864  x:  0.00198   0.00000   0.20140   0.01601   0.11485   0.02948   0.08893   0.04466   0.07594   0.14591   0.03950   0.15263   0.00000   0.21748   0.04817   0.03359   0.05092   0.08174   0.02509   0.04325   0.13170   0.04429   0.15372   0.21290   6.77040   1.69012   0.93732   1.47485   0.84712  
142 15.3545   2100.017062  x:  0.00151   0.00000   0.20212   0.01696   0.11493   0.03054   0.08778   0.04453   0.07598   0.14597   0.03860   0.15226   0.00000   0.21894   0.04800   0.03269   0.05080   0.08172   0.02410   0.04312   0.13158   0.04419   0.15332   0.21242   6.77592   1.69015   0.93729   1.47490   0.84720  
143  8.8695   2099.972124  x:  0.00000   0.00000   0.20273   0.01721   0.11482   0.02978   0.08516   0.04350   0.07591   0.14601   0.03879   0.15188   0.00000   0.22012   0.04780   0.03238   0.05085   0.08174   0.02529   0.04309   0.13148   0.04414   0.15276   0.21092   6.79289   1.69021   0.93730   1.47498   0.84747  
144 18.9009   2099.972124  x:  0.00000   0.00000   0.20273   0.01721   0.11482   0.02978   0.08516   0.04350   0.07591   0.14601   0.03879   0.15188   0.00000   0.22012   0.04780   0.03238   0.05085   0.08174   0.02529   0.04309   0.13148   0.04414   0.15276   0.21092   6.79289   1.69021   0.93730   1.47498   0.84747  
145 78.6333   2099.951542  x:  0.00065   0.00000   0.20213   0.01582   0.11474   0.02979   0.08709   0.04454   0.07593   0.14593   0.03954   0.15220   0.00000   0.21891   0.04808   0.03366   0.05088   0.08172   0.02402   0.04327   0.13163   0.04431   0.15314   0.21157   6.79420   1.69022   0.93730   1.47497   0.84752  
146 10.4166   2099.937019  x:  0.00150   0.00000   0.20108   0.01636   0.11483   0.02969   0.08927   0.04484   0.07595   0.14595   0.04038   0.15278   0.00000   0.21679   0.04815   0.03370   0.05098   0.08174   0.02531   0.04324   0.13175   0.04418   0.15379   0.21242   6.79690   1.69024   0.93731   1.47495   0.84757  
147  9.4954   2099.920071  x:  0.00217   0.00000   0.19939   0.01664   0.11502   0.02963   0.09011   0.04377   0.07597   0.14589   0.03954   0.15366   0.00000   0.21347   0.04792   0.03221   0.05085   0.08173   0.02432   0.04307   0.13185   0.04398   0.15470   0.21309   6.80253   1.69025   0.93739   1.47491   0.84766  
148 10.0752   2099.889912  x:  0.00199   0.00000   0.19675   0.01571   0.11514   0.02994   0.08776   0.04374   0.07596   0.14574   0.03824   0.15493   0.00000   0.20828   0.04817   0.03325   0.05088   0.08174   0.02531   0.04329   0.13211   0.04489   0.15584   0.21290   6.81619   1.69028   0.93753   1.47485   0.84788  
149 14.7987   2099.857033  x:  0.00107   0.00000   0.19509   0.01733   0.11520   0.02974   0.08546   0.04487   0.07593   0.14580   0.04026   0.15570   0.00000   0.20489   0.04816   0.03370   0.05092   0.08173   0.02426   0.04331   0.13229   0.04494   0.15642   0.21199   6.83342   1.69033   0.93762   1.47485   0.84816  
150 29.7954   2099.790996  x:  0.00000   0.00000   0.19468   0.01609   0.11503   0.02955   0.08523   0.04512   0.07591   0.14575   0.04146   0.15583   0.00000   0.20411   0.04792   0.03267   0.05099   0.08173   0.02457   0.04308   0.13231   0.04418   0.15640   0.21092   6.85521   1.69041   0.93765   1.47492   0.84853  
151 42.0345   2099.790996  x:  0.00000   0.00000   0.19468   0.01609   0.11503   0.02955   0.08523   0.04512   0.07591   0.14575   0.04146   0.15583   0.00000   0.20411   0.04792   0.03267   0.05099   0.08173   0.02457   0.04308   0.13231   0.04418   0.15640   0.21092   6.85521   1.69041   0.93765   1.47492   0.84853  
152 211.3880   2099.748288  x:  0.00082   0.00000   0.19669   0.01584   0.11512   0.03016   0.08838   0.04334   0.07597   0.14574   0.03840   0.15491   0.00000   0.20824   0.04829   0.03335   0.05088   0.08174   0.02516   0.04334   0.13213   0.04488   0.15566   0.21173   6.85732   1.69046   0.93752   1.47503   0.84856  
153 11.6517   2099.722239  x:  0.00150   0.00000   0.19907   0.01750   0.11511   0.02954   0.08995   0.04402   0.07596   0.14592   0.03917   0.15381   0.00000   0.21289   0.04809   0.03296   0.05083   0.08173   0.02416   0.04321   0.13191   0.04449   0.15474   0.21242   6.86041   1.69051   0.93737   1.47515   0.84862  
154 13.1406   2099.705742  x:  0.00173   0.00000   0.20081   0.01601   0.11486   0.02949   0.08935   0.04497   0.07595   0.14593   0.04013   0.15294   0.00000   0.21629   0.04790   0.03289   0.05095   0.08174   0.02510   0.04309   0.13176   0.04399   0.15396   0.21265   6.86389   1.69054   0.93728   1.47523   0.84869  
155 12.8050   2099.691114  x:  0.00136   0.00000   0.20195   0.01587   0.11478   0.03020   0.08682   0.04413   0.07596   0.14597   0.04009   0.15234   0.00000   0.21845   0.04814   0.03368   0.05092   0.08172   0.02410   0.04331   0.13168   0.04418   0.15337   0.21228   6.86964   1.69057   0.93725   1.47530   0.84879  
156  8.8568   2099.672566  x:  0.00074   0.00000   0.20255   0.01732   0.11485   0.02961   0.08486   0.04354   0.07590   0.14605   0.03933   0.15202   0.00000   0.21957   0.04818   0.03333   0.05091   0.08175   0.02561   0.04325   0.13158   0.04428   0.15300   0.21166   6.87952   1.69061   0.93724   1.47536   0.84893  
157 14.4794   2099.610602  x:  0.00000   0.00000   0.20271   0.01707   0.11485   0.02905   0.08450   0.04414   0.07586   0.14603   0.03813   0.15192   0.00000   0.21980   0.04794   0.03239   0.05080   0.08174   0.02509   0.04305   0.13151   0.04421   0.15280   0.21092   6.90005   1.69070   0.93725   1.47545   0.84926  
158 33.0818   2099.610602  x:  0.00000   0.00000   0.20271   0.01707   0.11485   0.02905   0.08450   0.04414   0.07586   0.14603   0.03813   0.15192   0.00000   0.21980   0.04794   0.03239   0.05080   0.08174   0.02509   0.04305   0.13151   0.04421   0.15280   0.21092   6.90005   1.69070   0.93725   1.47545   0.84926  
159 304.2494   2099.585213  x:  0.00073   0.00000   0.20210   0.01603   0.11478   0.03047   0.08713   0.04436   0.07597   0.14599   0.03991   0.15226   0.00000   0.21859   0.04809   0.03373   0.05091   0.08173   0.02419   0.04331   0.13166   0.04430   0.15320   0.21164   6.90141   1.69072   0.93723   1.47544   0.84931  
160 11.2077   2099.572772  x:  0.00143   0.00000   0.20120   0.01626   0.11484   0.02954   0.08916   0.04431   0.07595   0.14598   0.04040   0.15275   0.00000   0.21689   0.04804   0.03338   0.05098   0.08175   0.02537   0.04322   0.13175   0.04411   0.15375   0.21235   6.90371   1.69073   0.93724   1.47543   0.84935  
161  8.4204   2099.559551  x:  0.00199   0.00000   0.19981   0.01643   0.11501   0.02910   0.08993   0.04424   0.07595   0.14591   0.03927   0.15348   0.00000   0.21429   0.04799   0.03248   0.05084   0.08173   0.02410   0.04308   0.13184   0.04410   0.15450   0.21291   6.90831   1.69075   0.93730   1.47539   0.84942  
162  9.1345   2099.534461  x:  0.00216   0.00000   0.19729   0.01658   0.11524   0.03073   0.08848   0.04435   0.07601   0.14581   0.03812   0.15473   0.00000   0.20952   0.04825   0.03296   0.05083   0.08175   0.02515   0.04320   0.13208   0.04473   0.15567   0.21307   6.92006   1.69078   0.93742   1.47535   0.84960  
163 15.2036   2099.496618  x:  0.00129   0.00000   0.19501   0.01654   0.11514   0.02921   0.08557   0.04427   0.07589   0.14579   0.04093   0.15577   0.00000   0.20506   0.04815   0.03371   0.05098   0.08174   0.02452   0.04336   0.13233   0.04472   0.15650   0.21221   6.94057   1.69084   0.93755   1.47533   0.84994  
164 25.1978   2099.421596  x:  0.00000   0.00000   0.19452   0.01463   0.11495   0.02952   0.08552   0.04426   0.07590   0.14570   0.04145   0.15591   0.00000   0.20419   0.04778   0.03229   0.05104   0.08175   0.02485   0.04303   0.13232   0.04397   0.15646   0.21092   6.96852   1.69095   0.93760   1.47542   0.85041  
165 35.9372   2099.421596  x:  0.00000   0.00000   0.19452   0.01463   0.11495   0.02952   0.08552   0.04426   0.07590   0.14570   0.04145   0.15591   0.00000   0.20419   0.04778   0.03229   0.05104   0.08175   0.02485   0.04303   0.13232   0.04397   0.15646   0.21092   6.96852   1.69095   0.93760   1.47542   0.85041  
166 258.8877   2099.386524  x:  0.00051   0.00000   0.19588   0.01771   0.11523   0.02999   0.08728   0.04430   0.07595   0.14586   0.03997   0.15533   0.00000   0.20676   0.04824   0.03334   0.05091   0.08174   0.02456   0.04328   0.13223   0.04472   0.15600   0.21143   6.96978   1.69099   0.93750   1.47551   0.85041  
167 13.5673   2099.355497  x:  0.00137   0.00000   0.19841   0.01625   0.11512   0.02976   0.08947   0.04431   0.07598   0.14584   0.03786   0.15414   0.00000   0.21167   0.04833   0.03340   0.05083   0.08174   0.02487   0.04330   0.13199   0.04483   0.15502   0.21229   6.97259   1.69104   0.93735   1.47563   0.85047  
168 13.5460   2099.334844  x:  0.00182   0.00000   0.20079   0.01637   0.11492   0.02949   0.08952   0.04430   0.07597   0.14598   0.04006   0.15300   0.00000   0.21609   0.04789   0.03263   0.05090   0.08174   0.02457   0.04309   0.13177   0.04400   0.15402   0.21273   6.97632   1.69108   0.93723   1.47574   0.85054  
169 12.2314   2099.322575  x:  0.00144   0.00000   0.20183   0.01613   0.11484   0.03022   0.08729   0.04432   0.07596   0.14601   0.04027   0.15245   0.00000   0.21801   0.04819   0.03395   0.05100   0.08175   0.02516   0.04333   0.13173   0.04428   0.15348   0.21235   6.98122   1.69111   0.93719   1.47580   0.85062  
170  7.2770   2099.303515  x:  0.00065   0.00000   0.20246   0.01647   0.11486   0.02941   0.08489   0.04422   0.07588   0.14603   0.03893   0.15211   0.00000   0.21922   0.04817   0.03335   0.05084   0.08173   0.02371   0.04324   0.13163   0.04425   0.15306   0.21156   6.99155   1.69115   0.93720   1.47586   0.85077  
171 12.3639   2099.262739  x:  0.00000   0.00000   0.20262   0.01701   0.11490   0.02922   0.08435   0.04420   0.07586   0.14607   0.03833   0.15201   0.00000   0.21955   0.04796   0.03230   0.05080   0.08175   0.02491   0.04304   0.13155   0.04408   0.15289   0.21092   7.00689   1.69122   0.93720   1.47593   0.85101  
172 31.7852   2099.262739  x:  0.00000   0.00000   0.20262   0.01701   0.11490   0.02922   0.08435   0.04420   0.07586   0.14607   0.03833   0.15201   0.00000   0.21955   0.04796   0.03230   0.05080   0.08175   0.02491   0.04304   0.13155   0.04408   0.15289   0.21092   7.00689   1.69122   0.93720   1.47593   0.85101  
173 169.8592   2099.237655  x:  0.00079   0.00000   0.20200   0.01591   0.11482   0.03038   0.08730   0.04434   0.07597   0.14602   0.03996   0.15235   0.00000   0.21833   0.04815   0.03390   0.05094   0.08174   0.02443   0.04333   0.13171   0.04436   0.15329   0.21171   7.00827   1.69123   0.93718   1.47593   0.85106  
174 10.7625   2099.226196  x:  0.00150   0.00000   0.20114   0.01648   0.11490   0.02937   0.08928   0.04428   0.07596   0.14601   0.04026   0.15283   0.00000   0.21671   0.04801   0.03318   0.05096   0.08175   0.02516   0.04318   0.13177   0.04412   0.15383   0.21241   7.01057   1.69125   0.93719   1.47591   0.85110  
175  7.7079   2099.214157  x:  0.00200   0.00000   0.19979   0.01618   0.11502   0.02947   0.08970   0.04430   0.07597   0.14592   0.03897   0.15351   0.00000   0.21423   0.04800   0.03237   0.05083   0.08173   0.02403   0.04308   0.13186   0.04411   0.15452   0.21292   7.01525   1.69126   0.93726   1.47588   0.85117  
176  8.1760   2099.189398  x:  0.00220   0.00000   0.19721   0.01666   0.11524   0.03059   0.08807   0.04437   0.07599   0.14583   0.03831   0.15477   0.00000   0.20935   0.04835   0.03316   0.05086   0.08175   0.02537   0.04325   0.13212   0.04473   0.15571   0.21311   7.02769   1.69130   0.93737   1.47584   0.85136  
177 16.5087   2099.157252  x:  0.00146   0.00000   0.19526   0.01655   0.11514   0.02909   0.08588   0.04422   0.07589   0.14582   0.04089   0.15566   0.00000   0.20557   0.04817   0.03361   0.05096   0.08174   0.02418   0.04332   0.13233   0.04464   0.15641   0.21238   7.04610   1.69135   0.93749   1.47583   0.85166  
178 25.7884   2099.085533  x:  0.00000   0.00000   0.19463   0.01441   0.11495   0.02949   0.08577   0.04425   0.07590   0.14573   0.04182   0.15586   0.00000   0.20442   0.04767   0.03219   0.05108   0.08176   0.02511   0.04300   0.13232   0.04393   0.15641   0.21092   7.07633   1.69147   0.93754   1.47592   0.85215  
179 38.0203   2099.085533  x:  0.00000   0.00000   0.19463   0.01441   0.11495   0.02949   0.08577   0.04425   0.07590   0.14573   0.04182   0.15586   0.00000   0.20442   0.04767   0.03219   0.05108   0.08176   0.02511   0.04300   0.13232   0.04393   0.15641   0.21092   7.07633   1.69147   0.93754   1.47592   0.85215  
180 212.7838   2099.049844  x:  0.00047   0.00000   0.19582   0.01747   0.11523   0.02995   0.08717   0.04431   0.07595   0.14588   0.04018   0.15537   0.00000   0.20666   0.04820   0.03326   0.05091   0.08175   0.02431   0.04327   0.13225   0.04465   0.15602   0.21138   7.07738   1.69151   0.93745   1.47599   0.85215  
181 14.5301   2099.021299  x:  0.00128   0.00000   0.19813   0.01634   0.11517   0.02979   0.08902   0.04432   0.07597   0.14586   0.03783   0.15430   0.00000   0.21109   0.04841   0.03342   0.05083   0.08175   0.02505   0.04331   0.13204   0.04483   0.15515   0.21220   7.07981   1.69155   0.93732   1.47611   0.85219  
182 12.7064   2098.999311  x:  0.00187   0.00000   0.20075   0.01632   0.11495   0.02949   0.08945   0.04430   0.07597   0.14600   0.03980   0.15306   0.00000   0.21595   0.04795   0.03262   0.05089   0.08174   0.02442   0.04310   0.13180   0.04404   0.15409   0.21279   7.08352   1.69160   0.93718   1.47623   0.85227  
183 12.3796   2098.990462  x:  0.00160   0.00000   0.20158   0.01635   0.11489   0.03006   0.08798   0.04433   0.07597   0.14605   0.04035   0.15263   0.00000   0.21747   0.04811   0.03364   0.05100   0.08176   0.02533   0.04327   0.13176   0.04424   0.15366   0.21251   7.08697   1.69162   0.93715   1.47627   0.85232  
184  6.9877   2098.975735  x:  0.00083   0.00000   0.20224   0.01600   0.11485   0.02985   0.08554   0.04428   0.07591   0.14604   0.03948   0.15226   0.00000   0.21873   0.04822   0.03390   0.05092   0.08174   0.02400   0.04335   0.13170   0.04439   0.15321   0.21174   7.09495   1.69165   0.93715   1.47632   0.85244  
185 11.2331   2098.940950  x:  0.00000   0.00000   0.20250   0.01685   0.11491   0.02930   0.08446   0.04422   0.07586   0.14609   0.03868   0.15210   0.00000   0.21924   0.04800   0.03252   0.05083   0.08175   0.02480   0.04308   0.13160   0.04409   0.15295   0.21092   7.10975   1.69171   0.93716   1.47639   0.85266  
186 22.9958   2098.940950  x:  0.00000   0.00000   0.20250   0.01685   0.11491   0.02930   0.08446   0.04422   0.07586   0.14609   0.03868   0.15210   0.00000   0.21924   0.04800   0.03252   0.05083   0.08175   0.02480   0.04308   0.13160   0.04409   0.15295   0.21092   7.10975   1.69171   0.93716   1.47639   0.85266  
187 94.8046   2098.918654  x:  0.00090   0.00000   0.20185   0.01586   0.11485   0.03041   0.08765   0.04435   0.07598   0.14604   0.03998   0.15246   0.00000   0.21800   0.04815   0.03384   0.05095   0.08175   0.02458   0.04333   0.13174   0.04436   0.15340   0.21181   7.11122   1.69173   0.93714   1.47639   0.85270  
188  9.5968   2098.908896  x:  0.00156   0.00000   0.20108   0.01657   0.11494   0.02932   0.08934   0.04428   0.07596   0.14604   0.04011   0.15289   0.00000   0.21654   0.04802   0.03309   0.05095   0.08175   0.02494   0.04318   0.13179   0.04414   0.15389   0.21248   7.11341   1.69175   0.93715   1.47637   0.85274  
189  7.3092   2098.895891  x:  0.00210   0.00000   0.19955   0.01594   0.11506   0.02961   0.08934   0.04431   0.07597   0.14592   0.03859   0.15367   0.00000   0.21373   0.04804   0.03230   0.05082   0.08174   0.02420   0.04307   0.13189   0.04414   0.15468   0.21302   7.11915   1.69176   0.93723   1.47634   0.85283  
190  7.3686   2098.871270  x:  0.00227   0.00000   0.19699   0.01694   0.11527   0.03049   0.08751   0.04437   0.07598   0.14588   0.03872   0.15493   0.00000   0.20887   0.04836   0.03322   0.05088   0.08176   0.02534   0.04326   0.13216   0.04468   0.15586   0.21319   7.13250   1.69180   0.93734   1.47630   0.85303  
191 19.0638   2098.840134  x:  0.00141   0.00000   0.19533   0.01596   0.11509   0.02893   0.08593   0.04420   0.07588   0.14583   0.04121   0.15566   0.00000   0.20569   0.04813   0.03360   0.05099   0.08175   0.02389   0.04332   0.13234   0.04456   0.15640   0.21232   7.15155   1.69186   0.93744   1.47630   0.85334  
192 25.3482   2098.770158  x:  0.00000   0.00000   0.19484   0.01476   0.11498   0.02929   0.08618   0.04423   0.07590   0.14578   0.04195   0.15581   0.00000   0.20479   0.04773   0.03249   0.05108   0.08177   0.02506   0.04307   0.13233   0.04408   0.15635   0.21092   7.17971   1.69197   0.93748   1.47640   0.85378  
193 45.7374   2098.770158  x:  0.00000   0.00000   0.19484   0.01476   0.11498   0.02929   0.08618   0.04423   0.07590   0.14578   0.04195   0.15581   0.00000   0.20479   0.04773   0.03249   0.05108   0.08177   0.02506   0.04307   0.13233   0.04408   0.15635   0.21092   7.17971   1.69197   0.93748   1.47640   0.85378  
194 277.9709   2098.736418  x:  0.00058   0.00000   0.19622   0.01748   0.11528   0.03022   0.08755   0.04434   0.07597   0.14591   0.03970   0.15522   0.00000   0.20740   0.04827   0.03325   0.05088   0.08175   0.02423   0.04328   0.13223   0.04470   0.15590   0.21149   7.18091   1.69202   0.93738   1.47648   0.85378  
195 12.8924   2098.711671  x:  0.00139   0.00000   0.19843   0.01627   0.11518   0.02977   0.08892   0.04433   0.07597   0.14590   0.03780   0.15419   0.00000   0.21162   0.04839   0.03319   0.05084   0.08176   0.02518   0.04326   0.13203   0.04468   0.15506   0.21230   7.18323   1.69205   0.93726   1.47658   0.85382  
196 12.4658   2098.691968  x:  0.00195   0.00000   0.20089   0.01630   0.11497   0.02934   0.08919   0.04428   0.07596   0.14603   0.03978   0.15302   0.00000   0.21617   0.04801   0.03280   0.05089   0.08175   0.02441   0.04313   0.13182   0.04408   0.15405   0.21286   7.18668   1.69210   0.93713   1.47670   0.85389  
197 12.6317   2098.684885  x:  0.00165   0.00000   0.20155   0.01635   0.11492   0.03025   0.08807   0.04435   0.07598   0.14607   0.04026   0.15268   0.00000   0.21737   0.04809   0.03347   0.05099   0.08176   0.02524   0.04325   0.13178   0.04422   0.15370   0.21257   7.18963   1.69212   0.93710   1.47674   0.85394  
198  6.4640   2098.668707  x:  0.00056   0.00000   0.20223   0.01590   0.11487   0.03002   0.08536   0.04430   0.07591   0.14606   0.03934   0.15228   0.00000   0.21867   0.04820   0.03382   0.05092   0.08175   0.02408   0.04334   0.13172   0.04444   0.15318   0.21147   7.19908   1.69215   0.93711   1.47679   0.85407  
199 10.4648   2098.645432  x:  0.00000   0.00000   0.20238   0.01652   0.11490   0.02942   0.08480   0.04424   0.07587   0.14610   0.03907   0.15218   0.00000   0.21896   0.04810   0.03319   0.05089   0.08176   0.02458   0.04321   0.13166   0.04427   0.15303   0.21092   7.20834   1.69219   0.93712   1.47683   0.85421  
200 24.7404   2098.645432  x:  0.00000   0.00000   0.20238   0.01652   0.11490   0.02942   0.08480   0.04424   0.07587   0.14610   0.03907   0.15218   0.00000   0.21896   0.04810   0.03319   0.05089   0.08176   0.02458   0.04321   0.13166   0.04427   0.15303   0.21092   7.20834   1.69219   0.93712   1.47683   0.85421  
201 102.4069   2098.626041  x:  0.00112   0.00000   0.20164   0.01609   0.11491   0.03044   0.08839   0.04436   0.07600   0.14607   0.04004   0.15261   0.00000   0.21755   0.04804   0.03316   0.05095   0.08176   0.02514   0.04319   0.13176   0.04414   0.15357   0.21204   7.21009   1.69221   0.93710   1.47683   0.85425  
202  8.0086   2098.619223  x:  0.00163   0.00000   0.20103   0.01630   0.11496   0.02938   0.08931   0.04429   0.07596   0.14605   0.03984   0.15295   0.00000   0.21641   0.04808   0.03316   0.05091   0.08175   0.02426   0.04321   0.13182   0.04420   0.15394   0.21254   7.21195   1.69222   0.93712   1.47681   0.85428  
203  6.7767   2098.604699  x:  0.00226   0.00000   0.19922   0.01659   0.11514   0.02884   0.08874   0.04426   0.07592   0.14597   0.03862   0.15387   0.00000   0.21305   0.04825   0.03308   0.05092   0.08177   0.02558   0.04320   0.13198   0.04445   0.15488   0.21317   7.21916   1.69224   0.93720   1.47678   0.85439  
204  7.6498   2098.582709  x:  0.00242   0.00000   0.19693   0.01654   0.11527   0.03057   0.08709   0.04437   0.07598   0.14589   0.03883   0.15498   0.00000   0.20872   0.04823   0.03289   0.05087   0.08175   0.02438   0.04320   0.13218   0.04452   0.15593   0.21333   7.23182   1.69228   0.93731   1.47674   0.85458  
205 22.3557   2098.541091  x:  0.00078   0.00000   0.19515   0.01534   0.11499   0.02906   0.08602   0.04418   0.07589   0.14586   0.04287   0.15573   0.00000   0.20527   0.04784   0.03292   0.05107   0.08177   0.02503   0.04316   0.13236   0.04415   0.15638   0.21169   7.25973   1.69237   0.93742   1.47677   0.85502  
206 22.5527   2098.495143  x:  0.00000   0.00000   0.19499   0.01539   0.11501   0.02910   0.08645   0.04421   0.07590   0.14586   0.04262   0.15577   0.00000   0.20499   0.04790   0.03297   0.05106   0.08177   0.02500   0.04318   0.13236   0.04425   0.15631   0.21092   7.27616   1.69244   0.93743   1.47684   0.85527  
207 58.2136   2096.536622  x:  0.00906   0.00000   0.20144   0.01703   0.11526   0.02880   0.08360   0.04271   0.07585   0.14669   0.04173   0.15351   0.00000   0.21672   0.04173   0.01985   0.05127   0.08184   0.02524   0.04079   0.13178   0.03551   0.15516   0.21995   8.63335   1.69896   0.93656   1.48311   0.87620  
208 353.0620   2095.183171  x:  0.02027   0.00000   0.20744   0.01514   0.11503   0.02917   0.07890   0.04309   0.07577   0.14723   0.04383   0.15143   0.00000   0.22735   0.04513   0.03744   0.05158   0.08187   0.02514   0.04230   0.13204   0.04033   0.15449   0.23115   9.72011   1.70425   0.93566   1.48822   0.89294  
209 3150.5751   2095.140142  x:  0.02073   0.00000   0.20765   0.01471   0.11490   0.02906   0.07869   0.04424   0.07574   0.14712   0.04461   0.15129   0.00000   0.22779   0.04824   0.03543   0.05125   0.08186   0.02514   0.04339   0.13181   0.04343   0.15434   0.23162   9.75079   1.70437   0.93573   1.48831   0.89320  
210 98.1045   2095.138924  x:  0.02075   0.00000   0.20769   0.01519   0.11485   0.02912   0.07871   0.04393   0.07572   0.14691   0.04477   0.15116   0.00000   0.22770   0.04852   0.03544   0.05118   0.08186   0.02518   0.04313   0.13184   0.04344   0.15411   0.23164   9.75183   1.70427   0.93604   1.48813   0.89267  
211  1.8092   2095.133731  x:  0.02085   0.00000   0.20782   0.01455   0.11447   0.02912   0.07879   0.04347   0.07566   0.14579   0.04454   0.15053   0.00000   0.22725   0.04903   0.03542   0.05106   0.08186   0.02512   0.04275   0.13199   0.04319   0.15298   0.23173   9.75646   1.70370   0.93775   1.48712   0.88964  
212  4.8828   2095.124825  x:  0.02091   0.00000   0.20809   0.01510   0.11429   0.02908   0.07891   0.04457   0.07570   0.14477   0.04459   0.14988   0.00000   0.22672   0.04847   0.03551   0.05129   0.08191   0.02517   0.04368   0.13216   0.04313   0.15178   0.23179   9.76465   1.70269   0.94063   1.48534   0.88412  
213 13.4463   2095.108943  x:  0.02064   0.00000   0.20852   0.01477   0.11525   0.02911   0.07912   0.04398   0.07612   0.14661   0.04463   0.15070   0.00000   0.22711   0.04728   0.03534   0.05149   0.08200   0.02515   0.04306   0.13202   0.04472   0.15320   0.23151   9.77956   1.70102   0.94463   1.48242   0.87455  
214 10.7290   2095.098814  x:  0.02031   0.00000   0.20859   0.01464   0.11570   0.02911   0.07924   0.04421   0.07599   0.14813   0.04460   0.15159   0.00000   0.22763   0.04869   0.03551   0.05119   0.08200   0.02515   0.04347   0.13207   0.04327   0.15487   0.23119   9.78921   1.70008   0.94614   1.48092   0.86920  
215 15.0825   2095.064564  x:  0.01943   0.00000   0.20571   0.01499   0.11224   0.02917   0.07967   0.04528   0.07420   0.14598   0.04430   0.15334   0.00000   0.22947   0.04871   0.03552   0.05255   0.08181   0.02504   0.04204   0.13221   0.04345   0.15690   0.23030   9.82308   1.69823   0.93932   1.48019   0.86180  
216  4.7895   2095.017348  x:  0.01841   0.00000   0.20287   0.01517   0.11108   0.02935   0.08026   0.04290   0.07524   0.14396   0.04402   0.15410   0.00000   0.23044   0.04802   0.03536   0.05075   0.08184   0.02511   0.04479   0.13216   0.04377   0.15741   0.22928   9.87013   1.69568   0.92911   1.47961   0.85366  
217 47.9910   2094.931676  x:  0.01688   0.00000   0.20137   0.01486   0.11593   0.02889   0.08123   0.04510   0.07878   0.14409   0.04363   0.15232   0.00000   0.22858   0.04842   0.03546   0.04941   0.08201   0.02505   0.04241   0.13169   0.04349   0.15448   0.22774   9.95594   1.69073   0.91137   1.47878   0.84275  
218 63.4236   2094.876730  x:  0.01594   0.00000   0.20318   0.01466   0.11816   0.02912   0.08205   0.04375   0.07598   0.14631   0.04307   0.15056   0.00000   0.22566   0.04896   0.03518   0.05320   0.08177   0.02485   0.04355   0.13139   0.04350   0.15223   0.22678  10.01164   1.68701   0.90252   1.47788   0.83892  
219 64.5388   2094.807225  x:  0.01463   0.00000   0.20800   0.01477   0.11557   0.02936   0.08313   0.04438   0.07196   0.14933   0.04234   0.14957   0.00000   0.22149   0.04802   0.03514   0.04932   0.08143   0.02499   0.04321   0.13149   0.04417   0.15148   0.22547  10.08068   1.68146   0.89758   1.47574   0.83996  
220 48.2019   2094.655879  x:  0.01134   0.00000   0.21587   0.01550   0.10839   0.02934   0.08523   0.04436   0.07881   0.15079   0.04052   0.15053   0.00000   0.21582   0.04881   0.03482   0.05158   0.08181   0.02479   0.04319   0.13233   0.04427   0.15363   0.22215  10.23454   1.66814   0.89555   1.46939   0.85010  
221 78.3376   2094.312194  x:  0.00379   0.00000   0.21193   0.01613   0.11815   0.02973   0.09018   0.04454   0.07593   0.14122   0.03879   0.15586   0.00000   0.21672   0.04898   0.03450   0.05116   0.08251   0.02467   0.04345   0.13314   0.04502   0.15860   0.21455  10.58264   1.63832   0.90443   1.45247   0.88293  
222 111.2535   2094.234113  x:  0.00271   0.00000   0.20242   0.01640   0.11591   0.02985   0.09135   0.04463   0.07629   0.14726   0.03801   0.15343   0.00000   0.21902   0.04918   0.03455   0.05112   0.08130   0.02465   0.04349   0.13224   0.04494   0.15447   0.21346  10.66142   1.63446   0.90837   1.44830   0.89108  
223 55.7556   2094.225360  x:  0.00254   0.00000   0.20200   0.01641   0.11575   0.02987   0.09147   0.04463   0.07611   0.14760   0.03793   0.15318   0.00000   0.21902   0.04921   0.03452   0.05112   0.08420   0.02461   0.04347   0.13268   0.04496   0.15429   0.21329  10.67098   1.63922   0.90942   1.44800   0.89187  
224  5.1639   2094.173756  x:  0.00134   0.00000   0.20225   0.01638   0.11601   0.02990   0.09208   0.04461   0.07614   0.14718   0.03758   0.15288   0.00000   0.21818   0.04917   0.03436   0.05106   0.08179   0.02462   0.04346   0.13402   0.04509   0.15450   0.21208  10.72850   1.67773   0.91711   1.44748   0.89599  
225 14.0361   2094.167520  x:  0.00123   0.00000   0.20239   0.01639   0.11589   0.02991   0.09215   0.04461   0.07612   0.14695   0.03754   0.15357   0.00000   0.21792   0.04921   0.03450   0.05104   0.08197   0.02460   0.04345   0.13086   0.04492   0.15418   0.21197  10.73580   1.68204   0.91888   1.45046   0.89610  
226  5.3101   2094.131399  x:  0.00048   0.00000   0.20198   0.01628   0.11592   0.02991   0.09247   0.04459   0.07607   0.14717   0.03741   0.15450   0.00000   0.21725   0.04915   0.03431   0.05100   0.08180   0.02457   0.04340   0.13252   0.04505   0.15354   0.21121  10.78272   1.70459   0.93452   1.48904   0.89433  
227  5.2261   2094.130403  x:  0.00042   0.00000   0.20187   0.01629   0.11592   0.02991   0.09248   0.04459   0.07606   0.14703   0.03741   0.15334   0.00000   0.21716   0.04913   0.03431   0.05100   0.08180   0.02457   0.04340   0.13228   0.04507   0.15432   0.21115  10.78432   1.70514   0.93494   1.49005   0.89429  
228  2.1028   2094.024610  x:  0.00221   0.00000   0.20222   0.01592   0.11558   0.02966   0.08719   0.04446   0.07604   0.14679   0.04098   0.15319   0.00000   0.21725   0.04870   0.03332   0.05099   0.08200   0.02484   0.04330   0.13234   0.04464   0.15394   0.21287  11.35641   1.70820   0.93874   1.49010   0.90114  
229  0.3957   2094.017208  x:  0.00234   0.00000   0.20248   0.01591   0.11563   0.02968   0.08789   0.04442   0.07603   0.14691   0.03947   0.15331   0.00000   0.21772   0.04848   0.03309   0.05105   0.08194   0.02477   0.04324   0.13238   0.04423   0.15423   0.21299  11.47883   1.70604   0.93586   1.48929   0.90075  
230  0.0994   2094.017072  x:  0.00238   0.00000   0.20249   0.01597   0.11565   0.02969   0.08812   0.04441   0.07604   0.14694   0.03962   0.15328   0.00000   0.21774   0.04848   0.03301   0.05104   0.08194   0.02477   0.04322   0.13237   0.04423   0.15418   0.21303  11.48898   1.70601   0.93586   1.48930   0.90050  
231  0.0093   2094.017071  x:  0.00238   0.00000   0.20249   0.01597   0.11565   0.02969   0.08810   0.04441   0.07604   0.14694   0.03961   0.15328   0.00000   0.21773   0.04847   0.03299   0.05104   0.08194   0.02477   0.04322   0.13237   0.04422   0.15418   0.21303  11.48919   1.70597   0.93583   1.48927   0.90044  
232  0.0002   2094.017071  x:  0.00238   0.00000   0.20249   0.01597   0.11565   0.02969   0.08810   0.04441   0.07604   0.14694   0.03961   0.15328   0.00000   0.21773   0.04847   0.03299   0.05104   0.08194   0.02477   0.04322   0.13237   0.04421   0.15418   0.21303  11.48878   1.70598   0.93584   1.48927   0.90045  
233  0.0003   2094.017071  x:  0.00238   0.00000   0.20249   0.01597   0.11565   0.02969   0.08810   0.04441   0.07604   0.14694   0.03961   0.15328   0.00000   0.21773   0.04847   0.03299   0.05104   0.08194   0.02477   0.04322   0.13237   0.04421   0.15418   0.21303  11.48877   1.70598   0.93584   1.48927   0.90045  