

TREE # 1

  0  0.0000   2235.015325  x:  0.08948   0.00883   0.01975   0.10415   0.11039   0.04751   0.08279   0.02409   0.06500   0.12446   0.07389   0.17165   0.00000   0.13787   0.04098   0.03755   0.04469   0.03767   0.04460   0.04521   0.08889   0.03008   0.13406   0.10810   2.00000   1.28647   1.13795   1.42086   0.40000  
  1 99.0000   2211.708453  x:  0.10742   0.02856   0.16029   0.10374   0.09495   0.01183   0.08927   0.00000   0.06298   0.16537   0.13646   0.19209   0.04212   0.17969   0.05134   0.01296   0.00768   0.04757   0.01574   0.05193   0.07661   0.00360   0.14577   0.12604   2.01651   1.28764   1.13471   1.42351   0.46737  
  2 494.1309   2210.500615  x:  0.10853   0.02922   0.16851   0.10364   0.09377   0.01031   0.08988   0.00545   0.06316   0.16810   0.14033   0.19341   0.04407   0.18261   0.05203   0.01237   0.00695   0.04809   0.01460   0.05230   0.07577   0.00401   0.14648   0.12715   2.01780   1.28772   1.13448   1.42370   0.47229  
  3 1263.1485   2205.132814  x:  0.11310   0.02520   0.19744   0.10169   0.08635   0.01311   0.09330   0.00532   0.06585   0.18236   0.15656   0.19961   0.04437   0.19884   0.05522   0.02251   0.02711   0.04904   0.01980   0.05334   0.07136   0.02649   0.14925   0.13172   2.02659   1.28819   1.13321   1.42491   0.50220  
  4 544.9389   2196.502886  x:  0.11569   0.00000   0.20434   0.09541   0.07272   0.02976   0.09893   0.00547   0.07367   0.20147   0.16785   0.20610   0.01853   0.22259   0.05227   0.02764   0.02117   0.04500   0.03305   0.05151   0.06733   0.01757   0.15006   0.13431   2.04658   1.28912   1.13124   1.42701   0.55780  
  5 259.2140   2192.467812  x:  0.11660   0.01060   0.19984   0.09183   0.06540   0.03205   0.10183   0.00546   0.07745   0.21171   0.17110   0.21014   0.00000   0.23612   0.05025   0.02944   0.02001   0.04254   0.03576   0.05018   0.06595   0.01375   0.14998   0.13522   2.06099   1.28977   1.12996   1.42838   0.59380  
  6 427.5309   2183.606278  x:  0.11775   0.00584   0.16087   0.08681   0.05506   0.00713   0.10566   0.00457   0.07935   0.23274   0.16727   0.21970   0.00128   0.26776   0.04820   0.02264   0.02226   0.04111   0.01727   0.04825   0.06702   0.01604   0.15043   0.13637   2.10846   1.29185   1.12639   1.43240   0.69441  
  7 301.6575   2180.060964  x:  0.11877   0.01206   0.13545   0.08768   0.05701   0.02067   0.10548   0.00431   0.07648   0.24348   0.16363   0.22563   0.02057   0.28503   0.04997   0.01635   0.02028   0.04429   0.01015   0.04927   0.06891   0.01650   0.15155   0.13739   2.14412   1.29341   1.12388   1.43534   0.76113  
  8 493.1499   2177.778975  x:  0.11935   0.01770   0.11851   0.09110   0.06422   0.01875   0.10311   0.00464   0.07092   0.24832   0.16067   0.22898   0.03775   0.29380   0.05317   0.01652   0.01634   0.04858   0.02810   0.05147   0.07095   0.01410   0.15220   0.13797   2.17477   1.29475   1.12197   1.43775   0.81079  
  9 493.3210   2176.069205  x:  0.11822   0.01783   0.11623   0.09846   0.07947   0.01765   0.09628   0.00531   0.06323   0.24200   0.15955   0.22666   0.03963   0.28692   0.05736   0.03393   0.01720   0.05080   0.02460   0.05433   0.07173   0.00603   0.15091   0.13684   2.20782   1.29612   1.12075   1.44001   0.84393  
 10 148.2328   2173.497056  x:  0.11507   0.01556   0.12004   0.10990   0.10275   0.01700   0.08431   0.00474   0.05464   0.22349   0.15808   0.21902   0.03033   0.26490   0.06364   0.03095   0.00844   0.05107   0.02184   0.05674   0.07114   0.01686   0.14757   0.13369   2.26912   1.29853   1.11924   1.44392   0.89115  
 11 225.9698   2171.062778  x:  0.11212   0.01304   0.12622   0.11976   0.12298   0.01674   0.07471   0.00527   0.05042   0.20295   0.15663   0.21089   0.02264   0.23978   0.06678   0.01638   0.01866   0.05082   0.02171   0.05791   0.07059   0.01408   0.14460   0.13074   2.33416   1.30106   1.11788   1.44797   0.93622  
 12 601.0610   2167.715247  x:  0.11124   0.01477   0.13600   0.11818   0.12453   0.01605   0.09062   0.00454   0.08086   0.16776   0.15140   0.20018   0.03132   0.19314   0.05421   0.01999   0.01740   0.04679   0.02298   0.04890   0.07205   0.01532   0.14521   0.12986   2.45252   1.30538   1.11696   1.45473   0.98544  
 13 168.8608   2163.986136  x:  0.11317   0.01523   0.14119   0.09799   0.08918   0.01836   0.10421   0.00488   0.05109   0.15426   0.14333   0.19594   0.03312   0.16464   0.05110   0.02306   0.01697   0.05291   0.02399   0.06229   0.07150   0.01521   0.15082   0.13179   2.62308   1.31106   1.11869   1.46402   0.99655  
 14 113.1450   2152.578662  x:  0.11419   0.01691   0.14243   0.08754   0.04753   0.01946   0.05718   0.00540   0.06898   0.18748   0.13152   0.19525   0.03454   0.17503   0.09372   0.02773   0.01656   0.04662   0.02531   0.04914   0.07229   0.01070   0.16088   0.13281   3.25231   1.33159   1.12923   1.49803   0.94736  
 15 212.1183   2136.501383  x:  0.11646   0.01418   0.13481   0.10297   0.10187   0.01739   0.13236   0.00407   0.07020   0.26029   0.14185   0.20876   0.01491   0.24981   0.08879   0.01991   0.01854   0.04752   0.02178   0.05036   0.06885   0.01147   0.16550   0.13508   4.38050   1.36741   1.15121   1.55852   0.83025  
 16 775.7309   2134.178796  x:  0.11791   0.01441   0.13186   0.10829   0.10227   0.01751   0.11489   0.00425   0.06823   0.25374   0.15797   0.21749   0.01608   0.26726   0.04746   0.02083   0.01805   0.04892   0.02210   0.05516   0.07077   0.01400   0.15574   0.13653   4.49943   1.36999   1.15615   1.56304   0.81679  
 17 171.0198   2133.811380  x:  0.11907   0.01442   0.12777   0.10611   0.10016   0.01768   0.11626   0.00419   0.06601   0.23407   0.17138   0.22540   0.01667   0.27884   0.05289   0.02110   0.01802   0.04785   0.02226   0.04958   0.06878   0.01319   0.14618   0.13769   4.52135   1.36856   1.16101   1.56085   0.81419  
 18 29.2751   2133.760609  x:  0.11893   0.01434   0.12738   0.10554   0.09997   0.01759   0.11629   0.00413   0.06813   0.22982   0.17237   0.22620   0.01627   0.28183   0.05455   0.02099   0.01799   0.04866   0.02215   0.05435   0.06965   0.01308   0.14657   0.13755   4.52460   1.36771   1.16293   1.55950   0.81402  
 19 16.0317   2133.684068  x:  0.11792   0.01428   0.12943   0.10489   0.10043   0.01764   0.11592   0.00413   0.06745   0.22285   0.16797   0.22469   0.01563   0.28888   0.05383   0.02108   0.01804   0.04872   0.02219   0.05271   0.07099   0.01310   0.15467   0.13654   4.52992   1.36378   1.17066   1.55317   0.81513  
 20  7.5721   2133.577103  x:  0.11895   0.01444   0.13020   0.10656   0.09980   0.01766   0.11604   0.00412   0.06772   0.22249   0.16318   0.22238   0.01614   0.29060   0.05325   0.02126   0.01799   0.04724   0.02232   0.05395   0.06399   0.01292   0.15188   0.13757   4.53766   1.35623   1.18397   1.54055   0.81776  
 21  7.3632   2133.371083  x:  0.12061   0.01421   0.13108   0.10893   0.09844   0.01786   0.11706   0.00412   0.06777   0.22615   0.15966   0.21988   0.01541   0.28928   0.05346   0.02112   0.01808   0.05030   0.02225   0.05288   0.07086   0.01302   0.14323   0.13923   4.55322   1.34135   1.20865   1.51524   0.82340  
 22 29.2990   2133.178666  x:  0.11818   0.01424   0.12697   0.10662   0.10006   0.01788   0.11654   0.00418   0.06707   0.23112   0.16825   0.22375   0.01580   0.28252   0.05372   0.02098   0.01804   0.04327   0.02235   0.05413   0.07271   0.01291   0.14811   0.13680   4.56739   1.33107   1.22089   1.49611   0.82808  
 23 16.1504   2133.005481  x:  0.11630   0.01390   0.12233   0.10447   0.10143   0.01771   0.11542   0.00416   0.06832   0.23462   0.17590   0.22789   0.01447   0.27647   0.05379   0.02068   0.01792   0.05029   0.02200   0.05283   0.06913   0.01280   0.15420   0.13492   4.58067   1.32339   1.22666   1.48088   0.83221  
 24 34.4593   2130.567727  x:  0.15102   0.00940   0.10157   0.12870   0.09623   0.01826   0.11378   0.00370   0.06938   0.22543   0.16673   0.25491   0.00000   0.26608   0.05354   0.01795   0.01714   0.04787   0.02046   0.05237   0.07116   0.01137   0.17227   0.16964   4.76688   1.27781   1.12853   1.36274   0.88994  
 25 12.0328   2127.167986  x:  0.11721   0.00727   0.09256   0.11491   0.09293   0.01919   0.11282   0.00370   0.07039   0.21642   0.14827   0.24957   0.00000   0.27619   0.04859   0.01713   0.01631   0.04613   0.02027   0.05185   0.07068   0.00959   0.14980   0.13583   5.02076   1.21502   0.98552   1.22844   0.97210  
 26 102.4767   2126.149711  x:  0.12401   0.00775   0.08033   0.10280   0.09456   0.01899   0.11072   0.00375   0.07053   0.21472   0.16401   0.20650   0.00000   0.28122   0.04775   0.01665   0.01586   0.04573   0.02002   0.05157   0.07055   0.00868   0.15000   0.14263   5.09231   1.18278   0.97028   1.24461   0.99643  
 27 27.7841   2124.551993  x:  0.11371   0.00593   0.06977   0.12702   0.08137   0.01931   0.11368   0.00347   0.07084   0.20993   0.15874   0.22050   0.00000   0.27574   0.04739   0.01585   0.01523   0.04518   0.01962   0.05129   0.07059   0.00727   0.15184   0.13233   5.21950   1.12752   0.98618   1.33691   1.04246  
 28 29.6827   2123.894814  x:  0.11895   0.00462   0.06899   0.10445   0.09295   0.01931   0.10832   0.00366   0.07225   0.20887   0.14630   0.23793   0.00000   0.27231   0.04541   0.01524   0.01510   0.04429   0.01924   0.05066   0.07070   0.00720   0.14752   0.13757   5.27219   1.12733   1.00206   1.37488   1.06205  
 29 40.4406   2121.662677  x:  0.11335   0.00319   0.05270   0.10670   0.08726   0.01960   0.10735   0.00367   0.07319   0.20435   0.14597   0.23038   0.00000   0.26815   0.04371   0.01435   0.01432   0.04332   0.01871   0.04998   0.07109   0.00575   0.14579   0.13197   5.44568   1.34275   1.13160   1.49715   1.13077  
 30 22.7272   2116.477236  x:  0.10702   0.01303   0.08877   0.09448   0.07438   0.01961   0.10124   0.00494   0.07712   0.20664   0.12402   0.20617   0.00000   0.24641   0.05217   0.02876   0.01716   0.04094   0.02235   0.04788   0.07128   0.01249   0.14439   0.12564   6.13631   1.46101   1.24814   1.65824   1.25559  
 31  0.7030   2113.972784  x:  0.12796   0.01227   0.07554   0.10544   0.06319   0.01950   0.09356   0.00610   0.07420   0.21111   0.15909   0.22362   0.00000   0.23597   0.05088   0.03054   0.01965   0.04464   0.02513   0.05097   0.06927   0.01361   0.15831   0.14658   7.12973   1.38979   1.21057   1.60880   1.34297  
 32  0.6289   2112.498249  x:  0.11484   0.00907   0.08121   0.09772   0.07934   0.01878   0.09451   0.00744   0.07233   0.21705   0.14460   0.21783   0.00000   0.25218   0.05503   0.02378   0.02123   0.04374   0.02660   0.04995   0.06917   0.01132   0.15406   0.13346   8.10091   1.33777   1.16706   1.54408   1.41664  
 33  0.5579   2112.229289  x:  0.11717   0.00937   0.08275   0.10241   0.06940   0.01841   0.10053   0.00777   0.07222   0.21536   0.14131   0.22103   0.00000   0.25452   0.05111   0.02289   0.02034   0.04344   0.02629   0.05020   0.07037   0.01117   0.14917   0.13578   8.48414   1.37346   1.18150   1.55888   1.42617  
 34  0.2693   2112.084412  x:  0.11850   0.01000   0.07949   0.10098   0.07408   0.01747   0.09780   0.00826   0.07392   0.21676   0.14743   0.22235   0.00000   0.24796   0.05239   0.02418   0.01907   0.04355   0.02443   0.04984   0.07010   0.01115   0.15094   0.13711   8.82777   1.39491   1.19654   1.57727   1.41770  
 35  0.1864   2112.013092  x:  0.11710   0.00948   0.08090   0.10067   0.07255   0.01806   0.09798   0.00856   0.07269   0.21460   0.14383   0.21844   0.00000   0.25096   0.05326   0.02391   0.01802   0.04385   0.02360   0.05029   0.06984   0.01069   0.15314   0.13572   9.00404   1.37978   1.19188   1.57391   1.38353  
 36  0.0842   2111.991531  x:  0.11687   0.00995   0.08052   0.10065   0.07291   0.01827   0.09736   0.00860   0.07245   0.21470   0.14442   0.22064   0.00000   0.24885   0.05225   0.02381   0.01821   0.04352   0.02412   0.05004   0.07011   0.01091   0.15076   0.13549   8.96539   1.37604   1.18811   1.57382   1.35591  
 37  0.0278   2111.987663  x:  0.11757   0.00991   0.08008   0.10115   0.07293   0.01824   0.09767   0.00860   0.07260   0.21475   0.14384   0.21995   0.00000   0.24821   0.05284   0.02389   0.01857   0.04362   0.02445   0.05002   0.07012   0.01100   0.15168   0.13619   8.94795   1.37831   1.18799   1.57379   1.35130  
 38  0.0140   2111.986756  x:  0.11723   0.00980   0.08005   0.10081   0.07291   0.01822   0.09764   0.00864   0.07268   0.21425   0.14421   0.21963   0.00000   0.24844   0.05260   0.02396   0.01876   0.04367   0.02459   0.05010   0.07009   0.01107   0.15167   0.13585   8.95732   1.37989   1.18923   1.57410   1.35119  
 39  0.0077   2111.986621  x:  0.11723   0.00973   0.07998   0.10089   0.07294   0.01820   0.09765   0.00868   0.07267   0.21439   0.14398   0.21984   0.00000   0.24834   0.05258   0.02397   0.01878   0.04361   0.02460   0.05007   0.07008   0.01108   0.15162   0.13585   8.96713   1.37975   1.18931   1.57436   1.35149  
 40  0.0070   2111.986538  x:  0.11731   0.00971   0.07989   0.10088   0.07294   0.01820   0.09763   0.00874   0.07263   0.21435   0.14415   0.21979   0.00000   0.24842   0.05261   0.02396   0.01877   0.04365   0.02461   0.05005   0.07009   0.01108   0.15155   0.13593   8.96582   1.37958   1.18947   1.57506   1.35153  
 41  0.0003   2111.986444  x:  0.11722   0.00973   0.07992   0.10091   0.07296   0.01820   0.09760   0.00883   0.07262   0.21444   0.14408   0.21980   0.00000   0.24839   0.05257   0.02395   0.01876   0.04362   0.02461   0.05009   0.07008   0.01108   0.15166   0.13584   8.95899   1.37979   1.18946   1.57481   1.35158  
 42  0.0024   2111.986430  x:  0.11725   0.00973   0.07992   0.10087   0.07296   0.01820   0.09761   0.00885   0.07262   0.21440   0.14407   0.21982   0.00000   0.24839   0.05260   0.02396   0.01876   0.04363   0.02460   0.05007   0.07009   0.01108   0.15161   0.13587   8.95985   1.37966   1.18928   1.57434   1.35152  
 43  0.0007   2111.986429  x:  0.11725   0.00973   0.07993   0.10089   0.07296   0.01820   0.09760   0.00885   0.07262   0.21440   0.14408   0.21980   0.00000   0.24839   0.05259   0.02396   0.01876   0.04363   0.02459   0.05007   0.07009   0.01108   0.15161   0.13587   8.96028   1.37961   1.18923   1.57427   1.35155  
 44  0.0004   2111.986429  x:  0.11725   0.00974   0.07993   0.10089   0.07296   0.01820   0.09760   0.00885   0.07262   0.21441   0.14408   0.21980   0.00000   0.24838   0.05259   0.02396   0.01876   0.04363   0.02459   0.05007   0.07009   0.01108   0.15161   0.13587   8.96043   1.37958   1.18922   1.57427   1.35157  
 45  0.0001   2111.986429  x:  0.11725   0.00974   0.07993   0.10089   0.07296   0.01820   0.09760   0.00885   0.07262   0.21441   0.14408   0.21980   0.00000   0.24839   0.05259   0.02396   0.01876   0.04363   0.02459   0.05007   0.07009   0.01108   0.15161   0.13587   8.96045   1.37959   1.18923   1.57427   1.35157  
 46  0.0000   2111.986429  x:  0.11725   0.00974   0.07993   0.10089   0.07296   0.01820   0.09760   0.00885   0.07262   0.21441   0.14408   0.21980   0.00000   0.24839   0.05259   0.02396   0.01876   0.04363   0.02459   0.05007   0.07009   0.01108   0.15161   0.13587   8.96045   1.37959   1.18923   1.57428   1.35157  
 47  0.0000   2111.986429  x:  0.11725   0.00974   0.07993   0.10089   0.07296   0.01820   0.09760   0.00885   0.07262   0.21441   0.14408   0.21980   0.00000   0.24839   0.05259   0.02396   0.01876   0.04363   0.02459   0.05007   0.07009   0.01108   0.15161   0.13587   8.96044   1.37959   1.18923   1.57428   1.35157  
 48  0.0000   2111.986429  x:  0.11725   0.00974   0.07993   0.10089   0.07296   0.01820   0.09760   0.00885   0.07262   0.21441   0.14408   0.21980   0.00000   0.24839   0.05259   0.02396   0.01876   0.04363   0.02459   0.05007   0.07009   0.01108   0.15161   0.13587   8.96044   1.37959   1.18923   1.57428   1.35157  
 49  0.0000   2111.986429  x:  0.11725   0.00974   0.07993   0.10089   0.07296   0.01820   0.09760   0.00885   0.07262   0.21441   0.14408   0.21980   0.00000   0.24839   0.05259   0.02396   0.01876   0.04363   0.02459   0.05007   0.07009   0.01108   0.15161   0.13587   8.96044   1.37959   1.18923   1.57428   1.35157  