

TREE # 1

  0  0.0000   2284.749404  x:  0.03763   0.01754   0.11130   0.01082   0.00000   0.18279   0.05216   0.04699   0.13663   0.07426   0.09473   0.06562   0.01768   0.06905   0.01958   0.07825   0.06215   0.05410   0.05665   0.04571   0.10012   0.04559   0.05916   0.05625   2.00000   1.92450   1.05330   1.44630   0.40000  
  1 99.0000   2284.746172  x:  0.03763   0.01754   0.11130   0.01082   0.00000   0.18279   0.05216   0.04699   0.13663   0.07426   0.09473   0.06562   0.01768   0.06905   0.01958   0.07825   0.06215   0.05411   0.05665   0.04571   0.10012   0.04559   0.05917   0.05625   2.00000   1.92450   1.05330   1.44630   0.40000  
  2 703.7883   2268.776413  x:  0.01539   0.00000   0.14554   0.02215   0.00000   0.14533   0.05458   0.02789   0.17873   0.07825   0.07308   0.07428   0.00091   0.04844   0.02062   0.04355   0.01619   0.06024   0.02516   0.04308   0.10727   0.01817   0.05509   0.03401   2.01280   1.91893   1.05004   1.45342   0.44733  
  3 371.0520   2267.273675  x:  0.01357   0.00387   0.14984   0.02379   0.00000   0.13989   0.05488   0.02552   0.18292   0.07862   0.07009   0.07526   0.00247   0.04567   0.02084   0.03873   0.01010   0.06069   0.02106   0.04288   0.10825   0.01484   0.05413   0.03219   2.01468   1.91812   1.04956   1.45446   0.45398  
  4 1269.4376   2264.993499  x:  0.01733   0.00101   0.15423   0.02680   0.00000   0.13008   0.05515   0.02339   0.18196   0.07838   0.06547   0.07517   0.00803   0.04225   0.02147   0.03129   0.00479   0.05957   0.01663   0.04339   0.10976   0.01319   0.05074   0.03595   2.01819   1.91666   1.04871   1.45638   0.46503  
  5 451.0002   2260.864955  x:  0.02296   0.00271   0.16374   0.03383   0.00000   0.10581   0.05575   0.01985   0.17747   0.07733   0.05481   0.07476   0.00405   0.03994   0.02285   0.01510   0.01084   0.05682   0.00991   0.04501   0.11328   0.01285   0.04369   0.04159   2.02707   1.91304   1.04654   1.46118   0.49194  
  6 583.2538   2255.865002  x:  0.01976   0.00177   0.17600   0.04425   0.00000   0.06584   0.05649   0.01983   0.16779   0.07440   0.04057   0.07321   0.00670   0.05221   0.02428   0.00766   0.01056   0.05382   0.01891   0.04801   0.11839   0.01744   0.04247   0.03839   2.04254   1.90681   1.04282   1.46943   0.53551  
  7 496.0936   2252.641700  x:  0.02123   0.00249   0.18465   0.05238   0.00000   0.03561   0.05681   0.02115   0.16140   0.07159   0.03217   0.07215   0.00479   0.05393   0.02508   0.01895   0.00939   0.05248   0.01993   0.04998   0.12209   0.01833   0.04357   0.03986   2.05535   1.90171   1.03982   1.47615   0.56990  
  8 839.0662   2250.726135  x:  0.02122   0.00159   0.18559   0.05983   0.00000   0.02749   0.05567   0.03012   0.16076   0.06585   0.04267   0.07087   0.00787   0.04849   0.02218   0.01765   0.01392   0.05600   0.02113   0.04958   0.12297   0.01740   0.05583   0.03986   2.07078   1.89577   1.03671   1.48364   0.60167  
  9 178.1727   2248.444483  x:  0.02335   0.00356   0.18162   0.06908   0.00000   0.03423   0.05376   0.03634   0.15697   0.05763   0.05317   0.06928   0.00226   0.05030   0.02029   0.01686   0.00737   0.05760   0.02302   0.04893   0.12276   0.01935   0.05546   0.04200   2.09312   1.88733   1.03265   1.49404   0.64209  
 10 254.2044   2245.834374  x:  0.02154   0.00197   0.17466   0.08089   0.00000   0.05034   0.05128   0.03739   0.15932   0.04790   0.06242   0.06892   0.00736   0.05699   0.02015   0.02250   0.01256   0.05920   0.01934   0.04729   0.12153   0.01896   0.04695   0.04019   2.12928   1.87378   1.02649   1.51041   0.70309  
 11 526.0555   2243.799010  x:  0.02338   0.00215   0.15599   0.07952   0.00000   0.06247   0.05173   0.02527   0.16389   0.05809   0.05701   0.07143   0.00782   0.04934   0.02559   0.02422   0.01486   0.05426   0.03071   0.04664   0.11586   0.02040   0.05379   0.04204   2.16902   1.85980   1.02180   1.52604   0.74568  
 12 161.8720   2242.039420  x:  0.02141   0.00198   0.13071   0.06295   0.00000   0.06272   0.05584   0.02743   0.15924   0.07268   0.05368   0.07168   0.00735   0.05406   0.01923   0.02306   0.01336   0.05440   0.02096   0.04600   0.10744   0.01624   0.05799   0.04009   2.21870   1.84361   1.01849   1.54265   0.77049  
 13 129.0884   2240.252759  x:  0.02065   0.00206   0.12295   0.03231   0.00000   0.05849   0.05757   0.03241   0.16416   0.07705   0.05833   0.07151   0.00771   0.05007   0.02247   0.02268   0.01258   0.06313   0.02144   0.04627   0.10207   0.02552   0.04878   0.03934   2.28701   1.82275   1.01555   1.56305   0.78451  
 14 142.5611   2238.345416  x:  0.02077   0.00187   0.13042   0.00959   0.00000   0.06030   0.05574   0.03015   0.15941   0.07486   0.06195   0.06987   0.00730   0.05013   0.02326   0.02259   0.01300   0.05929   0.02419   0.04732   0.10192   0.01680   0.04839   0.03948   2.35929   1.80172   1.01335   1.58305   0.78899  
 15 217.0157   2231.004202  x:  0.01837   0.00128   0.17010   0.00769   0.00000   0.07146   0.05427   0.02322   0.14671   0.09176   0.06396   0.06996   0.00854   0.05244   0.01965   0.02396   0.01188   0.05396   0.00989   0.04870   0.10679   0.03856   0.06163   0.03719   2.74523   1.69377   1.00516   1.68323   0.76706  
 16 288.0591   2224.047506  x:  0.02233   0.00128   0.18872   0.03010   0.00000   0.07049   0.05924   0.03450   0.15024   0.10721   0.06216   0.07304   0.00851   0.05172   0.01015   0.02479   0.01463   0.06336   0.02573   0.04696   0.10987   0.02070   0.04903   0.04126   3.14422   1.58533   0.99811   1.78293   0.73443  
 17 1160.6849   2222.060154  x:  0.02270   0.00134   0.18452   0.04019   0.00000   0.06588   0.05912   0.03914   0.15253   0.10171   0.06263   0.07246   0.00772   0.05491   0.03014   0.02345   0.01417   0.06309   0.02494   0.04603   0.11142   0.01251   0.04946   0.04166   3.28027   1.55144   0.99636   1.81402   0.72087  
 18 818.8364   2218.307887  x:  0.02265   0.00175   0.15947   0.05147   0.00000   0.05110   0.05209   0.02997   0.16905   0.05867   0.05669   0.07022   0.00689   0.05455   0.02578   0.02134   0.01289   0.04858   0.02370   0.04507   0.11640   0.01361   0.05219   0.04166   3.46822   1.51555   0.99596   1.84710   0.69952  
 19 365.4579   2217.865209  x:  0.02265   0.00171   0.15685   0.05231   0.00000   0.05101   0.05245   0.02398   0.16580   0.05158   0.05345   0.07130   0.00677   0.05434   0.02548   0.02095   0.01287   0.05887   0.02353   0.04624   0.11750   0.01261   0.05458   0.04168   3.49723   1.51930   0.99724   1.84459   0.69835  
 20 82.0581   2211.758914  x:  0.02333   0.00116   0.15787   0.05124   0.00000   0.06038   0.07103   0.04333   0.16965   0.04049   0.03678   0.09456   0.00761   0.05190   0.02711   0.02062   0.01359   0.05468   0.02383   0.05935   0.13642   0.01328   0.05913   0.04255   3.92779   1.71291   1.03490   1.69296   0.71893  
 21 74.2981   2206.750225  x:  0.02424   0.00143   0.15384   0.05751   0.00000   0.04937   0.05566   0.02486   0.17428   0.05419   0.06212   0.08241   0.00739   0.05776   0.02671   0.02157   0.01319   0.05427   0.02528   0.05161   0.14125   0.01105   0.05331   0.04363   4.27453   1.87380   1.06369   1.56582   0.73346  
 22 672.0524   2206.189784  x:  0.02450   0.00166   0.15700   0.05790   0.00000   0.05112   0.05090   0.02857   0.17580   0.05283   0.05479   0.06954   0.00736   0.05714   0.02681   0.02149   0.01340   0.05571   0.02552   0.04307   0.13096   0.01112   0.05463   0.04390   4.30940   1.89124   1.06303   1.55337   0.73508  
 23 93.1010   2205.890636  x:  0.02455   0.00162   0.16024   0.05975   0.00000   0.04978   0.05139   0.02754   0.17591   0.05039   0.05582   0.07151   0.00733   0.05744   0.02694   0.02147   0.01332   0.05457   0.02550   0.04698   0.11162   0.01089   0.05451   0.04398   4.32395   1.90083   1.05411   1.54989   0.73456  
 24 26.0057   2205.028496  x:  0.02475   0.00145   0.16118   0.05887   0.00000   0.04822   0.05274   0.02667   0.17489   0.04950   0.05654   0.08109   0.00734   0.05790   0.02699   0.02137   0.01327   0.05410   0.02562   0.03234   0.10967   0.01132   0.05432   0.04427   4.34602   1.92626   0.99505   1.55496   0.73060  
 25 14.8226   2203.369074  x:  0.02495   0.00159   0.16046   0.05784   0.00000   0.04873   0.04887   0.02809   0.18041   0.05267   0.05415   0.07464   0.00724   0.05857   0.02650   0.02101   0.01306   0.05625   0.02475   0.04310   0.11641   0.01076   0.05470   0.04465   4.38725   1.97548   0.87554   1.56674   0.72291  
 26 167.4887   2202.912353  x:  0.02516   0.00177   0.16125   0.05783   0.00000   0.04850   0.06502   0.02454   0.18247   0.05186   0.05720   0.06673   0.00718   0.05916   0.02653   0.02128   0.01306   0.05549   0.02490   0.04214   0.11688   0.01118   0.05501   0.04493   4.39196   1.97787   0.87003   1.56908   0.72290  
 27 10.5601   2138.489248  x:  0.05807   0.00672   0.22096   0.00000   0.00000   0.05644   0.06890   0.04124   0.38279   0.11640   0.04061   0.12036   0.00880   0.12817   0.02161   0.02889   0.01444   0.12809   0.01116   0.04838   0.08286   0.05522   0.10903   0.08994   4.87737   1.87693   1.20356   1.90803   0.81396  
 28  9.7185   2130.891020  x:  0.06244   0.00693   0.23335   0.03117   0.00000   0.05041   0.06739   0.04067   0.41583   0.10745   0.04049   0.13051   0.00881   0.13935   0.02177   0.03020   0.01433   0.13261   0.00930   0.04891   0.08991   0.05800   0.11748   0.09607   5.13184   1.50045   1.06274   1.47296   0.86718  
 29  2.6058   2128.796581  x:  0.06349   0.00742   0.23446   0.03862   0.00000   0.04558   0.06209   0.03521   0.42725   0.10355   0.04342   0.12400   0.00820   0.14277   0.02061   0.03013   0.01400   0.13027   0.01094   0.04705   0.09370   0.05476   0.11761   0.09749   5.19725   1.76581   1.17039   1.79373   0.86695  
 30  4.3279   2119.162625  x:  0.06994   0.00798   0.24885   0.03743   0.00000   0.04263   0.05059   0.01896   0.47298   0.07530   0.04683   0.11518   0.00686   0.15774   0.01019   0.03192   0.01404   0.11529   0.02685   0.03605   0.13924   0.03897   0.12533   0.10629   5.66703   1.65506   0.92934   1.49851   0.96984  
 31  0.9262   2114.346253  x:  0.07896   0.00904   0.26391   0.03953   0.00000   0.03650   0.06000   0.03762   0.53437   0.05647   0.04217   0.10111   0.00448   0.17967   0.01902   0.02964   0.01257   0.10461   0.02566   0.03887   0.13212   0.01571   0.13197   0.11827   6.01124   1.62001   0.90916   1.54570   1.03350  
 32  0.2424   2112.627857  x:  0.08489   0.00965   0.26947   0.03686   0.00000   0.04155   0.05779   0.02640   0.56747   0.06895   0.04343   0.09552   0.00407   0.19393   0.02249   0.02945   0.01225   0.10261   0.02224   0.04639   0.10921   0.01771   0.13683   0.12599   6.19789   1.60729   0.97866   1.57672   1.04455  
 33  0.1460   2111.997763  x:  0.08928   0.00985   0.26820   0.03226   0.00000   0.03962   0.05649   0.02459   0.59201   0.07042   0.04249   0.09365   0.00358   0.20522   0.02033   0.02759   0.01186   0.09738   0.01727   0.04487   0.11224   0.01565   0.13700   0.13163   6.36941   1.59382   0.92878   1.49881   1.03434  
 34  0.1301   2111.729051  x:  0.09112   0.00988   0.26455   0.02835   0.00000   0.04024   0.05648   0.02686   0.59934   0.07097   0.04288   0.09563   0.00376   0.21012   0.01940   0.02665   0.01230   0.09469   0.01758   0.04218   0.12089   0.02017   0.13445   0.13381   6.38231   1.59408   0.94058   1.52265   1.00496  
 35  0.0284   2111.620510  x:  0.09199   0.00974   0.26389   0.02624   0.00000   0.04188   0.05809   0.02627   0.60403   0.07044   0.04254   0.09561   0.00354   0.21354   0.01860   0.02615   0.01269   0.09204   0.01965   0.04176   0.11685   0.01782   0.13158   0.13489   6.38401   1.61000   0.94855   1.55183   0.99459  
 36  0.0270   2111.578200  x:  0.09168   0.00951   0.26326   0.02504   0.00000   0.04187   0.05748   0.02602   0.60215   0.07022   0.04331   0.09631   0.00349   0.21440   0.01988   0.02603   0.01259   0.09279   0.02045   0.04313   0.11373   0.01876   0.12882   0.13450   6.36293   1.61288   0.94088   1.53888   0.99029  
 37  0.0213   2111.540258  x:  0.09079   0.00908   0.26276   0.02434   0.00000   0.04105   0.05664   0.02618   0.59963   0.06965   0.04355   0.09639   0.00323   0.21571   0.01989   0.02590   0.01226   0.09485   0.01977   0.04375   0.11566   0.01759   0.12457   0.13348   6.30100   1.61278   0.94731   1.54197   0.99096  
 38  0.0315   2111.520449  x:  0.09039   0.00869   0.26419   0.02458   0.00000   0.04286   0.05735   0.02616   0.59892   0.07045   0.04286   0.09620   0.00330   0.21768   0.01986   0.02625   0.01239   0.09602   0.01939   0.04255   0.11609   0.01807   0.12295   0.13311   6.27093   1.61137   0.94299   1.53975   0.99584  
 39  0.0140   2111.505440  x:  0.09069   0.00833   0.26553   0.02544   0.00000   0.04196   0.05719   0.02569   0.60170   0.06937   0.04378   0.09542   0.00339   0.22157   0.01955   0.02626   0.01248   0.09534   0.01949   0.04264   0.11532   0.01843   0.12231   0.13362   6.26886   1.61079   0.94459   1.54288   0.99913  
 40  0.0032   2111.498171  x:  0.09059   0.00804   0.26574   0.02582   0.00000   0.04192   0.05729   0.02665   0.60114   0.06968   0.04319   0.09571   0.00349   0.22324   0.01946   0.02613   0.01255   0.09478   0.01988   0.04310   0.11559   0.01818   0.12242   0.13354   6.26521   1.60970   0.94394   1.53678   0.99846  
 41  0.0043   2111.492537  x:  0.09018   0.00771   0.26471   0.02611   0.00000   0.04178   0.05721   0.02592   0.59843   0.07028   0.04289   0.09638   0.00354   0.22424   0.01972   0.02593   0.01247   0.09445   0.01982   0.04308   0.11612   0.01817   0.12307   0.13307   6.25705   1.61083   0.94453   1.53846   0.99513  
 42  0.0039   2111.489698  x:  0.08997   0.00751   0.26409   0.02582   0.00000   0.04206   0.05719   0.02624   0.59678   0.06988   0.04346   0.09653   0.00348   0.22489   0.01971   0.02585   0.01240   0.09440   0.01961   0.04281   0.11542   0.01808   0.12381   0.13283   6.25790   1.60837   0.94286   1.53828   0.99383  
 43  0.0016   2111.488216  x:  0.08983   0.00739   0.26435   0.02557   0.00000   0.04232   0.05715   0.02615   0.59607   0.06955   0.04345   0.09627   0.00334   0.22522   0.01971   0.02598   0.01245   0.09473   0.01971   0.04299   0.11575   0.01813   0.12443   0.13270   6.26723   1.61079   0.94440   1.53891   0.99557  
 44  0.0039   2111.487841  x:  0.08982   0.00734   0.26454   0.02548   0.00000   0.04204   0.05727   0.02616   0.59618   0.06977   0.04334   0.09638   0.00325   0.22539   0.01962   0.02600   0.01247   0.09486   0.01970   0.04295   0.11565   0.01815   0.12451   0.13270   6.27218   1.61095   0.94407   1.53959   0.99583  
 45  0.0027   2111.487740  x:  0.08980   0.00730   0.26470   0.02550   0.00000   0.04206   0.05717   0.02617   0.59618   0.06985   0.04340   0.09645   0.00321   0.22532   0.01967   0.02604   0.01248   0.09482   0.01975   0.04294   0.11571   0.01813   0.12453   0.13268   6.27442   1.61003   0.94373   1.53932   0.99612  
 46  0.0011   2111.487651  x:  0.08979   0.00725   0.26473   0.02553   0.00000   0.04210   0.05717   0.02619   0.59624   0.06983   0.04341   0.09647   0.00316   0.22524   0.01966   0.02604   0.01248   0.09470   0.01970   0.04295   0.11567   0.01814   0.12444   0.13267   6.27716   1.61091   0.94405   1.53972   0.99580  
 47  0.0009   2111.487612  x:  0.08979   0.00721   0.26469   0.02554   0.00000   0.04210   0.05724   0.02616   0.59628   0.06976   0.04339   0.09648   0.00316   0.22515   0.01965   0.02603   0.01248   0.09470   0.01971   0.04295   0.11569   0.01815   0.12443   0.13267   6.27783   1.61011   0.94379   1.53911   0.99567  
 48  0.0006   2111.487567  x:  0.08981   0.00715   0.26462   0.02558   0.00000   0.04210   0.05719   0.02618   0.59642   0.06974   0.04338   0.09649   0.00318   0.22504   0.01966   0.02602   0.01248   0.09481   0.01973   0.04295   0.11567   0.01814   0.12445   0.13269   6.27798   1.61036   0.94376   1.53945   0.99566  
 49  0.0001   2111.487553  x:  0.08984   0.00713   0.26462   0.02554   0.00000   0.04212   0.05721   0.02617   0.59655   0.06978   0.04343   0.09651   0.00320   0.22505   0.01966   0.02601   0.01248   0.09480   0.01972   0.04295   0.11570   0.01814   0.12446   0.13273   6.27795   1.61037   0.94381   1.53929   0.99566  
 50  0.0001   2111.487545  x:  0.08984   0.00711   0.26466   0.02553   0.00000   0.04211   0.05720   0.02617   0.59652   0.06977   0.04341   0.09653   0.00321   0.22501   0.01965   0.02602   0.01247   0.09476   0.01971   0.04294   0.11568   0.01815   0.12447   0.13273   6.27667   1.61038   0.94385   1.53929   0.99581  
 51  0.0004   2111.487544  x:  0.08984   0.00711   0.26466   0.02553   0.00000   0.04211   0.05721   0.02617   0.59649   0.06977   0.04342   0.09653   0.00321   0.22500   0.01966   0.02603   0.01247   0.09476   0.01972   0.04295   0.11569   0.01814   0.12447   0.13273   6.27638   1.61043   0.94383   1.53934   0.99579  
 52  0.0002   2111.487544  x:  0.08986   0.00711   0.26467   0.02553   0.00000   0.04211   0.05721   0.02617   0.59649   0.06977   0.04341   0.09651   0.00320   0.22501   0.01966   0.02602   0.01247   0.09476   0.01972   0.04295   0.11569   0.01814   0.12448   0.13274   6.27608   1.61040   0.94382   1.53933   0.99573  
 53  0.0001   2111.487544  x:  0.08986   0.00711   0.26467   0.02553   0.00000   0.04211   0.05721   0.02617   0.59648   0.06977   0.04342   0.09652   0.00320   0.22501   0.01966   0.02603   0.01247   0.09477   0.01972   0.04295   0.11568   0.01814   0.12448   0.13274   6.27594   1.61041   0.94383   1.53931   0.99574  
 54  0.0001   2111.487544  x:  0.08986   0.00711   0.26467   0.02553   0.00000   0.04211   0.05721   0.02617   0.59648   0.06977   0.04341   0.09652   0.00320   0.22501   0.01966   0.02603   0.01247   0.09476   0.01972   0.04295   0.11569   0.01814   0.12448   0.13275   6.27595   1.61041   0.94383   1.53932   0.99574  
 55  0.0000   2111.487544  x:  0.08986   0.00711   0.26466   0.02553   0.00000   0.04211   0.05721   0.02617   0.59648   0.06977   0.04341   0.09652   0.00320   0.22501   0.01966   0.02603   0.01247   0.09476   0.01972   0.04295   0.11568   0.01814   0.12448   0.13275   6.27597   1.61041   0.94383   1.53932   0.99575  
 56  0.0000   2111.487544  x:  0.08986   0.00711   0.26466   0.02553   0.00000   0.04211   0.05721   0.02617   0.59647   0.06977   0.04341   0.09652   0.00320   0.22501   0.01966   0.02603   0.01247   0.09476   0.01972   0.04295   0.11568   0.01814   0.12448   0.13275   6.27601   1.61041   0.94383   1.53932   0.99576  
 57  0.0000   2111.487544  x:  0.08986   0.00711   0.26466   0.02553   0.00000   0.04211   0.05721   0.02617   0.59647   0.06977   0.04341   0.09652   0.00320   0.22501   0.01966   0.02603   0.01247   0.09476   0.01972   0.04295   0.11568   0.01814   0.12448   0.13275   6.27602   1.61041   0.94383   1.53932   0.99575  
 58  0.0000   2111.487544  x:  0.08986   0.00711   0.26467   0.02553   0.00000   0.04211   0.05721   0.02617   0.59647   0.06977   0.04341   0.09652   0.00320   0.22501   0.01966   0.02603   0.01247   0.09476   0.01972   0.04295   0.11568   0.01814   0.12448   0.13275   6.27603   1.61041   0.94383   1.53932   0.99575  
 59  0.0000   2111.487544  x:  0.08986   0.00711   0.26467   0.02553   0.00000   0.04211   0.05721   0.02617   0.59647   0.06977   0.04341   0.09652   0.00320   0.22501   0.01966   0.02603   0.01247   0.09476   0.01972   0.04295   0.11568   0.01814   0.12448   0.13275   6.27603   1.61041   0.94383   1.53932   0.99575  